1.13689
1.09698
1.1677
1.19561
1.16693
1.14812
1.06949
1.13185
1.11307
1.12488
1.14012
1.07542
1.06005
1.11547
1.02588
1.04191
1.14092
1.11965
1.13931
1.10988
1.17461
1.18744
1.12799
1.21019
1.17613
1.21594
1.18968
1.20658
1.19708
1.10748
1.20148
1.21879
1.21879
1.21163
1.21879
1.15234
1.20658
1.21235
1.17613
1.21092
1.21163
1.2044
1.19413
1.16847
1.18219
1.16616
1.14333
1.16539
1.18445
1.15446
1.0828
1.02723
1.07032
0.981941
1.06399
0.979129
0.950858
0.903892
0.979567
0.885542
0.830987
0.809353
0.79097
0.761424
0.675486
0.909331
0.809779
0.821955
0.592934
1.05658
0.8826
0.904572
1.00363
0.912232
0.733652
0.783367
1.01899
0.855363
0.975418
0.795411
0.751889
0.73335
0.997403
0.888639
0.881438
1.00876
0.92783
1.01714
1.03985
1.06126
1.03627
1.03627
1.13119
0.944212
0.922032
0.991951
1.06626
1.13364
0.946957
