1.23352
1.20445
1.21921
1.19969
1.21148
1.19231
1.18774
1.19827
1.18774
1.20728
1.19484
1.20893
1.23053
1.21619
1.17417
1.1817
1.19995
1.19827
1.21898
1.22477
1.22778
1.22639
1.23648
1.23648
1.23214
1.23648
1.23648
1.22639
1.23648
1.23648
1.23648
1.23648
1.23648
1.23352
1.22916
1.23352
1.23648
1.23214
1.23076
1.20868
1.22451
1.21223
1.12171
1.14372
1.09226
1.01053
1.01711
0.909401
0.961139
0.966929
0.956463
0.943944
1.00409
0.97339
0.88747
0.86347
0.843284
0.869913
0.918398
0.853591
0.98415
0.938686
0.894477
0.958513
0.857307
0.954791
0.995066
0.852541
0.908586
0.93138
0.932193
1.00796
1.09663
1.10283
1.13971
1.14892
1.13187
1.1153
1.07604
1.01201
1.07249
1.01793
0.908468
0.873165
0.842782
1.02342
0.99593
1.09273
0.992374
1.02342
1.05735
1.13857
1.1449
1.09591
1.19685
1.18944
1.18208
1.17742
1.19343
