0.720697
0.682439
0.682439
0.682439
0.678091
0.911128
0.911128
0.911128
0.911128
0.911128
0.911128
0.911128
0.911128
0.911128
0.911128
0.911128
0.911128
0.911128
0.911128
0.911128
0.911128
0.911128
0.911128
0.911128
0.911128
0.911128
0.911128
0.911128
0.911128
0.911128
0.911128
0.682439
0.678091
0.682439
0.682439
0.682439
0.682439
0.911128
0.911128
0.911128
0.911128
0.911128
0.911128
0.911128
0.911128
0.911128
0.911128
0.911128
0.911128
0.911128
0.911128
0.911128
0.911128
0.911128
0.911128
0.911128
0.911128
0.911128
0.911128
0.911128
0.911128
0.911128
0.911128
0.911128
0.911128
0.911128
0.911128
0.911128
0.911128
0.911128
0.911128
0.911128
0.911128
0.911128
0.911128
0.911128
0.911128
0.911128
0.678091
0.678091
0.67371
0.682439
0.682439
0.678091
0.720697
0.720697
0.838332
0.838332
0.715983
0.720697
0.720697
0.67371
0.678091
0.682439
0.67371
0.67371
0.669294
0.669294
0.911128
