1.20148
1.09698
1.1677
1.09453
1.11703
1.17461
1.19265
1.18143
1.13282
1.17384
1.09942
1.13527
1.15603
1.03086
1.14573
1.0771
1.20947
1.17308
1.18369
1.14173
1.20294
1.11861
1.17155
1.10507
1.17917
1.17537
1.15838
1.21163
1.12488
1.1852
1.19929
1.21807
1.21235
1.21879
1.21879
1.21092
1.21235
1.21594
1.20947
1.20075
1.21665
1.21092
1.20075
1.20367
1.18819
1.20367
1.16073
1.14733
1.10534
1.18143
1.1677
1.09534
1.03985
1.10185
0.817782
1.04922
0.947397
1.03516
1.02266
0.997403
0.831243
0.858899
0.489032
0.86828
0.754026
0.885542
0.978999
0.913876
0.88964
0.840397
0.972619
0.71289
0.704347
0.895612
0.894621
0.879559
0.951711
0.686588
0.939146
0.900546
0.936056
0.785574
0.923551
0.96415
1.05943
0.908724
0.819914
1.00499
0.890886
0.974251
0.981941
1.0757
1.01714
1.04959
0.912232
0.999161
1.17461
0.920857
1.00121
