1.13282
1.18744
1.06178
1.20148
1.19413
1.21807
1.14971
1.16461
1.06436
1.1615
1.06545
1.09124
1.10346
1.09371
1.12488
1.10448
1.20875
1.04695
1.19487
1.09124
1.18669
1.20367
1.19413
1.18819
1.16847
1.18445
1.14935
1.19708
1.18669
1.21807
1.20803
1.21879
1.21736
1.14413
1.19929
1.21163
1.2044
1.19042
1.21379
1.19191
1.2073
1.20513
1.17537
1.18219
1.20222
1.16306
1.14573
1.17461
1.20222
1.14971
1.09156
1.13037
1.09243
0.981941
1.08544
0.966485
1.00077
0.918161
1.08192
1.00405
0.888754
1.01681
0.810413
0.931484
0.809353
0.626666
0.71821
0.651671
0.72357
0.952676
0.806163
0.935065
0.613107
0.917967
0.850414
0.769961
0.744667
1.00876
0.835328
0.64782
0.963707
0.852567
0.857148
0.954173
0.819992
0.772216
0.867026
1.09504
1.01681
1.15051
0.993573
0.872405
1.0059
1.04442
0.995566
0.985573
0.91895
0.972619
0.988314
