0.924998
0.940626
0.688484
0.788523
0.939034
0.831405
0.710326
0.666151
0.928068
0.958051
0.831405
0.803043
0.979929
0.976018
0.920295
0.943749
0.942214
0.956446
0.762317
0.958051
0.83432
0.958051
0.881903
1.00763
0.907569
0.935982
0.823552
0.959653
1.03003
0.912898
0.916976
1.06638
1.06645
0.909485
0.998426
1.11183
1.08695
1.04215
1.08695
1.11183
1.08695
1.10977
0.948187
1.08283
1.08283
0.948187
1.08695
1.10977
1.08899
1.10977
1.08899
1.10977
1.08899
1.10977
1.08695
1.02569
0.940626
0.958051
0.940626
0.917518
0.906077
0.999534
0.972509
0.918578
0.905039
0.961251
0.978811
0.994778
0.89985
0.922288
0.939034
0.998873
1.05114
1.10977
0.930569
0.951687
0.887973
1.0174
0.918064
1.10766
0.929288
0.890298
0.84997
0.844582
0.564087
0.928078
0.831476
0.946228
0.88319
0.781878
0.641026
0.819206
0.792223
0.81576
0.440281
0.933049
0.571248
0.697635
0.612124
