1.19995
1.21454
1.21898
1.23352
1.18774
1.23352
1.17563
1.17852
1.17925
1.19625
1.17417
1.21759
1.19399
1.16657
1.19087
1.22061
1.22061
1.20137
1.21921
1.225
1.23648
1.23648
1.23648
1.23648
1.21174
1.23648
1.23648
1.23648
1.23648
1.23352
1.23648
1.23648
1.23648
1.23648
1.23352
1.23648
1.23053
1.23214
1.23648
1.2046
1.20911
1.18389
1.14935
1.14373
1.10174
1.06018
0.948906
0.950242
0.941527
0.959267
0.916153
0.938506
0.969273
0.908363
0.868838
0.908472
0.861619
1.00852
0.943456
0.949453
0.918142
0.855205
0.845969
0.911433
1.03181
1.05996
0.936185
0.881991
0.938699
0.921021
0.884773
1.00852
1.12092
1.06512
0.996178
1.17132
1.11338
1.10238
1.09273
1.11905
1.12551
0.985917
1.01065
1.0414
0.851516
1.00891
1.09807
1.12579
1.11594
1.10755
1.16362
1.09432
1.17852
1.17443
1.1524
1.22313
1.1721
1.17097
1.20079
