1.25
1.25
1.25
1.17614
1.25
1.25
1.25
1.17614
1.25
1.25
1.25
1.25
1.25
1.25
1.25
1.25
1.25
1.17614
1.25
1.25
1.25
1.25
1.14353
1.25
1.25
1.25
1.25
1.25
1.25
1.25
1.25
1.25
1.25
1.25
1.25
1.25
1.25
1.25
1.25
1.25
1.25
1.17614
1.25
1.25
1.25
1.25
1.25
1.21415
1.21415
1.21415
1.09248
1.17614
1.17614
1.04313
1.08634
0.875851
0.775638
0.98601
1.0059
0.946665
0.965456
0.996737
0.889547
0.875851
0.939619
0.742016
0.846477
0.524966
0.675817
1.06967
0.892868
0.976526
0.797484
0.939619
1.0059
1.25
1.25
0.875851
1.04391
0.796405
1.17614
1.17614
1.05038
1.08634
1.17614
0.922242
1.25
1.14353
1.1357
1.17614
1.02922
1.14353
1.10768
1.16479
1.05038
1.14353
1.25
1.25
1.14353
