1.25
1.25
1.24405
1.24703
1.23803
1.25
1.23498
1.25
1.24105
1.22885
1.23803
1.24405
1.25
1.24703
1.23803
1.25
1.25
1.25
1.25
1.25
1.25
1.25
1.1802
1.25
1.25
1.25
1.25
1.25
1.25
1.25
1.25
1.25
1.24703
1.25
1.25
1.24703
1.25
1.24405
1.23498
1.24105
1.23193
1.21949
1.20022
1.16629
1.16277
0.97838
0.948466
0.85118
0.764997
0.7942
0.697285
0.715841
0.596038
0.846627
0.761795
0.784991
0.732329
0.795213
0.798479
1.11476
1.20106
1.0493
0.811326
0.853522
0.92089
0.826386
0.812227
0.758775
0.587833
0.694963
0.717311
0.90272
1.15563
1.13042
1.17327
1.14335
1.22575
1.25
1.17425
1.17723
1.25
1.1802
1.1802
1.25
1.25
1.14214
1.25
1.25
1.25
1.25
1.25
1.25
1.25
1.24405
1.1802
1.24405
1.23193
1.24703
1.24703
