1.25
1.25
1.25
1.25
1.24405
1.25
1.24405
1.24405
1.24105
1.24405
1.24405
1.25
1.24405
1.25
1.24703
1.24703
1.25
1.25
1.25
1.24703
1.25
1.25
1.25
1.25
1.25
1.25
1.25
1.25
1.25
1.25
1.25
1.25
1.25
1.25
1.25
1.25
1.25
1.25
1.25
1.24405
1.24105
1.22885
1.19029
1.17672
1.13733
1.06507
0.97002
0.852048
0.818375
0.764312
0.800391
0.757019
0.929487
0.933685
0.56092
0.685367
0.728071
0.866976
0.971626
1.05231
0.999702
0.984305
1.02141
1.034
0.778547
0.934947
0.847921
0.652711
0.790811
0.758397
0.717311
0.992652
1.15921
1.11035
1.15283
1.21315
1.22263
1.23803
1.21607
1.13016
1.24703
1.21607
0.961341
1.1016
1.1016
1.25
1.25
1.25
1.25
1.1802
1.25
1.25
1.1802
1.17124
1.25
1.25
1.23498
1.21949
1.23498
