  tasks:
    - id: 0
      execution_time_mu: 289.59031892169423
      execution_time_sigma: 153.78161083529324
      execution_time_min: 200.0
      execution_time_max: 3600.0
      period: 4000
      deadline: 4000
      processorId: 0
      name: task_1
      sp_threshold: 0.5020701052599832
      sp_weight: 2
      total_running_time: 1000000
      performance_records_time: 200.000 577.778 955.556 1333.333 1711.111 2088.889 2466.667 2844.444 3222.222 3600.000
      performance_records_perf: 0.1 0.2 0.3 0.4 0.5 0.6 0.7 0.8 0.9 1.0
    - id: 1
      execution_time_mu: 265.7128352128794
      execution_time_sigma: 194.0710463371173
      execution_time_min: 50.0
      execution_time_max: 864.8633143556233
      period: 1000
      deadline: 1000
      processorId: 0
      name: task_2
      sp_threshold: 0.5548407943456911
      sp_weight: 1
      total_running_time: 1000000
    - id: 2
      execution_time_mu: 12.067504438370264
      execution_time_sigma: 6.691381149106715
      execution_time_min: 1.6500000000000001
      execution_time_max: 29.7
      period: 33
      deadline: 33
      processorId: 0
      name: task_3
      sp_threshold: 0.5736178449842855
      sp_weight: 1
      total_running_time: 1000000
    - id: 3
      execution_time_mu: 7.519513801119571
      execution_time_sigma: 4.156753036387219
      execution_time_min: 1.0
      execution_time_max: 18.0
      period: 20
      deadline: 20
      processorId: 0
      name: task_4
      sp_threshold: 0.643588395599172
      sp_weight: 1
      total_running_time: 1000000
