  tasks:
    - id: 0
      execution_time_mu: 180.4199727175228
      execution_time_sigma: 140.79423863802566
      execution_time_min: 100.0
      execution_time_max: 1800.0
      period: 2000
      deadline: 2000
      processorId: 0
      name: task_1
      sp_threshold: 0.627490052705988
      sp_weight: 2
      total_running_time: 1000000
      performance_records_time: 100.000 288.889 477.778 666.667 855.556 1044.444 1233.333 1422.222 1611.111 1800.000
      performance_records_perf: 0.1 0.2 0.3 0.4 0.5 0.6 0.7 0.8 0.9 1.0
    - id: 1
      execution_time_mu: 469.2894863882347
      execution_time_sigma: 553.0204983184636
      execution_time_min: 200.0
      execution_time_max: 2316.231188400483
      period: 4000
      deadline: 4000
      processorId: 0
      name: task_2
      sp_threshold: 0.8819101569199126
      sp_weight: 1
      total_running_time: 1000000
    - id: 2
      execution_time_mu: 4.311078983312294
      execution_time_sigma: 4.20971870620906
      execution_time_min: 2.5
      execution_time_max: 35.122774436470536
      period: 50
      deadline: 50
      processorId: 0
      name: task_3
      sp_threshold: 0.6065334941499461
      sp_weight: 1
      total_running_time: 1000000
    - id: 3
      execution_time_mu: 1.7118869820562503
      execution_time_sigma: 1.567392717530916
      execution_time_min: 1.0
      execution_time_max: 16.110597392491236
      period: 20
      deadline: 20
      processorId: 0
      name: task_4
      sp_threshold: 0.6234111298919743
      sp_weight: 1
      total_running_time: 1000000
