3.49128
3.00518
2.86717
3.04287
3.156
3.01668
3.30275
3.22594
3.42672
3.49788
3.5
3.5
3.5
3.5
3.5
3.5
3.5
3.5
3.5
3.5
3.5
3.5
3.5
3.5
3.5
3.49788
3.5
3.5
3.5
3.5
3.5
3.58333
3.58333
3.66667
3.66667
3.31672
3.18071
2.9866
2.77527
2.75125
2.65715
2.70773
2.8616
2.91475
2.77724
2.98325
3.02343
3.49347
3.33888
3.42646
3.16667
3.41253
3.5098
3.5098
3.59338
3.51005
3.58121
3.58333
3.66667
3.58333
3.58333
3.66667
3.74788
3.3925
3.66223
3.58333
3.50108
3.31478
3.0285
2.88403
2.86376
2.81396
2.78287
2.83557
2.95417
3.19982
3.14027
3.24374
3.5
3.34313
3.5
3.5
3.5
3.34313
3.42646
3.5
3.5
3.5
3.51005
3.16667
3.51005
3.51005
3.5
3.5
3.5
3.5
3.5
3.5
3.5
