3.49788
3.07155
2.86198
3.0942
3.40472
3.12902
3.04647
3.21553
3.32789
3.34313
3.5
3.5
3.5
3.5
3.5
3.5
3.5
3.5
3.5
3.5
3.5
3.5
3.5
3.5
3.42672
3.4246
3.5
3.5
3.5
3.5
3.5
3.58333
3.58333
3.66667
3.66667
3.31956
3.21716
2.95172
2.7245
2.72047
2.67333
2.67874
2.82417
2.83054
2.74372
3.03602
3.29858
3.23946
3.48461
3.42435
3.58333
3.5098
3.66667
3.5098
3.66667
3.58333
3.58333
3.58333
3.50768
3.58333
3.58333
3.59338
3.74788
3.49586
3.59092
3.58333
3.24128
3.37883
3.08114
2.89491
2.89141
2.77974
2.81872
2.81213
2.91862
3.23281
3.14262
3.42672
3.5
3.5
3.5
3.5
3.5
3.5
3.42646
3.5
3.5
3.5
3.42646
3.58333
3.42646
3.58333
3.34313
3.5
3.5
3.5
3.5
3.5
3.5
