3.4936
3.0698
2.83065
3.05034
3.34313
3.06589
3.11974
3.20073
3.42672
3.34313
3.5
3.5
3.34313
3.5
3.5
3.5
3.5
3.5
3.5
3.5
3.5
3.5
3.5
3.5
3.5
3.34101
3.5
3.5
3.5
3.5
3.5
3.58333
3.58333
3.66667
3.5098
3.32144
3.20523
2.9326
2.7182
2.70643
2.60064
2.72386
2.8293
2.81944
2.77964
2.98874
3.11452
3.49343
3.33673
3.51005
3.42646
3.5098
3.66667
3.66667
3.66667
3.58333
3.58333
3.58333
3.66667
3.58333
3.58333
3.66667
3.74788
3.58888
3.39696
3.42646
3.58699
3.37807
3.07123
2.90498
2.77733
2.81867
2.83811
2.74772
2.92263
3.03822
3.06355
3.24586
3.5
3.5
3.5
3.5
3.5
3.5
3.58333
3.5
3.5
3.5
3.24573
3.58333
3.51005
3.51005
3.5
3.5
3.5
3.5
3.5
3.5
3.5
