3.42672
2.95068
2.79674
3.28365
3.42247
3.06589
3.0522
3.1348
3.1624
3.42672
3.5
3.5
3.5
3.5
3.5
3.5
3.5
3.5
3.5
3.5
3.5
3.5
3.5
3.5
3.5
3.49786
3.49347
3.5
3.5
3.5
3.5
3.58333
3.58333
3.66455
3.5098
3.3202
3.21608
3.02122
2.74608
2.72842
2.69917
2.72869
2.83964
2.93626
2.76538
3.08071
3.12542
3.48255
3.34313
3.50793
3.42646
3.5098
3.66667
3.5098
3.66667
3.58333
3.58333
3.58333
3.5098
3.58333
3.58333
3.66667
3.74452
3.40245
3.40918
3.42646
3.50555
3.36166
3.07787
2.90855
2.82899
2.72855
2.76359
2.81744
3.03985
3.30738
3.06599
3.4246
3.16028
3.5
3.5
3.5
3.5
3.5
3.42646
3.5
3.5
3.5
3.42646
3.58333
3.58333
3.58333
3.5
3.5
3.5
3.5
3.5
3.5
3.5
