2.07186
2.08975
1.95602
1.91646
1.78345
1.46656
1.4704
1.4251
1.51927
1.823
1.88724
1.77188
1.72772
1.63728
1.40645
1.29213
1.43221
1.2536
1.27438
1.5039
1.41607
1.48565
1.68672
1.90219
1.87333
1.78389
1.68667
1.71735
1.73183
1.45953
1.53791
1.67419
1.8982
1.83987
1.88706
1.85592
1.68386
1.68963
1.57588
1.757
1.90585
1.74786
1.51496
1.73877
2.04031
1.86139
1.58134
1.79299
1.46272
1.41167
1.26167
1.22994
1.28946
1.23594
1.28445
1.28996
1.1666
1.55718
1.60485
1.6371
2.10211
2.02216
1.85833
1.78535
1.82336
1.94205
1.83596
1.87076
1.45967
1.47801
1.19117
1.14502
1.19636
1.23769
1.29441
1.48813
1.46608
1.43053
1.57763
1.38184
1.47015
1.52523
1.76891
1.83654
1.77582
1.8221
1.78194
1.66578
1.49891
1.44041
1.2265
1.34196
1.18498
1.36797
1.40493
1.35342
1.27265
1.24873
1.20478
