2.06048
2.12065
2.09059
1.75231
1.53586
1.55215
1.56588
1.5466
1.66984
1.7456
1.95205
1.65617
1.66729
1.46169
1.40409
1.25788
1.42836
1.24217
1.22505
1.37906
1.44574
1.60258
1.63481
1.90916
1.81912
1.72245
1.66218
1.64604
1.87731
1.79539
1.47417
1.76079
1.86511
1.96254
1.96915
1.79596
1.81924
1.98225
1.70656
1.82068
1.9148
1.76267
1.72722
1.85279
1.90751
1.92663
1.53011
1.66895
1.43402
1.40448
1.1468
1.22797
1.34452
1.16977
1.21695
1.6774
1.13751
1.5905
1.61159
1.61726
1.9353
2.15971
1.91038
1.72886
1.78577
1.83623
1.8715
1.68132
1.49286
1.40185
1.19773
1.22697
1.18892
1.22788
1.2704
1.43248
1.4674
1.39925
1.42131
1.52002
1.60884
1.5998
1.69667
1.85736
1.93496
1.82799
1.66072
1.66464
1.40579
1.19938
1.11915
1.17507
1.2751
1.50355
1.51198
1.42713
1.26078
1.22257
1.26092
