2.11399
2.14149
1.98566
1.79729
1.48758
1.62703
1.63642
1.9069
1.60323
1.83333
1.91667
1.99537
1.87641
1.65992
1.39755
1.27682
1.22831
1.27177
1.4483
1.54195
1.80247
1.97946
1.9134
1.91667
2.0
2.07137
1.9711
1.79491
1.6738
1.53418
1.21179
1.36311
1.86503
1.57681
1.43237
1.59725
1.48595
1.73303
1.8707
1.5658
1.70348
1.87641
1.98089
1.9113
1.99268
1.65258
1.57316
1.74355
1.63284
1.3358
1.38669
1.43122
1.26425
1.34709
1.79211
1.83572
1.80264
1.91988
1.95686
2.00643
1.81489
2.08248
1.99537
1.90807
1.72131
1.9134
1.89405
1.57134
1.37198
1.24048
1.49534
1.5842
1.56057
1.62761
1.66923
1.93496
1.82031
1.74532
1.72044
1.83586
1.83149
1.91667
1.55584
1.69402
1.9134
1.82624
1.56576
1.55608
1.43293
1.29896
1.52793
1.50105
1.64497
1.38264
1.48539
1.20612
1.25642
1.17914
1.31043
