2.01258
1.92575
1.86929
1.88677
1.69175
1.68367
1.75115
1.81018
1.65349
1.64144
1.76332
1.76183
1.65572
1.69861
1.56983
1.37028
1.46683
1.42134
1.62623
1.62289
1.70461
1.78941
1.81471
1.74883
1.86389
1.71432
1.80916
1.75135
1.86667
1.59588
1.66018
1.4135
1.61099
1.58106
1.5315
1.55427
1.55452
1.63988
1.60333
1.80776
1.71939
1.76647
1.7881
1.86868
1.79712
1.95695
1.87446
1.80724
1.68086
1.51465
1.49563
1.4279
1.55144
1.65002
1.7937
1.62713
1.72892
1.79619
1.92697
1.84271
1.74461
1.80793
1.88777
1.76072
1.71877
1.69878
1.61075
1.58406
1.45424
1.53878
1.37634
1.46172
1.55537
1.73705
1.713
1.67802
1.7737
1.72204
1.7039
1.80286
1.76744
1.73745
1.81097
1.76132
1.76643
1.6577
1.70038
1.64565
1.49884
1.58101
1.56533
1.53804
1.53157
1.4837
1.37586
1.48123
1.61854
1.48587
1.48151
