2.08455
1.85701
1.81947
1.75863
1.87888
1.71402
1.73817
1.79361
1.71169
1.7
1.68634
1.76593
1.69562
1.73558
1.52603
1.46616
1.44415
1.37528
1.51965
1.62013
1.75531
1.6613
1.76177
1.76728
1.86185
1.81393
1.75164
1.61658
1.75684
1.85079
1.48289
1.50476
1.55151
1.3236
1.70579
1.61382
1.56584
1.59786
1.73198
1.80573
1.7491
1.722
1.85511
1.84945
1.78995
1.93059
1.78674
1.76849
1.72596
1.49396
1.4904
1.52762
1.54141
1.60704
1.73708
1.54816
1.63356
1.75462
1.90451
1.86946
1.64701
1.84066
1.87661
1.7795
1.7632
1.69272
1.7353
1.62504
1.53035
1.62875
1.60582
1.45353
1.62589
1.64748
1.73206
1.73684
1.73897
1.67877
1.79197
1.65386
1.70832
1.68144
1.84268
1.67765
1.70527
1.7143
1.56188
1.58013
1.61735
1.38276
1.57792
1.59893
1.51157
1.56628
1.36273
1.35513
1.56932
1.37714
1.46623
