2.09883
1.87521
1.71823
1.76956
1.80871
1.72666
1.67364
1.64932
1.71493
1.68191
1.67871
1.69573
1.6098
1.7562
1.63544
1.42123
1.44073
1.34229
1.57246
1.71328
1.6221
1.8546
1.77159
1.74143
1.71092
1.6945
1.80107
1.76718
1.8603
1.61493
1.61542
1.4032
1.71721
1.61084
1.68307
1.59981
1.75507
1.78254
1.72734
1.69541
1.54755
1.60684
1.73657
1.84929
1.8731
1.92464
1.85684
1.735
1.69069
1.46473
1.47008
1.5022
1.40145
1.46945
1.68502
1.7502
1.68112
1.83903
1.8269
1.83152
1.92023
1.83448
1.81206
1.52304
1.85777
1.76043
1.62754
1.66176
1.49621
1.52296
1.54436
1.44099
1.65535
1.6221
1.81254
1.7393
1.70663
1.59442
1.61148
1.68937
1.75969
1.45481
1.82206
1.83652
1.60727
1.78321
1.63758
1.6646
1.54278
1.60399
1.64464
1.55232
1.47346
1.50691
1.67246
1.47703
1.41749
1.36143
1.36655
