1.8612
1.85223
1.85315
1.86147
1.85494
1.856
1.84703
1.848
1.8508
1.8428
1.848
1.84636
1.85253
1.85729
1.85255
1.76646
1.66215
1.40239
1.4303
1.43982
1.19563
1.28035
1.60832
1.75246
1.84625
1.84763
1.85187
1.8496
1.85791
1.85453
1.84474
1.84854
1.857
1.86
1.84143
1.848
1.8506
1.8544
1.853
1.85876
1.84939
1.76953
1.47519
1.38882
1.17311
0.976757
1.09393
1.21652
1.65736
1.78077
1.78989
1.84145
1.8476
1.84853
1.8504
1.8526
1.85703
1.8584
1.858
1.852
1.8452
1.846
1.8492
1.84893
1.86096
1.86018
1.86206
1.8578
1.85443
1.84844
1.84422
1.84893
1.8488
1.8436
1.8412
1.8452
1.84653
1.84493
1.83714
1.84874
1.85292
1.85103
1.84791
1.85258
1.85477
1.8484
1.8524
1.85046
1.8456
1.8496
1.85753
1.82901
1.80109
1.62132
1.82723
1.84439
1.76428
1.81366
1.85094
