1.87615
1.87363
1.87453
1.8774
1.85852
1.8765
1.8675
1.8678
1.86547
1.8639
1.8636
1.8663
1.87496
1.87914
1.88246
1.85687
1.72644
1.60749
1.55006
1.38784
1.42321
1.47005
1.6425
1.85225
1.88594
1.87726
1.87232
1.86864
1.83817
1.86524
1.88167
1.8822
1.8717
1.87019
1.8696
1.8666
1.8681
1.87106
1.8783
1.88393
1.86445
1.81903
1.65168
1.52034
1.24301
1.29125
1.22763
1.40245
1.70393
1.83387
1.81641
1.86459
1.8675
1.8696
1.86577
1.8687
1.869
1.8663
1.8702
1.8684
1.8666
1.863
1.8624
1.8669
1.87087
1.87435
1.8684
1.87675
1.87729
1.87579
1.8714
1.86392
1.87197
1.8678
1.8618
1.866
1.8687
1.87297
1.8804
1.8776
1.87962
1.88164
1.87979
1.84209
1.87795
1.8747
1.8741
1.8684
1.8672
1.87423
1.88272
1.84158
1.88797
1.78724
1.79154
1.87179
1.78143
1.77607
1.87654
