1.85565
1.84665
1.85762
1.86333
1.8521
1.8492
1.85303
1.8492
1.8516
1.8464
1.8476
1.856
1.85627
1.866
1.84369
1.7939
1.71057
1.4717
1.23173
1.31192
1.08587
1.25137
1.48902
1.64581
1.85647
1.8427
1.84816
1.8456
1.8496
1.85518
1.84866
1.85839
1.849
1.84973
1.85249
1.8476
1.8528
1.85379
1.85204
1.83671
1.84084
1.7881
1.60499
1.49556
1.16099
1.04727
1.13902
1.18933
1.62788
1.77843
1.79046
1.84723
1.84213
1.8528
1.84681
1.8561
1.85768
1.85213
1.8528
1.8472
1.852
1.8508
1.8476
1.86
1.86453
1.85693
1.852
1.85663
1.85428
1.84623
1.8485
1.8552
1.8524
1.846
1.8436
1.844
1.8436
1.85383
1.85162
1.85466
1.84623
1.83524
1.84881
1.85436
1.85246
1.85005
1.8588
1.8496
1.8436
1.8524
1.85973
1.82495
1.80832
1.75268
1.75312
1.79962
1.79125
1.81409
1.83869
