1.87591
1.875
1.87507
1.8729
1.8747
1.87197
1.8675
1.8675
1.86457
1.8648
1.8657
1.8714
1.87765
1.87073
1.87636
1.82554
1.63247
1.64905
1.31335
1.45943
1.4371
1.42817
1.71894
1.84116
1.88387
1.8837
1.84804
1.8711
1.86434
1.8741
1.87882
1.87796
1.8708
1.8744
1.86668
1.8684
1.8687
1.87417
1.87837
1.86748
1.88294
1.81855
1.67318
1.45068
1.24292
1.23561
1.33
1.43519
1.6036
1.85871
1.78674
1.87292
1.8705
1.8684
1.87585
1.8738
1.8753
1.8684
1.8666
1.8675
1.8648
1.863
1.8639
1.8678
1.87466
1.8726
1.87297
1.867
1.86999
1.8762
1.87357
1.83555
1.8714
1.8651
1.8624
1.8633
1.87078
1.87908
1.87522
1.87159
1.86797
1.87807
1.87545
1.8777
1.8774
1.8807
1.86847
1.86224
1.8684
1.8726
1.87217
1.8665
1.79976
1.78225
1.81275
1.86045
1.87892
1.82354
1.87127
