1.85246
1.8576
1.85369
1.8592
1.8496
1.8524
1.84973
1.852
1.85326
1.8476
1.84499
1.8492
1.84596
1.85322
1.84657
1.8246
1.5631
1.54527
1.31198
1.30764
1.39513
1.32326
1.59118
1.79187
1.84625
1.84789
1.84517
1.84449
1.84654
1.85684
1.86005
1.85123
1.84976
1.84604
1.85229
1.846
1.8532
1.85366
1.83442
1.84138
1.83711
1.81835
1.66437
1.42837
1.0606
1.08675
1.13692
1.14091
1.45633
1.76616
1.79845
1.85142
1.8484
1.84196
1.85278
1.85931
1.85206
1.84956
1.85813
1.8524
1.8492
1.8472
1.8452
1.8592
1.8572
1.85664
1.87247
1.86083
1.86184
1.84461
1.85436
1.8496
1.84303
1.8448
1.8436
1.84736
1.8472
1.83928
1.83767
1.8553
1.85919
1.84492
1.86276
1.86227
1.8608
1.85613
1.84097
1.84933
1.8476
1.84535
1.84281
1.83465
1.79539
1.70423
1.77043
1.82949
1.79539
1.80566
1.84432
