1.8738
1.8723
1.87502
1.86784
1.8756
1.8723
1.8738
1.869
1.8666
1.8615
1.8666
1.8675
1.8723
1.8733
1.87305
1.79885
1.67504
1.54169
1.46197
1.53485
1.36521
1.43428
1.68972
1.76603
1.88208
1.87334
1.87944
1.8744
1.875
1.86757
1.87717
1.87333
1.8756
1.8753
1.8714
1.86307
1.8705
1.86794
1.8846
1.88565
1.88447
1.85408
1.6605
1.53068
1.14439
1.30738
1.38901
1.4114
1.75945
1.84402
1.8536
1.87879
1.869
1.8684
1.872
1.87472
1.8693
1.8681
1.86719
1.869
1.86307
1.8642
1.8678
1.86907
1.8783
1.8708
1.8753
1.8733
1.87717
1.88128
1.87237
1.8714
1.866
1.8639
1.8663
1.863
1.8666
1.87675
1.87875
1.88125
1.87256
1.87758
1.8759
1.87706
1.87979
1.87394
1.86845
1.8669
1.8681
1.8762
1.87614
1.89123
1.88206
1.70597
1.84136
1.84911
1.88001
1.86229
1.88854
