1.86423
1.8714
1.86839
1.8708
1.87406
1.872
1.87526
1.8693
1.8663
1.8657
1.8657
1.8669
1.87603
1.87676
1.83706
1.81678
1.7769
1.5922
1.55308
1.4078
1.35032
1.40196
1.73044
1.84379
1.88008
1.87937
1.86821
1.86644
1.86049
1.86655
1.87417
1.87155
1.86967
1.86644
1.86928
1.8651
1.86817
1.86824
1.87795
1.87685
1.88254
1.83356
1.74293
1.52021
1.30121
1.12767
1.27467
1.48602
1.72941
1.83399
1.86927
1.87508
1.8681
1.8672
1.8723
1.86734
1.8657
1.8669
1.866
1.866
1.8648
1.863
1.8639
1.86577
1.86926
1.86847
1.86604
1.87756
1.87974
1.88302
1.87113
1.8756
1.86397
1.863
1.8633
1.8636
1.8708
1.87537
1.8819
1.8768
1.86165
1.86727
1.86712
1.8786
1.8761
1.87322
1.8738
1.8705
1.8648
1.87158
1.87865
1.87113
1.87494
1.83512
1.7956
1.82682
1.84888
1.86247
1.87506
