1.86984
1.87298
1.87417
1.87232
1.8699
1.86727
1.8666
1.8732
1.8669
1.8663
1.8654
1.8693
1.8708
1.86897
1.87491
1.77286
1.74693
1.53674
1.42181
1.37039
1.31703
1.37904
1.65923
1.73935
1.85061
1.8762
1.86735
1.8708
1.8729
1.87187
1.8771
1.87127
1.87526
1.86874
1.8678
1.8642
1.86809
1.86687
1.87652
1.8714
1.88305
1.82944
1.72325
1.55667
1.10248
1.2465
1.15099
1.49837
1.6957
1.81074
1.79902
1.87401
1.872
1.86637
1.8684
1.86842
1.8696
1.8699
1.86476
1.8681
1.85917
1.8636
1.863
1.86779
1.87306
1.87167
1.86951
1.87101
1.8753
1.88118
1.87436
1.8708
1.86456
1.8645
1.8636
1.8624
1.8705
1.87812
1.8758
1.87592
1.87297
1.86994
1.88427
1.88302
1.88437
1.87554
1.87615
1.8666
1.8666
1.8759
1.87027
1.86678
1.8247
1.79784
1.85113
1.86473
1.81455
1.84774
1.88551
