1.87406
1.8726
1.87053
1.872
1.8729
1.86787
1.8702
1.8693
1.866
1.8648
1.8642
1.8687
1.8696
1.8733
1.8501
1.82221
1.6914
1.50794
1.36956
1.30864
1.46837
1.54464
1.72545
1.84637
1.87657
1.86925
1.85382
1.87143
1.8717
1.87197
1.85068
1.87286
1.8723
1.8765
1.86577
1.869
1.8678
1.87442
1.88298
1.85041
1.87446
1.86979
1.66839
1.45438
1.22965
1.08204
1.30198
1.50995
1.7743
1.89113
1.79996
1.87757
1.8699
1.8681
1.8684
1.8732
1.8747
1.8696
1.8648
1.8684
1.8654
1.8654
1.8648
1.8687
1.8741
1.8741
1.875
1.87663
1.87694
1.8807
1.84064
1.8708
1.86665
1.8684
1.8633
1.8627
1.8696
1.8774
1.87842
1.87424
1.87957
1.8795
1.8807
1.88009
1.86788
1.87327
1.87124
1.86779
1.8666
1.87609
1.87299
1.87798
1.8701
1.79084
1.82254
1.88113
1.85354
1.84461
1.81094
