1.87556
1.8717
1.87143
1.87297
1.8732
1.8711
1.8723
1.8714
1.86809
1.8636
1.8621
1.86217
1.86724
1.87505
1.87472
1.85549
1.75265
1.70131
1.38919
1.40905
1.21606
1.48825
1.73767
1.82416
1.86919
1.8815
1.84487
1.8756
1.86757
1.8723
1.88457
1.86581
1.86764
1.86993
1.866
1.8711
1.8672
1.87844
1.88019
1.87724
1.87492
1.8005
1.63805
1.43325
1.1544
1.1886
1.30762
1.51608
1.74731
1.87807
1.78703
1.85148
1.86577
1.8711
1.86324
1.872
1.8681
1.8666
1.8708
1.8663
1.866
1.863
1.8624
1.8684
1.87854
1.87117
1.87496
1.8738
1.8762
1.87547
1.8714
1.8708
1.8663
1.8669
1.8669
1.8636
1.86618
1.8765
1.88064
1.87033
1.87777
1.88123
1.87412
1.86752
1.87447
1.87357
1.87117
1.8708
1.86157
1.87477
1.86763
1.85442
1.82761
1.77473
1.82652
1.87419
1.85174
1.75503
1.87163
