1.854
1.85471
1.84823
1.85622
1.85143
1.85425
1.85526
1.85023
1.8508
1.8452
1.8516
1.84697
1.856
1.85763
1.82313
1.79559
1.64415
1.42561
1.40846
0.714194
0.760107
1.32197
1.54261
1.61389
1.8403
1.83352
1.86154
1.84736
1.85112
1.84813
1.84672
1.86151
1.8574
1.84833
1.85196
1.8452
1.8556
1.85773
1.85224
1.84019
1.82334
1.80911
1.52086
1.25954
1.1264
1.16832
1.02588
1.09975
1.62714
1.78528
1.82241
1.84335
1.84933
1.85
1.8548
1.85107
1.85696
1.85573
1.8556
1.85133
1.8524
1.8464
1.8436
1.8516
1.85391
1.8636
1.85302
1.85724
1.85327
1.8536
1.84563
1.84855
1.84618
1.8432
1.8448
1.8464
1.8528
1.84481
1.84663
1.84195
1.85502
1.85591
1.86372
1.84218
1.84206
1.84525
1.85183
1.83912
1.8472
1.84996
1.85589
1.83647
1.85008
1.76788
1.74845
1.7988
1.79202
1.78607
1.84398
