1.87177
1.86958
1.8777
1.8729
1.86637
1.8723
1.8732
1.8696
1.86727
1.8624
1.8651
1.869
1.87675
1.87521
1.8593
1.74394
1.78427
1.64366
1.41683
1.50946
1.40687
1.32503
1.68411
1.76977
1.83627
1.87829
1.87793
1.8696
1.8729
1.87406
1.88119
1.86525
1.87207
1.8723
1.869
1.8681
1.87138
1.867
1.87687
1.88443
1.89334
1.76582
1.64795
1.48505
1.24339
1.08076
1.19406
1.41093
1.67066
1.86518
1.86718
1.88209
1.8681
1.8729
1.8711
1.875
1.8705
1.86637
1.8672
1.866
1.8621
1.8624
1.8651
1.8669
1.86986
1.8759
1.86993
1.87944
1.8767
1.87143
1.8726
1.8711
1.8699
1.8669
1.8663
1.86391
1.8669
1.87597
1.88051
1.87927
1.8789
1.88272
1.86781
1.8801
1.88066
1.87472
1.8767
1.869
1.869
1.86907
1.88244
1.85202
1.84386
1.7789
1.75752
1.88585
1.83995
1.83786
1.87083
