1.85524
1.86213
1.86333
1.8568
1.85012
1.8524
1.84933
1.8536
1.85262
1.8452
1.8468
1.8504
1.85316
1.84711
1.84857
1.79844
1.61974
1.5605
1.30187
1.49838
1.34463
1.23294
1.65207
1.79128
1.84199
1.85483
1.84093
1.8504
1.85003
1.84617
1.83286
1.85396
1.85133
1.85493
1.846
1.8476
1.8504
1.85424
1.84997
1.84908
1.82977
1.81216
1.62417
1.32932
1.10406
1.05598
1.29849
1.46651
1.64861
1.79052
1.80942
1.83614
1.8472
1.85463
1.85025
1.86385
1.8572
1.8532
1.85328
1.8504
1.8464
1.8492
1.85
1.85503
1.86253
1.86078
1.86294
1.85596
1.86865
1.858
1.85373
1.84787
1.8472
1.8452
1.8432
1.8408
1.85143
1.84489
1.85176
1.85296
1.85463
1.84696
1.86053
1.84884
1.85485
1.85723
1.8484
1.84485
1.848
1.85271
1.85163
1.83698
1.81712
1.60593
1.78393
1.78391
1.78306
1.79604
1.85132
