1.8688
1.872
1.8738
1.875
1.8744
1.86633
1.8726
1.8663
1.8639
1.8648
1.8639
1.8669
1.8738
1.85697
1.87397
1.81236
1.67808
1.57161
1.55516
1.43644
1.40354
1.52482
1.69008
1.86249
1.87139
1.8789
1.87776
1.87177
1.86899
1.8747
1.8873
1.87665
1.8732
1.87347
1.8687
1.8699
1.8693
1.86868
1.88511
1.85759
1.87231
1.79571
1.62074
1.58374
1.18676
1.14545
1.26022
1.53134
1.81502
1.86571
1.84582
1.86856
1.8672
1.8696
1.86667
1.87054
1.8672
1.86367
1.8657
1.8663
1.8636
1.8651
1.86067
1.8714
1.8732
1.86744
1.87889
1.87293
1.8684
1.87615
1.87436
1.87551
1.872
1.8678
1.8633
1.8648
1.8726
1.87334
1.87893
1.87805
1.87884
1.87818
1.87813
1.8843
1.87537
1.86884
1.87417
1.8723
1.8672
1.87466
1.87776
1.88011
1.86691
1.81902
1.81715
1.86723
1.82223
1.85392
1.88105
