1.86281
1.8744
1.87735
1.8702
1.86349
1.8705
1.8702
1.8696
1.8684
1.8666
1.8627
1.8693
1.87167
1.87777
1.87478
1.81004
1.77964
1.57021
1.51258
1.45415
1.2736
1.37335
1.63405
1.79874
1.87886
1.87763
1.87926
1.8723
1.87526
1.87459
1.88218
1.88123
1.8777
1.8756
1.8708
1.8663
1.8633
1.87016
1.88472
1.87246
1.8849
1.82448
1.73221
1.37475
1.32558
1.06969
1.32588
1.38278
1.74283
1.88031
1.88865
1.8774
1.8696
1.8693
1.86988
1.8699
1.86577
1.8684
1.8714
1.8648
1.8621
1.8612
1.863
1.8672
1.87177
1.8741
1.87347
1.878
1.85267
1.86817
1.8774
1.8729
1.869
1.8639
1.8618
1.863
1.8696
1.87263
1.87588
1.86322
1.8774
1.87881
1.88457
1.87786
1.87758
1.86617
1.87436
1.8663
1.86097
1.87087
1.88611
1.89042
1.81063
1.77794
1.72554
1.84582
1.87128
1.83564
1.87522
