1.8741
1.8711
1.881
1.86547
1.87027
1.86997
1.86577
1.8699
1.87048
1.866
1.8612
1.8702
1.8735
1.87614
1.87585
1.88471
1.76435
1.6168
1.45601
1.42379
1.43073
1.3482
1.53397
1.82085
1.88905
1.87526
1.87686
1.8708
1.8738
1.87381
1.88999
1.87837
1.86908
1.87237
1.8681
1.8651
1.8693
1.87974
1.87286
1.8686
1.87707
1.79466
1.73785
1.54104
1.13578
1.18602
1.40852
1.51103
1.76343
1.86895
1.79443
1.86827
1.8699
1.86427
1.8732
1.8756
1.8732
1.8663
1.86787
1.8705
1.8648
1.8666
1.8624
1.872
1.8678
1.86633
1.8786
1.87005
1.88137
1.87717
1.87074
1.8741
1.8672
1.8654
1.8621
1.8633
1.8639
1.86728
1.8739
1.87744
1.87545
1.87023
1.87837
1.87
1.87411
1.88213
1.87257
1.8669
1.86679
1.86524
1.83867
1.88793
1.85111
1.70153
1.77539
1.85821
1.82206
1.85911
1.88877
