1.85253
1.85279
1.854
1.84943
1.85483
1.856
1.85733
1.8528
1.84503
1.8436
1.8448
1.8521
1.84953
1.84203
1.83684
1.67774
1.63289
1.29411
1.42236
1.36042
1.29391
1.30114
1.61945
1.76813
1.84172
1.85252
1.85472
1.8524
1.8528
1.8565
1.83949
1.85729
1.85463
1.85036
1.8496
1.8488
1.8484
1.8544
1.84842
1.85029
1.84249
1.76339
1.52077
1.3788
0.65038
0.953875
1.34515
1.42553
1.5212
1.73289
1.79629
1.83076
1.8476
1.8472
1.85723
1.86013
1.85228
1.85
1.8584
1.85013
1.8456
1.8484
1.8512
1.86039
1.85413
1.85538
1.85425
1.85644
1.85855
1.85716
1.8492
1.84203
1.85013
1.84063
1.8436
1.8428
1.84453
1.84506
1.85897
1.84967
1.85189
1.85699
1.84904
1.85664
1.84599
1.84999
1.8512
1.8488
1.8472
1.84872
1.85363
1.82063
1.81542
1.74186
1.62404
1.80047
1.79223
1.66905
1.82876
