1.85116
1.85723
1.85733
1.85403
1.85396
1.85307
1.85008
1.85881
1.84823
1.8428
1.8452
1.8496
1.85356
1.85037
1.83115
1.78278
1.66646
1.57139
1.35771
1.48392
1.38766
1.36719
1.46918
1.64245
1.85328
1.85114
1.84819
1.83848
1.85407
1.85182
1.85991
1.84398
1.8596
1.85
1.84973
1.8492
1.85287
1.85773
1.84473
1.82739
1.85457
1.78075
1.54696
1.37178
1.32757
1.07006
1.10345
1.2541
1.66249
1.75066
1.67191
1.84852
1.8456
1.84276
1.84912
1.86091
1.856
1.85292
1.85356
1.85133
1.8484
1.8452
1.8464
1.8524
1.85926
1.85837
1.85495
1.85365
1.8684
1.84095
1.84169
1.8508
1.8444
1.846
1.8444
1.8448
1.848
1.852
1.84702
1.83945
1.84867
1.84776
1.85195
1.8508
1.84805
1.85693
1.85105
1.84242
1.848
1.8552
1.85356
1.83407
1.8264
1.73505
1.7432
1.80036
1.76678
1.79011
1.82251
