1.85173
1.8541
1.84823
1.85436
1.84964
1.85423
1.8536
1.85447
1.84867
1.8468
1.8484
1.8516
1.85471
1.85531
1.84522
1.78655
1.58777
1.41712
1.35615
1.46734
1.33334
1.31765
1.48868
1.66487
1.85099
1.85122
1.85963
1.849
1.8517
1.8444
1.84467
1.85013
1.8528
1.85249
1.84813
1.8444
1.85
1.85173
1.84439
1.71283
1.83474
1.76512
1.61215
1.45573
1.00373
1.20368
1.30531
1.42239
1.64712
1.7837
1.78287
1.83994
1.8496
1.83943
1.85293
1.86813
1.85149
1.84893
1.85565
1.84623
1.8472
1.8488
1.84618
1.8552
1.85733
1.86093
1.86293
1.86492
1.86186
1.84952
1.84952
1.85045
1.8452
1.8448
1.8432
1.8436
1.8415
1.84124
1.83889
1.8484
1.8358
1.84546
1.84973
1.84565
1.84438
1.85365
1.84949
1.8536
1.8488
1.85393
1.85386
1.84882
1.81833
1.63477
1.68055
1.84025
1.79171
1.78877
1.83608
