1.85036
1.854
1.85367
1.8508
1.84872
1.85027
1.84951
1.8492
1.8524
1.8444
1.8504
1.8504
1.85343
1.8557
1.82292
1.64546
1.55615
1.44292
1.27895
1.49253
1.27876
1.14082
1.57637
1.74533
1.85249
1.83464
1.85104
1.8484
1.85133
1.84507
1.84723
1.8436
1.8492
1.85011
1.8504
1.8464
1.84569
1.84971
1.84974
1.83436
1.84387
1.70152
1.57986
1.50128
1.19267
1.15814
1.16153
1.15567
1.63919
1.7993
1.79371
1.83266
1.8436
1.8472
1.8596
1.85484
1.8504
1.85
1.85091
1.8544
1.8528
1.8468
1.852
1.8528
1.86013
1.85781
1.85603
1.85652
1.86239
1.85606
1.84805
1.8508
1.8492
1.852
1.842
1.8436
1.8476
1.84853
1.85749
1.8381
1.8495
1.85427
1.84692
1.83398
1.84711
1.85364
1.84863
1.8484
1.84413
1.8536
1.84275
1.84611
1.8164
1.73782
1.77052
1.80937
1.83068
1.80622
1.83624
