1.87357
1.86758
1.8726
1.8765
1.86506
1.85867
1.8684
1.86997
1.8663
1.8624
1.8645
1.8684
1.8732
1.89109
1.83957
1.84504
1.56057
1.55649
1.50997
1.46954
1.28792
1.47945
1.73872
1.84274
1.8777
1.8807
1.87422
1.872
1.87347
1.87462
1.88226
1.8718
1.86695
1.87147
1.8693
1.8657
1.86475
1.8783
1.87957
1.86819
1.82308
1.79056
1.78923
1.44452
1.32414
1.30132
1.37963
1.45839
1.75845
1.8187
1.84663
1.88613
1.87018
1.8675
1.87197
1.86725
1.86718
1.8684
1.8675
1.8684
1.8642
1.8651
1.8666
1.8699
1.87034
1.87183
1.86775
1.8777
1.88568
1.87634
1.8726
1.8738
1.8687
1.8684
1.863
1.8636
1.8681
1.87531
1.87909
1.87527
1.87311
1.86659
1.87874
1.87681
1.88
1.8652
1.86787
1.86367
1.8678
1.8723
1.88631
1.88061
1.86711
1.84466
1.81097
1.87617
1.86688
1.85751
1.87819
