1.87521
1.8714
1.86787
1.8768
1.8708
1.86607
1.8675
1.86937
1.8708
1.8633
1.8663
1.8666
1.8711
1.87387
1.87182
1.84143
1.65328
1.60805
1.46847
1.49375
1.18389
1.605
1.67862
1.86079
1.8819
1.87755
1.87651
1.872
1.869
1.8795
1.87135
1.87148
1.87283
1.86894
1.8678
1.8669
1.8672
1.86778
1.86593
1.88003
1.86642
1.85113
1.73908
1.54358
1.15447
1.23549
1.2705
1.50988
1.77221
1.8624
1.83083
1.87358
1.8717
1.8723
1.86842
1.8714
1.8717
1.8663
1.8648
1.8681
1.8678
1.8627
1.8681
1.8702
1.87167
1.87057
1.8693
1.86241
1.88074
1.87512
1.8762
1.87108
1.8729
1.8681
1.8645
1.8624
1.8711
1.8771
1.8811
1.88347
1.87614
1.86406
1.87957
1.86525
1.87788
1.87532
1.8682
1.869
1.8669
1.87087
1.8677
1.88068
1.80536
1.7315
1.84588
1.86719
1.85743
1.88319
1.88888
