1.852
1.85605
1.856
1.85323
1.8576
1.85814
1.85693
1.854
1.8476
1.8476
1.8452
1.84863
1.86091
1.83969
1.79853
1.75913
1.64855
1.54506
1.4747
1.05151
1.2249
1.23473
1.63857
1.77885
1.84975
1.853
1.84932
1.85151
1.84696
1.83271
1.85169
1.85725
1.84876
1.8501
1.8552
1.84391
1.846
1.85407
1.84966
1.84362
1.8141
1.77333
1.67637
1.29654
1.11204
1.01961
1.27263
1.44747
1.67561
1.77002
1.79047
1.84982
1.8536
1.84373
1.8508
1.85827
1.8544
1.86
1.8556
1.8524
1.8464
1.8452
1.852
1.8528
1.86046
1.85878
1.85783
1.85571
1.85616
1.85301
1.85526
1.84783
1.84303
1.8456
1.8448
1.84133
1.84511
1.8564
1.84172
1.84372
1.84247
1.84849
1.85473
1.84784
1.84184
1.85653
1.8476
1.84776
1.846
1.84716
1.84302
1.83012
1.816
1.76576
1.76482
1.83527
1.80649
1.82339
1.83587
