1.85249
1.84973
1.8596
1.8592
1.85201
1.8604
1.8516
1.8592
1.848
1.842
1.844
1.8524
1.85239
1.84605
1.82873
1.77322
1.69135
1.59267
1.55293
1.24479
1.3304
1.22659
1.48595
1.79267
1.86543
1.85611
1.85013
1.84729
1.8532
1.84956
1.85173
1.85633
1.84928
1.8628
1.84973
1.8488
1.8521
1.86133
1.85636
1.80639
1.82535
1.82238
1.63112
1.37008
1.12839
1.05982
1.2948
1.58441
1.59606
1.75025
1.78714
1.84124
1.8496
1.8504
1.8492
1.85573
1.8556
1.864
1.85397
1.852
1.8476
1.8456
1.8488
1.85991
1.85276
1.85166
1.86027
1.86288
1.86213
1.84845
1.8488
1.84751
1.8476
1.842
1.8448
1.8424
1.8476
1.84909
1.84942
1.84865
1.84623
1.8488
1.85649
1.85507
1.84908
1.84419
1.85207
1.8504
1.8464
1.84874
1.84414
1.81633
1.82437
1.74542
1.72578
1.79927
1.62804
1.79192
1.85661
