1.85253
1.84172
1.85663
1.8476
1.8518
1.85543
1.8556
1.852
1.852
1.85
1.8476
1.84934
1.84692
1.85714
1.81578
1.77123
1.63704
1.50198
1.1933
1.42461
1.32499
1.24647
1.47611
1.76143
1.84113
1.85189
1.85235
1.85
1.8492
1.84567
1.84384
1.85725
1.84648
1.8552
1.85673
1.8488
1.84493
1.85328
1.85845
1.84929
1.817
1.78397
1.49963
1.53048
0.963832
1.25571
1.2375
1.42411
1.68668
1.84229
1.80799
1.80513
1.8452
1.846
1.858
1.85453
1.856
1.8548
1.8612
1.8504
1.844
1.844
1.8508
1.85459
1.85055
1.85541
1.85983
1.85163
1.872
1.85543
1.85341
1.851
1.8476
1.8464
1.8432
1.846
1.85325
1.84754
1.85832
1.84793
1.84878
1.86017
1.83691
1.84729
1.85591
1.85236
1.84603
1.84421
1.8448
1.854
1.86276
1.84462
1.84109
1.72046
1.75409
1.82506
1.63824
1.82
1.84062
