1.8756
1.87436
1.8747
1.87521
1.8756
1.86964
1.872
1.8672
1.866
1.866
1.8666
1.8675
1.87113
1.87656
1.89301
1.83925
1.73752
1.64807
1.52527
1.44689
1.49198
1.37398
1.74494
1.83048
1.88238
1.86668
1.8777
1.8753
1.87313
1.86904
1.87147
1.88134
1.8726
1.86967
1.8708
1.8651
1.8714
1.87119
1.88031
1.87531
1.87757
1.82374
1.66093
1.48434
1.21359
1.27595
1.34081
1.48813
1.7159
1.78146
1.83179
1.87635
1.86457
1.8675
1.8705
1.8702
1.86817
1.86648
1.86367
1.86809
1.8651
1.8627
1.8645
1.8687
1.8717
1.8723
1.87126
1.87074
1.85074
1.87923
1.87032
1.86342
1.8693
1.863
1.8642
1.8627
1.8687
1.87765
1.87848
1.87329
1.88205
1.8732
1.87837
1.88188
1.8771
1.8732
1.8729
1.8657
1.8675
1.87093
1.88294
1.87715
1.87906
1.8387
1.85943
1.85156
1.83362
1.78999
1.86491
