1.8747
1.87699
1.87538
1.87078
1.8738
1.87087
1.87048
1.8684
1.8684
1.8633
1.8621
1.8666
1.87466
1.8766
1.88096
1.81464
1.77048
1.56636
1.46714
1.45732
1.32263
1.3705
1.67436
1.84292
1.87702
1.8794
1.85856
1.8693
1.87237
1.86875
1.8816
1.87795
1.87046
1.8719
1.86758
1.8666
1.8675
1.87124
1.87633
1.83656
1.85589
1.85352
1.73641
1.48527
1.27655
1.22584
1.19165
1.53488
1.71036
1.82671
1.77351
1.88443
1.87138
1.8711
1.8699
1.86976
1.8699
1.8666
1.8663
1.866
1.8639
1.8642
1.8648
1.87197
1.8708
1.86759
1.87675
1.86172
1.87676
1.8735
1.86814
1.8684
1.8696
1.869
1.8627
1.8642
1.86517
1.8777
1.879
1.87943
1.87929
1.8807
1.8793
1.88226
1.88123
1.87154
1.86967
1.8687
1.86397
1.8696
1.87924
1.87158
1.82817
1.82149
1.80193
1.83301
1.8658
1.86958
1.85157
