1.87138
1.8705
1.87292
1.87167
1.86997
1.87207
1.87167
1.8669
1.8562
1.8654
1.8672
1.8699
1.8768
1.86951
1.8882
1.83534
1.71669
1.55426
1.43381
1.27281
1.26735
1.43611
1.69917
1.8167
1.87994
1.87795
1.88516
1.87184
1.86734
1.87311
1.87297
1.8758
1.86907
1.87381
1.86667
1.8645
1.8687
1.87387
1.874
1.87527
1.8744
1.83193
1.68718
1.59195
1.05309
1.25392
1.20964
1.54886
1.72289
1.82612
1.87358
1.87805
1.869
1.8675
1.86727
1.86874
1.86757
1.866
1.869
1.8663
1.866
1.863
1.8633
1.8711
1.8741
1.8771
1.87937
1.8774
1.88033
1.86546
1.8768
1.8726
1.8668
1.8621
1.8657
1.8654
1.8663
1.88004
1.87633
1.88364
1.87387
1.87525
1.87053
1.87268
1.88112
1.87854
1.87189
1.8723
1.8666
1.8753
1.88218
1.85836
1.88945
1.74267
1.76817
1.87737
1.87321
1.83035
1.86367
