1.85192
1.85507
1.85407
1.8568
1.8588
1.85316
1.852
1.85183
1.84863
1.846
1.8484
1.85841
1.86197
1.85356
1.85091
1.8483
1.68163
1.57969
1.46359
1.21061
1.2618
1.28588
1.61657
1.74091
1.85262
1.85358
1.84319
1.8548
1.84754
1.84823
1.8494
1.85435
1.8568
1.84909
1.8452
1.8516
1.8524
1.84956
1.84803
1.85442
1.81425
1.81999
1.70225
1.31533
0.967642
0.95935
1.28456
1.32479
1.74219
1.78101
1.78132
1.84346
1.84263
1.8517
1.85813
1.858
1.8568
1.8516
1.85104
1.85447
1.8486
1.8444
1.8496
1.8524
1.858
1.85627
1.86636
1.86676
1.86397
1.85973
1.84649
1.85213
1.84201
1.8436
1.844
1.844
1.84911
1.85196
1.84921
1.83253
1.85307
1.8644
1.84144
1.8524
1.85083
1.85082
1.8508
1.8488
1.8484
1.85293
1.86088
1.82503
1.82134
1.77325
1.62822
1.69521
1.79788
1.80163
1.83652
