1.8717
1.87585
1.8652
1.8696
1.8708
1.8714
1.87257
1.8705
1.8678
1.8633
1.8651
1.8672
1.87466
1.8867
1.87413
1.86969
1.76734
1.70553
1.55452
1.42925
1.40491
1.50983
1.70601
1.87737
1.88785
1.87927
1.87243
1.8702
1.872
1.8717
1.8743
1.84364
1.8738
1.8738
1.866
1.8669
1.86547
1.87687
1.87865
1.83472
1.88229
1.83751
1.692
1.50541
1.20782
1.23992
1.32718
1.51892
1.78007
1.88518
1.85664
1.87968
1.8675
1.8693
1.86727
1.8705
1.86727
1.869
1.8702
1.8639
1.863
1.8645
1.8666
1.866
1.8753
1.8759
1.87585
1.8792
1.87666
1.8789
1.88123
1.87087
1.86719
1.8648
1.8645
1.8633
1.8711
1.87499
1.87514
1.87735
1.86311
1.87115
1.87556
1.88324
1.86885
1.8795
1.87177
1.86517
1.8675
1.8668
1.87296
1.88569
1.86745
1.80293
1.76694
1.88403
1.85631
1.8715
1.84797
