1.85453
1.84627
1.85365
1.86057
1.85303
1.8624
1.8492
1.8556
1.852
1.844
1.844
1.8512
1.85226
1.84362
1.84401
1.74641
1.70838
1.5859
1.21668
1.2933
0.617596
1.26997
1.50168
1.758
1.84397
1.84489
1.85623
1.8444
1.85606
1.84572
1.84064
1.85181
1.84474
1.85747
1.8488
1.84627
1.8548
1.84885
1.87486
1.85403
1.86209
1.75249
1.44434
1.27905
1.04629
1.13825
1.2816
1.26622
1.68851
1.81278
1.81425
1.83904
1.84573
1.8504
1.85547
1.85342
1.8532
1.8508
1.8524
1.8504
1.8496
1.8448
1.8464
1.8552
1.85383
1.85934
1.86453
1.85898
1.85061
1.85793
1.85223
1.85133
1.84791
1.8448
1.8464
1.8448
1.8512
1.85503
1.85356
1.84809
1.84795
1.8439
1.84385
1.85991
1.84717
1.85341
1.85605
1.8512
1.848
1.84689
1.85123
1.83502
1.82266
1.71239
1.77017
1.81903
1.8238
1.75502
1.84035
