1.8726
1.8687
1.88093
1.87138
1.87108
1.86986
1.8732
1.8699
1.869
1.8639
1.8654
1.8642
1.86997
1.88332
1.85099
1.83486
1.71061
1.63772
1.42025
1.45549
1.29665
1.3333
1.71628
1.85925
1.88179
1.87593
1.8822
1.86877
1.87418
1.87124
1.881
1.86794
1.87376
1.87465
1.8702
1.8648
1.8723
1.8795
1.88153
1.85081
1.84475
1.75414
1.66654
1.49782
1.2949
1.19485
1.34307
1.47958
1.69688
1.76666
1.83712
1.88216
1.87087
1.86427
1.86854
1.87046
1.87376
1.8717
1.86456
1.8684
1.8651
1.8633
1.8642
1.8657
1.87472
1.87484
1.8697
1.87795
1.87854
1.87561
1.87002
1.87645
1.8714
1.86809
1.8651
1.863
1.8693
1.87854
1.87557
1.88601
1.8774
1.88213
1.88072
1.8789
1.87525
1.87064
1.8762
1.8681
1.8693
1.8774
1.87658
1.84641
1.80924
1.82896
1.78995
1.86677
1.8495
1.85207
1.87637
