1.8705
1.87136
1.8795
1.86817
1.8732
1.8735
1.8708
1.8687
1.8681
1.863
1.8639
1.8699
1.87638
1.87512
1.89048
1.81411
1.81708
1.60429
1.44623
1.4374
1.35577
1.45088
1.71831
1.85859
1.87483
1.84379
1.8765
1.8702
1.8723
1.87048
1.8777
1.87941
1.875
1.87078
1.8696
1.8681
1.87167
1.87824
1.87095
1.88315
1.83019
1.85833
1.67099
1.51173
1.26837
1.1993
1.34244
1.42392
1.65786
1.85113
1.81262
1.88158
1.8687
1.8669
1.8663
1.86531
1.86307
1.8654
1.8678
1.8714
1.863
1.8642
1.8672
1.8723
1.8744
1.86904
1.86845
1.87442
1.878
1.8732
1.872
1.86958
1.86445
1.863
1.8636
1.8624
1.8693
1.86463
1.8743
1.87459
1.881
1.87538
1.84785
1.87447
1.8756
1.86702
1.8705
1.87257
1.8657
1.87387
1.87478
1.84302
1.86815
1.80327
1.81326
1.87894
1.83171
1.85411
1.87275
