1.8792
1.8723
1.87886
1.8711
1.8756
1.8717
1.86667
1.8669
1.8684
1.8645
1.8648
1.866
1.8747
1.86992
1.88346
1.79545
1.79512
1.59536
1.45201
1.35185
1.41381
1.31489
1.62408
1.84376
1.87111
1.87979
1.88089
1.87496
1.8753
1.88056
1.87148
1.87507
1.8747
1.86934
1.8696
1.8648
1.8684
1.8687
1.88324
1.85023
1.88589
1.82245
1.75973
1.52459
1.26481
1.19068
1.3699
1.44629
1.79294
1.82397
1.87181
1.87016
1.8696
1.8672
1.87218
1.87556
1.872
1.8672
1.8693
1.8669
1.8657
1.8636
1.8657
1.8645
1.87376
1.87944
1.87561
1.87443
1.87741
1.87507
1.87585
1.8744
1.86517
1.8624
1.8627
1.8666
1.8711
1.8774
1.8798
1.88
1.86667
1.87597
1.88248
1.8864
1.8682
1.8783
1.8723
1.86487
1.8654
1.875
1.85503
1.88503
1.83137
1.74761
1.83959
1.88007
1.86839
1.8601
1.88023
