1.8532
1.8542
1.85122
1.848
1.85853
1.8524
1.853
1.8556
1.854
1.8436
1.8444
1.85841
1.85177
1.8458
1.82685
1.78345
1.64991
1.51238
1.39923
1.2125
1.15764
1.35778
1.53424
1.73569
1.84267
1.85643
1.85073
1.84142
1.86
1.8572
1.84698
1.84856
1.84703
1.84351
1.8496
1.84973
1.8476
1.84983
1.8513
1.84174
1.83489
1.7931
1.6846
1.44384
1.1
1.04736
1.15802
1.56702
1.52108
1.80132
1.79221
1.83748
1.8492
1.85064
1.8488
1.8628
1.8576
1.8504
1.8532
1.8488
1.8492
1.8444
1.8528
1.8512
1.85524
1.85637
1.85458
1.86537
1.85689
1.85486
1.85054
1.84276
1.8472
1.8468
1.8448
1.844
1.8512
1.84883
1.84953
1.85215
1.85369
1.84213
1.84793
1.85682
1.8584
1.8288
1.8544
1.8464
1.85
1.8464
1.85449
1.83655
1.84392
1.72055
1.80026
1.81174
1.78544
1.78183
1.84636
