1.8702
1.87263
1.87615
1.872
1.87376
1.8714
1.86361
1.8729
1.8654
1.8639
1.8639
1.8726
1.8726
1.88529
1.81893
1.80091
1.56982
1.46907
1.52288
1.49449
1.26348
1.45867
1.76801
1.88049
1.8815
1.87819
1.87873
1.86517
1.87347
1.87645
1.87963
1.87753
1.8702
1.8735
1.8651
1.866
1.872
1.87387
1.8804
1.8685
1.86757
1.8012
1.67574
1.56402
1.20152
1.24461
1.2844
1.38749
1.76221
1.86218
1.83311
1.85574
1.869
1.8666
1.8729
1.8711
1.8729
1.8651
1.86187
1.8654
1.8642
1.8633
1.8624
1.8684
1.8759
1.87027
1.86577
1.8768
1.87502
1.88033
1.8759
1.87095
1.8717
1.8663
1.863
1.8642
1.8693
1.87897
1.87129
1.88571
1.87202
1.87197
1.8873
1.87897
1.87477
1.8795
1.8714
1.8696
1.8657
1.8729
1.8891
1.88011
1.86508
1.81199
1.83951
1.78895
1.84506
1.82333
1.87472
