1.878
1.8681
1.87377
1.8732
1.86779
1.8723
1.8702
1.8699
1.8663
1.8636
1.863
1.8675
1.86994
1.87598
1.88249
1.85606
1.6971
1.6194
1.39288
1.44552
1.44657
1.58125
1.75174
1.84943
1.88227
1.86957
1.87871
1.87227
1.8726
1.8726
1.86586
1.88044
1.87297
1.87085
1.8687
1.8678
1.8711
1.87537
1.87784
1.87359
1.83759
1.85086
1.71911
1.57694
1.18649
1.19392
1.22285
1.43777
1.75338
1.82692
1.85319
1.87925
1.8714
1.8699
1.8708
1.8732
1.8717
1.8678
1.8696
1.866
1.8651
1.8621
1.8663
1.8651
1.86577
1.8744
1.8714
1.87311
1.87841
1.86944
1.86517
1.8762
1.8657
1.8636
1.8633
1.863
1.8681
1.84215
1.87713
1.87369
1.87867
1.87023
1.86914
1.87732
1.87752
1.87501
1.87057
1.872
1.86427
1.87257
1.86198
1.86749
1.83937
1.81041
1.81228
1.88056
1.85705
1.76425
1.8812
