1.86934
1.87159
1.8747
1.8735
1.87466
1.86779
1.86637
1.8675
1.86397
1.8633
1.8642
1.8684
1.8705
1.87574
1.87026
1.81373
1.71515
1.58781
1.37461
1.62123
1.42606
1.29581
1.61923
1.80485
1.86118
1.85797
1.87312
1.8664
1.86907
1.87343
1.8792
1.87185
1.86377
1.8708
1.87028
1.8651
1.8702
1.87914
1.84718
1.8867
1.86748
1.82218
1.66078
1.57475
1.17495
1.13075
1.26809
1.50262
1.70175
1.84758
1.83374
1.88013
1.86763
1.87317
1.8705
1.86839
1.869
1.8684
1.8723
1.869
1.8672
1.8642
1.8642
1.872
1.87545
1.87138
1.86783
1.8825
1.87711
1.87406
1.87347
1.8753
1.8696
1.8639
1.8624
1.8648
1.869
1.87207
1.88499
1.8843
1.87929
1.88213
1.84039
1.87548
1.87359
1.87616
1.87466
1.8636
1.8678
1.8789
1.87614
1.88683
1.87155
1.78638
1.79724
1.88027
1.8121
1.85136
1.87527
