1.86612
1.87645
1.8702
1.8699
1.8723
1.87184
1.86836
1.8708
1.8681
1.8621
1.8636
1.8684
1.8705
1.87944
1.86058
1.80265
1.67839
1.58407
1.40767
1.37156
1.27186
1.37093
1.77069
1.76748
1.88307
1.87132
1.88047
1.8717
1.86306
1.8735
1.87717
1.87645
1.87227
1.86164
1.87045
1.8657
1.8663
1.87837
1.88126
1.86462
1.86248
1.85118
1.70805
1.49091
1.1253
1.21138
1.2317
1.36788
1.59935
1.85128
1.86234
1.86486
1.8711
1.8696
1.87209
1.86922
1.87752
1.8723
1.8681
1.8669
1.8675
1.8624
1.8627
1.866
1.87219
1.87241
1.8711
1.8771
1.8813
1.87166
1.87807
1.875
1.8708
1.8663
1.8645
1.8645
1.8732
1.87427
1.83168
1.85208
1.87657
1.88242
1.88068
1.84877
1.8795
1.87113
1.8726
1.86667
1.8636
1.8762
1.87826
1.88871
1.82445
1.74823
1.86943
1.87301
1.82351
1.82822
1.87747
