1.85775
1.85131
1.84526
1.85453
1.8604
1.84723
1.85486
1.84756
1.85526
1.8476
1.846
1.84453
1.85613
1.85287
1.82702
1.77088
1.64862
1.52981
1.49583
1.45529
1.38941
1.29174
1.66437
1.75449
1.83341
1.85342
1.84192
1.8524
1.8532
1.85387
1.85836
1.85787
1.85278
1.85814
1.854
1.85
1.84707
1.85194
1.85852
1.84876
1.82421
1.79913
1.63834
1.33061
1.09236
1.23531
1.25924
1.2279
1.53155
1.79814
1.76109
1.84944
1.84249
1.8468
1.8572
1.86346
1.8576
1.854
1.85565
1.8512
1.8492
1.84773
1.84463
1.854
1.85331
1.84713
1.85977
1.84905
1.84852
1.84113
1.84648
1.84667
1.8472
1.8444
1.8436
1.8448
1.8508
1.85156
1.85823
1.84123
1.8488
1.84403
1.83591
1.83662
1.85224
1.84224
1.85023
1.8476
1.848
1.85143
1.84591
1.85426
1.81671
1.74454
1.78712
1.77358
1.84997
1.79554
1.8446
