1.85041
1.85162
1.85503
1.84875
1.84685
1.85567
1.852
1.85311
1.85413
1.8436
1.8432
1.8544
1.8508
1.84058
1.84135
1.66726
1.67048
1.54853
1.37426
1.37783
1.13152
1.44633
1.67507
1.76656
1.83684
1.84995
1.8576
1.85133
1.84302
1.85133
1.85143
1.84985
1.85127
1.85853
1.84648
1.852
1.85126
1.85134
1.85227
1.82835
1.84922
1.63835
1.6333
1.42825
1.11136
1.09152
1.09944
1.38047
1.64327
1.76173
1.77532
1.84552
1.8564
1.85
1.84703
1.85409
1.8536
1.84772
1.8568
1.8492
1.8556
1.8472
1.8536
1.8508
1.85773
1.85143
1.86009
1.85343
1.85687
1.84361
1.84643
1.85143
1.846
1.84023
1.8444
1.8412
1.84596
1.8486
1.84608
1.8483
1.85122
1.84876
1.84944
1.83937
1.84711
1.84429
1.8478
1.8496
1.8468
1.84609
1.84567
1.84195
1.83359
1.74937
1.76647
1.80533
1.6593
1.81567
1.85026
