1.84796
1.85556
1.85279
1.85645
1.85499
1.85383
1.85
1.84911
1.8484
1.8516
1.8428
1.8488
1.8476
1.85147
1.84521
1.79987
1.73119
1.26373
1.40636
1.41506
1.15196
1.26404
1.42442
1.69156
1.84464
1.85797
1.84127
1.84618
1.8536
1.85183
1.862
1.85813
1.85
1.84967
1.856
1.8456
1.84867
1.85328
1.85136
1.81126
1.83
1.647
1.56609
1.35444
1.01493
1.0489
1.0329
1.28153
1.69736
1.76368
1.79445
1.851
1.84565
1.8516
1.852
1.85392
1.85333
1.854
1.8512
1.8516
1.8496
1.846
1.85253
1.84893
1.8586
1.84626
1.86216
1.86452
1.86099
1.84523
1.85165
1.84653
1.84871
1.8472
1.84213
1.8424
1.85213
1.84665
1.85341
1.84542
1.71889
1.84875
1.862
1.84766
1.84729
1.858
1.8512
1.84733
1.8476
1.8481
1.84389
1.84263
1.83881
1.72602
1.63145
1.82512
1.8146
1.7941
1.84951
