1.8765
1.87436
1.87076
1.87048
1.8738
1.8705
1.8711
1.8705
1.8681
1.8636
1.8633
1.8669
1.87357
1.8875
1.87007
1.85756
1.7035
1.59595
1.50438
1.35643
1.31371
1.47646
1.74106
1.83594
1.87867
1.8734
1.87309
1.8741
1.86667
1.8768
1.87411
1.87765
1.86787
1.87437
1.8723
1.8642
1.8687
1.8768
1.87837
1.88382
1.88183
1.81217
1.71361
1.54305
1.24592
1.18553
1.27683
1.51377
1.71583
1.82875
1.78681
1.86874
1.86476
1.8705
1.8741
1.8762
1.87018
1.8723
1.8696
1.8705
1.8639
1.8615
1.8633
1.8684
1.87406
1.8783
1.8801
1.8804
1.88541
1.86954
1.8801
1.86934
1.86427
1.8639
1.8675
1.8633
1.87585
1.87019
1.8873
1.87837
1.8748
1.881
1.8808
1.88046
1.87645
1.87387
1.87376
1.8669
1.8678
1.86224
1.86692
1.87989
1.82092
1.82986
1.82549
1.879
1.83749
1.82182
1.87801
