1.84135
1.8564
1.84747
1.85303
1.8544
1.86103
1.85322
1.856
1.8552
1.846
1.8484
1.8476
1.85307
1.85617
1.82173
1.77001
1.70736
1.42447
1.13439
1.28075
1.43668
1.3677
1.53176
1.80611
1.84358
1.71889
1.85962
1.8512
1.84568
1.8508
1.85647
1.85016
1.85369
1.84643
1.84596
1.84423
1.8492
1.8576
1.84623
1.82408
1.85229
1.74324
1.65796
1.48961
1.14455
0.905443
1.23645
1.29031
1.65706
1.73315
1.78274
1.84625
1.8468
1.8488
1.8552
1.85841
1.8584
1.85
1.85693
1.85613
1.8504
1.8436
1.8456
1.8528
1.84678
1.8624
1.8637
1.86065
1.85553
1.84262
1.84925
1.84912
1.8488
1.8488
1.842
1.8448
1.84973
1.85447
1.85
1.8564
1.8511
1.8401
1.85645
1.85307
1.86234
1.85453
1.85383
1.85131
1.844
1.86
1.84788
1.84166
1.8247
1.72734
1.71027
1.82577
1.6511
1.74367
1.85098
