1.8792
1.869
1.8738
1.86926
1.87532
1.87402
1.8717
1.8705
1.86958
1.863
1.8633
1.8681
1.8744
1.86781
1.89479
1.73723
1.70029
1.535
1.38883
1.41663
1.5043
1.404
1.7105
1.87175
1.87414
1.86868
1.8822
1.8687
1.8708
1.87278
1.8849
1.87849
1.8732
1.87466
1.8729
1.8666
1.86575
1.87537
1.87306
1.89229
1.87913
1.8692
1.64995
1.53204
1.16366
1.20476
1.35059
1.49934
1.65486
1.8642
1.86118
1.84319
1.8681
1.8699
1.8702
1.87406
1.8687
1.8705
1.8687
1.8711
1.8645
1.8627
1.8681
1.8696
1.8735
1.86907
1.8774
1.87824
1.87663
1.87236
1.87436
1.8705
1.8663
1.8687
1.8624
1.8624
1.8732
1.8795
1.87368
1.87566
1.8738
1.87066
1.87944
1.88183
1.8792
1.87741
1.8762
1.87197
1.8678
1.8732
1.87883
1.88449
1.85097
1.80827
1.83192
1.86523
1.82213
1.84
1.86316
