1.87077
1.87164
1.8708
1.87303
1.872
1.86874
1.8693
1.8708
1.8657
1.8609
1.8654
1.869
1.86844
1.87233
1.83667
1.78973
1.76327
1.58716
1.46126
1.36008
1.31823
1.50163
1.69365
1.83297
1.8826
1.87585
1.87844
1.86896
1.8735
1.87848
1.87352
1.8671
1.87045
1.87675
1.8681
1.8693
1.8711
1.87267
1.87496
1.87796
1.88886
1.76768
1.66847
1.55438
1.20195
1.21773
1.41841
1.46224
1.62402
1.83134
1.87504
1.88042
1.86958
1.866
1.8714
1.8735
1.8675
1.8666
1.87227
1.8681
1.8648
1.8624
1.8654
1.8687
1.86757
1.87135
1.8723
1.86911
1.87263
1.8771
1.875
1.8744
1.86635
1.8642
1.8618
1.8651
1.86809
1.87987
1.88481
1.87741
1.8825
1.87962
1.88161
1.88306
1.87777
1.88123
1.87705
1.86217
1.86307
1.87496
1.87764
1.87779
1.86323
1.8155
1.7792
1.81978
1.85336
1.85755
1.85041
