1.87735
1.86728
1.87327
1.87347
1.872
1.8729
1.8729
1.8681
1.86839
1.8642
1.8645
1.8648
1.86516
1.86431
1.8693
1.82834
1.72187
1.62948
1.40959
1.37836
1.33466
1.40951
1.75162
1.84292
1.87711
1.87629
1.87457
1.86967
1.87317
1.86888
1.87566
1.87675
1.87496
1.87466
1.8711
1.8648
1.8705
1.87329
1.85543
1.88633
1.88057
1.81953
1.68908
1.51543
1.25148
1.08951
1.31151
1.49508
1.74726
1.837
1.77835
1.85431
1.8687
1.8708
1.8699
1.8723
1.87603
1.8702
1.8678
1.8708
1.8651
1.8633
1.866
1.8705
1.8741
1.8756
1.86813
1.86907
1.8819
1.87507
1.8765
1.8714
1.8687
1.8669
1.863
1.8642
1.8693
1.87788
1.87412
1.87941
1.87357
1.8726
1.87577
1.88179
1.88865
1.87417
1.8735
1.86697
1.866
1.8753
1.87075
1.86682
1.86606
1.79235
1.82212
1.82415
1.79506
1.8529
1.87283
