1.872
1.86726
1.87406
1.8747
1.86669
1.86667
1.86899
1.8684
1.8687
1.8693
1.86067
1.8672
1.87004
1.87454
1.85458
1.83686
1.69009
1.61265
1.41983
1.44566
1.48687
1.41749
1.61962
1.78278
1.87543
1.8819
1.87224
1.86699
1.8756
1.8717
1.8825
1.87257
1.87287
1.88242
1.866
1.8678
1.8678
1.8771
1.8783
1.87927
1.8783
1.84233
1.7601
1.51775
1.21802
1.15348
1.33274
1.39173
1.70105
1.87083
1.84718
1.87038
1.8699
1.8675
1.8693
1.8759
1.8702
1.87167
1.8699
1.8672
1.8645
1.8636
1.85977
1.8669
1.8747
1.8741
1.86785
1.8762
1.87927
1.87717
1.8747
1.8729
1.8648
1.8636
1.8651
1.8624
1.8669
1.8744
1.87818
1.88036
1.88383
1.87292
1.88033
1.87881
1.87987
1.87507
1.87197
1.87197
1.8705
1.87196
1.87677
1.88287
1.85625
1.77171
1.83918
1.88743
1.83127
1.82044
1.8741
