1.84226
1.8508
1.85653
1.86
1.858
1.84951
1.8548
1.852
1.8516
1.8428
1.8444
1.8472
1.85356
1.84972
1.84492
1.72009
1.53183
1.2905
1.35984
1.42464
1.25743
1.18857
1.5284
1.81587
1.81786
1.84605
1.84993
1.85335
1.84623
1.84573
1.85441
1.85177
1.85188
1.8588
1.84973
1.84973
1.8508
1.84626
1.84984
1.83772
1.81972
1.81115
1.50983
1.51397
0.986725
1.06504
1.17848
1.37565
1.60178
1.76183
1.79831
1.8444
1.84791
1.8452
1.85653
1.8568
1.85093
1.8508
1.8604
1.8532
1.8484
1.846
1.84533
1.854
1.854
1.85999
1.85576
1.85191
1.85738
1.85383
1.84743
1.84463
1.8484
1.8464
1.8448
1.844
1.854
1.85044
1.83576
1.86129
1.85223
1.84624
1.85147
1.85563
1.85427
1.8556
1.84226
1.84337
1.84863
1.84518
1.84782
1.8388
1.83697
1.72541
1.60852
1.82731
1.79974
1.77458
1.86153
