1.84957
1.8518
1.84695
1.85201
1.848
1.84636
1.8568
1.85373
1.85213
1.846
1.8484
1.8556
1.8564
1.8532
1.81638
1.76209
1.72261
1.59083
1.37609
1.33226
1.22721
1.23175
1.47387
1.76567
1.84506
1.85168
1.85533
1.85093
1.84807
1.84726
1.85622
1.85133
1.85526
1.84943
1.8524
1.85
1.85447
1.84432
1.86
1.8236
1.83759
1.77552
1.55445
1.47908
1.05728
0.555897
0.687006
1.18507
1.50641
1.77587
1.79676
1.84256
1.84815
1.84773
1.8568
1.8604
1.85486
1.86
1.854
1.8492
1.8448
1.84855
1.8472
1.854
1.85653
1.85871
1.85646
1.85451
1.85278
1.84943
1.85213
1.84924
1.84783
1.8452
1.84539
1.8448
1.85052
1.8497
1.84302
1.84506
1.85973
1.84835
1.86199
1.85715
1.85383
1.85084
1.83843
1.8516
1.84533
1.85373
1.86373
1.84621
1.83612
1.79925
1.74463
1.81056
1.82258
1.81073
1.85026
