1.86734
1.8699
1.87454
1.87447
1.8771
1.8783
1.86337
1.86727
1.8696
1.8636
1.866
1.8684
1.87136
1.87807
1.88283
1.74869
1.75519
1.48172
1.386
1.52256
1.45208
1.50107
1.66599
1.80329
1.8806
1.8759
1.8804
1.86473
1.87287
1.87077
1.87239
1.87364
1.87167
1.87287
1.87148
1.8681
1.8666
1.875
1.87669
1.87907
1.88011
1.83874
1.69557
1.5201
1.15254
1.14971
1.43771
1.43634
1.74508
1.83227
1.82127
1.8438
1.8696
1.8678
1.872
1.87117
1.8732
1.8687
1.8669
1.8651
1.86127
1.8627
1.8633
1.866
1.8738
1.8756
1.86964
1.88009
1.8792
1.87829
1.875
1.8723
1.8663
1.8633
1.8627
1.8648
1.8681
1.87307
1.87683
1.87464
1.86272
1.87357
1.87321
1.87238
1.88159
1.87102
1.8777
1.8675
1.8666
1.8747
1.87004
1.86194
1.87395
1.84454
1.863
1.86045
1.86044
1.83769
1.8592
