1.85499
1.8568
1.8556
1.85943
1.85629
1.84991
1.85093
1.85293
1.8508
1.8452
1.8512
1.8492
1.8524
1.85656
1.80777
1.74695
1.56454
1.53504
1.35199
1.485
1.27186
1.2597
1.57126
1.7839
1.85111
1.86084
1.84443
1.85551
1.8528
1.85918
1.85096
1.84956
1.85173
1.84881
1.84933
1.8476
1.84943
1.85645
1.85735
1.84342
1.85001
1.76384
1.71699
1.45722
1.19183
1.19624
1.15791
1.33494
1.55344
1.82329
1.813
1.84379
1.842
1.84463
1.8564
1.8597
1.85671
1.8548
1.8544
1.8524
1.85
1.8476
1.8556
1.8516
1.856
1.86412
1.85285
1.85746
1.86821
1.85773
1.83331
1.84863
1.84463
1.8468
1.8424
1.8432
1.85231
1.85133
1.85207
1.84549
1.84839
1.84866
1.84182
1.85123
1.83949
1.85263
1.8496
1.8488
1.8452
1.8476
1.8484
1.83444
1.76335
1.80237
1.78306
1.8244
1.80754
1.81262
1.82435
