1.85249
1.84648
1.8604
1.8433
1.85493
1.84536
1.84967
1.8492
1.8512
1.84657
1.85
1.8536
1.8552
1.84553
1.85181
1.79832
1.73583
1.62072
1.36167
1.23347
1.34924
1.31294
1.66443
1.745
1.84702
1.85923
1.85036
1.8548
1.84847
1.84459
1.8618
1.85313
1.85
1.8568
1.8504
1.84847
1.8488
1.84723
1.85889
1.824
1.84869
1.83156
1.4705
1.53518
1.15577
1.09841
1.30839
1.43356
1.47964
1.76133
1.76413
1.84919
1.8428
1.8496
1.85502
1.86196
1.8544
1.8484
1.8552
1.8492
1.8504
1.8504
1.8468
1.8516
1.8594
1.85849
1.86057
1.85707
1.86053
1.85734
1.84672
1.84765
1.84697
1.84223
1.844
1.8464
1.8496
1.84643
1.85793
1.83987
1.85823
1.85214
1.84546
1.8599
1.85302
1.84496
1.85573
1.848
1.84511
1.8532
1.85703
1.8323
1.79112
1.68525
1.78375
1.82268
1.79424
1.81491
1.84539
