0.5
0.5
0.5
0.5
0.5
0.5
0.5
0.5
0.5
0.5
0.5
0.5
0.5
0.5
0.499783
0.5
0.5
0.499783
0.499566
0.499131
0.498257
0.496711
0.49537
0.496711
0.498476
0.499131
0.499131
0.499131
0.5
0.499566
0.499566
0.499783
0.5
0.499784
0.5
0.5
0.5
0.5
0.5
0.5
0.5
0.5
0.5
0.5
0.5
0.5
0.5
0.5
0.5
0.5
0.5
0.5
0.5
0.5
0.5
0.5
0.5
0.5
0.5
0.5
0.5
0.5
0.5
0.499783
0.5
0.5
0.499351
0.499349
0.499349
0.498257
0.498695
0.499131
0.496265
0.496933
0.498257
0.498913
0.499783
0.499783
0.499566
0.499783
0.499783
0.499783
0.499783
0.5
0.5
0.5
0.5
0.5
0.5
0.5
0.5
0.5
0.5
0.5
0.5
0.5
0.5
0.5
0.5
