0.5
0.5
0.5
0.5
0.5
0.5
0.5
0.5
0.5
0.5
0.5
0.5
0.5
0.5
0.5
0.5
0.5
0.499566
0.499566
0.498695
0.498037
0.496933
0.496488
0.496933
0.497817
0.499131
0.499349
0.498476
0.499783
0.499783
0.499349
0.5
0.5
0.499784
0.5
0.5
0.5
0.5
0.5
0.5
0.5
0.5
0.5
0.5
0.5
0.5
0.5
0.5
0.5
0.5
0.5
0.5
0.5
0.5
0.5
0.5
0.5
0.5
0.5
0.5
0.5
0.5
0.5
0.5
0.5
0.5
0.499568
0.499349
0.498037
0.498257
0.497154
0.498913
0.498037
0.496042
0.498257
0.498913
0.499783
0.5
0.499566
0.5
0.5
0.5
0.5
0.5
0.5
0.5
0.5
0.5
0.5
0.5
0.5
0.5
0.5
0.5
0.5
0.5
0.5
0.5
0.5
