1.25
1.25
1.25
1.25
1.25
1.25
1.25
1.24715
1.24715
1.24283
1.23701
1.22815
1.21452
1.20521
1.17443
1.17107
0.834615
1.12869
0.781347
0.596922
0.691155
0.953911
0.855955
0.543922
0.871885
0.596384
0.90935
0.600022
0.803793
0.70269
0.999199
0.769344
0.914845
1.0126
1.22815
1.24715
0.959633
1.25
1.25
1.24715
1.25
1.04654
0.958208
1.04654
1.12236
1.04654
1.25
0.833333
1.25
1.04369
1.12236
1.25
1.24427
1.23993
1.23408
1.03937
0.943709
1.02618
1.22515
0.796318
0.922617
1.23408
0.927218
1.1925
1.1486
1.12498
0.801796
0.838019
0.601939
0.599643
0.707902
0.588294
0.71806
0.953911
0.873083
0.810641
1.06114
1.16255
0.882386
1.17107
1.19731
1.22214
1.22815
1.25
1.24715
1.24138
1.25
1.24715
1.24715
1.25
1.25
1.25
1.25
1.24857
1.25
1.25
1.24857
1.24138
1.24427
