0.833333
0.833333
0.833333
0.833333
0.833333
0.833333
0.831024
0.831024
0.826361
0.829864
0.815646
0.812002
0.791927
0.793215
0.763772
0.759565
0.72403
0.701571
0.656959
0.651384
0.617492
0.523118
0.481884
0.530198
0.612149
0.640413
0.652209
0.656959
0.664521
0.672287
0.699913
0.736266
0.770676
0.799586
0.800847
0.816852
0.825186
0.8287
0.826361
0.825186
0.829864
0.833333
0.831024
0.833333
0.833333
0.833333
0.833333
0.832181
0.833333
0.8287
0.833333
0.831024
0.8287
0.809553
0.818054
0.799586
0.818054
0.815646
0.814435
0.789338
0.789338
0.805847
0.794498
0.777452
0.7302
0.719333
0.668681
0.657512
0.650517
0.612149
0.60927
0.624568
0.592506
0.536933
0.580241
0.646581
0.664125
0.728667
0.719333
0.742233
0.773402
0.798321
0.815646
0.826361
0.827533
0.833333
0.833333
0.833333
0.833333
0.831024
0.833333
0.833333
0.831024
0.833333
0.8287
0.833333
0.833333
0.826361
0.824007
