1.25
1.25
1.25
1.25
1.25
1.25
1.25
1.24715
1.24715
1.24427
1.23408
1.22214
1.22964
1.21298
1.19411
1.17943
0.749313
1.12684
0.779251
1.01305
0.695205
0.512694
0.529864
0.552767
0.861594
1.01305
1.03924
0.855537
0.764312
0.652952
0.728376
0.941583
1.17777
0.81297
1.22214
1.23408
0.827606
1.04225
1.25
0.827606
1.25
1.25
1.12236
1.04654
0.959633
1.25
1.25
0.833333
1.25
1.25
0.959633
0.824715
1.24857
0.820346
0.943709
1.23408
0.951015
1.02019
1.10937
1.01565
0.786976
1.22665
0.919524
1.20521
0.86176
0.713873
1.0654
1.03699
0.728505
0.809591
0.874222
0.580279
0.578888
0.782113
0.57427
0.601052
1.059
1.14682
1.1486
1.19089
1.20364
1.21759
1.23408
1.24715
1.25
1.24715
1.24857
1.25
1.25
1.25
1.25
1.25
1.25
1.25
1.24427
1.25
1.24138
1.24427
1.24427
