0.916667
0.916667
0.916667
0.916667
0.916667
0.916667
0.916667
0.916667
0.916667
0.916667
0.916667
0.916667
0.916667
0.916667
0.916667
0.916667
0.871288
0.764676
0.916667
0.818677
0.764676
0.5
0.764676
0.764676
0.818677
0.733126
0.733126
0.5
0.764676
0.733126
0.818677
0.733126
0.764676
0.818677
0.916667
0.818677
0.916667
0.916667
0.916667
0.916667
0.916667
0.916667
0.916667
0.916667
0.916667
0.916667
0.916667
0.916667
0.916667
0.916667
0.916667
0.916667
0.916667
0.916667
0.916667
0.916667
0.916667
0.916667
0.916667
0.916667
0.916667
0.916667
0.916667
0.916667
0.916667
0.916667
0.916667
0.916667
0.916667
0.916667
0.916667
0.916667
0.916667
0.916667
0.916667
0.916667
0.916667
0.916667
0.916667
0.818677
0.916667
0.916667
0.916667
0.916667
0.916667
0.916667
0.916667
0.916667
0.916667
0.916667
0.916667
0.916667
0.916667
0.916667
0.916667
0.916667
0.916667
0.764676
0.871288
