2.7
2.7
2.7
2.69001
2.458
2.22981
2.0559
1.78783
1.78129
1.99422
2.28096
2.19334
2.42154
2.44773
2.48319
2.7
2.7
2.7
2.7
2.7
2.7
2.7
2.7
2.69502
2.48319
2.59391
2.25001
2.27559
2.1442
2.01684
2.24581
2.33291
2.5788
2.42154
2.3073
2.4631
2.4732
2.7
2.7
2.7
2.69502
2.69001
2.69502
2.69502
2.68497
2.67991
2.7
2.7
2.7
2.7
2.7
2.7
2.7
2.7
2.7
2.7
2.7
2.7
2.7
2.68497
2.47821
2.69502
2.69502
2.5889
2.59391
2.7
2.7
2.7
2.7
2.7
2.7
2.7
2.7
2.7
2.7
2.7
2.7
2.7
2.67991
2.65937
2.458
2.2349
2.69001
2.68605
2.45288
2.44391
2.67482
2.43876
2.21954
2.5889
2.48319
2.7
2.7
2.7
2.7
2.7
2.7
2.7
2.7
