2.7
2.7
2.7
2.69502
2.68497
2.21436
1.97571
1.86743
1.84556
1.88126
2.40002
2.25034
2.31763
2.2349
2.5889
2.7
2.7
2.7
2.7
2.7
2.7
2.7
2.7
2.7
2.7
2.48319
2.20915
2.18967
2.11824
2.10798
1.97461
2.43358
2.25001
2.44773
2.67482
2.676
2.69502
2.69502
2.7
2.7
2.7
2.69001
2.48319
2.59391
2.4732
2.69001
2.69502
2.69502
2.7
2.7
2.7
2.7
2.7
2.7
2.7
2.7
2.7
2.7
2.7
2.45919
2.69001
2.4631
2.59889
2.59391
2.7
2.69502
2.69502
2.7
2.7
2.7
2.7
2.7
2.7
2.7
2.7
2.7
2.69502
2.69502
2.68497
2.47821
2.46816
2.29686
2.58387
2.68497
2.67482
2.45288
2.45288
2.46816
2.458
2.69502
2.7
2.7
2.69001
2.7
2.7
2.7
2.7
2.7
2.69502
