3.02
3.02
3.02
3.02
3.00389
2.84609
2.35556
2.09263
1.99074
2.08541
2.11569
2.71027
2.3972
2.82959
2.87851
2.87851
3.02
3.02
3.02
3.02
3.02
3.02
3.02
2.87851
2.87851
2.7183
2.80105
2.3972
2.07654
2.19878
2.34708
2.66938
2.62146
2.59708
3.00389
2.84609
2.8624
3.02
3.02
3.02
2.87851
2.87851
2.7183
2.97108
2.85427
3.02
3.02
3.02
3.02
3.00389
3.02
3.02
3.02
3.02
3.02
3.02
3.02
3.02
3.02
3.01197
2.82959
2.98758
2.8624
2.7183
3.02
3.00389
3.02
3.02
3.02
3.02
3.02
3.02
3.02
3.02
3.02
3.02
2.78494
2.9352
2.7183
3.02
2.76863
2.9352
2.8624
3.02
2.3972
2.76863
2.78494
2.80105
2.94328
3.02
2.87851
3.00389
3.02
3.02
3.02
3.02
3.01197
3.02
3.02
