3.02
3.02
3.02
3.00389
2.95132
2.61338
2.15976
2.06696
1.94585
2.10298
2.25017
2.35556
2.7183
2.3158
2.95132
3.02
3.02
3.02
3.02
3.02
3.02
3.02
3.02
3.02
3.02
2.84609
2.66938
2.48475
2.53842
2.09422
2.35556
2.51756
2.60526
2.70219
3.00389
2.87851
2.8624
3.02
3.02
3.02
3.02
2.8624
3.02
3.02
2.70219
3.02
3.02
3.02
3.02
3.02
3.02
3.02
3.02
3.02
3.02
3.02
3.02
3.02
3.02
3.02
2.7183
3.00389
2.87048
3.02
3.02
3.02
3.02
3.02
3.02
3.02
3.02
3.02
3.02
3.02
3.02
3.02
3.02
2.87851
2.87048
3.02
2.7183
2.87851
3.02
2.9352
2.9352
2.85427
2.87851
2.85427
3.00389
2.7183
3.00389
3.02
3.00389
3.02
3.02
3.02
3.02
2.87851
3.02
