2.7
2.7
2.69502
2.7
2.5788
2.28788
2.30372
1.82498
1.8549
1.90774
2.16829
2.40724
2.42314
2.67991
2.69502
2.69502
2.7
2.7
2.7
2.7
2.7
2.7
2.7
2.7
2.69502
2.68104
2.31763
2.35993
1.92512
2.23377
2.42154
2.31888
2.45288
2.33291
2.46816
2.4732
2.7
2.7
2.7
2.7
2.7
2.7
2.7
2.67991
2.7
2.7
2.7
2.7
2.7
2.7
2.7
2.7
2.7
2.7
2.7
2.7
2.7
2.7
2.7
2.58387
2.34295
2.69502
2.69502
2.69502
2.69001
2.7
2.7
2.7
2.7
2.7
2.7
2.7
2.7
2.7
2.7
2.7
2.7
2.7
2.46816
2.31828
2.458
2.69502
2.68497
2.7
2.23997
2.44903
2.21436
2.69502
2.458
2.47821
2.7
2.7
2.69502
2.7
2.7
2.7
2.7
2.7
2.7
