2.7
2.7
2.7
2.69001
2.45863
2.30209
1.96325
1.78954
1.76978
2.03277
2.14533
2.24485
2.52294
2.55826
2.69502
2.7
2.7
2.7
2.7
2.7
2.7
2.7
2.7
2.69502
2.7
2.69502
2.43358
2.14638
2.11485
2.11251
2.39648
2.55962
2.44773
2.31888
2.31378
2.46816
2.69001
2.48319
2.7
2.7
2.69502
2.69001
2.68497
2.5889
2.34794
2.69502
2.69502
2.7
2.7
2.69502
2.7
2.7
2.7
2.7
2.7
2.7
2.7
2.7
2.7
2.7
2.69001
2.67991
2.4732
2.69001
2.7
2.69502
2.7
2.7
2.7
2.7
2.7
2.7
2.7
2.7
2.7
2.69502
2.69502
2.69502
2.21572
2.45288
2.45288
2.6697
2.7
2.69502
2.45288
2.67482
2.66455
2.44255
2.245
2.48319
2.69001
2.7
2.7
2.7
2.7
2.7
2.7
2.7
2.7
