3.02
3.02
3.02
3.02
2.98758
2.78494
2.52983
2.04046
2.05925
2.06855
2.18554
2.8624
2.49303
2.84609
2.87851
3.02
3.02
3.02
3.02
3.02
3.02
3.02
3.02
3.02
2.9352
2.7183
2.77681
2.60526
2.37237
2.63576
2.35556
2.70219
2.64424
2.83786
2.85427
3.00389
2.87851
3.01197
3.02
3.02
3.02
2.87048
3.02
2.8624
2.8624
3.02
2.87048
3.01197
3.02
3.02
3.02
3.02
3.02
3.02
3.02
3.02
3.02
3.02
3.02
2.71027
2.70219
3.01197
3.02
3.02
2.87851
2.87851
3.02
3.02
3.02
3.02
3.02
3.02
3.02
3.02
3.02
3.02
3.02
3.02
2.8624
2.71027
2.84609
2.87048
2.87851
2.82959
3.02
3.02
2.8624
2.87048
3.02
3.02
3.02
2.98758
3.02
3.02
3.02
3.02
3.02
2.87048
3.02
