2.7
2.7
2.69502
2.7
2.45288
2.21436
2.07426
1.81443
1.81813
1.85025
2.31875
2.24671
2.41787
2.33795
2.7
2.7
2.7
2.7
2.7
2.7
2.7
2.7
2.7
2.69502
2.7
2.69001
2.24125
2.13858
2.08263
2.00787
2.21346
2.458
2.46816
2.68497
2.67035
2.69001
2.68497
2.7
2.7
2.7
2.7
2.7
2.67991
2.69502
2.4631
2.69502
2.69001
2.7
2.7
2.7
2.7
2.7
2.7
2.7
2.7
2.7
2.7
2.7
2.7
2.68605
2.69001
2.69001
2.4732
2.7
2.7
2.7
2.7
2.7
2.7
2.7
2.7
2.7
2.7
2.7
2.7
2.7
2.69502
2.69502
2.68497
2.67991
2.458
2.45288
2.47821
2.69502
2.43876
2.44773
2.67991
2.67482
2.21057
2.6697
2.7
2.7
2.7
2.7
2.7
2.7
2.7
2.7
2.7
