3.02
3.02
3.02
3.01197
2.70219
2.83786
2.56387
2.15976
1.88163
2.07654
2.29503
2.28338
2.40538
2.6295
3.01197
3.02
3.02
3.02
3.02
3.02
3.02
3.02
3.02
3.02
3.01197
2.95132
2.38898
2.26688
2.23325
2.19243
2.37237
2.7183
2.87851
3.01197
2.71027
2.71027
2.84609
3.02
3.02
3.02
3.02
2.76863
2.6295
3.02
3.02
3.02
3.00389
3.02
3.02
3.02
3.02
3.02
3.02
3.02
3.02
3.02
3.02
3.02
3.02
3.01197
2.87851
2.87851
3.00389
2.95132
2.9352
3.02
3.02
3.02
3.02
3.02
3.02
3.02
3.02
3.02
3.02
3.02
3.02
3.02
3.01197
2.97935
2.80105
2.95132
3.01197
3.02
2.87851
2.9352
2.9352
2.95132
2.80105
3.01197
2.87851
2.8624
3.02
3.02
3.02
3.02
3.02
3.02
3.02
