3.02
3.02
3.02
3.02
2.8624
2.84609
2.37078
2.09761
1.98409
2.1319
2.20245
2.25017
2.3972
2.87851
2.9352
3.00389
3.02
3.02
3.02
3.02
3.00389
3.02
3.02
3.02
3.02
3.02
2.70138
2.58057
2.434
2.21916
2.58885
2.84609
2.8624
2.67766
3.02
3.02
2.7183
3.02
3.02
3.02
3.02
3.00389
2.87851
2.83786
2.87851
3.02
2.98758
3.02
3.02
3.02
3.02
3.02
3.02
3.02
3.02
3.02
3.02
3.02
3.02
2.87851
2.87851
3.02
3.01197
2.8624
3.02
2.87851
3.02
3.02
3.02
3.02
3.02
3.02
3.02
3.02
3.02
2.87851
3.02
2.99576
2.96275
2.87851
2.7183
2.68589
2.8624
2.87048
2.95132
2.61338
3.00389
3.00389
2.71027
3.02
2.87851
3.02
3.00389
3.02
3.02
3.02
3.02
3.02
3.02
