2.7
2.7
2.7
2.69502
2.69001
2.43211
2.11571
1.85778
1.7611
2.15518
1.99239
2.19864
2.14638
2.6697
2.69502
2.69502
2.7
2.7
2.7
2.7
2.7
2.7
2.7
2.7
2.7
2.46816
2.41528
2.41621
1.96325
2.19968
2.57571
2.44773
2.4631
2.67482
2.45919
2.68104
2.69502
2.7
2.7
2.7
2.7
2.47821
2.32785
2.24554
2.69502
2.7
2.69502
2.7
2.7
2.7
2.7
2.7
2.7
2.7
2.7
2.7
2.7
2.7
2.7
2.59391
2.25001
2.55565
2.5889
2.68497
2.68104
2.7
2.7
2.7
2.7
2.7
2.7
2.7
2.7
2.7
2.7
2.7
2.69502
2.4732
2.67482
2.68497
2.32785
2.67991
2.7
2.7
2.67482
2.69001
2.2349
2.67482
2.21436
2.7
2.69502
2.7
2.7
2.7
2.7
2.7
2.7
2.7
2.7
