2.7
2.7
2.7
2.69001
2.67991
2.19864
1.94318
1.89338
1.78416
1.84863
2.22817
2.26477
2.02559
2.66455
2.69502
2.7
2.7
2.7
2.7
2.7
2.7
2.69001
2.7
2.59391
2.59889
2.68605
2.66523
2.19864
2.09056
2.10221
1.97115
2.458
2.44773
2.67991
2.45413
2.23997
2.69001
2.7
2.7
2.7
2.69502
2.69001
2.34295
2.34295
2.67991
2.69502
2.69502
2.7
2.7
2.7
2.7
2.7
2.7
2.7
2.7
2.7
2.7
2.7
2.7
2.68497
2.69502
2.68497
2.67094
2.68104
2.69001
2.7
2.7
2.7
2.7
2.7
2.7
2.7
2.7
2.69502
2.7
2.7
2.69502
2.69502
2.58387
2.33795
2.23997
2.63468
2.65558
2.7
2.4631
2.6549
2.69001
2.59391
2.28788
2.59889
2.59889
2.69502
2.7
2.7
2.7
2.7
2.7
2.7
2.7
