3.02
3.02
3.02
3.02
2.8624
2.8624
2.49303
2.16182
1.92611
1.99398
2.19878
2.58057
2.50943
2.97935
3.02
3.02
3.02
3.02
3.02
3.02
3.02
3.02
3.02
3.01197
2.87851
3.02
2.67766
2.66105
2.26688
2.65267
2.23325
2.60526
2.80105
2.96275
3.00389
2.70219
3.02
3.02
3.02
3.02
2.87851
2.87851
3.02
3.02
3.02
2.87048
3.02
3.02
3.02
3.02
3.02
3.02
3.02
3.02
3.02
3.02
3.02
3.01197
3.02
3.02
3.01197
2.98758
3.02
2.98758
3.00389
3.02
3.02
3.02
3.02
3.02
3.02
3.02
3.02
3.02
3.02
3.00389
3.02
3.02
3.02
2.69406
3.02
2.87851
2.99576
2.99576
2.51756
3.01197
2.66938
2.84609
2.98758
3.00389
3.00389
3.02
3.02
3.02
3.02
3.02
3.02
3.02
3.02
