3.02
3.02
3.02
3.02
2.7183
2.58885
2.34708
2.12462
1.94585
2.12144
2.44259
2.13349
2.3972
2.70219
3.02
3.00389
3.02
3.02
3.02
3.02
3.01197
3.02
3.02
3.02
3.01197
2.80105
2.3972
2.25855
2.22472
2.47642
2.49303
2.77681
2.89407
2.76863
2.6295
3.00389
3.00389
3.02
3.02
3.02
2.99576
2.87851
2.8624
3.02
3.02
2.87048
3.02
3.02
3.02
3.02
3.02
3.02
3.02
3.02
3.02
3.02
3.02
3.02
3.02
2.87851
2.8624
3.02
2.87851
3.01197
3.02
3.02
3.02
3.02
3.02
3.02
3.02
3.02
3.02
3.02
3.02
3.01197
3.02
2.87851
2.50943
2.87851
2.8624
3.00389
2.70219
3.02
2.87048
2.80105
2.51756
2.77681
2.80105
2.99576
3.02
3.02
3.02
3.02
3.02
3.02
3.02
3.02
3.02
