2.7
2.7
2.7
2.7
2.58387
2.00787
1.92339
1.83853
1.74456
1.80944
2.1438
2.14083
2.20915
2.30866
2.69001
2.7
2.7
2.7
2.7
2.7
2.7
2.7
2.7
2.7
2.7
2.47821
2.29762
2.14083
1.96194
2.10093
2.21802
2.06455
2.18585
2.57371
2.68497
2.67482
2.7
2.7
2.7
2.7
2.7
2.69001
2.34794
2.69001
2.69502
2.7
2.69502
2.48319
2.7
2.7
2.7
2.7
2.7
2.7
2.7
2.7
2.7
2.7
2.7
2.47821
2.7
2.47821
2.4732
2.67991
2.7
2.7
2.7
2.7
2.7
2.7
2.7
2.7
2.7
2.7
2.7
2.7
2.7
2.68497
2.67991
2.6697
2.6697
2.676
2.67991
2.69502
2.47821
2.67991
2.44391
2.4732
2.64365
2.68497
2.69001
2.7
2.68605
2.7
2.7
2.7
2.7
2.7
2.7
