2.7
2.7
2.7
2.7
2.56859
2.32785
2.0964
2.00837
1.79556
1.82465
2.22016
2.54254
2.53191
2.66455
2.7
2.69502
2.7
2.7
2.7
2.7
2.7
2.7
2.7
2.7
2.7
2.69001
2.27809
2.20018
1.90865
2.23024
2.20391
2.458
2.245
2.67482
2.44773
2.69001
2.69001
2.7
2.7
2.7
2.7
2.7
2.676
2.45863
2.7
2.4732
2.7
2.7
2.7
2.7
2.7
2.7
2.7
2.7
2.7
2.7
2.7
2.7
2.7
2.69001
2.67991
2.45288
2.68497
2.69502
2.69502
2.7
2.7
2.7
2.7
2.7
2.7
2.7
2.7
2.7
2.7
2.7
2.7
2.68497
2.58387
2.32785
2.22981
2.6697
2.69502
2.46816
2.66585
2.45288
2.44255
2.44391
2.67482
2.67991
2.7
2.69502
2.7
2.7
2.7
2.7
2.7
2.69502
2.7
