3.02
3.02
3.02
3.02
3.00389
3.01197
2.33854
2.04639
2.02047
2.07654
2.70138
2.3807
2.58885
2.7604
2.87048
3.02
3.02
3.02
3.02
3.02
3.02
3.02
3.02
2.87851
3.00389
2.77681
2.58885
2.55544
2.24174
2.45113
2.26688
2.61338
2.87048
2.3807
3.01197
2.7183
2.7183
3.00389
3.02
3.02
3.02
2.87851
2.87851
3.02
2.95132
2.9189
3.02
3.02
3.02
3.02
3.02
3.02
3.02
3.02
3.02
3.02
3.02
3.02
3.02
2.95132
2.95132
2.8624
2.98758
2.87851
3.02
3.02
3.02
3.02
3.02
3.02
3.02
3.02
3.02
3.02
3.02
3.02
3.02
3.02
2.84609
2.9189
2.80105
2.60526
2.95132
3.02
2.7183
2.70219
2.87851
2.87851
3.02
2.78494
2.87851
3.00389
3.02
3.02
3.02
3.02
3.02
3.02
3.00389
