3.02
3.02
3.02
3.00389
2.53367
2.79302
2.15976
2.18121
1.93601
2.15442
2.52118
2.23325
2.27515
2.73542
2.87851
3.02
3.02
3.02
3.02
3.02
3.02
3.02
3.02
3.02
3.02
3.01197
2.21083
2.55544
2.49303
2.15976
2.20245
2.81288
2.77681
2.77681
2.51756
3.01197
2.87048
3.00389
3.02
3.02
3.02
3.02
2.51756
2.8624
3.00389
2.87851
3.02
3.02
3.02
3.02
3.02
3.02
3.02
3.02
3.02
3.02
3.02
3.02
3.02
2.87851
3.00389
3.02
3.02
3.00389
2.87851
3.02
3.02
3.02
3.02
3.02
3.02
3.02
3.02
3.02
3.02
3.00389
3.02
3.02
2.9352
2.59708
2.85427
3.02
2.87851
2.95132
3.01197
2.8624
2.83786
2.87851
2.87851
2.87851
2.80105
3.02
3.02
3.02
3.02
3.02
3.02
3.02
3.02
