3.02
3.02
3.02
3.02
3.01197
2.9189
2.22472
2.21613
2.00051
2.14072
2.46804
2.22744
2.40538
2.97935
3.00389
3.02
3.02
3.02
3.02
3.02
3.02
2.8624
3.02
3.02
3.02
2.8624
2.66105
2.97108
2.23325
2.18121
2.68429
2.68589
2.98758
2.7183
2.99576
2.99576
2.98758
3.00389
3.02
3.02
3.02
2.95437
3.02
2.87851
2.80105
2.95132
3.00389
3.02
3.02
3.02
3.02
3.02
3.02
3.02
3.02
3.02
3.02
3.02
3.02
3.02
2.87851
3.01197
2.87851
3.02
3.02
3.02
3.02
3.02
3.02
3.02
3.02
3.02
3.02
3.02
3.02
3.02
3.02
3.02
2.87851
2.69406
2.76863
2.87851
3.02
3.02
2.80105
2.85427
2.8624
2.7183
3.02
3.02
3.02
2.99576
3.02
3.02
3.02
3.02
3.02
3.02
3.02
