1.9755
1.88781
1.81418
1.72457
1.56652
1.45799
1.37393
1.31595
1.25144
1.3639
1.25597
1.3595
1.41071
1.56957
1.64517
1.80504
1.80823
1.83945
1.83973
1.83945
1.84
1.73558
1.73758
1.57189
1.80764
1.63599
1.42213
1.39147
1.39662
1.42961
1.51668
1.42652
1.53297
1.43307
1.64704
1.44216
1.67558
1.73549
1.83945
1.83945
1.73681
1.69138
1.55498
1.56864
1.57027
1.6319
1.69149
1.67185
1.86747
2.00423
1.96537
2.0
1.84231
1.84
1.77636
1.79263
1.71225
1.76768
1.74661
1.72493
1.42651
1.53977
1.6702
1.68655
1.69627
1.9287
1.84462
1.80734
2.01057
1.90902
2.12606
1.77444
2.00889
1.62564
1.57449
1.44412
1.75826
1.4156
1.49102
1.43253
1.54429
1.46725
1.47097
1.72427
1.58713
1.57252
1.51678
1.44259
1.51589
1.6263
1.65159
1.72808
1.72526
1.7568
1.76882
1.75973
1.74786
1.73725
1.73898
