2.82899
2.82343
2.67573
2.74245
2.59556
2.59372
2.4835
2.12227
2.43215
2.52522
2.63715
2.6234
2.62446
2.72023
2.7645
2.8464
2.82803
2.86336
2.86189
2.78218
2.69
2.6857
2.72219
2.61129
2.60928
2.67736
2.5816
2.52523
2.47061
2.44812
2.21212
2.64805
2.71427
2.66602
2.68481
2.7494
2.70495
2.85275
2.92834
2.88367
2.87527
2.74209
2.54633
2.51094
2.69658
2.68829
2.79424
2.84898
2.79403
2.85164
2.81215
2.84508
2.82571
2.83205
2.83205
2.85847
2.81698
2.7663
2.72788
2.68385
2.53775
2.55847
2.54254
2.56628
2.63562
2.67669
2.73021
2.78449
2.81419
2.82863
2.81668
2.80998
2.7909
2.76579
2.77271
2.66054
2.67262
2.55087
2.57943
2.49069
2.58167
2.50501
2.61443
2.60338
2.45757
2.52861
2.53046
2.55025
2.53826
2.56676
2.61797
2.6157
2.67795
2.70851
2.80541
2.73724
2.71406
2.67905
2.66142
