1.97681
1.88792
1.81768
1.66476
1.56483
1.50593
1.3951
1.32587
1.25952
1.20969
1.60517
1.34578
1.54429
1.60423
1.55765
1.73651
1.73549
1.76898
1.84
1.83945
1.83917
1.80457
1.80577
1.50107
1.54019
1.49414
1.40595
1.46776
1.40129
1.40698
1.38216
1.39767
1.42308
1.49186
1.58337
1.46799
1.67072
1.65539
1.83973
1.76898
1.7424
1.64453
1.71358
1.54613
1.6159
1.56648
1.72909
1.77243
1.80529
1.9639
1.96337
2.0
1.8372
1.84
1.79913
1.78913
1.69766
1.77806
1.74325
1.69035
1.55974
1.54105
1.71833
1.69191
1.73101
1.60937
1.92776
1.86192
2.08998
1.94833
2.12445
1.88209
2.08897
1.48457
1.51408
1.37063
1.57786
1.56369
1.40982
1.64236
1.70596
1.59536
1.45148
1.52132
1.67333
1.61445
1.51711
1.57625
1.52249
1.56881
1.63311
1.71621
1.72803
1.7568
1.77404
1.75945
1.65739
1.72711
1.66737
