2.81709
2.8257
2.66338
2.74095
2.63971
2.6181
2.46583
2.15211
2.34541
2.54965
2.5782
2.72531
2.66274
2.66595
2.80174
2.82667
2.81798
2.84166
2.86407
2.77277
2.63845
2.65265
2.70159
2.6405
2.5745
2.67122
2.67839
2.47497
2.43158
2.45505
2.03012
2.54206
2.66883
2.72434
2.7215
2.71124
2.71781
2.91532
2.92028
2.86616
2.81481
2.77046
2.61336
2.57729
2.67262
2.68752
2.7727
2.83007
2.77237
2.87611
2.83087
2.83014
2.85709
2.83205
2.83205
2.8557
2.81279
2.82843
2.72565
2.65831
2.55567
2.51265
2.51664
2.63919
2.64297
2.70772
2.70341
2.78213
2.80395
2.83153
2.80257
2.78592
2.76347
2.72796
2.78034
2.58968
2.61654
2.60777
2.52854
2.4714
2.51228
2.56608
2.56419
2.61736
2.52027
2.54488
2.59467
2.5726
2.56795
2.57239
2.57723
2.59315
2.66585
2.76207
2.79971
2.78544
2.72307
2.70501
2.6576
