1.97594
1.81185
1.77329
1.65695
1.4149
1.50201
1.38112
1.32202
1.24274
1.44013
1.2528
1.39073
1.48153
1.56512
1.68331
1.69869
1.83237
1.7687
1.84
1.83945
1.84
1.8065
1.8155
1.59749
1.65462
1.7018
1.3976
1.41531
1.36364
1.40432
1.36662
1.43064
1.59436
1.53044
1.68208
1.44302
1.47181
1.73677
1.83917
1.83917
1.7407
1.73406
1.47002
1.61964
1.61362
1.67668
1.63631
1.81683
1.95511
1.72873
1.96492
2.0
1.83115
1.84
1.79847
1.77501
1.71291
1.77478
1.76192
1.59717
1.55815
1.41905
1.56352
1.64598
1.80492
1.74476
1.70423
1.83383
1.96679
1.84957
2.12537
1.82301
2.05046
1.60386
1.62485
1.47654
1.66541
1.4955
1.39221
1.48732
1.58343
1.62508
1.52679
1.50658
1.54019
1.60784
1.46558
1.46384
1.43734
1.65838
1.55804
1.73286
1.65701
1.73594
1.76654
1.76
1.74452
1.65583
1.72658
