2.82971
2.82124
2.71869
2.71405
2.69113
2.5973
2.49835
1.71782
2.34661
2.49434
2.63732
2.58773
2.67469
2.767
2.76837
2.82297
2.76612
2.85
2.86848
2.77024
2.64617
2.61992
2.70924
2.70052
2.67696
2.61653
2.68147
2.50399
2.07075
2.45499
2.06182
2.57474
2.67701
2.73021
2.71213
2.7529
2.73418
2.82925
2.89229
2.89963
2.82314
2.71201
2.5881
2.59821
2.73405
2.66755
2.79741
2.68058
2.86784
2.80797
2.82939
2.85005
2.82715
2.83134
2.83205
2.83077
2.81995
2.83466
2.68608
2.674
2.59528
2.51858
2.58493
2.59948
2.6472
2.72166
2.69443
2.80662
2.80838
2.83224
2.80966
2.81297
2.76268
2.76657
2.76424
2.65047
2.68079
2.60277
2.50874
2.54603
2.55657
2.43022
2.61027
2.65988
2.49769
2.51482
2.58041
2.59197
2.48579
2.56869
2.64688
2.6977
2.7043
2.7326
2.77787
2.7672
2.73822
2.63895
2.69175
