1.67721
1.8
1.8
1.8
1.8
1.8
1.8
1.67721
1.8
1.8
1.8
1.8
1.67721
1.67721
1.67721
1.61795
1.19153
1.19153
1.19153
1.17596
1.17421
1.18466
1.19663
1.56813
1.61795
1.56813
1.67721
1.74322
1.8
1.74322
1.74322
1.8
1.8
1.8
1.8
1.8
1.8
1.8
1.67721
1.61795
1.67721
1.2
1.2
1.19153
1.13422
1.14908
1.15817
1.18466
1.56645
1.56645
1.56813
1.67721
1.67721
1.8
1.8
1.56813
1.8
1.8
1.8
1.8
1.8
1.8
1.8
1.8
1.8
1.8
1.8
1.67721
1.8
1.8
1.67721
1.8
1.8
1.8
1.8
1.8
1.8
1.67721
1.8
1.8
1.79663
1.8
1.67721
1.8
1.67721
1.8
1.67721
1.67721
1.67721
1.8
1.67721
1.8
1.56813
1.56813
1.56645
1.2
1.56813
1.2
1.5908
