1.92557
1.94911
1.86743
1.9169
1.93774
1.92557
1.90506
1.93544
1.9404
1.957
1.95316
1.93241
1.89049
1.85704
1.72145
1.62294
1.51587
1.48175
1.37694
1.43796
1.45781
1.46165
1.5034
1.63129
1.892
1.87812
1.81719
1.94267
1.9357
1.92137
1.86746
1.84464
1.9391
1.92747
1.93076
1.91643
1.92106
1.87708
1.83723
1.86264
1.81551
1.6365
1.5622
1.54328
1.31732
1.33452
1.4169
1.45781
1.53477
1.6836
1.67135
1.84539
1.93076
1.90835
1.90278
1.92907
1.91949
1.9371
1.95312
1.92137
1.9404
1.92557
1.94986
1.95371
1.92408
1.88774
1.93241
1.95064
1.91213
1.90045
1.87054
1.9404
1.95316
1.94486
1.96066
1.94486
1.9357
1.82619
1.87563
1.87543
1.88171
1.86572
1.90339
1.88115
1.80583
1.93241
1.92557
1.94486
1.95403
1.82999
1.88386
1.8618
1.70921
1.62002
1.65761
1.79377
1.70306
1.68871
1.7814
