1.8
1.8
1.8
1.8
1.8
1.8
1.8
1.8
1.8
1.8
1.8
1.74322
1.74322
1.8
1.67721
1.56813
1.2
1.18638
1.1812
1.18466
1.17421
1.1881
1.56645
1.56813
1.74322
1.67721
1.8
1.8
1.67721
1.8
1.67721
1.8
1.8
1.8
1.8
1.8
1.8
1.8
1.8
1.67721
1.67721
1.2
1.2
1.1812
1.15135
1.13422
1.16177
1.18638
1.19831
1.2
1.2
1.8
1.8
1.8
1.8
1.8
1.8
1.8
1.8
1.8
1.8
1.8
1.8
1.8
1.8
1.8
1.8
1.67721
1.67721
1.74322
1.74322
1.74322
1.74322
1.8
1.8
1.8
1.8
1.8
1.56813
1.74322
1.74322
1.8
1.67721
1.61795
1.8
1.8
1.8
1.8
1.8
1.8
1.67721
1.56813
1.2
1.2
1.56813
1.56813
1.2
1.67721
1.2
