1.91516
1.92228
1.83968
1.92747
1.95064
1.9072
1.91519
1.92425
1.92393
1.96745
1.94486
1.9357
1.93406
1.81376
1.78589
1.70435
1.59521
1.47812
1.46512
1.45478
1.38847
1.45469
1.58344
1.68647
1.89607
1.79488
1.93876
1.93876
1.91109
1.89049
1.88171
1.86575
1.90114
1.9404
1.89695
1.95316
1.96066
1.82463
1.91109
1.80295
1.84254
1.60159
1.54757
1.48331
1.38847
1.33452
1.44369
1.4429
1.53204
1.76972
1.75895
1.84404
1.9404
1.90795
1.93938
1.93076
1.94582
1.90582
1.93876
1.93876
1.94486
1.96066
1.90278
1.90607
1.91349
1.85871
1.91516
1.85088
1.84887
1.88473
1.90514
1.85542
1.92137
1.9357
1.95316
1.95316
1.92747
1.87618
1.8342
1.81819
1.87531
1.89099
1.89049
1.84133
1.79154
1.89833
1.88473
1.94486
1.91949
1.90037
1.90506
1.7794
1.67348
1.651
1.68028
1.76046
1.68643
1.73576
1.84309
