1.91949
1.94747
1.88473
1.8798
1.91616
1.94157
1.93991
1.91894
1.95316
1.93478
1.95316
1.9371
1.91195
1.88939
1.85134
1.66861
1.51167
1.49044
1.45356
1.46899
1.40835
1.44369
1.57219
1.72688
1.78539
1.83697
1.89595
1.93406
1.87872
1.89784
1.8687
1.84738
1.87543
1.93241
1.92557
1.91949
1.92067
1.92458
1.89049
1.79858
1.84639
1.67586
1.59167
1.50965
1.38847
1.38847
1.43796
1.47368
1.5946
1.67132
1.67135
1.87123
1.91077
1.90278
1.89265
1.92398
1.91894
1.94911
1.9357
1.9404
1.91524
1.95316
1.94911
1.95316
1.86243
1.92569
1.84464
1.92738
1.92052
1.86572
1.89049
1.9487
1.91524
1.9357
1.96414
1.9404
1.93377
1.92557
1.85909
1.83501
1.90123
1.89205
1.87812
1.88146
1.86782
1.89437
1.93883
1.95037
1.93883
1.84464
1.79259
1.74023
1.72432
1.63771
1.58481
1.83374
1.72274
1.68104
1.8408
