1.8
1.8
1.8
1.8
1.8
1.8
1.8
1.8
1.8
1.8
1.8
1.8
1.8
1.8
1.67721
1.2
1.19663
1.18982
1.18293
1.18466
1.53527
1.19153
1.2
1.2
1.56813
1.8
1.8
1.8
1.8
1.8
1.8
1.67721
1.8
1.8
1.8
1.8
1.8
1.8
1.67721
1.61795
1.56813
1.2
1.19323
1.18293
1.13045
1.13797
1.16357
1.19153
1.19831
1.56813
1.61795
1.74322
1.8
1.8
1.8
1.8
1.8
1.8
1.8
1.8
1.8
1.8
1.8
1.8
1.8
1.8
1.8
1.8
1.67721
1.8
1.67721
1.8
1.8
1.8
1.8
1.8
1.8
1.8
1.67721
1.74322
1.61795
1.8
1.67721
1.61795
1.74322
1.67721
1.8
1.8
1.8
1.8
1.8
1.56813
1.19831
1.56813
1.56813
1.56813
1.2
1.67721
1.56813
