1.91349
1.93782
1.89142
1.89205
1.92482
1.9357
1.87572
1.93241
1.94582
1.96745
1.95536
1.92912
1.88311
1.892
1.77815
1.6124
1.6013
1.50495
1.44272
1.44369
1.38847
1.42463
1.5713
1.6568
1.83374
1.88146
1.88435
1.83394
1.9404
1.87339
1.84786
1.86788
1.93991
1.88473
1.84104
1.94911
1.95371
1.91998
1.82668
1.82162
1.86783
1.72745
1.5189
1.4893
1.36085
1.31732
1.40835
1.43581
1.51788
1.64907
1.62941
1.86367
1.92228
1.89437
1.90309
1.87625
1.94911
1.87669
1.95737
1.93241
1.957
1.957
1.94911
1.96416
1.89099
1.89944
1.87474
1.892
1.91109
1.87474
1.94911
1.93076
1.94705
1.957
1.957
1.9357
1.92912
1.88105
1.81545
1.83962
1.81338
1.78582
1.88739
1.90003
1.84404
1.83149
1.95316
1.91949
1.9404
1.8867
1.82998
1.76533
1.79326
1.68256
1.64411
1.74831
1.70508
1.69998
1.77618
