1.67721
1.67721
1.67721
1.8
1.8
1.8
1.8
1.8
1.8
1.8
1.8
1.8
1.8
1.67721
1.67721
1.56813
1.19323
1.19493
1.17596
1.1812
1.16891
1.17245
1.19663
1.2
1.74322
1.8
1.67721
1.8
1.8
1.8
1.8
1.67721
1.61795
1.61795
1.8
1.8
1.8
1.67721
1.74322
1.61795
1.67721
1.2
1.19831
1.18982
1.1417
1.13045
1.16535
1.18293
1.2
1.2
1.56813
1.8
1.8
1.8
1.8
1.8
1.8
1.8
1.8
1.8
1.8
1.8
1.8
1.8
1.8
1.8
1.8
1.8
1.8
1.67721
1.67721
1.8
1.8
1.8
1.8
1.8
1.8
1.8
1.8
1.8
1.8
1.67721
1.61795
1.61795
1.8
1.8
1.8
1.8
1.8
1.8
1.67721
1.61795
1.56813
1.2
1.2
1.2
1.61795
1.2
1.56813
