1.8
1.8
1.67721
1.8
1.8
1.8
1.8
1.8
1.8
1.8
1.8
1.8
1.8
1.8
1.61795
1.2
1.19493
1.19323
1.18638
1.18638
1.16891
1.17946
1.56476
1.2
1.74322
1.56813
1.8
1.8
1.8
1.8
1.8
1.8
1.8
1.8
1.8
1.8
1.8
1.8
1.67721
1.67721
1.56813
1.56813
1.19831
1.18466
1.14035
1.14724
1.15817
1.17245
1.56306
1.56813
1.67721
1.67721
1.8
1.8
1.8
1.8
1.8
1.8
1.8
1.8
1.8
1.8
1.8
1.8
1.8
1.8
1.8
1.67721
1.8
1.8
1.8
1.8
1.8
1.8
1.8
1.8
1.8
1.74322
1.67721
1.61795
1.8
1.8
1.67721
1.61795
1.74322
1.8
1.8
1.8
1.8
1.8
1.8
1.67721
1.56813
1.56813
1.2
1.56813
1.56813
1.56813
1.8
