1.74322
1.74322
1.8
1.8
1.8
1.8
1.8
1.8
1.67721
1.8
1.8
1.8
1.8
1.8
1.67721
1.2
1.19831
1.2
1.18466
1.17946
1.16891
1.18638
1.18982
1.2
1.67721
1.67721
1.8
1.8
1.8
1.8
1.61795
1.74322
1.8
1.67721
1.8
1.8
1.8
1.67721
1.67721
1.67721
1.67721
1.56813
1.19663
1.17973
1.16748
1.12856
1.13797
1.18293
1.19323
1.2
1.56813
1.74322
1.8
1.8
1.67721
1.8
1.8
1.8
1.8
1.8
1.8
1.8
1.8
1.8
1.8
1.74322
1.74322
1.8
1.8
1.8
1.8
1.67721
1.8
1.8
1.8
1.8
1.8
1.8
1.8
1.67721
1.8
1.8
1.67721
1.67721
1.67721
1.8
1.8
1.8
1.8
1.8
1.56813
1.74322
1.56813
1.2
1.56813
1.2
1.56813
1.56813
1.56813
