1.8
1.8
1.8
1.8
1.8
1.8
1.8
1.8
1.8
1.8
1.8
1.8
1.8
1.67721
1.61795
1.56813
1.2
1.19663
1.18293
1.18638
1.15998
1.17946
1.19831
1.56813
1.61795
1.61795
1.8
1.8
1.8
1.8
1.8
1.56813
1.8
1.8
1.8
1.8
1.8
1.56813
1.8
1.8
1.67721
1.2
1.19663
1.19153
1.12283
1.13797
1.13984
1.17596
1.19663
1.19831
1.2
1.8
1.74322
1.74322
1.8
1.8
1.8
1.8
1.8
1.8
1.8
1.8
1.8
1.8
1.8
1.8
1.8
1.8
1.8
1.8
1.8
1.56813
1.8
1.8
1.8
1.8
1.8
1.8
1.74322
1.74322
1.56813
1.8
1.8
1.61795
1.74322
1.8
1.8
1.8
1.8
1.8
1.74322
1.74322
1.56813
1.19663
1.56813
1.56813
1.56813
1.2
1.56813
