1.89073
1.90114
1.90112
1.8383
1.92332
1.93544
1.92393
1.94248
1.90861
1.94911
1.95316
1.95536
1.90607
1.82162
1.76226
1.67701
1.52843
1.46165
1.37527
1.48175
1.38847
1.44244
1.53286
1.67841
1.84527
1.80623
1.86957
1.92923
1.92557
1.88834
1.89039
1.86076
1.89099
1.91109
1.88386
1.91949
1.94911
1.91682
1.84714
1.85894
1.83828
1.67311
1.54324
1.49293
1.33452
1.29495
1.3501
1.43796
1.59135
1.67413
1.6898
1.78821
1.83394
1.87669
1.94486
1.90172
1.94157
1.93823
1.93076
1.95371
1.957
1.9371
1.9357
1.94416
1.93208
1.85067
1.83414
1.92012
1.86577
1.90715
1.88154
1.91077
1.94911
1.92277
1.94911
1.9404
1.92557
1.88553
1.86746
1.88533
1.86783
1.90093
1.80965
1.87303
1.89173
1.86506
1.92228
1.93076
1.88144
1.87872
1.87209
1.87074
1.79745
1.5432
1.65493
1.7968
1.67109
1.72715
1.78705
