1.83773
1.90461
1.88803
1.93038
1.88584
1.9272
1.93406
1.91682
1.94486
1.94486
1.9357
1.92912
1.91682
1.82886
1.77516
1.68894
1.59112
1.51693
1.45781
1.45478
1.44369
1.4688
1.58561
1.72177
1.87531
1.86909
1.8798
1.91109
1.87872
1.9357
1.91516
1.89705
1.87872
1.9162
1.90278
1.92557
1.92012
1.8937
1.83443
1.73998
1.82886
1.62287
1.49948
1.45781
1.25405
1.37694
1.3501
1.44369
1.51654
1.65045
1.68913
1.76964
1.94248
1.90835
1.90278
1.91556
1.89784
1.95316
1.92228
1.90114
1.92024
1.95316
1.94486
1.94911
1.9557
1.91516
1.8872
1.88533
1.88932
1.91848
1.91638
1.85865
1.89049
1.94157
1.9404
1.94911
1.89049
1.80197
1.88653
1.8949
1.83188
1.88966
1.9101
1.78467
1.85903
1.89039
1.96416
1.957
1.93823
1.93406
1.82051
1.80523
1.70479
1.64541
1.68682
1.73439
1.69609
1.70191
1.83334
