1.8
1.67721
1.8
1.8
1.8
1.8
1.8
1.8
1.8
1.8
1.8
1.8
1.8
1.67721
1.67721
1.61795
1.2
1.19493
1.19323
1.18466
1.17421
1.1881
1.19493
1.2
1.67721
1.61795
1.8
1.67721
1.8
1.8
1.74322
1.61795
1.8
1.8
1.8
1.8
1.8
1.8
1.74322
1.56813
1.8
1.61795
1.19493
1.18982
1.17245
1.13422
1.15091
1.1881
1.2
1.61795
1.2
1.67721
1.8
1.8
1.8
1.8
1.8
1.8
1.8
1.8
1.8
1.8
1.8
1.8
1.8
1.8
1.8
1.74322
1.61795
1.8
1.67721
1.8
1.8
1.8
1.8
1.8
1.8
1.8
1.8
1.67721
1.67721
1.67721
1.67721
1.67721
1.61795
1.74322
1.74322
1.74322
1.8
1.8
1.61795
1.61795
1.56813
1.56813
1.61795
1.2
1.56813
1.61795
1.5908
