1.8
1.8
1.67721
1.67721
1.8
1.8
1.8
1.8
1.8
1.8
1.8
1.8
1.8
1.74322
1.56813
1.2
1.19493
1.18638
1.1812
1.18293
1.16891
1.1812
1.19831
1.2
1.61795
1.56813
1.8
1.8
1.8
1.8
1.8
1.8
1.8
1.8
1.8
1.8
1.8
1.67721
1.8
1.67721
1.61795
1.67721
1.56813
1.55795
1.1454
1.15455
1.16357
1.18318
1.19831
1.2
1.2
1.56813
1.8
1.8
1.61795
1.74322
1.8
1.8
1.8
1.8
1.8
1.8
1.8
1.8
1.8
1.67721
1.8
1.8
1.67721
1.61795
1.74322
1.8
1.8
1.8
1.8
1.8
1.8
1.8
1.74322
1.74322
1.8
1.67721
1.56813
1.67721
1.56813
1.8
1.74322
1.74322
1.8
1.8
1.67721
1.61795
1.2
1.56813
1.2
1.56813
1.2
1.67553
1.8
