1.8
1.8
1.67721
1.8
1.8
1.8
1.8
1.8
1.8
1.8
1.8
1.8
1.8
1.8
1.56813
1.61795
1.56645
1.19493
1.19153
1.18293
1.17946
1.17421
1.56306
1.19831
1.67721
1.8
1.74322
1.74322
1.74322
1.74322
1.67721
1.8
1.8
1.8
1.8
1.8
1.8
1.8
1.67721
1.67721
1.8
1.56813
1.19831
1.19663
1.14908
1.14908
1.17596
1.18638
1.2
1.2
1.2
1.74322
1.8
1.67721
1.8
1.8
1.8
1.8
1.8
1.8
1.8
1.8
1.8
1.8
1.8
1.8
1.8
1.8
1.8
1.8
1.8
1.67721
1.8
1.8
1.8
1.8
1.8
1.8
1.8
1.61795
1.74322
1.67721
1.8
1.67721
1.8
1.74322
1.61795
1.8
1.67721
1.8
1.67721
1.61795
1.67721
1.2
1.56813
1.56813
1.2
1.2
1.56813
