1.88739
1.91894
1.90256
1.9404
1.92315
1.92393
1.90114
1.90114
1.9371
1.96066
1.94911
1.91524
1.8282
1.87035
1.81137
1.64108
1.50568
1.49293
1.4169
1.44369
1.40835
1.47645
1.57953
1.7096
1.80824
1.90795
1.91556
1.91474
1.89676
1.90913
1.8798
1.86232
1.88144
1.85702
1.9404
1.94911
1.92747
1.91906
1.81166
1.79878
1.72227
1.68491
1.50603
1.47264
1.33286
1.3377
1.38766
1.47601
1.51734
1.70005
1.68891
1.87074
1.94486
1.90835
1.91682
1.90607
1.93076
1.94986
1.90629
1.94747
1.94248
1.96414
1.9404
1.92353
1.92557
1.94157
1.92245
1.86909
1.91274
1.87768
1.88059
1.92724
1.92393
1.92012
1.95316
1.9404
1.93241
1.86541
1.87291
1.90245
1.80456
1.9118
1.79986
1.85054
1.83549
1.88803
1.88475
1.90114
1.94911
1.8995
1.79544
1.83359
1.74576
1.63847
1.70409
1.72459
1.73609
1.68683
1.77633
