1.8
1.8
1.8
1.8
1.8
1.56813
1.8
1.8
1.8
1.8
1.8
1.8
1.67721
1.67721
1.67721
1.2
1.67045
1.18466
1.55623
1.17068
1.16891
1.17068
1.19831
1.2
1.67721
1.67721
1.8
1.8
1.8
1.8
1.74322
1.74322
1.8
1.8
1.8
1.8
1.8
1.8
1.8
1.74322
1.56813
1.61795
1.19493
1.1881
1.12856
1.13234
1.14724
1.17451
1.2
1.56813
1.67553
1.67721
1.8
1.8
1.8
1.8
1.8
1.8
1.8
1.8
1.8
1.8
1.8
1.8
1.8
1.8
1.67721
1.8
1.8
1.67721
1.67721
1.8
1.8
1.8
1.8
1.8
1.8
1.67721
1.56813
1.67721
1.74322
1.74322
1.74322
1.61795
1.67721
1.8
1.8
1.8
1.8
1.8
1.67721
1.74322
1.67721
1.56476
1.2
1.56813
1.56813
1.2
1.61795
