1.8
1.8
1.8
1.8
1.67721
1.8
1.67721
1.8
1.8
1.8
1.8
1.8
1.8
1.8
1.56813
1.61795
1.19493
1.19493
1.2
1.17771
1.1812
1.17596
1.2
1.2
1.74322
1.8
1.67721
1.8
1.67721
1.8
1.8
1.8
1.8
1.8
1.8
1.8
1.8
1.74322
1.74322
1.56813
1.56813
1.74322
1.19663
1.55623
1.12475
1.11317
1.14724
1.1812
1.56813
1.56645
1.2
1.61795
1.8
1.67721
1.8
1.8
1.8
1.8
1.8
1.8
1.8
1.8
1.8
1.8
1.8
1.8
1.67721
1.8
1.56813
1.8
1.8
1.8
1.8
1.8
1.8
1.8
1.8
1.56813
1.67721
1.67721
1.8
1.67721
1.8
1.67721
1.8
1.8
1.8
1.8
1.8
1.8
1.61795
1.74322
1.2
1.61795
1.2
1.2
1.56813
1.2
1.67721
