1.8
1.8
1.67721
1.74322
1.61795
1.8
1.8
1.67721
1.8
1.8
1.8
1.8
1.8
1.8
1.61795
1.2
1.2
1.18466
1.18293
1.17946
1.16925
1.16357
1.19153
1.61458
1.61795
1.67721
1.67721
1.8
1.8
1.8
1.67721
1.67721
1.8
1.8
1.8
1.8
1.8
1.8
1.8
1.8
1.2
1.2
1.2
1.55279
1.1385
1.13234
1.15091
1.17946
1.19663
1.61627
1.19831
1.67721
1.8
1.8
1.8
1.8
1.8
1.8
1.67721
1.8
1.8
1.8
1.8
1.8
1.8
1.8
1.8
1.67721
1.8
1.8
1.8
1.8
1.8
1.8
1.8
1.8
1.8
1.8
1.8
1.56813
1.67721
1.74322
1.74322
1.67721
1.8
1.8
1.67721
1.8
1.8
1.67721
1.61795
1.67721
1.61795
1.56813
1.67721
1.2
1.2
1.2
1.67721
