1.89884
1.90114
1.90245
1.87377
1.92867
1.89726
1.92557
1.94157
1.93074
1.91077
1.95316
1.94157
1.93241
1.85681
1.76565
1.69547
1.59383
1.49293
1.44263
1.45356
1.40835
1.4472
1.50449
1.67672
1.825
1.89833
1.89265
1.89676
1.91642
1.89205
1.88304
1.86905
1.88505
1.92408
1.94486
1.9357
1.94582
1.88596
1.92183
1.85107
1.77921
1.73615
1.53646
1.48175
1.43163
1.27728
1.33452
1.46944
1.58399
1.61533
1.7076
1.84842
1.93991
1.89595
1.92747
1.87767
1.91894
1.94986
1.94911
1.96066
1.94911
1.95403
1.89595
1.92747
1.91349
1.91732
1.93567
1.88871
1.92907
1.84738
1.89676
1.91588
1.95316
1.93076
1.9404
1.94582
1.93876
1.89099
1.88401
1.83722
1.82946
1.92413
1.87303
1.86783
1.86913
1.84738
1.90083
1.90114
1.91949
1.89534
1.84404
1.79587
1.74251
1.57889
1.61657
1.79621
1.73494
1.68204
1.8138
