1.8
1.8
1.74322
1.67721
1.8
1.67721
1.8
1.8
1.8
1.8
1.8
1.8
1.74322
1.74322
1.8
1.56813
1.2
1.56136
1.17946
1.17068
1.17245
1.18638
1.19663
1.19831
1.56813
1.67721
1.67721
1.8
1.8
1.8
1.8
1.8
1.8
1.8
1.67721
1.8
1.8
1.67721
1.67721
1.67721
1.61795
1.67721
1.19831
1.17421
1.13797
1.1385
1.15998
1.1812
1.19831
1.2
1.56813
1.8
1.8
1.8
1.8
1.67721
1.8
1.8
1.8
1.8
1.8
1.8
1.8
1.8
1.67721
1.8
1.8
1.8
1.67721
1.8
1.8
1.8
1.8
1.8
1.8
1.8
1.8
1.8
1.8
1.8
1.8
1.67721
1.67721
1.8
1.67721
1.8
1.8
1.8
1.8
1.67721
1.67721
1.74322
1.67553
1.56813
1.2
1.61795
1.2
1.61795
1.8
