1.8
1.8
1.8
1.8
1.8
1.8
1.8
1.8
1.8
1.8
1.8
1.8
1.8
1.67721
1.61627
1.2
1.19663
1.56136
1.18638
1.17421
1.17596
1.17596
1.56476
1.56813
1.74322
1.8
1.67721
1.67721
1.8
1.67721
1.8
1.8
1.67721
1.8
1.8
1.8
1.8
1.8
1.56813
1.61795
1.56813
1.61795
1.56813
1.18982
1.12725
1.1361
1.52991
1.19153
1.56476
1.2
1.2
1.67721
1.8
1.8
1.8
1.8
1.8
1.8
1.8
1.8
1.8
1.8
1.8
1.8
1.8
1.8
1.8
1.8
1.56813
1.8
1.8
1.67721
1.8
1.8
1.8
1.8
1.8
1.8
1.8
1.67721
1.8
1.8
1.8
1.74322
1.61795
1.67721
1.67721
1.8
1.8
1.8
1.8
1.74322
1.56813
1.2
1.2
1.56813
1.61795
1.2
1.61795
