1.91894
1.92581
1.86837
1.92557
1.91489
1.95737
1.92738
1.89431
1.92738
1.9404
1.94486
1.92747
1.90172
1.88683
1.73106
1.60714
1.56306
1.50276
1.46165
1.39891
1.37694
1.4429
1.56776
1.69654
1.77315
1.89833
1.84978
1.92393
1.92738
1.89944
1.90835
1.83501
1.91077
1.91894
1.91848
1.93076
1.91134
1.8939
1.85996
1.84921
1.8014
1.6899
1.57978
1.54081
1.38847
1.31732
1.43163
1.48311
1.51897
1.68605
1.72946
1.85737
1.92012
1.90443
1.94157
1.91894
1.92738
1.92747
1.93823
1.93076
1.9404
1.94582
1.94157
1.89618
1.91136
1.89916
1.8825
1.87474
1.86086
1.85376
1.88473
1.90037
1.97359
1.94442
1.95316
1.9404
1.90748
1.94868
1.892
1.86753
1.8857
1.90278
1.85142
1.85208
1.89205
1.86743
1.89944
1.91949
1.94322
1.81726
1.89905
1.83095
1.6923
1.67175
1.67311
1.73467
1.67159
1.6448
1.7968
