1.89538
1.92137
1.88615
1.87301
1.93353
1.86367
1.93406
1.90913
1.90579
1.96066
1.96066
1.94486
1.90947
1.83374
1.8209
1.65489
1.50672
1.5342
1.44887
1.42463
1.45356
1.45356
1.50663
1.67456
1.82545
1.86909
1.84292
1.87669
1.90443
1.88475
1.87209
1.84464
1.9404
1.85422
1.92574
1.9357
1.92574
1.8383
1.78758
1.80939
1.83294
1.71539
1.53674
1.52977
1.2983
1.29744
1.49885
1.43163
1.52791
1.70739
1.66341
1.75845
1.9371
1.90835
1.9371
1.91949
1.88932
1.94486
1.94486
1.95316
1.96066
1.9371
1.9357
1.91949
1.92738
1.91286
1.88171
1.89747
1.88077
1.85145
1.88309
1.88475
1.94203
1.92012
1.93053
1.92607
1.957
1.90775
1.88216
1.90037
1.89049
1.86575
1.83801
1.86198
1.87768
1.87074
1.84404
1.89595
1.94986
1.88769
1.87644
1.82418
1.69124
1.67586
1.62138
1.76281
1.63175
1.71808
1.86579
