1.90692
1.9371
1.92747
1.85523
1.89784
1.8708
1.87013
1.87472
1.92557
1.94486
1.94157
1.88475
1.92012
1.84426
1.71058
1.67813
1.51734
1.59159
1.46165
1.46474
1.43163
1.43796
1.51645
1.69434
1.85704
1.79653
1.85185
1.89595
1.95316
1.90835
1.91438
1.85523
1.87832
1.91682
1.89595
1.94911
1.94157
1.93655
1.8151
1.78116
1.87209
1.70409
1.57953
1.52516
1.31732
1.36419
1.42996
1.48175
1.57962
1.7507
1.67883
1.82148
1.90309
1.92747
1.92012
1.91349
1.94986
1.93076
1.93076
1.9404
1.95316
1.94911
1.94486
1.90748
1.88932
1.89263
1.89089
1.87041
1.84527
1.87872
1.90835
1.92774
1.92085
1.96414
1.96414
1.9357
1.91949
1.8798
1.90606
1.77866
1.8872
1.88146
1.87596
1.86671
1.92912
1.83167
1.80725
1.92557
1.91438
1.88311
1.88146
1.79895
1.66527
1.60432
1.65345
1.69574
1.72715
1.73106
1.75183
