1.8
1.8
1.8
1.67721
1.67721
1.8
1.8
1.8
1.8
1.8
1.8
1.67721
1.8
1.74322
1.61795
1.2
1.19663
1.55795
1.1812
1.18293
1.17421
1.18293
1.56476
1.56476
1.67721
1.67721
1.67721
1.8
1.8
1.8
1.74322
1.74322
1.8
1.8
1.8
1.8
1.8
1.8
1.8
1.61795
1.67721
1.2
1.19831
1.1881
1.15273
1.12475
1.17436
1.1881
1.19323
1.61795
1.19831
1.67721
1.8
1.8
1.8
1.8
1.8
1.8
1.8
1.8
1.8
1.8
1.8
1.8
1.8
1.8
1.8
1.56813
1.8
1.67721
1.67721
1.8
1.8
1.8
1.8
1.8
1.8
1.8
1.8
1.8
1.8
1.8
1.8
1.8
1.56813
1.67721
1.8
1.8
1.67721
1.8
1.67721
1.61795
1.2
1.2
1.56813
1.56813
1.56813
1.19831
1.67721
