1.86186
1.91314
1.87209
1.9357
1.93177
1.87551
1.93553
1.89437
1.9371
1.94911
1.94911
1.94486
1.87543
1.82721
1.74453
1.6409
1.5454
1.50034
1.45781
1.44887
1.45356
1.4169
1.5126
1.69067
1.89205
1.89284
1.85311
1.89872
1.87772
1.81246
1.85909
1.88057
1.86705
1.92052
1.93053
1.9404
1.9357
1.84066
1.84768
1.80612
1.72354
1.64262
1.60329
1.47601
1.27728
1.3501
1.36419
1.4763
1.54666
1.62668
1.76878
1.82134
1.9357
1.94486
1.93076
1.92413
1.91438
1.93076
1.90414
1.94157
1.957
1.957
1.91949
1.9357
1.91028
1.85067
1.88739
1.88048
1.91109
1.90293
1.93324
1.95316
1.9357
1.94322
1.9357
1.94911
1.9357
1.88475
1.84738
1.83549
1.89872
1.80283
1.88002
1.76199
1.8779
1.85909
1.94911
1.93938
1.92607
1.87625
1.84639
1.84353
1.78334
1.54576
1.64668
1.75816
1.68565
1.66808
1.79607
