1.94157
1.92747
1.9118
1.93076
1.92497
1.94406
1.91366
1.94582
1.9371
1.96066
1.96414
1.91124
1.91109
1.83697
1.78775
1.58868
1.52809
1.4913
1.47274
1.46465
1.4169
1.46826
1.49484
1.69208
1.77627
1.88422
1.8798
1.92557
1.95316
1.89049
1.90437
1.82663
1.9357
1.9371
1.94486
1.9404
1.94486
1.82998
1.87377
1.7478
1.792
1.73486
1.56361
1.48003
1.35114
1.33355
1.39891
1.43163
1.58579
1.67141
1.72132
1.854
1.92012
1.87625
1.89979
1.94157
1.92075
1.95316
1.95316
1.91077
1.94911
1.94582
1.9404
1.9371
1.90748
1.90172
1.87377
1.91556
1.92738
1.83798
1.92647
1.90556
1.92408
1.9404
1.91077
1.94486
1.92557
1.9357
1.85598
1.86905
1.79154
1.91109
1.87936
1.8825
1.8708
1.90201
1.9404
1.8687
1.9404
1.94582
1.85311
1.81376
1.71595
1.58839
1.65508
1.77926
1.72572
1.72052
1.84066
