1.90748
1.95371
1.84468
1.94157
1.91109
1.87319
1.92884
1.9371
1.89595
1.94157
1.93076
1.9357
1.8872
1.83549
1.77683
1.67749
1.53696
1.49459
1.43572
1.46826
1.39891
1.46474
1.50043
1.68385
1.867
1.85185
1.86909
1.92607
1.92228
1.88475
1.87238
1.9357
1.93544
1.8872
1.92557
1.9357
1.91438
1.88334
1.8333
1.82081
1.79326
1.67089
1.57195
1.47601
1.27728
1.38847
1.39891
1.45356
1.54338
1.70142
1.71019
1.76702
1.88473
1.92557
1.91949
1.88211
1.91785
1.94157
1.9404
1.91949
1.9404
1.94486
1.94248
1.957
1.89784
1.92225
1.92907
1.86607
1.84527
1.80451
1.90671
1.93992
1.94486
1.94486
1.94911
1.96414
1.94486
1.8872
1.892
1.83096
1.90201
1.892
1.88739
1.88473
1.83163
1.85874
1.89265
1.9404
1.93076
1.89784
1.825
1.79882
1.72282
1.57283
1.64479
1.73467
1.75347
1.68891
1.84705
