1.8
1.8
1.8
1.8
1.8
1.8
1.8
1.8
1.8
1.8
1.8
1.8
1.8
1.8
1.67721
1.61795
1.56813
1.1881
1.18293
1.18293
1.1812
1.17771
1.19831
1.2
1.61795
1.8
1.67721
1.67721
1.8
1.8
1.67721
1.8
1.8
1.67721
1.8
1.8
1.8
1.8
1.74322
1.67721
1.56813
1.56813
1.61288
1.18466
1.13797
1.1454
1.1812
1.18293
1.19663
1.2
1.56813
1.8
1.8
1.8
1.8
1.67721
1.8
1.8
1.8
1.8
1.8
1.8
1.8
1.8
1.8
1.8
1.8
1.67721
1.67721
1.8
1.8
1.8
1.8
1.67721
1.8
1.8
1.8
1.67721
1.8
1.67721
1.67721
1.8
1.8
1.8
1.8
1.8
1.8
1.8
1.8
1.8
1.8
1.61795
1.61795
1.56813
1.2
1.2
1.56476
1.2
1.67721
