1.92581
1.90835
1.92228
1.92847
1.89628
1.92171
1.94754
1.9371
1.91077
1.94911
1.92907
1.94486
1.89538
1.88171
1.71096
1.68821
1.60752
1.50206
1.46165
1.39891
1.36419
1.44462
1.57074
1.70577
1.82146
1.86575
1.89265
1.90278
1.9404
1.91028
1.82162
1.81397
1.91438
1.93241
1.92353
1.94911
1.94911
1.88834
1.84809
1.84067
1.73554
1.70795
1.53664
1.54209
1.33551
1.27662
1.37694
1.4763
1.53417
1.77251
1.69012
1.87041
1.94911
1.90112
1.95316
1.94182
1.93076
1.93241
1.92228
1.93883
1.94911
1.94486
1.94486
1.90795
1.87978
1.85376
1.88422
1.84464
1.86871
1.89431
1.89203
1.87865
1.90556
1.94986
1.9357
1.94486
1.91438
1.90835
1.81456
1.83096
1.89282
1.90835
1.85909
1.8306
1.854
1.92075
1.94486
1.91195
1.91109
1.9101
1.84436
1.841
1.79473
1.65345
1.68801
1.77268
1.69057
1.65449
1.82346
