1.84067
1.94157
1.84135
1.90607
1.92024
1.90698
1.84464
1.91077
1.94486
1.94986
1.93451
1.957
1.8937
1.89435
1.72554
1.61986
1.57866
1.48716
1.47111
1.4688
1.4169
1.47368
1.50612
1.67445
1.825
1.85103
1.86172
1.89538
1.92189
1.92747
1.80451
1.87072
1.88553
1.90506
1.90414
1.94986
1.92408
1.92012
1.85269
1.76876
1.80594
1.6548
1.5821
1.46899
1.3501
1.39891
1.46943
1.45781
1.60472
1.6956
1.70801
1.85187
1.90835
1.91949
1.9404
1.93991
1.93377
1.93076
1.94157
1.95316
1.96066
1.95316
1.94986
1.95316
1.92012
1.92695
1.87812
1.9101
1.8572
1.88217
1.91947
1.86655
1.8665
1.9357
1.957
1.92557
1.91643
1.84597
1.81976
1.81471
1.84464
1.7763
1.84472
1.93377
1.88941
1.85269
1.90607
1.94486
1.92557
1.92393
1.78985
1.76586
1.71449
1.54759
1.66119
1.75313
1.68497
1.69067
1.81374
