1.8
1.8
1.8
1.8
1.8
1.67721
1.8
1.8
1.8
1.8
1.8
1.67721
1.74322
1.61795
1.61795
1.56813
1.19831
1.1881
1.19153
1.1812
1.17068
1.19153
1.2
1.56813
1.61795
1.8
1.8
1.8
1.8
1.8
1.8
1.8
1.8
1.67721
1.8
1.8
1.8
1.67721
1.61795
1.67721
1.56813
1.2
1.19663
1.19153
1.12283
1.15273
1.16357
1.18466
1.2
1.56813
1.56813
1.8
1.8
1.8
1.74322
1.74322
1.8
1.8
1.8
1.8
1.8
1.8
1.8
1.67721
1.8
1.8
1.8
1.67721
1.67721
1.8
1.8
1.74322
1.74322
1.8
1.8
1.8
1.8
1.67721
1.74322
1.74322
1.67721
1.8
1.67721
1.67721
1.67721
1.8
1.8
1.8
1.8
1.67721
1.74322
1.74322
1.2
1.19831
1.56813
1.56813
1.2
1.61795
1.61795
