1.8
1.8
1.8
1.8
1.8
1.8
1.8
1.8
1.8
1.8
1.8
1.8
1.8
1.56813
1.2
1.2
1.56813
1.19663
1.1812
1.17771
1.15998
1.17245
1.19831
1.2
1.61795
1.8
1.8
1.8
1.8
1.8
1.67721
1.8
1.8
1.8
1.8
1.8
1.8
1.8
1.67721
1.67721
1.8
1.56476
1.19831
1.1881
1.12856
1.13797
1.15817
1.18293
1.56813
1.56813
1.56813
1.74322
1.8
1.8
1.8
1.8
1.8
1.8
1.8
1.8
1.8
1.67721
1.8
1.8
1.8
1.8
1.8
1.8
1.8
1.8
1.8
1.8
1.8
1.8
1.8
1.8
1.67721
1.8
1.56813
1.67721
1.8
1.8
1.8
1.74322
1.74322
1.8
1.8
1.8
1.8
1.8
1.8
1.56813
1.56813
1.2
1.19663
1.56813
1.2
1.56813
1.56813
