1.67721
1.74322
1.74322
1.67721
1.67721
1.8
1.8
1.8
1.8
1.8
1.8
1.8
1.8
1.67721
1.74322
1.56813
1.19663
1.19493
1.1881
1.18293
1.17652
1.17596
1.19831
1.56813
1.67721
1.61795
1.67721
1.67721
1.8
1.8
1.67721
1.8
1.67721
1.8
1.8
1.8
1.8
1.67721
1.67721
1.56813
1.8
1.2
1.19663
1.19323
1.15273
1.1454
1.16357
1.18293
1.2
1.56813
1.2
1.67721
1.8
1.8
1.8
1.8
1.8
1.67721
1.8
1.8
1.8
1.8
1.8
1.8
1.8
1.8
1.8
1.8
1.67721
1.8
1.8
1.8
1.8
1.8
1.8
1.8
1.8
1.8
1.8
1.8
1.61795
1.8
1.67721
1.8
1.8
1.8
1.8
1.8
1.8
1.67721
1.67721
1.56813
1.61795
1.56813
1.61795
1.56813
1.2
1.61795
1.67721
