1.9357
1.93241
1.8781
1.91775
1.88311
1.93823
1.95869
1.94911
1.93076
1.9357
1.9357
1.93103
1.91556
1.86076
1.71747
1.70988
1.51702
1.49449
1.47283
1.4169
1.49977
1.46512
1.58041
1.66996
1.85003
1.84404
1.81631
1.90114
1.91438
1.87209
1.89872
1.81714
1.90339
1.90671
1.799
1.94486
1.90607
1.87123
1.86488
1.74911
1.79555
1.6806
1.57498
1.47601
1.30883
1.36419
1.38847
1.4169
1.61731
1.78589
1.69033
1.89112
1.91949
1.93076
1.91524
1.94582
1.957
1.93241
1.92413
1.91077
1.94486
1.94582
1.94582
1.94911
1.93544
1.89039
1.90865
1.91109
1.90942
1.87035
1.92557
1.91369
1.88945
1.92242
1.94911
1.95316
1.91524
1.94911
1.78807
1.83905
1.87209
1.92413
1.84527
1.75861
1.85491
1.92012
1.84363
1.89
1.90309
1.91314
1.89099
1.78852
1.72152
1.63835
1.703
1.81322
1.70367
1.69067
1.82886
