1.8
1.67721
1.8
1.8
1.8
1.8
1.74322
1.74322
1.8
1.8
1.8
1.8
1.8
1.8
1.67721
1.2
1.19663
1.19493
1.18466
1.1812
1.18146
1.17245
1.19663
1.2
1.2
1.8
1.67721
1.8
1.67721
1.8
1.61795
1.61795
1.8
1.8
1.8
1.8
1.8
1.8
1.8
1.61795
1.61795
1.2
1.2
1.54933
1.14355
1.14355
1.16357
1.17946
1.19493
1.61627
1.2
1.61795
1.74322
1.8
1.8
1.8
1.8
1.8
1.8
1.8
1.8
1.8
1.8
1.8
1.8
1.8
1.8
1.8
1.8
1.8
1.8
1.67721
1.8
1.8
1.8
1.67721
1.8
1.8
1.56813
1.67721
1.61795
1.74322
1.8
1.67721
1.8
1.8
1.8
1.8
1.8
1.8
1.67721
1.61795
1.2
1.56813
1.2
1.56813
1.2
1.61795
1.8
