1.8487
1.90414
1.91349
1.91196
1.94329
1.93038
1.9357
1.93876
1.91274
1.94747
1.94911
1.94157
1.89049
1.90437
1.77694
1.65529
1.58658
1.486
1.47255
1.45987
1.45356
1.49643
1.53403
1.64731
1.87708
1.867
1.86871
1.90443
1.9357
1.85523
1.85361
1.84768
1.92557
1.91438
1.90835
1.90835
1.94157
1.94582
1.83723
1.78942
1.80822
1.67543
1.59807
1.47812
1.3501
1.2983
1.36419
1.4689
1.50753
1.74841
1.71616
1.87602
1.92747
1.9371
1.93208
1.90642
1.92607
1.94653
1.92569
1.91077
1.94911
1.9404
1.94486
1.957
1.91438
1.90607
1.89099
1.93074
1.84639
1.86572
1.84825
1.89054
1.94747
1.94486
1.94911
1.93053
1.91949
1.84935
1.8393
1.85691
1.87423
1.89944
1.85857
1.83895
1.87812
1.87877
1.88144
1.90629
1.94486
1.92228
1.91109
1.80583
1.72985
1.65449
1.69309
1.80905
1.60626
1.69819
1.85571
