1.8
1.8
1.8
1.8
1.67721
1.8
1.8
1.8
1.8
1.8
1.8
1.8
1.8
1.67721
1.61795
1.56813
1.56645
1.19663
1.17946
1.18638
1.1812
1.19153
1.19831
1.2
1.61795
1.8
1.8
1.8
1.8
1.8
1.8
1.8
1.67721
1.8
1.8
1.8
1.8
1.8
1.67721
1.67721
1.67721
1.56813
1.56813
1.1881
1.1361
1.13984
1.15998
1.18638
1.56645
1.2
1.56813
1.8
1.8
1.8
1.8
1.8
1.8
1.8
1.8
1.8
1.8
1.8
1.8
1.8
1.8
1.8
1.8
1.8
1.8
1.8
1.8
1.67721
1.8
1.8
1.8
1.8
1.8
1.74322
1.74322
1.8
1.8
1.8
1.61795
1.61795
1.8
1.8
1.8
1.8
1.8
1.8
1.8
1.67721
1.67721
1.2
1.2
1.61795
1.56813
1.2
1.61795
