1.8
1.8
1.8
1.67721
1.8
1.8
1.8
1.8
1.67721
1.8
1.8
1.8
1.8
1.56813
1.67721
1.56813
1.2
1.1881
1.18293
1.18638
1.17068
1.17771
1.19663
1.2
1.8
1.8
1.8
1.8
1.8
1.8
1.8
1.8
1.8
1.74322
1.74322
1.8
1.8
1.8
1.8
1.61795
1.56813
1.56813
1.19153
1.1881
1.12123
1.15817
1.13797
1.17946
1.56813
1.56813
1.56645
1.67721
1.67721
1.8
1.8
1.8
1.8
1.8
1.8
1.8
1.8
1.8
1.8
1.8
1.8
1.8
1.8
1.8
1.67721
1.67721
1.8
1.8
1.8
1.8
1.8
1.8
1.74322
1.74322
1.8
1.67721
1.67721
1.8
1.8
1.67721
1.67721
1.8
1.8
1.8
1.8
1.8
1.67721
1.67721
1.56813
1.2
1.56813
1.61795
1.61795
1.2
1.67721
