1.8
1.8
1.67721
1.61795
1.74322
1.8
1.8
1.8
1.8
1.8
1.8
1.8
1.74322
1.61795
1.61795
1.56813
1.61627
1.19493
1.18638
1.1812
1.17596
1.16891
1.2
1.2
1.61795
1.74322
1.67721
1.8
1.8
1.74322
1.61795
1.8
1.8
1.8
1.8
1.8
1.8
1.8
1.8
1.8
1.2
1.56813
1.19663
1.1881
1.12475
1.11386
1.17068
1.18293
1.56476
1.56813
1.2
1.61795
1.8
1.8
1.8
1.8
1.8
1.8
1.8
1.8
1.8
1.8
1.8
1.8
1.8
1.8
1.8
1.8
1.8
1.8
1.8
1.61795
1.61795
1.8
1.8
1.8
1.8
1.8
1.8
1.8
1.8
1.67721
1.67721
1.67721
1.8
1.8
1.8
1.8
1.8
1.8
1.8
1.74322
1.74322
1.2
1.56813
1.56813
1.56813
1.61795
1.8
