1.91109
1.94986
1.88146
1.91986
1.87395
1.96053
1.91438
1.92413
1.9371
1.95316
1.94486
1.92557
1.91944
1.84133
1.77978
1.68169
1.59038
1.50128
1.48175
1.44369
1.38793
1.38812
1.58331
1.65262
1.85571
1.80414
1.86506
1.92907
1.84919
1.84978
1.8504
1.83801
1.88475
1.91274
1.92747
1.91949
1.89265
1.89618
1.87377
1.74432
1.76034
1.68801
1.55755
1.49293
1.33452
1.36017
1.40981
1.47283
1.5434
1.70666
1.68043
1.78499
1.90309
1.90005
1.89265
1.91949
1.91556
1.94582
1.94911
1.92557
1.96414
1.96066
1.94633
1.93377
1.90278
1.8798
1.90606
1.92075
1.88311
1.91479
1.88604
1.91148
1.90443
1.89595
1.94911
1.94486
1.91524
1.83163
1.88505
1.86022
1.9371
1.79817
1.79788
1.79154
1.85663
1.84066
1.94322
1.93053
1.92607
1.92353
1.86909
1.7794
1.76226
1.68308
1.65004
1.76449
1.65561
1.6033
1.80734
