1.90748
1.9357
1.92228
1.92228
1.88967
1.9357
1.95334
1.94486
1.95371
1.95316
1.94157
1.9357
1.92062
1.81118
1.86949
1.64236
1.53873
1.486
1.43796
1.45781
1.46512
1.42463
1.57293
1.72518
1.87704
1.87772
1.78619
1.9357
1.90245
1.8621
1.85571
1.90461
1.91785
1.91077
1.91904
1.94157
1.93076
1.89099
1.80244
1.73168
1.79042
1.54946
1.5034
1.46165
1.36419
1.37694
1.4169
1.47111
1.51744
1.74829
1.65068
1.84738
1.92912
1.90913
1.87669
1.90839
1.94322
1.93241
1.92557
1.94486
1.957
1.94986
1.9404
1.91195
1.91726
1.94486
1.85422
1.85227
1.86056
1.83163
1.87531
1.83723
1.93021
1.9404
1.94157
1.95316
1.9101
1.91109
1.88217
1.867
1.84809
1.90795
1.89747
1.81819
1.89265
1.90671
1.92581
1.9371
1.94911
1.88211
1.88769
1.84179
1.6616
1.56458
1.62504
1.69998
1.70696
1.67512
1.82834
