1.89784
1.93377
1.85909
1.93377
1.91109
1.91754
1.93053
1.9404
1.93377
1.957
1.94486
1.90114
1.90642
1.8255
1.80313
1.67664
1.53186
1.48949
1.43591
1.36419
1.42463
1.43796
1.5924
1.65859
1.79882
1.85663
1.83632
1.90522
1.9357
1.89265
1.87812
1.85376
1.88932
1.92277
1.9357
1.91077
1.89282
1.90942
1.91682
1.84118
1.76587
1.71102
1.55948
1.48331
1.25238
1.36526
1.41585
1.49008
1.56423
1.75573
1.74949
1.86151
1.9404
1.92012
1.95316
1.92747
1.9357
1.92024
1.93406
1.88115
1.94911
1.95316
1.94157
1.88945
1.92738
1.83119
1.92413
1.88016
1.8011
1.82906
1.84531
1.91315
1.93518
1.9404
1.94911
1.93377
1.91524
1.92912
1.78408
1.85979
1.90775
1.90835
1.8949
1.83334
1.82834
1.83956
1.92607
1.87199
1.91077
1.92228
1.84879
1.78762
1.71267
1.64694
1.69141
1.68627
1.72518
1.7376
1.81231
