1.8
1.67721
1.8
1.74322
1.74322
1.8
1.8
1.8
1.8
1.8
1.8
1.8
1.8
1.67721
1.67721
1.61795
1.2
1.56306
1.18293
1.18293
1.16891
1.17946
1.19663
1.2
1.61795
1.8
1.74322
1.74322
1.8
1.8
1.8
1.67721
1.8
1.8
1.8
1.8
1.8
1.61795
1.56813
1.61795
1.56813
1.2
1.56476
1.18982
1.15273
1.13234
1.16357
1.18466
1.19831
1.56813
1.61795
1.8
1.8
1.8
1.8
1.8
1.8
1.8
1.8
1.8
1.8
1.8
1.8
1.8
1.67721
1.67721
1.8
1.8
1.74322
1.74322
1.8
1.8
1.8
1.8
1.8
1.8
1.8
1.8
1.8
1.8
1.67721
1.61795
1.61795
1.56813
1.67721
1.8
1.67721
1.8
1.8
1.8
1.61795
1.61795
1.61795
1.56813
1.56813
1.61795
1.2
1.56813
1.74322
