1.92228
1.89905
1.91109
1.92656
1.93929
1.93187
1.92557
1.9404
1.96066
1.96066
1.91949
1.92581
1.88533
1.81583
1.81592
1.63944
1.55452
1.47601
1.45487
1.44369
1.45781
1.47274
1.59405
1.68761
1.89833
1.90607
1.82924
1.91682
1.88146
1.9404
1.88505
1.8731
1.87872
1.88146
1.92228
1.9357
1.94697
1.88447
1.84795
1.7413
1.79508
1.65801
1.50449
1.48329
1.36419
1.40835
1.44887
1.45496
1.54464
1.69214
1.69932
1.86577
1.94486
1.89049
1.90861
1.90278
1.92912
1.95316
1.94747
1.9239
1.95316
1.96414
1.95316
1.95037
1.89944
1.92245
1.91274
1.8825
1.86428
1.87812
1.8708
1.9192
1.92062
1.94911
1.9404
1.957
1.93241
1.94322
1.88505
1.84426
1.84932
1.87472
1.86743
1.91556
1.89142
1.88146
1.88386
1.93076
1.94486
1.90795
1.87301
1.792
1.70047
1.52132
1.64911
1.74101
1.73173
1.61432
1.85542
