1.8
1.8
1.8
1.8
1.8
1.67721
1.8
1.8
1.8
1.8
1.8
1.8
1.8
1.8
1.67721
1.67721
1.56645
1.2
1.1881
1.16713
1.16535
1.1881
1.56476
1.2
1.67721
1.8
1.8
1.8
1.8
1.74322
1.67721
1.61795
1.67721
1.67721
1.8
1.8
1.8
1.8
1.2
1.61795
1.56813
1.56476
1.2
1.19323
1.13234
1.14355
1.17068
1.18982
1.19663
1.2
1.61795
1.67721
1.8
1.8
1.8
1.8
1.8
1.8
1.8
1.8
1.8
1.8
1.8
1.8
1.8
1.8
1.8
1.8
1.67721
1.8
1.8
1.8
1.8
1.67721
1.8
1.8
1.8
1.67721
1.67721
1.8
1.67721
1.67721
1.61795
1.74322
1.67721
1.67721
1.67721
1.8
1.8
1.8
1.61795
1.67721
1.61795
1.2
1.56813
1.74322
1.56813
1.56813
1.61795
