1.88932
1.89944
1.88217
1.93076
1.92413
1.93518
1.92012
1.92747
1.95316
1.95371
1.9357
1.94157
1.94248
1.89392
1.83122
1.78149
1.51788
1.47945
1.48175
1.46512
1.37694
1.40835
1.50539
1.57889
1.8487
1.89916
1.94157
1.89049
1.93076
1.87123
1.87625
1.91213
1.88475
1.83801
1.92557
1.94486
1.92557
1.90593
1.90415
1.75594
1.78
1.68104
1.5177
1.48752
1.31642
1.3501
1.42463
1.45356
1.54026
1.69497
1.7093
1.84123
1.92557
1.94981
1.92724
1.91516
1.96066
1.957
1.91785
1.93241
1.9404
1.957
1.95316
1.93377
1.9404
1.9357
1.85227
1.90414
1.91349
1.91314
1.90201
1.92166
1.91077
1.94157
1.94486
1.94486
1.91643
1.88048
1.80721
1.93208
1.77725
1.85903
1.81298
1.89784
1.9098
1.9162
1.89108
1.8854
1.92443
1.84602
1.83895
1.77058
1.69923
1.699
1.63503
1.65587
1.66001
1.64884
1.88769
