1.91682
1.89435
1.85145
1.92738
1.901
1.90145
1.92393
1.91894
1.94486
1.9404
1.93451
1.92353
1.91848
1.81461
1.75352
1.63466
1.5644
1.51172
1.45998
1.4689
1.40981
1.50862
1.51412
1.68441
1.87041
1.86066
1.90506
1.92228
1.92012
1.90339
1.92012
1.8316
1.89595
1.90607
1.90114
1.94486
1.94486
1.88217
1.87384
1.72457
1.79502
1.65063
1.5028
1.5504
1.33452
1.2983
1.33452
1.44281
1.52559
1.63669
1.68225
1.91848
1.94747
1.89595
1.89784
1.9357
1.93076
1.94486
1.92747
1.95037
1.92557
1.95316
1.9404
1.93076
1.9101
1.90172
1.9557
1.89705
1.81545
1.89406
1.86703
1.89451
1.93992
1.9357
1.96066
1.94911
1.94582
1.86743
1.88309
1.91109
1.854
1.86905
1.84809
1.91726
1.87459
1.88932
1.89944
1.89595
1.957
1.85135
1.90506
1.81645
1.78597
1.60301
1.64497
1.82183
1.66267
1.66041
1.80562
