1.8
1.8
1.8
1.8
1.8
1.8
1.8
1.8
1.8
1.8
1.8
1.67721
1.8
1.74322
1.61795
1.2
1.2
1.19831
1.18466
1.17596
1.17596
1.18466
1.19153
1.61795
1.2
1.67721
1.8
1.8
1.8
1.61795
1.74322
1.67721
1.8
1.8
1.8
1.8
1.8
1.67721
1.8
1.67721
1.61795
1.56813
1.19493
1.18982
1.13234
1.12091
1.17946
1.18982
1.2
1.61795
1.56813
1.67721
1.8
1.8
1.8
1.67721
1.8
1.8
1.8
1.8
1.8
1.8
1.8
1.67721
1.8
1.8
1.8
1.67721
1.67721
1.8
1.67721
1.8
1.8
1.8
1.8
1.8
1.8
1.8
1.8
1.67721
1.8
1.8
1.56813
1.67721
1.67721
1.8
1.8
1.8
1.8
1.67721
1.61795
1.56813
1.2
1.56813
1.2
1.61795
1.2
1.61795
1.56813
