1.9169
1.92557
1.91556
1.84135
1.89451
1.91947
1.93076
1.93377
1.93991
1.9404
1.91524
1.95751
1.91274
1.87708
1.78227
1.73633
1.57488
1.44887
1.47812
1.44887
1.38619
1.44263
1.50539
1.76814
1.86871
1.83119
1.79619
1.85641
1.90437
1.92747
1.90123
1.7877
1.88871
1.94653
1.95316
1.95316
1.91349
1.9101
1.81536
1.78069
1.80852
1.65646
1.56252
1.46165
1.42567
1.37694
1.40975
1.40835
1.59211
1.74202
1.72745
1.83968
1.92353
1.90114
1.92738
1.90775
1.9482
1.9357
1.94582
1.89032
1.96066
1.94157
1.94911
1.93241
1.92747
1.93544
1.89265
1.91682
1.88435
1.81054
1.93185
1.86743
1.92557
1.90607
1.94486
1.94911
1.90607
1.8872
1.88386
1.85434
1.80451
1.89369
1.86172
1.86577
1.85569
1.85542
1.89099
1.94986
1.89595
1.86536
1.78602
1.79322
1.80231
1.61187
1.69798
1.76785
1.71539
1.66947
1.77771
