1.87812
1.86953
1.90506
1.93076
1.9404
1.90835
1.89203
1.88967
1.93053
1.94911
1.93377
1.89049
1.93544
1.85491
1.86056
1.64112
1.59794
1.48716
1.43017
1.44887
1.37694
1.45996
1.51734
1.66277
1.82205
1.89431
1.89039
1.88941
1.88146
1.92408
1.91877
1.77713
1.91605
1.88906
1.91524
1.94486
1.90427
1.85476
1.81295
1.78281
1.78621
1.72192
1.59044
1.50654
1.31732
1.40926
1.44369
1.45996
1.58451
1.62885
1.69216
1.88533
1.88115
1.88473
1.93938
1.92747
1.92393
1.9371
1.94248
1.9404
1.95316
1.957
1.95371
1.92228
1.9404
1.92907
1.88048
1.88615
1.84879
1.91528
1.82551
1.87978
1.89402
1.94486
1.92738
1.94911
1.87872
1.89265
1.89226
1.87634
1.86066
1.86913
1.86364
1.83962
1.85361
1.89618
1.9096
1.93241
1.93076
1.92228
1.8708
1.81137
1.76245
1.64241
1.6549
1.64161
1.72224
1.70492
1.78033
