1.94157
1.9404
1.85103
1.93241
1.93009
1.92443
1.90607
1.92907
1.94486
1.957
1.9371
1.92747
1.89618
1.84611
1.767
1.699
1.55211
1.47274
1.44369
1.40835
1.44887
1.40835
1.53628
1.70628
1.82886
1.85909
1.87543
1.94986
1.94911
1.92557
1.83165
1.90839
1.89049
1.89431
1.94486
1.91524
1.9404
1.87644
1.86323
1.75433
1.85334
1.68909
1.5249
1.48915
1.2983
1.33452
1.38847
1.43581
1.54356
1.64222
1.71316
1.90278
1.94582
1.91438
1.90145
1.87812
1.94486
1.94986
1.94157
1.94986
1.9357
1.9404
1.94911
1.92024
1.90249
1.90775
1.93406
1.90506
1.85894
1.87452
1.86407
1.84064
1.93076
1.94486
1.95316
1.94486
1.91438
1.82834
1.87209
1.88475
1.89538
1.84135
1.89205
1.84767
1.88739
1.91314
1.89329
1.96066
1.9357
1.90172
1.84805
1.77469
1.75942
1.63664
1.65648
1.7243
1.71102
1.69893
1.78588
