1.8
1.67721
1.8
1.8
1.8
1.8
1.74322
1.74322
1.8
1.8
1.8
1.8
1.74322
1.74322
1.2
1.19831
1.19831
1.19153
1.17946
1.17596
1.17771
1.18293
1.19663
1.2
1.74322
1.61795
1.8
1.8
1.8
1.8
1.74322
1.74322
1.8
1.67721
1.67721
1.8
1.8
1.8
1.67721
1.61795
1.61795
1.2
1.2
1.1881
1.12283
1.13234
1.16891
1.19323
1.19831
1.56813
1.2
1.67721
1.8
1.8
1.8
1.8
1.8
1.8
1.8
1.8
1.8
1.8
1.8
1.8
1.8
1.8
1.8
1.8
1.8
1.67721
1.74322
1.74322
1.8
1.8
1.8
1.8
1.8
1.8
1.67721
1.8
1.61795
1.61795
1.8
1.67721
1.8
1.74322
1.74322
1.8
1.8
1.8
1.8
1.67721
1.2
1.56813
1.2
1.61795
1.2
1.2
1.74322
