1.90522
1.90114
1.87531
1.90795
1.89784
1.9366
1.9272
1.94747
1.90114
1.957
1.93478
1.89979
1.93782
1.79154
1.7737
1.66936
1.50698
1.496
1.47434
1.42463
1.4169
1.46569
1.54977
1.66058
1.76541
1.85641
1.85648
1.89944
1.90037
1.90582
1.87339
1.91195
1.90775
1.86909
1.957
1.95316
1.93076
1.8341
1.82843
1.77509
1.77413
1.66731
1.55336
1.47601
1.3991
1.26449
1.39891
1.42463
1.57242
1.69288
1.73628
1.8949
1.94486
1.90748
1.94322
1.9169
1.89618
1.89784
1.9371
1.9404
1.9357
1.95316
1.957
1.9357
1.89662
1.90748
1.87936
1.91213
1.88871
1.77965
1.92581
1.9162
1.9043
1.95371
1.93241
1.9371
1.92012
1.91305
1.81837
1.8798
1.91894
1.83291
1.8537
1.88422
1.87003
1.93074
1.92062
1.91894
1.9404
1.90003
1.79619
1.80594
1.73792
1.67908
1.65489
1.69246
1.7439
1.69895
1.867
