1.93876
1.92012
1.91682
1.88386
1.93257
1.91682
1.92075
1.9357
1.90114
1.9404
1.9404
1.9357
1.93241
1.89784
1.81322
1.63926
1.53709
1.49801
1.42463
1.43796
1.43796
1.38847
1.58351
1.6807
1.7478
1.85355
1.8872
1.90506
1.93241
1.93377
1.85185
1.88763
1.90506
1.90671
1.92137
1.93451
1.89618
1.8937
1.85208
1.77219
1.81246
1.6379
1.59084
1.46533
1.36419
1.2983
1.39891
1.44887
1.60149
1.70457
1.58031
1.78807
1.9162
1.92012
1.957
1.91349
1.92398
1.9371
1.89595
1.94157
1.94582
1.9404
1.957
1.94157
1.90947
1.91109
1.8661
1.91848
1.84296
1.89255
1.85598
1.88768
1.95158
1.94911
1.9357
1.957
1.91077
1.8872
1.79508
1.87006
1.90942
1.81295
1.87041
1.79441
1.92912
1.89205
1.87323
1.90835
1.93876
1.88217
1.8825
1.79141
1.71701
1.66912
1.63894
1.69813
1.73357
1.64284
1.85883
