1.8
1.8
1.8
1.8
1.8
1.8
1.8
1.74322
1.74322
1.8
1.8
1.8
1.8
1.67721
1.67721
1.61795
1.2
1.19663
1.1881
1.17245
1.15998
1.18982
1.19831
1.2
1.67721
1.74322
1.8
1.8
1.8
1.8
1.67721
1.67721
1.8
1.8
1.8
1.8
1.8
1.8
1.8
1.56813
1.74322
1.74322
1.2
1.1881
1.1417
1.13234
1.14355
1.19153
1.19323
1.56813
1.67721
1.8
1.8
1.8
1.8
1.8
1.8
1.8
1.8
1.8
1.8
1.8
1.8
1.8
1.67721
1.8
1.8
1.8
1.67721
1.67721
1.8
1.8
1.8
1.8
1.8
1.8
1.8
1.8
1.74322
1.61795
1.8
1.8
1.74322
1.74322
1.8
1.8
1.8
1.8
1.8
1.67721
1.56813
1.67721
1.2
1.56813
1.2
1.67721
1.2
1.56813
1.56813
