1.92557
1.91524
1.88941
1.89705
1.8798
1.91274
1.93021
1.92581
1.93241
1.957
1.9404
1.94911
1.88834
1.90865
1.81976
1.70353
1.61981
1.46826
1.42817
1.45469
1.43796
1.44202
1.50577
1.67866
1.80414
1.87812
1.91438
1.89265
1.90278
1.83165
1.87377
1.84571
1.92413
1.91438
1.90748
1.9404
1.92747
1.91556
1.851
1.85568
1.74291
1.73941
1.52221
1.48472
1.37694
1.25405
1.44887
1.46165
1.53682
1.69383
1.65604
1.82668
1.94157
1.89388
1.9371
1.9371
1.9482
1.94582
1.96745
1.95371
1.9357
1.94911
1.9404
1.95371
1.9391
1.9357
1.92907
1.88856
1.89784
1.86575
1.85245
1.90835
1.89618
1.90748
1.957
1.93478
1.93076
1.89199
1.84303
1.83723
1.86367
1.92569
1.84296
1.83968
1.89676
1.86172
1.90629
1.90942
1.89049
1.91274
1.88386
1.81696
1.83347
1.66726
1.64237
1.72817
1.7175
1.71518
1.81782
