1.89451
1.86243
1.86909
1.87812
1.93655
1.8454
1.91524
1.92581
1.9371
1.93076
1.957
1.94911
1.91682
1.89282
1.7862
1.66182
1.58856
1.55651
1.46826
1.44281
1.42463
1.44369
1.54977
1.72782
1.82658
1.84472
1.84468
1.87409
1.92747
1.86671
1.87606
1.87543
1.85641
1.88449
1.93782
1.94486
1.91438
1.91195
1.89718
1.74047
1.74251
1.60077
1.55814
1.48238
1.29663
1.36419
1.38847
1.43163
1.58642
1.6775
1.70653
1.89342
1.9357
1.9357
1.93544
1.94416
1.92581
1.95371
1.92228
1.9371
1.94911
1.96066
1.94747
1.94157
1.89049
1.87303
1.92747
1.86506
1.90299
1.85269
1.82091
1.9357
1.92393
1.9357
1.94911
1.94911
1.9357
1.87131
1.88002
1.8075
1.84639
1.91682
1.87199
1.8661
1.89099
1.90437
1.92228
1.91949
1.91682
1.90835
1.85376
1.80853
1.72838
1.65431
1.65073
1.74559
1.73173
1.6911
1.75686
