1.88386
1.92747
1.91385
1.92062
1.91616
1.93406
1.9371
1.93241
1.93241
1.96066
1.96085
1.90607
1.9482
1.90339
1.8129
1.65331
1.54233
1.50276
1.46241
1.46381
1.43796
1.44887
1.52817
1.72635
1.824
1.84639
1.85208
1.90201
1.9404
1.84464
1.86909
1.83501
1.92557
1.89784
1.93241
1.95316
1.92012
1.94157
1.8905
1.83759
1.78589
1.71594
1.53709
1.5394
1.36419
1.25405
1.38847
1.45781
1.52722
1.71594
1.75213
1.85317
1.92353
1.93406
1.90506
1.94486
1.89265
1.94911
1.93053
1.92738
1.96066
1.96085
1.94486
1.8708
1.9357
1.88769
1.92413
1.89256
1.91682
1.82374
1.87209
1.91195
1.91588
1.9404
1.96414
1.95316
1.92747
1.92912
1.91556
1.86783
1.92393
1.90582
1.88386
1.91349
1.83605
1.89872
1.92245
1.95536
1.9404
1.93076
1.87238
1.80759
1.71684
1.61863
1.6112
1.77593
1.76514
1.69764
1.82137
