1.67721
1.8
1.8
1.8
1.8
1.8
1.8
1.8
1.8
1.8
1.8
1.8
1.67721
1.8
1.67721
1.56813
1.2
1.19493
1.1812
1.18466
1.17245
1.19153
1.2
1.67721
1.67721
1.8
1.8
1.8
1.8
1.8
1.8
1.67721
1.8
1.8
1.8
1.8
1.67721
1.61795
1.8
1.61795
1.2
1.56813
1.19831
1.18293
1.15273
1.1361
1.17421
1.18982
1.19663
1.19831
1.67721
1.67721
1.8
1.8
1.8
1.8
1.8
1.8
1.8
1.8
1.8
1.8
1.8
1.8
1.8
1.8
1.8
1.8
1.67721
1.74322
1.67721
1.8
1.74322
1.74322
1.8
1.8
1.8
1.8
1.8
1.8
1.8
1.8
1.67721
1.8
1.67721
1.67721
1.8
1.8
1.8
1.8
1.74322
1.67721
1.2
1.56813
1.2
1.56813
1.56813
1.2
1.74322
