1.91848
1.93876
1.91124
1.88272
1.84738
1.93518
1.92747
1.94486
1.94582
1.957
1.94911
1.957
1.90114
1.88967
1.76671
1.70892
1.53921
1.49843
1.45356
1.45356
1.44896
1.45356
1.57253
1.71057
1.84597
1.88932
1.84602
1.91314
1.84738
1.90249
1.89676
1.87096
1.94986
1.91077
1.86705
1.9404
1.89265
1.89538
1.87303
1.81461
1.81775
1.65734
1.49411
1.54548
1.38847
1.25405
1.40835
1.46474
1.59499
1.7069
1.71631
1.80414
1.91274
1.89366
1.85311
1.91682
1.94986
1.9357
1.86705
1.94911
1.95902
1.9371
1.9357
1.94486
1.91438
1.8687
1.89538
1.88593
1.91385
1.92413
1.86186
1.94442
1.95316
1.94911
1.94486
1.9357
1.8872
1.86536
1.78488
1.87704
1.88834
1.8872
1.84879
1.81231
1.84296
1.88002
1.91848
1.92557
1.9357
1.92557
1.78121
1.74227
1.73238
1.59964
1.63613
1.77734
1.75008
1.66072
1.76157
