1.74624
1.81277
1.62739
1.41306
1.63398
1.86
1.86
1.86
1.38946
1.52768
1.47264
1.88052
1.86
1.86
1.4805
1.55988
1.78677
1.78827
1.86
1.85935
1.36939
1.85968
1.86
1.64826
1.58978
1.559
1.38481
1.43646
1.38945
1.89834
1.7933
1.64163
1.83371
1.85193
1.71653
1.85903
1.84709
1.62863
1.86
1.57602
1.2605
1.72512
1.11338
1.83016
1.7986
1.54982
1.74952
1.60495
1.28117
1.77879
1.82232
1.53982
1.76409
1.5193
1.85563
1.56083
1.82681
1.58705
1.39499
1.76097
1.22936
1.34934
1.33268
1.42046
1.69565
1.81723
1.33229
1.73502
1.85124
1.49997
1.85343
1.48928
1.85563
1.85563
1.85124
1.56462
1.61306
1.74388
1.62592
1.31529
1.72374
1.76007
1.34407
1.43001
1.75553
1.74101
0.619831
1.17217
1.46416
1.82166
1.78675
1.74699
1.47336
1.34374
1.26747
1.51753
1.32654
1.21182
1.26159
