1.14306
1.51833
1.16613
1.26013
1.35593
1.11082
1.29648
1.21302
1.27271
1.34568
1.55474
1.61193
1.71075
1.76923
1.58803
1.65586
1.67542
1.62142
1.74434
1.37564
1.73281
1.73756
1.68131
1.63182
1.72744
1.56472
1.76648
1.82999
1.78577
1.73495
1.57299
1.63558
1.44254
1.5179
1.54234
1.53494
1.30744
1.49284
1.49614
1.61935
1.53428
1.36725
1.61193
1.49166
1.37564
1.59512
1.76661
1.59522
1.60853
1.77062
1.69145
1.54085
1.88088
1.69094
1.6774
1.79417
1.6266
1.84954
1.79723
1.77307
1.93797
1.8291
1.90295
1.8361
1.88699
1.96102
2.01995
1.9062
1.75681
1.95328
1.94951
1.69227
1.63891
1.94258
1.94007
1.88395
1.67974
1.75411
1.68479
1.89893
1.78951
1.94198
1.94951
1.94371
1.95304
1.94951
1.93869
1.94528
1.78714
1.8539
1.74731
1.77564
1.69644
1.53428
1.5208
1.55762
1.65495
1.66328
1.19553
