1.75916
1.58412
1.73735
1.47658
1.86
1.86
1.86
1.75715
1.51608
1.43077
1.50211
1.895
1.86
1.86
1.51178
1.58789
1.77242
1.79386
1.86
1.85903
1.50623
1.85935
1.85935
1.63092
1.54251
1.58345
1.3986
1.48342
1.39798
1.91257
1.78842
1.6717
1.83457
1.85031
1.67912
1.85838
1.87151
1.65401
1.85782
1.53065
1.26193
1.72512
1.25214
1.83235
1.79957
1.54982
1.74005
1.64501
1.24291
1.77551
1.8402
1.57321
1.77543
1.6114
1.84463
1.31634
1.81227
1.48147
1.47848
1.75598
1.24127
1.57738
1.41068
1.48016
1.80787
1.83575
1.33193
1.73697
1.84683
1.53358
1.85563
1.65834
1.85563
1.85782
1.61965
1.57968
1.62959
1.75871
1.73666
1.5538
1.73027
1.7453
1.37413
1.35877
1.74765
1.71654
0.611457
1.23976
1.47673
1.48275
1.56926
1.7261
1.3666
1.38503
1.25558
1.39239
1.32112
1.31797
1.44613
