1.73715
1.70946
1.75278
1.41353
1.75715
1.86
1.85563
1.86
1.36948
1.49725
1.4772
1.77811
1.86
1.86
1.46599
1.60177
1.7933
1.80019
1.86
1.86
1.414
1.85968
1.86
1.49887
1.62736
1.62801
1.37454
1.46127
1.38301
1.89273
1.77629
1.59306
1.81961
1.85393
1.69422
1.86
1.85056
1.615
1.86
1.5708
1.27369
1.7295
1.26341
1.83671
1.7986
1.56774
1.74245
1.60956
1.26134
1.81254
1.84683
1.6186
1.75781
1.5106
1.8402
1.64863
1.84904
1.58431
1.48445
1.73471
1.25434
1.38565
1.36722
1.44868
1.6992
1.44427
1.2757
1.73235
1.85124
1.42637
1.85782
1.52584
1.85563
1.86
1.61746
1.53463
1.86
1.76631
1.6116
1.52538
1.72424
1.74245
1.33014
1.40949
1.74765
1.72927
0.989055
1.24985
1.47923
1.43081
1.79169
1.77671
1.47172
1.33005
1.24974
1.33667
1.17338
1.48129
1.33365
