0.741488
1.06738
1.22869
0.63055
0.859848
0.735378
0.933419
0.946975
1.11733
0.840537
1.09824
1.06093
1.52954
1.13092
1.42243
1.53598
1.37535
1.38392
1.54111
1.12717
1.53899
1.52423
1.45428
1.39262
1.55096
1.55688
1.2296
1.56635
1.54703
1.46142
1.41492
1.24638
1.41186
1.39208
1.36532
1.18904
1.5056
0.828614
1.36388
1.37507
1.37235
1.52304
1.47033
1.32418
1.50129
1.40144
1.41646
1.53222
1.53696
1.5573
1.54626
1.54726
1.56957
1.45109
1.58537
1.58584
1.55839
1.54019
1.53766
1.53185
1.54047
1.54674
1.54045
1.56535
1.56018
1.6252
1.63091
1.63372
1.59779
1.59949
1.57021
1.57717
1.56493
1.5409
1.54663
1.55756
1.56545
1.23932
1.27275
1.58043
1.58118
1.59624
1.61143
1.55962
1.55619
1.54309
1.5404
1.38843
1.58475
1.219
1.37113
1.21411
0.995136
1.3391
1.53672
1.4226
1.44472
1.42114
1.4118
