7,-12,1156.6741774948937
7,-12,314.942100390646
8,-12,100.0
8,-12,1374.5216199002703
8,-12,1253.0331370291774
8,-11,330.93783288788256
8,-11,913.7360897502473
8,-11,1021.1859569171377
7,-11,100.0
7,-11,550.438394429457
7,-11,1276.994744108467
7,-10,390.44143773129815
7,-10,371.19727979111116
7,-10,1800.0
6,-10,451.0032054262423
6,-10,714.2782507772423
6,-10,454.5748055220355
6,-9,621.3588554830682
6,-9,811.8420558946696
6,-9,112.65951460699966
5,-9,204.0581806433198
5,-9,730.6648621186415
5,-9,797.5649616162535
5,-8,137.32775960535815
5,-8,600.6625526679773
5,-8,455.7967748220477
4,-8,156.89967183014045
4,-8,266.2551534657793
4,-8,1709.8795759131795
4,-7,1290.1932616185666
4,-7,665.9095027472464
4,-7,558.9514012591901
3,-7,1372.4805623066902
3,-7,1143.3393202727043
3,-7,1561.6904220188321
2,-7,1104.9531360275764
2,-7,737.4860890683383
2,-7,774.631936846791
1,-7,1800.0
1,-7,250.446410685707
1,-7,873.2027660993288
1,-6,100.0
1,-6,1688.2664834377886
1,-6,554.7278571393155
0,-6,1415.4258898901514
0,-6,100.0
0,-6,747.7032683905095
-1,-6,1291.02915117632
-1,-6,651.5963473525106
-1,-6,606.6191172478859
-2,-6,325.5032313358754
-2,-6,1077.4558290039395
-2,-6,1020.6808193298095
-1,-6,428.9304250384886
-1,-6,1424.5008466984082
-1,-6,577.0033406449321
-2,-6,693.706198260876
-2,-6,160.36271703165107
-2,-6,1476.7576320553571
-2,-5,1551.6916762922915
-2,-5,1800.0
-2,-5,540.2590491620676
-2,-4,899.2567007272296
-2,-4,1031.313147659294
-2,-4,901.777650899726
-1,-4,1529.9450185248033
-1,-4,1295.0121355468323
-1,-4,1800.0
0,-4,934.7397804815641
0,-4,546.1255149988768
0,-4,1091.45449841373
0,-5,1204.3966691736593
0,-5,661.3499992359186
0,-5,370.700180082081
0,-6,547.6622566991821
0,-6,1204.3281535649633
0,-6,1597.1782436316382
0,-5,1302.012239672337
0,-5,1800.0
0,-5,471.2830374714241
-1,-5,1364.254515218858
-1,-5,885.7883046547386
-1,-5,576.4763575971291
-2,-5,798.2985214405228
-2,-5,1014.6365766464805
-2,-5,756.4249815822859
-3,-5,931.6536138471779
-3,-5,983.670872831352
-3,-5,1313.5179203339571
-4,-5,832.4455743612342
-4,-5,100.0
-4,-5,679.161205961943
-5,-5,603.7905316069852
-5,-5,1427.2087709296013
-5,-5,101.5305731365163
-5,-4,696.3305895195708
-5,-4,729.0790043786915
-5,-4,243.8416218314764
-5,-5,551.9819683595468
-5,-5,239.74088282772493
-5,-5,399.6165663659329
-6,-5,1018.1566645671298
-6,-5,455.9782529446966
-6,-5,656.4251707651381
-6,-4,985.5826140540622
-6,-4,515.3407729346997
-6,-4,686.5674519919266
-6,-5,881.6267132185035
-6,-5,1548.075684164279
-6,-5,500.56149843704475
-5,-5,496.5697123499675
-5,-5,854.4033008187682
-5,-5,1199.680468047247
-5,-4,1327.7567687446995
-5,-4,1800.0
-5,-4,673.2658193497352
-5,-5,1241.3882447075723
-5,-5,100.0
-5,-5,697.1904381343682
-5,-4,517.8000148222486
-5,-4,1014.9026647085459
-5,-4,330.7505305948536
-5,-3,1145.988716172766
-5,-3,780.6918832221388
-5,-3,666.161912651775
-5,-2,790.6139991240568
-5,-2,742.0756244088922
-5,-2,425.2212006877271
-5,-1,900.7373731836642
-5,-1,1800.0
-5,-1,1044.0818898170544
-6,-1,297.2083242979404
-6,-1,100.0
-6,-1,1800.0
-7,-1,795.3474475296252
-7,-1,829.968750757179
-7,-1,469.9422916606329
-7,-2,799.3073952551493
-7,-2,681.5949527925068
-7,-2,1046.1141643426179
-8,-2,1800.0
-8,-2,478.38923067408336
-8,-2,1001.8747515118642
-8,-1,795.9943785584676
-8,-1,1800.0
-8,-1,1141.3523566336119
-8,0,348.3072886612193
-8,0,443.0009152146552
-8,0,1800.0
-8,1,1800.0
-8,1,691.4079572445982
-8,1,1292.2607143776104
-8,0,788.0483733119786
-8,0,688.8893093456223
-8,0,542.0431723585739
-8,-1,177.44369715688356
-8,-1,814.6077591952957
-8,-1,679.8039166159641
-9,-1,134.29231947323655
-9,-1,810.7735436983143
-9,-1,1096.9667558657566
-9,-2,523.2011205134495
-9,-2,1244.6677215695283
-9,-2,653.1261132980665
-9,-3,1398.9583130646156
-9,-3,925.6516702704431
-9,-3,958.9295713362342
-10,-3,100.0
-10,-3,263.15089111124985
-10,-3,715.8682813151021
-10,-4,1800.0
-10,-4,624.1124620213226
-10,-4,766.5166513287724
-11,-4,133.6575635274238
-11,-4,654.0637543203761
-11,-4,438.6972133673106
-11,-5,288.0311779578524
-11,-5,260.2086267174466
-11,-5,765.5766778010536
-11,-6,1120.5917015537466
-11,-6,358.74811859451506
-11,-6,702.2122612478674
-11,-7,1207.289141642109
-11,-7,100.0
-11,-7,473.3549055376401
-11,-6,849.2438786417166
-11,-6,194.93265140605854
-11,-6,600.0911378657588
-11,-7,513.4021504898712
-11,-7,1800.0
-11,-7,551.1161848348648
-12,-7,278.24864225101817
-12,-7,553.6638643036152
-12,-7,542.3070202551537
-12,-8,467.1625736589101
-12,-8,100.01419065472894
-12,-8,113.0622843397897
-11,-8,278.71428746407094
-11,-8,185.03916570938566
-11,-8,919.0560873667914
-10,-8,193.54979911098195
-10,-8,164.11418778576342
-10,-8,362.82611644131146
-10,-9,702.2008247026392
-10,-9,606.344656330599
-10,-9,647.1543348199157
-11,-9,681.3057768118209
-11,-9,1204.2273580467422
-11,-9,100.0
-11,-10,100.0
-11,-10,574.0012553798095
-11,-10,528.5775421030263
-11,-11,204.5959629933954
-11,-11,100.0
-11,-11,285.6961871996448
-10,-11,292.77469960649455
-10,-11,522.2682066977274
-10,-11,100.0
-11,-11,100.0
-11,-11,843.6518469268719
-11,-11,1212.4189487813128
-10,-11,410.845011210753
-10,-11,100.0
-10,-11,410.83276609900304
-11,-11,437.5075903496213
-11,-11,302.1371595791565
-11,-11,902.2442871428019
-11,-12,100.0
-11,-12,263.71920181536535
-11,-12,437.17153495286163
-11,-13,471.9008435316049
-11,-13,100.0
-11,-13,558.7425744901918
-10,-13,1092.6220904583843
-10,-13,728.1570997569584
-10,-13,999.6647082953136
-9,-13,100.0
-9,-13,213.12991465321767
-9,-13,291.48156716908693
-10,-13,100.0
-10,-13,302.1904963912135
-10,-13,100.0
-9,-13,424.6792383703722
-9,-13,637.9106916773967
-9,-13,100.0
-8,-13,635.503671354739
-8,-13,179.42951517016667
-8,-13,155.16676104544592
-7,-13,100.0
-7,-13,305.29519094734474
-7,-13,519.9639698902496
-6,-13,593.5692615487559
-6,-13,625.73632891894
-6,-13,100.0
-6,-14,203.4231286219507
-6,-14,751.3695480232814
-6,-14,124.39522135523785
-5,-14,792.6646353407509
-5,-14,100.0
-5,-14,599.2719633007322
-4,-14,496.83471166427756
-4,-14,393.0211163777417
-4,-14,895.5604020372117
-3,-14,756.5884156342645
-3,-14,100.0
-3,-14,100.0
-2,-14,634.3093848529916
-2,-14,547.2822555635762
-2,-14,100.0
-2,-13,100.0
-2,-13,1800.0
-2,-13,542.4812791596414
-1,-13,480.09612896987005
-1,-13,578.0609080038994
-1,-13,741.8433333540949
-1,-12,1320.4340225244496
-1,-12,505.47355613005084
-1,-12,1212.9222694282587
0,-12,1040.1098982537746
0,-12,896.8129235516383
0,-12,200.5520007451446
0,-13,458.5904669314526
0,-13,476.5479956905124
0,-13,406.9493616003694
1,-13,214.885615265128
1,-13,1263.9638219530302
1,-13,100.0
0,-13,560.2974558074593
0,-13,100.0
0,-13,467.4209636204122
1,-13,539.2722202200414
1,-13,551.5225021294752
1,-13,332.18137581755025
1,-14,1229.715095146653
1,-14,1090.2027664173706
1,-14,129.9534438320569
1,-15,435.09469938075637
1,-15,376.595891547212
1,-15,399.8624145251397
1,-16,718.8412353163998
1,-16,757.1637386969153
1,-16,100.0
1,-17,738.6606684114495
1,-17,100.0
1,-17,100.0
1,-18,100.0
1,-18,100.0
1,-18,100.0
1,-19,119.64088008768786
1,-19,1800.0
1,-19,100.0
1,-20,107.64877606155524
1,-20,100.0
1,-20,139.53841989629626
2,-20,267.62440308131227
2,-20,205.7976416353858
2,-20,591.1664788428094
3,-20,100.0
3,-20,623.8818326324554
3,-20,328.94894410321467
2,-20,100.0
2,-20,100.0
2,-20,509.27008654390744
3,-20,297.15468142050776
3,-20,273.52363702763955
3,-20,355.72538879749567
4,-20,290.6432537702418
4,-20,493.55479175961034
4,-20,100.0
4,-19,510.01390408355803
4,-19,290.6378081776961
4,-19,100.0
4,-18,457.1470853274427
4,-18,100.0
4,-18,100.0
4,-17,185.81437557865948
4,-17,100.0
4,-17,100.0
4,-16,100.0
4,-16,372.28229721185636
4,-16,133.92890961242762
4,-15,956.1713917492718
4,-15,853.1503629752582
4,-15,574.4832663710338
5,-15,396.8486570585578
5,-15,246.16739171542207
5,-15,613.8273758043556
6,-15,239.43743250434028
6,-15,237.83042586501583
6,-15,1230.9628199151712
6,-14,1093.6643836138583
6,-14,801.9665886455584
6,-14,561.8903141172958
6,-13,149.31652722283957
6,-13,306.7445966687483
6,-13,425.648233294756
7,-13,100.0
7,-13,100.0
7,-13,343.11700765104445
7,-12,118.44374139760086
7,-12,910.9279365139971
7,-12,1594.5465150624502
6,-12,624.7694257382498
6,-12,1009.2205346152614
6,-12,1526.2036018212343
6,-11,316.78590573532
6,-11,430.1841819791917
6,-11,196.8186310545951
6,-12,498.36456331580075
6,-12,1058.2558240876147
6,-12,609.1085379533062
6,-11,235.64888587677098
6,-11,933.5980651370179
6,-11,569.3858026508366
6,-10,1115.2635971497464
6,-10,188.44128707166854
6,-10,100.0
7,-10,879.182573580215
7,-10,133.55455605095733
7,-10,467.5639894482557
7,-11,771.2272983736384
7,-11,1800.0
7,-11,314.61962124440066
7,-10,780.1768866843604
7,-10,341.7610651286415
7,-10,667.8622979524799
8,-10,838.397083857855
8,-10,616.8206691416373
8,-10,168.55330003527524
8,-9,100.0
8,-9,485.19083877369474
8,-9,478.3904687172861
8,-8,367.5331049984045
8,-8,315.11709489090094
8,-8,123.07824167110357
8,-7,522.0571440212136
8,-7,450.7989031211355
8,-7,1800.0
8,-8,100.0
8,-8,433.0023332065642
8,-8,289.54476122517553
9,-8,100.0
9,-8,100.0
9,-8,1800.0
9,-7,354.5961868173948
9,-7,441.10111129520146
9,-7,1240.4845745638986
9,-6,272.88992684107745
9,-6,376.51445498179663
9,-6,577.7418818208548
9,-5,100.0
9,-5,1035.3190514567502
9,-5,1800.0
9,-4,965.2489762816864
9,-4,493.06358426364704
9,-4,673.4443185556586
9,-3,250.15599776205377
9,-3,1800.0
9,-3,1009.473392676533
9,-2,785.5931854916113
9,-2,692.8626812021106
9,-2,937.6218542881111
9,-1,1298.5746305538821
9,-1,700.0418305718141
9,-1,349.24350747497874
9,0,583.2912192022688
9,0,408.1008777977574
9,0,317.87873601740466
9,1,481.0129220614335
9,1,790.3467347865885
9,1,1338.8633652054764
9,2,211.80455513667775
9,2,443.0856898824928
9,2,100.0
9,3,322.5274696183769
9,3,1266.4661771370884
9,3,1216.150581588481
9,2,520.921980334907
9,2,310.9330762401068
9,2,519.07371702552
9,3,892.367296403909
9,3,344.7252800440091
9,3,604.9221815330552
10,3,1497.6616684373917
10,3,1261.99708562996
10,3,476.6868477676599
10,4,249.29940264898067
10,4,550.7762628568879
10,4,577.3750970141309
10,5,724.1182570223982
10,5,351.88142735625826
10,5,563.6515803129844
9,5,100.0
9,5,649.6518872115712
9,5,557.2839873427506
9,4,100.0
9,4,1481.3663401895928
9,4,1079.6088215229443
9,5,613.3792126478843
9,5,102.97450701123239
9,5,725.6155798370071
9,6,987.4786319684799
9,6,879.930308064543
9,6,100.0
9,7,780.1920731716965
9,7,976.804679924112
9,7,203.26527944286602
9,8,1278.7437370557752
9,8,1096.01884416749
9,8,105.2615446668346
8,8,1511.6556541174625
8,8,492.72789547095226
8,8,1085.8782773438406
9,8,300.8823706046409
9,8,859.3974605607845
9,8,1366.4303117923273
9,9,773.9299804789543
9,9,311.3600474996354
9,9,752.0398414045843
10,9,448.94316785110453
10,9,100.0
10,9,176.72759517633403
11,9,463.6580552325298
11,9,100.0
11,9,100.0
12,9,1082.5699505452599
12,9,212.75106066649582
12,9,1330.493972343136
12,10,100.0
12,10,639.7281460621947
12,10,1032.6817873513917
12,11,506.49628069020594
12,11,393.36818048790957
12,11,1548.503812796458
12,12,100.0
12,12,100.0
12,12,276.42434046567456
11,12,447.37356488259854
11,12,285.2117057672817
11,12,146.69351942707908
