7,-12,840.6182965592459
8,-12,1729.3211229281746
8,-12,706.2395832692116
8,-11,200.0
8,-11,520.4004159525705
7,-11,1056.4254119918867
7,-11,701.8801009522224
7,-10,200.0
7,-10,958.1979630588072
6,-10,807.8213104190071
6,-10,331.84427892308474
6,-9,1012.1976129932419
6,-9,469.4752175512019
5,-9,1399.2094048451347
5,-9,738.9798835569626
5,-8,2010.0144669279875
5,-8,200.0
4,-8,973.4244665146291
4,-8,1188.62619435845
4,-7,695.6017765073567
4,-7,959.1707293453734
3,-7,891.453483785047
3,-7,1811.8273500702878
2,-7,200.0
2,-7,1241.2431360412263
1,-7,1428.6394592633499
1,-7,1793.799423614647
1,-6,1316.8506844436988
1,-6,1942.4249924675105
0,-6,839.1878540929017
0,-6,423.435450104992
-1,-6,1128.8084688295135
-1,-6,800.0330365445591
-2,-6,1476.4391217656573
-2,-6,1119.039509601493
-1,-6,2572.4110713283417
-1,-6,1239.1725507788562
-2,-6,661.1072649637982
-2,-6,899.5067617450236
-2,-5,1507.7766162563146
-2,-5,1773.4290589004574
-2,-4,969.4478796572482
-2,-4,1372.5356711882528
-1,-4,1131.4632704216235
-1,-4,771.8858862825325
0,-4,542.2812524404001
0,-4,282.3981928109183
0,-5,1121.0445831168117
0,-5,3600.0
0,-6,702.7723733656433
0,-6,2120.8581203006506
0,-5,259.39145269242874
0,-5,2610.993737486303
-1,-5,1861.7835425763362
-1,-5,1815.7952950895856
-2,-5,1109.5302668935938
-2,-5,735.2923267781028
-3,-5,1320.286812423673
-3,-5,984.0128347525891
-4,-5,200.0
-4,-5,1258.9534723562801
-5,-5,1033.0918802577019
-5,-5,1030.2380514539425
-5,-4,1369.505726967915
-5,-4,2056.3709975442507
-5,-5,1177.428872554453
-5,-5,200.0
-6,-5,200.0
-6,-5,1241.2702422709
-6,-4,625.4711384155825
-6,-4,2259.432664692819
-6,-5,2482.839572547384
-6,-5,741.3142152417324
-5,-5,2170.5580301894256
-5,-5,2178.915826616315
-5,-4,1310.7193293786893
-5,-4,435.02549876089347
-5,-5,1431.3933071585022
-5,-5,1396.4122779201464
-5,-4,1946.2450416500333
-5,-4,828.4623355032354
-5,-3,752.7363844214781
-5,-3,435.5372890306111
-5,-2,1048.9441352966965
-5,-2,1723.460489566976
-5,-1,2975.5916777768634
-5,-1,263.2547938893274
-6,-1,2436.8007268668102
-6,-1,333.0961273173584
-7,-1,1448.7168092410864
-7,-1,2308.5250326822943
-7,-2,370.41415265184514
-7,-2,1743.6389467823346
-8,-2,381.7552921872789
-8,-2,1235.2555094135223
-8,-1,2447.709613602146
-8,-1,338.25370629779434
-8,0,871.7836681923106
-8,0,1636.5816686021155
-8,1,249.3739586713292
-8,1,2065.7000765050566
-8,0,200.0
-8,0,200.0
-8,-1,200.0
-8,-1,200.0
-9,-1,1158.9863260221598
-9,-1,200.0
-9,-2,1077.788164789539
-9,-2,2226.586024051538
-9,-3,298.1039436082476
-9,-3,1123.523206655008
-10,-3,1053.1922221239486
-10,-3,385.95522056807926
-10,-4,254.96001563739082
-10,-4,880.3115244622006
-11,-4,841.2765569493099
-11,-4,816.8534168942717
-11,-5,458.59047678700404
-11,-5,1650.8687388427775
-11,-6,1259.5198684290494
-11,-6,1093.0086629034258
-11,-7,200.0
-11,-7,1902.276727395632
-11,-6,914.1902885397219
-11,-6,1138.600683490452
-11,-7,1095.634897333721
-11,-7,1141.47884864609
-12,-7,906.5384425255177
-12,-7,789.235187082229
-12,-8,369.4767777381668
-12,-8,1391.9905985916878
-11,-8,478.7320864451048
-11,-8,849.9614344035958
-10,-8,1800.1593291004056
-10,-8,421.4855806748944
-10,-9,903.6963351367424
-10,-9,200.0
-11,-9,200.0
-11,-9,479.2715247554768
-11,-10,729.5589967723622
-11,-10,582.8342572301788
-11,-11,1344.098730365412
-11,-11,624.4102880888421
-10,-11,200.0
-10,-11,200.0
-11,-11,1682.5940574008964
-11,-11,200.0
-10,-11,1055.4820040033533
-10,-11,1322.5429379877787
-11,-11,200.0
-11,-11,1661.619846155771
-11,-12,677.4061529373333
-11,-12,781.6301858721057
-11,-13,365.6625244019441
-11,-13,200.0
-10,-13,987.3014851703032
-10,-13,365.31853235946363
-9,-13,330.0118460367026
-9,-13,823.4304690672836
-10,-13,200.0
-10,-13,480.6916286860725
-9,-13,200.0
-9,-13,200.0
-8,-13,200.0
-8,-13,552.9774471642388
-7,-13,1756.2334148245031
-7,-13,1364.9957814007114
-6,-13,1048.3179348066537
-6,-13,1003.6602835272504
-6,-14,739.0903295686429
-6,-14,200.0
-5,-14,506.9763564080678
-5,-14,2851.9399117877356
-4,-14,754.5097141727155
-4,-14,1197.1275773255984
-3,-14,200.0
-3,-14,661.494031893612
-2,-14,200.0
-2,-14,700.3632343329948
-2,-13,626.1485002681576
-2,-13,2066.4250973545195
-1,-13,200.0
-1,-13,829.2965066720903
-1,-12,200.0
-1,-12,1492.9146996209033
0,-12,466.531654147168
0,-12,200.0
0,-13,200.0
0,-13,1290.9554008277562
1,-13,1203.769506901462
1,-13,1057.1639022614
0,-13,200.0
0,-13,639.1153277668438
1,-13,200.0
1,-13,724.3532301931198
1,-14,517.5254558562456
1,-14,200.0
1,-15,788.7181089308499
1,-15,200.0
1,-16,566.4018645831414
1,-16,200.0
1,-17,1945.0555115315337
1,-17,391.0096831986175
1,-18,200.0
1,-18,385.7257809495792
1,-19,723.1335176368821
1,-19,200.0
1,-20,377.2080874652731
1,-20,200.0
2,-20,200.0
2,-20,200.0
3,-20,200.0
3,-20,200.0
2,-20,357.9337509879991
2,-20,921.1711003815838
3,-20,200.0
3,-20,323.5316513474452
4,-20,827.2845692813643
4,-20,200.0
4,-19,200.0
4,-19,200.0
4,-18,996.6751336919484
4,-18,308.6856076035093
4,-17,200.0
4,-17,200.0
4,-16,595.7700445933717
4,-16,1185.841697693586
4,-15,1289.6330366124912
4,-15,200.0
5,-15,327.8059430683218
5,-15,345.89314694657253
6,-15,1369.4761189484252
6,-15,275.4496964206879
6,-14,200.0
6,-14,845.4030386040433
6,-13,934.2378547177223
6,-13,710.5486307201036
7,-13,628.4148806931048
7,-13,235.27740118333526
7,-12,200.0
7,-12,1445.7111082321271
6,-12,294.0469251166613
6,-12,1012.5691115737632
6,-11,282.38729203080425
6,-11,643.4958084402517
6,-12,246.22513257860857
6,-12,687.4497192056964
6,-11,200.0
6,-11,2045.3822816160819
6,-10,2394.772569346016
