7,-12,882.0192511365117
7,-12,536.448339967982
8,-12,555.9246999362366
8,-12,263.5876834601188
8,-12,100.0
8,-11,948.9480949654694
8,-11,621.3108344938987
8,-11,202.47251263088907
7,-11,100.0
7,-11,100.0
7,-11,297.89747828596904
7,-10,1460.0376334043194
7,-10,426.014194191452
7,-10,1008.3195381312543
6,-10,1800.0
6,-10,230.43377687013438
6,-10,100.0
6,-9,687.7654754552175
6,-9,919.4090560696696
6,-9,817.4213406741641
5,-9,727.6273570999757
5,-9,875.5327979446765
5,-9,486.05064406380654
5,-8,100.0
5,-8,100.0
5,-8,497.1387622679255
4,-8,431.6203808637737
4,-8,528.8438426251943
4,-8,190.46933904960804
4,-7,783.872474536952
4,-7,369.29830868813355
4,-7,878.7676363869466
3,-7,953.313870822912
3,-7,1800.0
3,-7,987.9417036721887
2,-7,632.5599126140846
2,-7,335.5287622607294
2,-7,1181.5951704219551
1,-7,1800.0
1,-7,210.76104539852565
1,-7,1692.1768182050794
1,-6,1350.091741836481
1,-6,1800.0
1,-6,819.1373170512196
0,-6,1104.7726010759918
0,-6,1800.0
0,-6,364.4254312881389
-1,-6,888.8187119414795
-1,-6,1045.4288596215072
-1,-6,592.4307465574192
-2,-6,1205.745156262867
-2,-6,203.4388190246749
-2,-6,718.8492519836029
-1,-6,381.2295501395254
-1,-6,347.47739872402747
-1,-6,867.0985371344832
-2,-6,992.506305525261
-2,-6,357.2581586512953
-2,-6,1580.7124455511814
-2,-5,838.6168138566679
-2,-5,476.12954955500237
-2,-5,1544.3778687310692
-2,-4,437.4445070676427
-2,-4,1800.0
-2,-4,681.0987274221521
-1,-4,1451.1582031509024
-1,-4,822.1010457913279
-1,-4,100.0
0,-4,363.05512481277145
0,-4,987.3471009009291
0,-4,1800.0
0,-5,1439.5516700081034
0,-5,700.0798718039568
0,-5,717.4541575441388
0,-6,591.9678983213465
0,-6,767.7480035959261
0,-6,1081.5816150376797
0,-5,1196.968846528523
0,-5,1800.0
0,-5,337.12243361279207
-1,-5,488.00449052618035
-1,-5,669.0133493311029
-1,-5,1122.474374775201
-2,-5,1753.6318943057636
-2,-5,1800.0
-2,-5,703.580256916351
-3,-5,324.7072488087443
-3,-5,518.0195141542407
-3,-5,1091.6187876244846
-4,-5,678.6079276508561
-4,-5,747.3707825674776
-4,-5,1761.7284922161975
-5,-5,412.787726920098
-5,-5,878.3462745600398
-5,-5,337.9539135720247
-5,-4,1032.3294461596488
-5,-4,1223.0871181705731
-5,-4,100.0
-5,-5,989.0594365555093
-5,-5,673.3960548354253
-5,-5,522.9519310265763
-6,-5,542.7851573037113
-6,-5,1097.136380967852
-6,-5,178.39697894036385
-6,-4,1280.8361487188622
-6,-4,415.79683645732507
-6,-4,744.1798957253662
-6,-5,1195.7136215318421
-6,-5,685.0858885198568
-6,-5,711.3265938504652
-5,-5,657.6742955250379
-5,-5,1800.0
-5,-5,849.6408150986738
-5,-4,618.2333145485367
-5,-4,473.6080421328593
-5,-4,554.4050127966473
-5,-5,1132.030756407534
-5,-5,435.94782990625924
-5,-5,1800.0
-5,-4,741.2753276929983
-5,-4,741.8190435230338
-5,-4,1800.0
-5,-3,935.94988023799
-5,-3,126.43055544795732
-5,-3,527.592241958313
-5,-2,931.245316460984
-5,-2,845.8219437401451
-5,-2,768.7266601421258
-5,-1,542.9182030346881
-5,-1,435.96811347104665
-5,-1,861.9871872620892
-6,-1,281.55187257081604
-6,-1,100.0
-6,-1,1474.0993757325268
-7,-1,262.80736853779587
-7,-1,365.9498357382637
-7,-1,1535.0865684804323
-7,-2,586.1228320181013
-7,-2,1155.7930785205522
-7,-2,785.9781654330226
-8,-2,503.2799040817806
-8,-2,1129.844589208894
-8,-2,486.8724246327595
-8,-1,910.0832736939379
-8,-1,1800.0
-8,-1,633.2332994169797
-8,0,1800.0
-8,0,1537.5807687597555
-8,0,181.4406916256973
-8,1,570.1196150615649
-8,1,455.86546241469244
-8,1,761.5488570994108
-8,0,354.57381781224063
-8,0,225.57506209448047
-8,0,1281.108508625522
-8,-1,730.7570512055117
-8,-1,1095.5228999183125
-8,-1,1434.6906040206852
-9,-1,652.8324271989728
-9,-1,543.9536712144425
-9,-1,639.0769854010389
-9,-2,1375.8309834108027
-9,-2,303.43585892343947
-9,-2,394.58898262462935
-9,-3,128.38909869678702
-9,-3,321.67630308888545
-9,-3,385.30680798551055
-10,-3,615.8398932078135
-10,-3,100.0
-10,-3,1099.9682353681064
-10,-4,567.6326492834315
-10,-4,322.1418942147617
-10,-4,753.3603230048338
-11,-4,324.3856417467209
-11,-4,332.3664739868405
-11,-4,1194.5894949819944
-11,-5,196.8462387864358
-11,-5,100.0
-11,-5,260.6180573197872
-11,-6,463.2524994557699
-11,-6,492.19872106227444
-11,-6,100.0
-11,-7,615.7897383784455
-11,-7,476.5354895913458
-11,-7,339.5808309889734
-11,-6,100.0
-11,-6,615.9109263541727
-11,-6,359.02741757342613
-11,-7,457.5841333970707
-11,-7,477.1299190110941
-11,-7,1588.9699455081875
-12,-7,665.9991347440609
-12,-7,598.1710520224037
-12,-7,536.3490688937218
-12,-8,100.0
-12,-8,198.7950007706332
-12,-8,1797.8591197221995
-11,-8,556.3027453600323
-11,-8,100.0
-11,-8,932.4980568042506
-10,-8,1800.0
-10,-8,1482.6603145652894
-10,-8,100.0
-10,-9,100.0
-10,-9,100.0
-10,-9,126.01029833832786
-11,-9,396.06586468697526
-11,-9,175.5493647845064
-11,-9,745.286564627216
-11,-10,1087.1106248514993
-11,-10,1800.0
-11,-10,315.04312003724885
-11,-11,241.50640255241876
-11,-11,1800.0
-11,-11,1669.7798697292785
-10,-11,256.0976025471956
-10,-11,104.04448802809213
-10,-11,652.8252351948782
-11,-11,100.0
-11,-11,716.4015966387385
-11,-11,100.0
-10,-11,797.514131096518
-10,-11,860.7357939177928
-10,-11,471.9748946204809
-11,-11,100.0
-11,-11,408.35276136723917
-11,-11,838.2925248028714
-11,-12,487.0469508311947
-11,-12,729.3772394675423
-11,-12,414.1556266441177
-11,-13,100.0
-11,-13,100.0
-11,-13,401.32609996376823
-10,-13,100.0
-10,-13,167.8432137889044
-10,-13,100.0
-9,-13,580.1493312159785
-9,-13,100.0
-9,-13,621.9048472676676
-10,-13,533.3887145989307
-10,-13,1380.5036580877472
-10,-13,242.88097797261068
-9,-13,468.947707588303
-9,-13,100.0
-9,-13,220.9313901798339
-8,-13,1107.481236070301
-8,-13,533.2062587445712
-8,-13,431.9782915527436
-7,-13,652.7819855734695
-7,-13,100.0
-7,-13,126.62676927910167
-6,-13,268.2103863396136
-6,-13,462.1088999885608
-6,-13,402.1389877009835
-6,-14,1739.937857128993
-6,-14,702.2665252552958
-6,-14,546.449172078828
-5,-14,411.6675028512158
-5,-14,643.1979080125765
-5,-14,1026.1413716904663
-4,-14,1800.0
-4,-14,780.8228402780799
-4,-14,373.58036693659574
-3,-14,615.7618868864198
-3,-14,276.84043655763185
-3,-14,157.5582226526331
-2,-14,650.3673058564441
-2,-14,280.804685753341
-2,-14,100.0
-2,-13,578.679420586714
-2,-13,958.9653839795722
-2,-13,633.7940518147984
-1,-13,510.9559613970368
-1,-13,234.92553372287958
-1,-13,791.4511754724394
-1,-12,216.89367979206352
-1,-12,773.1083499883617
-1,-12,527.1594148061187
0,-12,725.1614249362624
0,-12,1260.1374144837305
0,-12,100.0
0,-13,275.25513170400757
0,-13,245.4820167305419
0,-13,1444.2068636364847
1,-13,100.0
1,-13,102.03948131108234
1,-13,1115.0465447194208
0,-13,399.62064428286857
0,-13,728.6201165545946
0,-13,135.40615655984368
1,-13,190.8791108473561
1,-13,513.0358292108203
1,-13,100.0
1,-14,100.0
1,-14,585.3832426486335
1,-14,529.3519184143544
1,-15,807.9747210241079
1,-15,100.0
1,-15,250.62882081120725
1,-16,287.67120954736265
1,-16,225.55098776707823
1,-16,133.4211416448328
1,-17,296.8911552380656
1,-17,100.0
1,-17,100.0
1,-18,100.0
1,-18,564.4403298293828
1,-18,700.9007151780538
1,-19,323.14224474680043
1,-19,219.9045457136418
1,-19,167.62140470094448
1,-20,100.0
1,-20,298.4125447311433
1,-20,100.0
2,-20,213.4728845510138
2,-20,827.7589874572988
2,-20,868.2238343988167
3,-20,1104.6148898304286
3,-20,1135.9378116678256
3,-20,100.0
2,-20,270.19811996617756
2,-20,100.0
2,-20,119.11397067686343
3,-20,556.2909531226079
3,-20,100.0
3,-20,100.0
4,-20,100.0
4,-20,545.0034802551816
4,-20,311.5523821778035
4,-19,100.0
4,-19,485.460430960157
4,-19,100.0
4,-18,289.5586534790475
4,-18,624.1333932741766
4,-18,100.0
4,-17,100.0
4,-17,563.8477634922767
4,-17,100.0
4,-16,100.0
4,-16,509.1248380788985
4,-16,634.3732419790115
4,-15,537.359888839223
4,-15,116.59307966724668
4,-15,1800.0
5,-15,368.5741915596278
5,-15,100.0
5,-15,475.94764296109906
6,-15,100.0
6,-15,1254.5029324892143
6,-15,100.0
6,-14,608.3341882136947
6,-14,560.69697720924
6,-14,467.40070364097636
6,-13,100.0
6,-13,1606.3030102877783
6,-13,422.1479728821369
7,-13,164.30601663705733
7,-13,297.61300416654956
7,-13,489.72779085356854
7,-12,587.8393319838699
7,-12,792.585604257569
7,-12,363.22165711996877
6,-12,835.396235487841
6,-12,100.0
6,-12,316.66820497934947
6,-11,263.42647789583714
6,-11,904.3428434754592
6,-11,356.4157826036893
6,-12,875.4408653892771
6,-12,440.6775964847289
6,-12,1520.4460932689135
6,-11,100.0
6,-11,385.11869806172245
6,-11,901.0007417818798
6,-10,630.100626843376
6,-10,1144.4904488985999
6,-10,757.9842517960874
7,-10,303.4954389536217
7,-10,165.18750860478883
7,-10,1800.0
7,-11,105.9174914418345
7,-11,921.8334216093266
7,-11,618.6365121644085
7,-10,808.6776620763084
7,-10,861.2345463700547
7,-10,415.3534611097726
8,-10,614.7852167233215
8,-10,1465.6133463912586
8,-10,911.7418291119292
8,-9,374.9329360798641
8,-9,1800.0
8,-9,417.5346844553916
8,-8,493.91002654221154
8,-8,385.1526637950915
8,-8,333.03708171142125
8,-7,230.75691929570468
8,-7,209.82890659884927
8,-7,1800.0
8,-8,509.245917673534
8,-8,100.0
8,-8,611.815304573385
9,-8,455.50540946672334
9,-8,400.84623828601957
9,-8,785.344628947561
9,-7,300.907735134519
9,-7,422.1062661644007
9,-7,392.48087202750185
9,-6,483.49346095824046
9,-6,228.5292629512706
9,-6,100.0
9,-5,134.35486523705214
9,-5,518.0412510743832
9,-5,374.5692657307356
9,-4,456.75628910448495
9,-4,1056.2442532366747
9,-4,762.7705240523848
9,-3,625.7492409181222
9,-3,825.5181893058223
9,-3,652.3061586654887
9,-2,1191.969376914697
9,-2,796.5760011513847
9,-2,754.4111934367312
9,-1,359.13244401443035
9,-1,876.2909073764407
9,-1,332.2391084785692
9,0,1024.3388216828305
9,0,1184.2411542073467
9,0,535.9213952977697
9,1,717.8488740800029
9,1,816.5845894199551
9,1,908.0924606122894
9,2,927.3004568483167
9,2,517.8221136363285
9,2,267.94671269070477
9,3,1517.1510190440645
9,3,565.7683660541319
9,3,1135.9005295395802
9,2,523.1233594679026
9,2,1521.7055324076318
9,2,668.7697728371556
9,3,548.7659864714346
9,3,349.24737907570915
9,3,1122.642220695816
10,3,100.0
10,3,648.8939798496644
10,3,1370.1429029954363
10,4,563.3675295942239
10,4,288.8904961585132
10,4,163.6306583205361
10,5,1800.0
10,5,942.5317618025911
10,5,254.74440472445497
9,5,714.6046896124561
9,5,256.4571580273772
9,5,543.6629653700832
9,4,545.1074613923153
9,4,809.4424575832932
9,4,100.0
9,5,409.0941321464933
9,5,932.2654971317342
9,5,706.1605459950446
9,6,411.0062950996771
9,6,139.80009267218068
9,6,485.36171801385836
9,7,561.5248209146775
9,7,173.8488139309308
9,7,923.4155844248919
9,8,438.84012820167084
9,8,656.09694230747
9,8,355.9449617361442
8,8,100.0
8,8,1254.241257194497
8,8,1295.2363675377414
9,8,1800.0
9,8,680.1267491821045
9,8,100.0
9,9,100.0
9,9,100.0
9,9,140.63592198407616
10,9,432.56280419455607
10,9,487.06598260729544
10,9,377.2033540296759
11,9,352.40671116247364
11,9,100.0
11,9,134.7583106598083
12,9,340.8314900282929
12,9,563.6249035641007
12,9,441.4520579282363
12,10,100.0
12,10,100.0
12,10,100.0
12,11,100.0
12,11,100.0
12,11,117.52722014871017
12,12,384.4256938009155
12,12,100.0
12,12,100.0
11,12,100.0
11,12,440.1634479620146
11,12,100.0
