7,-12,533.7818765143616
7,-12,100.0
8,-12,353.2807185749511
8,-12,316.77646805244024
8,-12,767.4099915456603
8,-11,399.6734876574455
8,-11,1800.0
8,-11,437.83187300201496
7,-11,338.5989195915436
7,-11,1800.0
7,-11,621.7380268750697
7,-10,415.57808046296503
7,-10,434.05864382736354
7,-10,740.5690948600786
6,-10,911.4266687032155
6,-10,556.9690112451385
6,-10,1760.4074686194776
6,-9,576.4924718793504
6,-9,152.90675728843192
6,-9,902.9747100409096
5,-9,750.5891511062455
5,-9,392.6907235775737
5,-9,1800.0
5,-8,100.0
5,-8,768.5416862604088
5,-8,455.97625307996464
4,-8,1104.0542468191802
4,-8,186.27177456430604
4,-8,377.15763396161407
4,-7,1515.8032041254698
4,-7,663.9705383856954
4,-7,1240.7701158332802
3,-7,1326.1378448021196
3,-7,439.3656973249549
3,-7,928.9505489702549
2,-7,605.8597851496468
2,-7,1108.733123847307
2,-7,628.1668594466687
1,-7,710.5144373709685
1,-7,146.41928073098666
1,-7,313.62966862048927
1,-6,638.7135476117893
1,-6,1211.642647035722
1,-6,544.9585137875589
0,-6,1652.7534349220387
0,-6,704.296010762456
0,-6,571.0432823775545
-1,-6,1800.0
-1,-6,869.1695273846718
-1,-6,1014.8123677750909
-2,-6,580.5111879083279
-2,-6,565.2109227316262
-2,-6,523.904478041802
-1,-6,1242.3887750318079
-1,-6,852.5698617005696
-1,-6,632.2807806250365
-2,-6,1800.0
-2,-6,789.2308746641554
-2,-6,1005.6019102914576
-2,-5,695.7284373253415
-2,-5,1787.7772527336683
-2,-5,1800.0
-2,-4,1800.0
-2,-4,221.96131922759332
-2,-4,908.4194591975888
-1,-4,1178.3096421215814
-1,-4,805.0855299959877
-1,-4,467.60080769696333
0,-4,1800.0
0,-4,521.2106725184517
0,-4,314.6249510305653
0,-5,1628.2242444797712
0,-5,487.9322055511065
0,-5,1060.1916687411267
0,-6,1239.313631434131
0,-6,392.2123986722528
0,-6,401.60640739898923
0,-5,515.463397350074
0,-5,1466.3980999858534
0,-5,480.7215837955598
-1,-5,678.4216832313354
-1,-5,418.9325302640101
-1,-5,1232.631362192158
-2,-5,768.1653009106511
-2,-5,890.9214869145579
-2,-5,426.6388870261146
-3,-5,441.35215617778147
-3,-5,479.99783058136074
-3,-5,985.1591616641958
-4,-5,432.00366657456095
-4,-5,875.4309016451264
-4,-5,676.3691247843834
-5,-5,842.033043389565
-5,-5,732.9332961651374
-5,-5,761.897066734695
-5,-4,262.14735457459824
-5,-4,1535.055271872444
-5,-4,595.5885884008362
-5,-5,955.2212722044276
-5,-5,1066.9391785518387
-5,-5,519.7832893919788
-6,-5,889.3892706652825
-6,-5,507.3592472375225
-6,-5,418.8518283157421
-6,-4,1004.4539309450363
-6,-4,1800.0
-6,-4,274.3304935759696
-6,-5,819.234185741517
-6,-5,372.14855345579304
-6,-5,630.000083656463
-5,-5,1322.7180420774332
-5,-5,100.0
-5,-5,1331.8707627819506
-5,-4,569.2747777249929
-5,-4,842.6805000588686
-5,-4,1344.8111788124527
-5,-5,737.3536756263172
-5,-5,1070.2279098374336
-5,-5,415.4713051426709
-5,-4,625.3495566763729
-5,-4,506.3598629219467
-5,-4,693.6232902308271
-5,-3,519.8787726167758
-5,-3,1254.2602177517354
-5,-3,1066.704746590526
-5,-2,729.2138671071423
-5,-2,681.3169642070693
-5,-2,542.4178552252276
-5,-1,1659.3572014785982
-5,-1,1405.6954244561903
-5,-1,982.1090466863077
-6,-1,789.5925066760593
-6,-1,1050.957433714178
-6,-1,891.6923149068807
-7,-1,476.76559481299495
-7,-1,1399.798727883115
-7,-1,352.7940168004327
-7,-2,762.8994707708792
-7,-2,1800.0
-7,-2,1800.0
-8,-2,374.2713249042716
-8,-2,287.9596586637613
-8,-2,1483.6296861563583
-8,-1,651.3045922079162
-8,-1,454.7473739455192
-8,-1,591.6173879653136
-8,0,825.8994279009553
-8,0,208.9418060645246
-8,0,1131.1852509329437
-8,1,226.04073102483173
-8,1,1776.6553337363216
-8,1,670.4207332238382
-8,0,1178.0534456037226
-8,0,384.77535288529486
-8,0,1198.0869249824389
-8,-1,440.21526748997803
-8,-1,894.0497342220735
-8,-1,363.8758819002181
-9,-1,896.4301374104216
-9,-1,694.985156684762
-9,-1,219.50608099375233
-9,-2,100.0
-9,-2,1154.4987384063731
-9,-2,263.4461481197699
-9,-3,502.71578809904116
-9,-3,223.94463844460168
-9,-3,668.7730999360642
-10,-3,443.51056906076354
-10,-3,727.0609092504543
-10,-3,644.9996605923411
-10,-4,381.06048947999824
-10,-4,1172.3922525391001
-10,-4,177.59991659942474
-11,-4,430.6795683341096
-11,-4,598.0601745710412
-11,-4,1450.3370644748975
-11,-5,612.6757343116877
-11,-5,975.509796634257
-11,-5,147.57830072682873
-11,-6,236.57480956066996
-11,-6,375.0448152320622
-11,-6,214.13023730767793
-11,-7,1185.818716455965
-11,-7,915.5922776848927
-11,-7,641.7285726262887
-11,-6,100.0
-11,-6,196.43855953565563
-11,-6,1800.0
-11,-7,511.4428504186385
-11,-7,1072.006313183984
-11,-7,292.22473523350834
-12,-7,100.0
-12,-7,856.0055048690251
-12,-7,601.1150843288483
-12,-8,179.5317689517576
-12,-8,820.1870255077797
-12,-8,760.4006031382149
-11,-8,1382.5021373781562
-11,-8,100.0
-11,-8,466.24777261661905
-10,-8,1369.0137697444304
-10,-8,313.0697700176454
-10,-8,1209.1589562816316
-10,-9,426.28302877225565
-10,-9,277.7561150323819
-10,-9,478.4226421116193
-11,-9,372.1221283167963
-11,-9,638.3494148924507
-11,-9,484.28854932931694
-11,-10,167.3882097445328
-11,-10,478.5044317636226
-11,-10,873.9215354986648
-11,-11,1074.532579969257
-11,-11,1663.88524796514
-11,-11,807.1961924750798
-10,-11,221.33574492083198
-10,-11,1439.945340096973
-10,-11,1024.6131424982361
-11,-11,223.59603306192705
-11,-11,100.0
-11,-11,100.0
-10,-11,486.3621548023427
-10,-11,685.199851042257
-10,-11,137.37078787209555
-11,-11,100.0
-11,-11,473.2361805685788
-11,-11,1115.238196835709
-11,-12,788.9858756216355
-11,-12,100.0
-11,-12,783.043081912336
-11,-13,899.4281373217483
-11,-13,251.3907425697784
-11,-13,781.2923039072647
-10,-13,412.24870069163956
-10,-13,100.0
-10,-13,582.9780223591106
-9,-13,778.8372914650907
-9,-13,487.84877637801384
-9,-13,847.270786129748
-10,-13,387.52976234452456
-10,-13,803.1159362447722
-10,-13,206.7198419183204
-9,-13,119.14664748899787
-9,-13,119.0652687620032
-9,-13,100.0
-8,-13,302.8624080820164
-8,-13,512.2925882096754
-8,-13,509.46823396298123
-7,-13,460.50958106803705
-7,-13,600.2957093139446
-7,-13,193.04396091909646
-6,-13,1289.7046992939158
-6,-13,184.19270935966082
-6,-13,100.0
-6,-14,100.0
-6,-14,465.1661408105126
-6,-14,625.9609883901908
-5,-14,433.03957617566437
-5,-14,100.0
-5,-14,395.05070893195415
-4,-14,408.6589361035525
-4,-14,252.6454129295161
-4,-14,456.4776808237292
-3,-14,647.5294506918955
-3,-14,100.0
-3,-14,1016.259279416813
-2,-14,100.0
-2,-14,141.83254749300698
-2,-14,349.4645189068095
-2,-13,106.17699751753952
-2,-13,571.536215667189
-2,-13,222.14246365943745
-1,-13,1140.488657883367
-1,-13,1003.0464560009689
-1,-13,471.4842238085215
-1,-12,496.44275576155337
-1,-12,771.9771874246157
-1,-12,630.2531518599885
0,-12,1800.0
0,-12,1296.0435550543489
0,-12,100.0
0,-13,100.0
0,-13,299.30345643832413
0,-13,955.3359500793285
1,-13,641.9383992907594
1,-13,759.0598017308535
1,-13,791.1098871279712
0,-13,487.52497841766206
0,-13,189.97889098979567
0,-13,1344.197346756199
1,-13,728.9730593805796
1,-13,294.47710608992014
1,-13,193.98605650284327
1,-14,406.97702225301214
1,-14,276.9514457094911
1,-14,416.00578314851725
1,-15,1405.1531051864104
1,-15,100.0
1,-15,100.0
1,-16,839.4332014656039
1,-16,100.0
1,-16,171.18668254573655
1,-17,537.3195065623886
1,-17,294.4913270528932
1,-17,1005.066695793607
1,-18,100.0
1,-18,225.53056223175705
1,-18,100.0
1,-19,908.9558647925286
1,-19,241.51986057113595
1,-19,769.8245759189298
1,-20,479.5982939784774
1,-20,397.365643420115
1,-20,100.0
2,-20,100.0
2,-20,294.8461846582554
2,-20,532.7812622135781
3,-20,913.7942036923585
3,-20,555.2165342255142
3,-20,235.18848351301656
2,-20,100.0
2,-20,528.781868006501
2,-20,435.34046770284783
3,-20,100.0
3,-20,545.3793361127823
3,-20,100.0
4,-20,900.0726052242039
4,-20,362.69813273361524
4,-20,1540.8130586086027
4,-19,513.4703178230686
4,-19,100.0
4,-19,176.10957648886773
4,-18,217.9654440178693
4,-18,962.0094096256802
4,-18,192.26714464744612
4,-17,1305.4698131241225
4,-17,1800.0
4,-17,100.0
4,-16,184.14451851208938
4,-16,327.0587631675867
4,-16,100.0
4,-15,408.1365290110556
4,-15,428.10618388263276
4,-15,446.493208019195
5,-15,100.0
5,-15,508.55544006467863
5,-15,636.882699426263
6,-15,100.0
6,-15,109.73744397320507
6,-15,138.59493058899216
6,-14,1002.1072221333461
6,-14,883.9615268643388
6,-14,100.0
6,-13,351.3229513964168
6,-13,100.0
6,-13,615.4094711686325
7,-13,624.5665782506185
7,-13,577.59939727228
7,-13,443.36624885052066
7,-12,546.9121510927763
7,-12,214.16331344543477
7,-12,1527.2687613805017
6,-12,1800.0
6,-12,320.3035917483129
6,-12,251.45412774460965
6,-11,508.71579537397645
6,-11,612.5678187700223
6,-11,1800.0
6,-12,592.3683414701557
6,-12,957.81722261352
6,-12,858.8585449611244
6,-11,139.09874973143312
6,-11,322.6214927705756
6,-11,691.8972296077916
6,-10,423.8406363431307
6,-10,379.04111063784785
6,-10,549.0115579745998
7,-10,956.5338054295621
7,-10,1004.4056711013002
7,-10,100.0
7,-11,121.57255051993425
7,-11,870.3975043320922
7,-11,300.85570449436347
7,-10,1388.2967298901085
7,-10,712.5040830779066
7,-10,100.0
8,-10,564.8946801055628
8,-10,155.86104896468842
8,-10,395.0630745141795
8,-9,201.6617839288566
8,-9,302.3023649557465
8,-9,731.0636041989694
8,-8,1032.0934460777662
8,-8,1516.739966328889
8,-8,778.2582450978795
8,-7,303.7462283694492
8,-7,436.0469008506028
8,-7,960.1913114332145
8,-8,407.36837872767916
8,-8,100.0
8,-8,363.7777896234968
9,-8,400.1366597202104
9,-8,1143.7897983390972
9,-8,640.4087250119059
9,-7,252.02440604256554
9,-7,1800.0
9,-7,100.0
9,-6,135.58471440328583
9,-6,100.0
9,-6,100.0
9,-5,177.89144030778016
9,-5,615.8525892727213
9,-5,532.4601229026983
9,-4,353.213096243135
9,-4,217.54276725192662
9,-4,1770.0683725914391
9,-3,293.2264240267826
9,-3,663.9091604067174
9,-3,187.07104669621162
9,-2,569.6182574105884
9,-2,947.0978748618973
9,-2,1181.6261083200193
9,-1,1350.2991162705262
9,-1,775.8529522948525
9,-1,630.6238636519013
9,0,811.3678723208033
9,0,447.190055129908
9,0,315.3068277738813
9,1,1800.0
9,1,352.4929128852067
9,1,819.5593647308712
9,2,1300.013204575182
9,2,583.3234593458926
9,2,544.9906234561068
9,3,289.02156334229045
9,3,998.4399156450881
9,3,1800.0
9,2,290.5115061231969
9,2,303.200333176119
9,2,1140.6237768005517
9,3,344.6412608822543
9,3,981.5109786097631
9,3,480.3649871244985
10,3,549.4752878968521
10,3,405.6974313602693
10,3,574.9370541426347
10,4,175.40516108784993
10,4,212.3782134536962
10,4,146.2269691951315
10,5,976.2788923339415
10,5,1036.9236013620446
10,5,100.0
9,5,1316.5591212362701
9,5,400.63528108888164
9,5,240.13829373059824
9,4,967.285418427216
9,4,772.3184091550249
9,4,1013.8050451587235
9,5,333.46474146125786
9,5,378.14824492048047
9,5,367.617760567789
9,6,670.1311256550949
9,6,916.1356636681628
9,6,483.81629105628554
9,7,477.0327550942851
9,7,291.4136141195243
9,7,819.7687923783809
9,8,865.4772222496927
9,8,146.26056719862527
9,8,272.9720890011571
8,8,864.4399034998332
8,8,613.0940768995163
8,8,1113.6990849423814
9,8,199.03751102321235
9,8,100.0
9,8,598.6382330598794
9,9,215.37913830365432
9,9,1759.7124910688776
9,9,780.3654668034891
10,9,100.0
10,9,100.0
10,9,364.5379199540819
11,9,365.990019045237
11,9,100.0
11,9,1525.7352312463786
12,9,649.8318331830849
12,9,125.44833982181063
12,9,311.3551332767771
12,10,100.0
12,10,100.0
12,10,100.0
12,11,129.66084396261817
12,11,514.0146567556892
12,11,564.2763663042394
12,12,194.5062348876073
12,12,327.0438524352833
12,12,100.0
11,12,543.9871096088771
11,12,276.7646035690568
11,12,100.0
