7,-12,1178.4478962922035
8,-12,1098.6396360727927
8,-12,985.0368256473628
8,-11,1432.4598872141732
8,-11,610.8030330789528
7,-11,200.0
7,-11,200.0
7,-10,923.5749488828963
7,-10,447.7969020831422
6,-10,200.0
6,-10,603.3058666279564
6,-9,200.0
6,-9,751.7169733350904
5,-9,931.7956906123956
5,-9,1453.4824199927848
5,-8,1234.6217688044658
5,-8,1509.9014598358394
4,-8,2978.455482303437
4,-8,1857.895925890437
4,-7,937.1521980157287
4,-7,3600.0
3,-7,200.0
3,-7,1840.848147342561
2,-7,1452.5752749372584
2,-7,577.0309096143163
1,-7,200.0
1,-7,1296.030900579682
1,-6,921.0747062199346
1,-6,591.3447504180747
0,-6,2026.3395145717864
0,-6,1507.162489951143
-1,-6,2022.5903591985357
-1,-6,598.099666293132
-2,-6,1624.128247950177
-2,-6,1100.5500849268426
-1,-6,1254.7724011357059
-1,-6,1937.6932244710376
-2,-6,1472.8202029985096
-2,-6,1846.8994737302714
-2,-5,1371.9282674193626
-2,-5,639.3334678578019
-2,-4,315.12294641823246
-2,-4,749.2402326241986
-1,-4,200.0
-1,-4,1556.5802264342267
0,-4,874.9751783345578
0,-4,1174.999262598111
0,-5,1362.8925082828296
0,-5,1693.0312042615533
0,-6,770.9406849057159
0,-6,502.6173057595381
0,-5,2957.646963478941
0,-5,2174.5659823830583
-1,-5,2146.514421767682
-1,-5,899.4499773113694
-2,-5,339.8017048285899
-2,-5,976.3462483173423
-3,-5,1334.2509943594384
-3,-5,1620.2545365616218
-4,-5,2229.4347768623384
-4,-5,1450.126552055098
-5,-5,604.1159910229721
-5,-5,1320.0201741749108
-5,-4,512.0414860389071
-5,-4,1569.902391311406
-5,-5,472.5398015310602
-5,-5,1476.0979041134788
-6,-5,1451.8372343575545
-6,-5,2015.6947680740454
-6,-4,907.5131596177378
-6,-4,1880.5898575951492
-6,-5,782.5633613257767
-6,-5,2837.681643806084
-5,-5,980.0709367420865
-5,-5,789.1088709792823
-5,-4,1008.7009682239108
-5,-4,1501.315276338416
-5,-5,1450.1576477423341
-5,-5,431.3669517633225
-5,-4,1458.649540271442
-5,-4,1673.3126908034583
-5,-3,1330.8092941299194
-5,-3,1107.5127300248341
-5,-2,1384.1445832750144
-5,-2,1289.175077919773
-5,-1,2095.6208294482235
-5,-1,457.53340981778024
-6,-1,397.09438647804893
-6,-1,929.8603945802546
-7,-1,1777.056497037649
-7,-1,700.5497696515804
-7,-2,1844.3984160258965
-7,-2,632.9742459818971
-8,-2,1314.0463151927497
-8,-2,1021.5704846024177
-8,-1,1030.7733358433077
-8,-1,449.09935556613027
-8,0,330.8844308933601
-8,0,1310.3245498621618
-8,1,1080.0441239803172
-8,1,775.4339521501591
-8,0,1662.2411041808316
-8,0,200.0
-8,-1,2953.3761305748017
-8,-1,748.27616592497
-9,-1,409.4914685968506
-9,-1,925.4943730330266
-9,-2,1908.268011051049
-9,-2,1796.0688411386452
-9,-3,2429.9307457739383
-9,-3,1063.9321849933474
-10,-3,1227.1502743999815
-10,-3,890.5580139579645
-10,-4,985.7183614879012
-10,-4,564.1886314831994
-11,-4,1655.4568971521117
-11,-4,758.4039183882091
-11,-5,391.7640465796318
-11,-5,845.3524851695652
-11,-6,200.0
-11,-6,200.0
-11,-7,200.0
-11,-7,200.0
-11,-6,1024.7678170874146
-11,-6,1537.435352487188
-11,-7,242.5208852660973
-11,-7,1480.195312267991
-12,-7,1371.1781371607058
-12,-7,749.191926134504
-12,-8,200.0
-12,-8,797.981177397769
-11,-8,1338.6739298777866
-11,-8,345.3772238837495
-10,-8,609.7936749696742
-10,-8,402.0787976288004
-10,-9,451.2514677223409
-10,-9,1022.019636472877
-11,-9,427.74061026285744
-11,-9,1174.4402463842346
-11,-10,200.0
-11,-10,859.0613450255787
-11,-11,612.1780498616738
-11,-11,200.0
-10,-11,1648.6222112045284
-10,-11,917.545576717458
-11,-11,625.0762261762122
-11,-11,990.5287330187758
-10,-11,900.9197228055787
-10,-11,200.0
-11,-11,2786.95230139675
-11,-11,200.0
-11,-12,970.4104158586002
-11,-12,283.1835266931613
-11,-13,200.0
-11,-13,200.0
-10,-13,200.0
-10,-13,200.0
-9,-13,718.0791661265372
-9,-13,817.4800199306189
-10,-13,456.25014073624385
-10,-13,1806.7068561029482
-9,-13,1448.384342511798
-9,-13,1534.7257560232458
-8,-13,1048.3720380217185
-8,-13,1848.9827117662621
-7,-13,1555.992863030843
-7,-13,493.4545086900068
-6,-13,451.4347162734996
-6,-13,1475.1072353255618
-6,-14,1585.8786858281287
-6,-14,800.9534524163471
-5,-14,721.6583885548578
-5,-14,200.0
-4,-14,1009.7372864673164
-4,-14,200.0
-3,-14,947.6596196379187
-3,-14,200.0
-2,-14,357.31107296605
-2,-14,1041.4076211863571
-2,-13,322.93162704687774
-2,-13,1630.2223097903268
-1,-13,2570.334155501674
-1,-13,308.4722303318609
-1,-12,745.1852028923703
-1,-12,991.6729786462131
0,-12,3446.270405973093
0,-12,252.54123923417518
0,-13,258.7253871531528
0,-13,200.0
1,-13,1045.5000844186027
1,-13,1135.1418856395292
0,-13,2132.9920695377823
0,-13,795.9539505330542
1,-13,1017.5562923865257
1,-13,355.43929831911055
1,-14,200.0
1,-14,312.83779573085894
1,-15,200.0
1,-15,200.0
1,-16,289.70525432183246
1,-16,1285.6754685310907
1,-17,200.0
1,-17,518.096906908549
1,-18,1416.1741684738715
1,-18,200.0
1,-19,378.9882031465557
1,-19,200.0
1,-20,200.0
1,-20,202.77568685745706
2,-20,200.0
2,-20,200.0
3,-20,200.0
3,-20,200.0
2,-20,948.1554984756403
2,-20,200.0
3,-20,1067.1618311345499
3,-20,968.0554986855037
4,-20,200.0
4,-20,200.0
4,-19,200.0
4,-19,200.0
4,-18,200.0
4,-18,267.4313788834572
4,-17,200.0
4,-17,200.0
4,-16,200.0
4,-16,200.0
4,-15,200.0
4,-15,200.0
5,-15,844.3007181709354
5,-15,574.9662206894185
6,-15,853.0004387808337
6,-15,2225.2202271767956
6,-14,307.5977668000394
6,-14,933.456397158181
6,-13,415.4058910960842
6,-13,200.0
7,-13,1028.2767155025751
7,-13,773.5968569658687
7,-12,200.0
7,-12,1129.426164766301
6,-12,1159.7134567115147
6,-12,1596.5347907170362
6,-11,785.0698403557011
6,-11,200.0
6,-12,200.0
6,-12,200.0
6,-11,2005.0171729534482
6,-11,736.8082180655676
6,-10,200.0
