2.59295
2.24223
1.93671
2.28639
2.47277
2.24355
2.3032
2.37021
2.48608
2.66979
2.74726
2.74958
2.76277
2.76916
2.76916
2.76704
2.76916
2.76704
2.76916
2.76704
2.76061
2.75392
2.74071
2.71512
2.66038
2.56799
2.55761
2.70443
2.7363
2.83531
2.76916
2.76491
2.76916
2.76491
2.74938
2.68014
2.56499
2.2763
2.07189
2.08858
1.98788
1.82702
1.94569
1.98764
2.07622
2.1467
2.31822
2.49262
2.61682
2.71597
2.76277
2.76491
2.76916
2.76916
2.76916
2.76277
2.76277
2.84333
2.76916
2.76916
2.76916
2.76491
2.84823
2.76916
2.76259
2.71929
2.69704
2.68756
2.49886
2.20836
2.02373
2.00794
1.90532
1.88385
2.15996
2.34886
2.43811
2.61777
2.71513
2.74501
2.76916
2.76916
2.76916
2.76916
2.76916
2.76916
2.76916
2.76916
2.76916
2.76916
2.76704
2.76916
2.76916
2.76916
2.76916
2.76044
2.76916
2.76491
2.76277
