2.48871
2.23973
1.87994
2.31094
2.47085
2.34195
2.2831
2.25154
2.54924
2.67302
2.72643
2.74716
2.76491
2.76277
2.8531
2.76916
2.76916
2.76491
2.76472
2.76704
2.76704
2.76044
2.72883
2.71948
2.63736
2.56588
2.62814
2.65779
2.73813
2.76277
2.76704
2.84398
2.76916
2.76491
2.75843
2.70732
2.53337
2.1928
2.04539
1.97868
1.82073
1.94313
1.97198
1.8862
2.04066
2.16898
2.29209
2.4702
2.62559
2.73208
2.83299
2.76491
2.76916
2.76472
2.76704
2.76704
2.76704
2.76491
2.8531
2.76916
2.76916
2.76916
2.76491
2.76491
2.72926
2.74258
2.71028
2.66117
2.48018
2.24466
1.97691
1.81848
1.94524
1.88134
2.08215
2.30863
2.4565
2.63688
2.72916
2.76277
2.76277
2.76916
2.84122
2.76916
2.84333
2.84823
2.84885
2.93169
2.76491
2.76916
2.8531
2.76916
2.76916
2.76916
2.76491
2.76277
2.76916
2.76026
2.76277
