0.833333
0.833333
0.833333
0.833333
0.826361
0.833333
0.831024
0.831024
0.8287
0.824007
0.826361
0.812002
0.803356
0.807087
0.752443
0.772042
0.712975
0.706502
0.662377
0.641773
0.57098
0.555231
0.560745
0.555231
0.584535
0.643067
0.655125
0.652993
0.664521
0.66345
0.717754
0.733246
0.776107
0.78673
0.816852
0.825186
0.831024
0.8287
0.833333
0.831024
0.827533
0.833333
0.833333
0.833333
0.833333
0.831024
0.833333
0.833333
0.833333
0.833333
0.831024
0.831024
0.831024
0.815646
0.794498
0.814435
0.808322
0.814435
0.81078
0.81078
0.798321
0.794498
0.784103
0.776107
0.704866
0.698246
0.663201
0.655125
0.653739
0.64764
0.596202
0.614887
0.596202
0.536933
0.575726
0.643067
0.66345
0.734759
0.734759
0.72403
0.782783
0.790635
0.799586
0.821638
0.827533
0.831024
0.8287
0.833333
0.833333
0.833333
0.831024
0.831024
0.833333
0.831024
0.827533
0.832181
0.831024
0.826361
0.827533
