0.789163
0.761028
0.757477
0.722571
0.671652
0.661648
0.692162
0.643263
0.546204
0.526188
0.491773
0.460167
0.4551
0.427963
0.425909
0.427012
0.420919
0.417249
0.41828
0.41718
0.417098
0.416667
0.417072
0.416667
0.416667
0.416667
0.417196
0.417173
0.421169
0.422396
0.421677
0.421875
0.428606
0.444511
0.485982
0.52697
0.534617
0.580967
0.616538
0.609828
0.616061
0.696771
0.72097
0.738408
0.721982
0.746611
0.719958
0.712873
0.65695
0.641097
0.579444
0.547748
0.561304
0.537844
0.470107
0.488237
0.47655
0.450471
0.474011
0.429706
0.441927
0.469867
0.428128
0.424641
0.423941
0.419393
0.418747
0.418696
0.417625
0.416667
0.417573
0.41714
0.417104
0.416667
0.417124
0.417203
0.419332
0.422045
0.422792
0.423821
0.44447
0.454197
0.478226
0.565167
0.597977
0.593981
0.646329
0.633678
0.6634
0.632883
0.626897
0.621069
0.647706
0.615783
0.585818
0.664414
0.561881
0.508924
0.52931
