1.2806
1.1999
1.17032
1.12484
0.965711
0.921906
0.900838
0.879923
0.863118
0.853837
0.798882
0.839161
0.427594
0.843915
0.686989
0.735343
0.793418
0.649793
0.833333
0.649793
0.416667
0.649793
0.416667
0.649793
0.649793
0.649793
0.416667
0.649793
0.649793
0.416667
0.422131
0.422131
0.422131
0.649793
0.669982
0.422494
0.765128
0.781933
0.730145
0.817308
0.736836
0.823954
0.794471
0.84334
1.14545
0.970058
1.06711
0.849586
0.734231
0.84674
0.887586
0.887586
0.858556
0.838979
0.844088
0.857805
0.83907
0.838979
0.83907
0.746271
0.74108
0.839161
0.844434
0.838979
0.649793
0.735343
0.833333
0.649793
0.833333
0.833333
0.787954
0.681343
0.681343
0.649793
0.735343
0.735343
0.681343
0.735343
0.833333
0.655348
0.745925
0.740989
0.839161
0.874459
0.824833
0.828263
0.794129
0.892401
0.747232
0.912774
0.713116
0.825404
0.712655
0.701291
0.687197
0.710774
0.710266
0.44189
0.433281
