0.833333
0.833333
0.833333
0.833333
0.833333
0.833333
0.833333
0.831024
0.826361
0.820447
0.820447
0.819253
0.812002
0.795777
0.774757
0.760973
0.727128
0.725582
0.660696
0.630659
0.58862
0.499623
0.54334
0.54334
0.599718
0.624568
0.655125
0.663201
0.661419
0.664521
0.664328
0.743709
0.769306
0.780127
0.81078
0.822825
0.821638
0.829864
0.826361
0.833333
0.833333
0.831024
0.833333
0.833333
0.833333
0.833333
0.833333
0.833333
0.833333
0.829864
0.833333
0.824007
0.827533
0.8287
0.814435
0.807087
0.81078
0.812002
0.803356
0.798321
0.790635
0.791927
0.802104
0.765163
0.736266
0.691504
0.675858
0.657512
0.645467
0.64764
0.584535
0.630659
0.560745
0.54334
0.584535
0.656378
0.660307
0.7302
0.755309
0.716168
0.770676
0.804604
0.805847
0.816852
0.829864
0.831024
0.8287
0.831024
0.833333
0.831024
0.832181
0.829864
0.833333
0.831024
0.821638
0.831024
0.832181
0.824007
0.827533
