0.921503
0.801283
1.02762
1.03946
1.03383
1.00117
1.02891
1.00117
0.971523
0.987383
0.987383
1.00823
1.0263
1.01155
1.03142
1.0178
1.02762
1.0099
1.02075
1.02358
1.02891
1.02075
1.04454
1.04357
0.808631
0.805588
0.921503
0.806199
0.921503
0.921503
0.921503
0.921503
0.730709
0.921503
0.921503
0.921503
0.730112
1.04454
0.806199
0.921503
0.921503
0.811648
0.812847
0.921503
0.921503
0.921503
0.921503
0.730709
0.730112
0.80375
0.730709
0.807417
0.730112
1.04454
0.728915
1.04257
1.02358
1.04051
1.03838
0.730709
1.04454
0.730709
0.806809
0.804977
0.921503
0.921503
0.921503
0.921503
0.921503
0.921503
0.921503
0.921503
0.921503
0.921503
0.921503
0.730709
0.807417
0.921503
0.921503
0.921503
0.921503
0.921503
0.921503
0.921503
0.921503
0.921503
1.00401
0.921503
1.00464
0.814043
1.00454
0.921503
1.00464
0.921503
0.921503
1.00423
0.921503
0.921503
0.921503
