1.09405
1.01285
1.01758
1.08751
1.04637
0.992478
0.967255
0.946689
0.892911
0.878899
0.92249
0.955681
0.937738
0.936244
0.945369
0.94315
0.964298
1.00075
0.927876
0.979719
1.03113
1.04891
0.930297
0.979398
0.974832
1.0483
1.04792
0.964379
1.00725
0.854785
0.957517
1.13786
1.08078
1.00947
0.849449
1.10077
1.07961
1.09528
1.02749
1.11714
1.17154
1.12946
1.0524
1.1217
1.09975
1.05951
1.08352
1.06826
1.1507
1.1353
1.0027
1.11457
1.01285
1.02158
1.0364
1.01765
1.01752
1.01167
0.977787
1.04249
1.012
1.12253
1.09649
1.10454
1.16127
1.1294
1.15189
1.07233
1.08983
1.12246
1.13697
1.1174
0.977747
1.04686
1.06204
1.07416
1.06361
1.00026
0.980926
0.952512
1.07237
0.888891
0.922321
1.1004
1.11655
1.07503
1.08129
0.981756
1.08373
1.11432
1.16711
1.01294
1.06415
1.16528
1.15221
1.04796
0.971464
1.12295
1.14833
