1.13517
1.19797
1.11282
1.18007
1.10214
1.17815
1.0818
1.15253
1.07216
1.12122
1.09394
1.15253
1.10499
1.18504
1.09393
1.18711
1.07628
1.17333
1.09144
1.19224
1.09406
1.18696
1.09969
1.18894
1.11828
1.19287
1.1204
1.20434
1.1312
1.19759
1.1358
1.2009
1.12025
1.19432
1.11282
1.19836
1.11682
0.92148
1.15956
1.19302
1.13257
1.20596
1.1358
1.21207
1.12151
1.19759
1.12643
1.19898
1.12643
1.20219
1.12064
1.19944
1.11642
1.19248
1.11547
1.1872
1.10807
1.18894
1.11842
1.19782
1.11062
1.18127
1.11025
1.19797
1.1312
1.20276
1.13517
1.20814
1.13042
1.18949
1.12796
1.19739
1.1179
1.18949
1.11567
1.19606
1.12643
1.20529
1.1312
1.20906
1.12643
1.19816
1.12835
1.20596
1.12643
1.20906
1.13095
1.21045
1.13081
1.20257
1.13081
1.20635
1.1312
1.20906
1.12835
1.21207
1.12643
1.20596
1.1358
