0.921503
0.804977
1.03142
1.03142
1.01155
1.02358
0.989473
0.993529
1.00823
0.989473
0.997426
0.973926
1.0099
1.02495
1.01629
1.02358
1.02891
1.00117
1.01316
1.035
1.03615
1.03838
1.03615
1.04454
0.801283
0.808631
0.921503
0.805588
0.921503
0.921503
0.921503
0.921503
0.730709
0.921503
0.921503
0.921503
0.730709
1.04644
0.805588
0.921503
0.921503
0.810444
0.812847
0.921503
0.921503
0.921503
0.921503
0.730709
0.730709
0.804977
0.730709
0.800664
0.730112
1.03946
0.729514
1.04257
1.03615
1.04454
1.04051
0.730112
1.0517
0.730112
0.808025
0.803135
0.921503
0.921503
0.921503
0.921503
0.921503
0.921503
0.921503
0.921503
0.921503
0.921503
0.921503
0.730709
0.808631
0.921503
0.921503
0.921503
0.921503
0.921503
0.921503
0.921503
0.921503
0.921503
1.00401
0.921503
1.00474
0.813445
1.00454
0.921503
1.00454
0.921503
0.921503
1.00412
0.921503
0.921503
0.921503
