0.921503
0.806199
1.04051
1.02891
1.01474
1.00823
1.00117
0.985251
1.00651
1.00299
1.01155
0.987383
1.01316
1.01316
1.02218
1.00477
1.01474
1.00117
1.02358
1.03615
1.03615
1.04257
1.03383
1.0517
0.803135
0.805588
0.921503
0.807417
0.921503
0.921503
0.921503
0.921503
0.730709
0.921503
0.921503
0.921503
0.730709
1.04051
0.806809
0.921503
0.921503
0.813445
0.813445
0.921503
0.921503
0.921503
0.921503
0.730709
0.730709
0.804364
0.729514
0.804364
0.728315
1.01474
0.730112
1.03615
1.02358
1.04257
1.03383
0.730112
1.05487
0.730709
0.808631
0.808025
0.921503
0.921503
0.921503
0.921503
0.921503
0.921503
0.921503
0.921503
0.921503
0.921503
0.921503
0.730709
0.811047
0.921503
0.921503
0.921503
0.921503
0.921503
0.921503
0.921503
0.921503
0.921503
1.00401
0.921503
1.00464
0.814043
1.00454
0.921503
1.00454
0.921503
0.921503
1.00423
0.921503
0.921503
0.921503
