0.921503
0.802519
1.03615
1.02891
1.02358
1.01474
0.997426
0.995497
0.980856
0.993529
0.997426
1.00651
1.00477
1.02075
1.0178
1.00651
0.995497
1.00117
1.0178
1.02075
1.03838
1.03838
1.04644
1.04644
0.803135
0.809841
0.921503
0.808631
0.921503
0.921503
0.921503
0.921503
0.730709
0.921503
0.921503
0.921503
0.730112
1.04644
0.804977
0.921503
0.921503
0.813445
0.812847
0.921503
0.921503
0.921503
0.921503
0.730709
0.730709
0.805588
0.730709
0.802519
0.730709
1.04051
0.730112
1.02358
1.0178
1.03018
1.03018
0.730709
1.05251
0.729514
0.800664
0.801902
0.921503
0.921503
0.921503
0.921503
0.921503
0.921503
0.921503
0.921503
0.921503
0.921503
0.921503
0.730709
0.809841
0.921503
0.921503
0.921503
0.921503
0.921503
0.921503
0.921503
0.921503
0.921503
1.00444
0.921503
1.00464
0.814043
1.00464
0.921503
1.00454
0.921503
0.921503
1.00454
0.921503
0.921503
0.921503
