0.921503
0.80375
1.04257
1.01929
1.02358
1.01929
1.00117
1.00651
0.973926
0.989473
1.01929
1.01316
1.01155
1.01155
1.01474
1.0263
1.02075
0.997426
1.01474
1.02075
1.02891
1.03383
1.03838
1.03615
0.809841
0.807417
0.921503
0.806809
0.921503
0.921503
0.921503
0.921503
0.730709
0.921503
0.921503
0.921503
0.730709
1.05331
0.806809
0.921503
0.921503
0.812248
0.812847
0.921503
0.921503
0.921503
0.921503
0.730709
0.730709
0.803135
0.730709
0.806199
0.730709
1.03838
0.730709
1.04051
1.0263
1.0263
1.04826
0.730709
1.0517
0.730709
0.808025
0.806199
0.921503
0.921503
0.921503
0.921503
0.921503
0.921503
0.921503
0.921503
0.921503
0.921503
0.921503
0.730709
0.807417
0.921503
0.921503
0.921503
0.921503
0.921503
0.921503
0.921503
0.921503
0.921503
1.00444
0.921503
1.00474
0.814043
1.00464
0.921503
1.00454
0.921503
0.921503
1.00378
0.921503
0.921503
0.921503
