1.11963
1.20167
1.10757
1.18206
1.1025
1.16955
1.07875
1.1588
1.04463
1.15617
1.07628
1.16524
1.09359
1.17147
1.08543
1.16286
1.07628
1.16325
1.07594
1.18467
1.11333
1.17562
1.11842
1.18151
1.12643
1.20276
1.12334
1.19782
1.12605
1.20314
1.12025
1.20449
1.1254
1.20883
1.1179
1.20129
1.11604
0.923823
1.16076
1.19416
1.1358
1.20219
1.1312
1.20276
1.1358
1.20596
1.12358
1.19567
1.1312
1.20529
1.12835
1.19567
1.10831
1.18114
1.11333
1.1872
1.11333
1.167
1.11604
1.17968
1.12064
1.19416
1.11571
1.18114
1.12025
1.20635
1.12748
1.20783
1.1179
1.19101
1.11604
1.19983
1.11116
1.20721
1.12643
1.19944
1.12151
1.2009
1.1312
1.20276
1.1312
1.2002
1.12643
1.19944
1.1312
1.20596
1.12334
1.20434
1.13081
1.20945
1.1358
1.21207
1.1312
1.20906
1.13395
1.20906
1.12643
1.20906
1.12643
