1.10177
1.10195
0.937085
1.03211
1.04436
1.03962
0.927086
0.967518
0.795752
0.935769
1.02154
0.942051
0.929292
0.988637
0.915973
0.916343
0.871505
1.00554
0.968521
0.97121
0.995766
0.989411
0.964405
0.955437
0.989218
1.02583
1.06491
0.968979
0.949539
0.959278
1.05946
0.972829
1.07363
1.08909
1.09779
1.11205
1.11081
1.10195
1.03188
1.02323
1.02972
1.10418
0.903778
1.14576
1.11686
1.08074
1.18273
1.12102
1.09259
1.06481
1.04975
1.03529
0.992645
1.1062
1.04648
1.00201
1.08527
1.05338
1.08796
1.09143
1.13933
1.08408
1.14583
0.982572
1.1437
1.15465
1.14815
1.15605
1.04075
1.11376
1.04209
1.11102
1.09181
1.06744
1.02812
0.995167
1.04209
1.01499
1.04445
1.07744
1.07993
1.13176
1.08759
1.00389
1.06989
1.00126
1.01119
0.992128
1.09774
1.01294
1.10272
1.0962
1.12631
1.1066
0.939305
1.19193
1.17157
1.15343
1.18995
