1.11206
0.952216
1.02951
0.984689
0.989211
0.995889
0.945671
1.00509
0.950782
0.922879
0.986121
0.925591
0.840191
0.946815
0.939837
1.00668
0.976928
1.02604
0.979719
0.964621
1.00506
0.985221
0.976308
0.976789
0.994315
0.941056
0.983182
0.884432
1.04657
1.06645
0.933395
1.0542
1.11178
1.08052
1.06385
1.03888
1.03639
1.01265
1.1101
1.01701
1.03428
1.11978
0.955062
1.08129
1.16265
1.0627
1.09924
1.06747
1.15308
1.08928
1.11488
1.09249
1.11339
1.11439
1.02322
0.933284
1.08762
0.998908
1.06609
1.02668
1.08056
1.09844
1.09445
1.04715
1.12528
1.03297
1.14697
1.01221
1.14704
1.14308
1.09657
1.06817
0.983764
0.965252
1.08465
1.0481
1.03351
1.14914
0.973536
1.10448
1.07722
1.10029
1.12937
1.03829
0.951197
1.03328
1.04745
0.98916
1.09558
1.14027
1.0801
1.0583
1.09119
1.11952
1.09035
1.0529
1.11478
1.17133
1.1591
