1.84
1.84
1.84
1.84
1.84
1.84
1.84
1.84
1.84
1.84
1.84
1.84
1.84
1.84
1.84
1.84
1.83831
1.77645
1.58732
1.63862
1.69062
1.58933
1.71721
1.84
1.84
1.84
1.84
1.84
1.84
1.84
1.84
1.84
1.84
1.84
1.84
1.84
1.84
1.84
1.84
1.84
1.84
1.84
1.71384
1.82638
1.19781
1.16744
1.56107
1.58395
1.71384
1.84
1.84
1.84
1.84
1.84
1.84
1.84
1.84
1.84
1.84
1.84
1.84
1.84
1.84
1.84
1.84
1.84
1.84
1.84
1.84
1.84
1.84
1.84
1.84
1.84
1.84
1.84
1.84
1.84
1.84
1.84
1.84
1.84
1.84
1.84
1.84
1.84
1.84
1.84
1.84
1.84
1.84
1.84
1.83663
1.84
1.84
1.84
1.84
1.84
1.84
