1.86
1.86
1.86
1.86
1.86
1.86
1.86
1.86
1.86
1.86
1.86
1.86
1.86
1.86
1.86
1.86
1.84567
1.77625
1.74467
1.74299
1.69254
1.71317
1.82877
1.86
1.86
1.86
1.85839
1.86
1.86
1.86
1.86
1.86
1.86
1.86
1.86
1.86
1.86
1.86
1.86
1.86
1.83037
1.86
1.8535
1.74299
1.70068
1.6986
1.63468
1.78648
1.79306
1.84567
1.79468
1.86
1.86
1.86
1.86
1.86
1.86
1.86
1.86
1.86
1.86
1.86
1.86
1.86
1.86
1.86
1.86
1.86
1.86
1.86
1.86
1.86
1.86
1.86
1.86
1.86
1.86
1.86
1.86
1.86
1.86
1.86
1.86
1.86
1.86
1.86
1.86
1.86
1.86
1.86
1.86
1.86
1.83037
1.83037
1.86
1.84567
1.84567
1.86
1.86
