1.84
1.84
1.84
1.84
1.84
1.84
1.84
1.84
1.84
1.84
1.84
1.84
1.84
1.84
1.84
1.84
1.77985
1.76934
1.69089
1.21462
1.6346
1.57855
1.84
1.84
1.84
1.84
1.84
1.84
1.84
1.84
1.84
1.84
1.84
1.84
1.84
1.84
1.84
1.84
1.84
1.84
1.84
1.84
1.64921
1.65065
1.17018
1.16421
1.19905
1.59966
1.71214
1.84
1.84
1.84
1.84
1.84
1.84
1.84
1.84
1.84
1.84
1.84
1.84
1.84
1.84
1.84
1.84
1.84
1.84
1.84
1.84
1.84
1.84
1.84
1.84
1.84
1.84
1.84
1.84
1.84
1.84
1.84
1.84
1.84
1.84
1.84
1.84
1.84
1.84
1.84
1.84
1.84
1.84
1.84
1.84
1.83831
1.84
1.84
1.71721
1.84
1.84
