1.86
1.86
1.86
1.86
1.86
1.86
1.86
1.86
1.86
1.86
1.86
1.86
1.86
1.86
1.84244
1.84567
1.83037
1.71668
1.74801
1.71668
1.75533
1.79966
1.85677
1.86
1.86
1.86
1.86
1.86
1.86
1.86
1.83037
1.86
1.86
1.86
1.86
1.86
1.86
1.86
1.86
1.84567
1.84244
1.86
1.78814
1.72076
1.69862
1.65204
1.70277
1.77971
1.82877
1.86
1.82715
1.86
1.86
1.86
1.86
1.86
1.86
1.86
1.86
1.86
1.86
1.86
1.86
1.86
1.86
1.86
1.86
1.86
1.86
1.86
1.86
1.86
1.86
1.86
1.86
1.86
1.86
1.86
1.86
1.86
1.86
1.86
1.86
1.86
1.86
1.86
1.86
1.86
1.86
1.86
1.86
1.86
1.86
1.82715
1.85677
1.85677
1.85514
1.83037
1.83037
