1.86
1.86
1.86
1.86
1.86
1.86
1.86
1.86
1.86
1.86
1.86
1.86
1.86
1.86
1.86
1.83037
1.80912
1.77061
1.72085
1.78312
1.71238
1.72759
1.74966
1.81397
1.86
1.83037
1.86
1.85839
1.86
1.86
1.86
1.86
1.86
1.86
1.86
1.86
1.86
1.86
1.83037
1.86
1.86
1.82715
1.79306
1.78648
1.70418
1.62228
1.69227
1.72943
1.84567
1.86
1.85677
1.86
1.86
1.86
1.86
1.86
1.86
1.86
1.86
1.86
1.86
1.86
1.86
1.86
1.86
1.86
1.86
1.86
1.86
1.86
1.86
1.86
1.86
1.86
1.86
1.86
1.86
1.86
1.86
1.86
1.86
1.86
1.83037
1.86
1.86
1.86
1.86
1.86
1.86
1.86
1.86
1.86
1.86
1.82715
1.83037
1.86
1.83037
1.86
1.86
