3.02191
3.02231
3.01321
2.94692
2.73578
2.18405
1.63732
1.64701
1.37965
1.1449
1.88209
2.00124
2.5481
2.53677
2.7043
2.9966
3.00992
3.0229
3.00499
3.02126
3.01291
2.98677
2.98264
2.94991
2.95167
2.84428
2.35537
1.97267
1.71432
1.85886
2.14873
2.67139
2.3688
2.55598
2.6982
2.86247
2.82342
2.90701
2.98082
2.97328
2.83705
2.9743
2.51732
2.8505
2.67515
2.89916
2.95009
3.00747
3.0213
3.02323
3.01985
3.02139
3.02086
3.02066
3.0202
3.02046
3.02079
3.02218
2.96488
2.92642
2.76084
2.8925
2.87913
2.8814
2.89994
2.97319
3.01413
3.01723
3.02198
3.02073
3.02099
3.01855
3.02158
3.00673
2.99189
3.00346
2.99617
2.91626
2.52139
2.60357
2.74158
2.64292
2.92764
2.8035
2.80722
2.44045
2.79371
2.79788
2.7713
2.69736
2.86461
2.90686
2.99958
3.02455
3.02398
3.02383
3.00174
2.91643
2.96275
