3.00533
3.01898
3.01004
2.92679
2.66842
2.653
1.86579
1.51026
1.15324
1.34379
1.8773
1.73705
2.15214
2.68024
2.82622
2.98335
3.02122
3.02266
3.00375
3.01613
3.00626
2.79445
3.00988
2.91077
2.9542
2.77934
2.35808
2.52414
1.68909
1.7874
2.28158
2.34046
2.77728
2.43722
2.64889
2.7226
2.9037
2.92009
3.0196
3.01396
2.99126
2.80656
2.74415
2.70613
2.64604
2.64523
2.95364
2.97269
2.86119
3.01573
3.02103
3.02086
3.02046
3.02007
3.02046
3.02046
3.01833
3.01906
2.99132
2.89956
2.67913
2.83622
2.6418
2.86148
2.957
2.98928
3.02493
3.02025
3.02158
3.02053
3.02073
3.02186
3.00554
3.02139
3.02475
2.96017
2.97307
2.76167
2.73126
2.45856
2.62576
2.7974
2.66078
2.94245
2.40888
2.60028
2.66234
2.54808
2.76416
2.89859
2.92653
2.79836
2.95997
3.00648
3.02317
3.0235
2.96919
2.94725
2.94753
