2.7147
2.71516
2.70988
2.62489
2.54748
2.2042
1.5428
1.49214
1.32295
1.8092
2.08269
2.04756
2.02701
2.51902
2.65496
2.68233
2.71169
2.7275
2.70807
2.7101
2.70561
2.66795
2.71785
2.65328
2.63139
2.54818
1.98985
2.13826
1.64087
1.67184
2.15452
2.29871
2.41977
2.30977
2.29053
2.59087
2.44735
2.71358
2.693
2.71717
2.70465
2.67519
2.56852
2.60114
2.55396
2.64671
2.57191
2.68765
2.71595
2.69678
2.7162
2.7142
2.7075
2.703
2.7051
2.7055
2.7065
2.7175
2.72339
2.54552
2.43838
2.57693
2.64838
2.56097
2.6536
2.69366
2.72234
2.7243
2.713
2.705
2.702
2.7096
2.71629
2.72432
2.71178
2.69747
2.61181
2.63542
2.41515
2.15951
2.15799
2.45836
2.55493
2.60157
2.50894
2.15867
2.1654
2.50819
2.1005
2.51628
2.67589
2.70695
2.72747
2.73901
2.7165
2.71867
2.72785
2.6846
2.66227
