2.718
2.72045
2.67386
2.59282
2.39789
2.41274
1.81347
1.3495
1.5016
1.55871
1.96263
1.89499
2.3705
2.53911
2.61219
2.69403
2.73566
2.72037
2.71605
2.71699
2.70188
2.69187
2.73448
2.64797
2.6636
2.48638
2.28333
1.93855
1.62225
1.72825
1.96868
2.07056
2.48106
2.30612
2.3199
2.24562
2.54834
2.6985
2.7303
2.70284
2.71372
2.61566
2.60237
2.5209
2.59323
2.6315
2.65314
2.71263
2.70936
2.71103
2.7315
2.7122
2.708
2.7015
2.703
2.704
2.7125
2.7162
2.67852
2.58226
2.19533
2.57933
2.45072
2.5626
2.60695
2.7169
2.70539
2.7197
2.7185
2.7047
2.7045
2.712
2.715
2.70345
2.72183
2.69984
2.648
2.61083
2.34524
2.48489
2.27679
2.17529
2.50719
2.47455
2.27693
2.19133
2.34913
2.28688
2.11768
2.48458
2.62013
2.67125
2.71745
2.72966
2.722
2.715
2.7074
2.70392
2.65218
