3.02028
3.02267
2.99768
2.9223
2.79353
2.49152
1.80464
1.72676
1.38891
1.49376
2.16252
2.07039
2.23641
2.46125
2.54735
2.97997
2.98361
3.00216
3.01777
3.01772
3.0004
2.7671
2.78292
2.40155
2.98422
2.80838
2.28507
1.82302
2.00539
1.9908
1.97817
2.3306
2.72799
2.27422
2.40105
2.61985
2.73854
2.92461
3.00529
3.01995
2.97528
2.94346
2.67411
2.74284
2.76373
2.93797
2.93983
2.98686
3.00905
3.00794
3.02277
3.02092
3.0202
3.0202
3.02026
3.02007
3.02099
3.02218
3.00251
2.91298
2.6802
2.7395
2.87614
2.67324
2.76483
2.96431
3.01757
3.0209
3.02145
3.02053
3.02066
3.0196
3.02185
2.99101
3.00876
2.92665
2.88983
2.96522
2.60115
2.32101
2.69152
2.67761
2.88241
2.86751
2.74371
2.51024
2.59891
2.6677
2.57639
2.58383
2.90926
2.96775
2.93798
2.97256
3.02026
3.02117
2.96927
2.92369
2.93273
