2.71619
2.72978
2.70921
2.67117
2.48763
2.16996
1.82749
1.46342
1.16403
1.51162
2.1085
2.27114
2.22517
2.45823
2.66317
2.70082
2.72378
2.72195
2.71629
2.7157
2.73056
2.72224
2.73027
2.70552
2.64611
2.64995
2.28154
2.25877
2.0648
1.7069
1.78554
2.19246
2.08965
2.52194
2.39217
2.48239
2.55157
2.67452
2.71281
2.71272
2.71473
2.65183
2.52664
2.60554
2.5586
2.5912
2.66327
2.7311
2.72621
2.69578
2.722
2.714
2.7055
2.704
2.705
2.7015
2.708
2.7175
2.74002
2.53807
2.52685
2.51997
2.65006
2.47023
2.6515
2.73742
2.72434
2.69989
2.70903
2.71
2.7031
2.7062
2.70192
2.73027
2.7011
2.70711
2.64959
2.66231
2.52957
2.1732
2.26562
2.46184
2.28535
2.59768
2.438
2.43437
2.32226
2.422
2.49022
2.5295
2.61352
2.68863
2.69687
2.71809
2.7155
2.719
2.71125
2.68821
2.71405
