3.02112
3.02185
2.9956
2.96261
2.53275
2.67867
2.15806
1.82625
1.07116
1.23883
1.57881
2.18302
2.22034
2.69305
2.92242
2.99451
2.9878
2.9926
3.02198
3.02356
3.02351
2.99851
3.00609
2.90402
2.77295
2.86793
2.36704
2.29264
1.69595
2.23354
1.88894
2.21367
2.55837
2.54453
2.68534
2.51036
2.85239
2.92988
3.00354
3.02255
2.82796
2.78847
2.76149
2.93067
2.97169
2.74525
2.95077
2.93397
3.01639
3.00067
3.02132
3.01761
3.02059
3.0202
3.02007
3.02026
3.02059
3.0058
3.0024
2.92857
2.82256
2.67923
2.88786
2.90524
2.94086
2.97902
3.00322
3.02412
3.02125
3.02145
3.02086
3.02149
3.01952
3.01785
3.01918
2.98598
2.97464
2.96229
2.7903
2.40391
2.66828
2.55687
2.88619
2.88158
2.36966
2.74613
2.58683
2.66169
2.75812
2.64205
2.8145
2.93239
2.99332
3.01296
3.0231
3.00767
3.00677
2.91953
2.93552
