3.02112
3.01967
2.98819
2.93734
2.83111
2.5314
2.30473
1.43643
1.36488
1.19775
2.28911
1.91739
2.01639
2.36916
2.65331
2.97421
3.00785
3.01541
3.00666
3.02284
3.00543
2.94656
2.95673
2.80849
2.91948
2.73622
1.86667
2.25204
1.81179
1.55628
2.25148
2.25737
2.67237
2.43117
2.11351
2.77206
2.77274
2.90149
3.00805
3.02429
2.94015
2.91717
2.8678
2.83295
2.75068
2.88383
2.93891
2.96078
2.99679
3.0198
3.02238
3.02112
3.02112
3.02033
3.0204
3.02053
3.02125
3.02188
3.01556
2.91469
2.67854
2.77679
2.74566
2.90506
2.93537
3.02377
3.00779
3.01706
3.00347
3.02066
3.0194
3.02165
3.02205
3.02424
3.02196
2.9484
2.77965
2.57083
2.61066
2.6561
2.47355
2.44896
2.88096
2.91634
2.73146
2.55222
2.56325
2.81435
2.56495
2.73239
2.86402
2.93898
2.95602
3.00573
3.02126
3.02257
3.0272
2.82575
2.91286
