3.08469
3.04962
3.10846
2.33284
2.1121
2.0822
2.00409
1.67664
1.67724
1.88048
2.15388
2.03303
2.12106
2.11719
2.44321
2.44974
3.07452
2.97079
3.20325
3.10714
2.95791
2.81426
2.81317
2.62453
2.6713
2.23422
2.18317
2.10409
2.03176
2.00365
2.09732
2.16426
2.19337
2.00832
2.20897
2.50279
2.34374
2.99859
3.06071
3.14149
2.6556
2.36802
2.37265
2.34846
2.26382
2.2779
2.37721
2.8743
2.87865
2.92234
2.7717
3.11679
3.23682
3.30069
3.30293
3.29389
3.19426
2.93633
2.91648
2.32715
2.3293
2.46246
2.31346
2.2242
2.28145
2.48919
3.01925
3.01634
3.23425
3.23145
3.2916
3.22846
3.2028
3.15142
2.91032
2.73778
2.55015
2.44601
2.19277
2.28957
2.36117
2.21935
2.51448
2.16859
2.21786
2.31961
2.11803
2.366
2.20536
2.29648
2.34951
2.70127
2.65275
2.82522
3.14773
3.20737
2.85672
2.60673
2.74574
