2.99987
3.01512
3.0165
3.00524
2.85036
2.82867
2.46121
2.57827
2.16428
2.16473
2.41019
2.97649
2.70796
2.9956
3.00898
3.0153
3.01565
3.01808
3.01847
2.98301
2.89739
2.88278
2.96061
2.93562
3.00594
2.8082
2.84376
2.78022
2.65699
2.53784
2.8228
2.86169
2.48436
2.69824
2.5135
2.86363
3.00609
2.94922
3.01324
3.01836
3.00524
3.01025
2.84223
3.00318
2.86426
2.99045
3.00705
3.01659
3.00958
3.01319
3.01584
3.01851
3.01899
3.01941
3.02
3.02
3.02
3.01986
3.01352
3.00197
2.70518
2.92668
3.01023
3.00728
2.86793
3.01786
3.01544
3.01808
3.01494
3.01871
3.01002
3.00547
3.03416
3.01827
3.01663
3.00696
3.00005
2.85861
2.68315
2.99008
2.80018
3.00224
2.87189
3.01555
2.81945
2.76957
2.82403
2.7095
2.84731
2.85414
2.99895
3.00551
2.99564
3.012
3.01841
3.01164
3.01521
2.9352
3.0006
