2.97899
3.01836
3.01187
3.00696
2.99356
2.49128
2.22532
2.41649
2.16191
2.19104
2.52247
2.40233
2.50547
2.94376
3.00918
3.0164
3.01656
3.01743
3.01899
2.98501
3.03446
3.02963
3.03683
3.01119
2.85912
2.69567
2.68698
2.79292
2.61102
2.42521
2.81344
2.83741
2.82165
2.39779
2.78097
2.86071
2.79388
2.94165
3.01425
3.01654
3.01187
2.85355
2.91627
2.99466
2.69508
3.0052
2.86357
3.01288
3.01486
3.01584
3.01866
3.01808
3.01899
3.01899
3.02
3.01996
3.02
3.01991
3.01503
2.86871
2.5979
2.91639
3.00369
2.86717
3.01768
3.01941
3.01071
3.01803
3.01827
3.01866
3.01376
3.00667
3.03349
3.01659
3.01827
3.00511
2.99822
2.85865
2.76065
2.84719
2.82399
2.98557
3.00535
2.87189
2.83789
2.80457
2.80809
2.71844
2.69252
2.99397
3.0006
2.9923
2.86565
3.01681
3.01841
3.01832
3.00388
3.00551
3.00714
