2.99629
3.01841
3.01508
3.00674
3.00211
2.63482
2.44641
2.149
2.10154
2.55428
2.58604
2.77488
2.6922
3.00451
3.0114
3.01215
3.01666
3.01687
3.01856
2.98004
2.89469
3.0212
3.03523
3.012
3.00268
2.65713
2.82254
2.62351
2.45842
2.58714
2.78422
2.85741
2.6317
2.85002
2.84854
3.00061
3.00095
2.9162
3.01479
3.01836
3.00984
3.0017
2.87205
3.00112
2.67917
2.85558
3.01012
3.01977
3.0145
3.01203
3.01773
3.01927
3.01927
3.01936
3.02
3.02
3.01886
3.01986
3.00841
3.0001
3.00683
2.85013
2.86741
2.86722
3.01453
3.01786
3.00606
3.01321
3.01813
3.01918
3.01646
3.00774
3.03315
3.01517
3.01187
3.00993
2.86025
3.00019
2.99347
3.00859
2.80322
2.68725
2.87631
3.00977
2.81922
2.77441
2.85737
2.64973
2.81806
2.77
2.93191
3.00224
3.012
3.01521
3.01681
3.01668
3.00224
3.01361
3.0006
