3.17947
3.15063
3.08983
2.50757
2.15064
2.1212
1.94462
1.76469
1.59511
1.90414
2.19635
1.98899
2.1132
2.09742
2.54748
2.94793
3.03807
2.99683
3.16093
3.18998
2.96275
2.92127
2.7246
2.79329
2.58165
2.25673
2.21967
2.11903
2.01346
2.07674
2.06657
2.19064
2.2204
2.63323
2.09889
2.31891
2.25455
2.6219
2.81365
2.87103
2.7677
2.42019
2.27818
2.38256
2.26789
2.41891
2.3996
2.61688
2.9431
2.84416
2.80507
3.22771
3.26658
3.27917
3.2893
3.27761
3.2243
3.19445
3.06741
2.37844
2.28757
2.16756
2.41771
2.29742
2.55302
2.64164
2.99629
3.03965
3.15854
3.28349
3.23515
3.23159
3.14282
3.14244
2.92083
2.78782
2.30233
2.71488
2.13604
2.3523
2.20159
2.19425
2.37322
2.51171
2.35868
2.17804
2.39441
2.41865
2.25474
2.25267
2.46934
2.49381
2.77629
2.67624
3.15874
3.19778
3.10859
2.64173
2.60256
