2.99287
3.01832
3.01654
3.01494
2.99022
2.75592
2.36096
2.49245
2.19559
2.60724
2.97636
2.48967
2.56912
2.7922
3.0101
3.01645
3.01798
3.01847
3.01746
2.99603
3.03588
3.02741
2.89168
3.00749
2.85776
2.82719
2.84133
2.78053
2.42614
2.24384
2.82789
2.86876
2.68235
2.85334
3.00186
3.00398
2.85475
2.91242
3.01409
3.01348
3.01178
2.99854
2.86814
2.99607
2.86902
2.99707
2.99845
3.00827
3.01151
3.01538
3.01758
3.01932
3.01932
3.01932
3.02
3.01996
3.02
3.01991
3.01182
3.00352
2.99845
2.84513
2.78002
2.7919
3.00268
3.01118
3.01231
3.01768
3.01822
3.01908
3.01155
3.00449
3.03221
3.01832
3.01348
3.00024
2.9968
3.00511
2.97974
2.83649
2.82631
2.98388
2.85134
3.01338
2.6015
2.48694
2.88661
2.87442
2.71235
3.0006
2.84914
2.86728
3.00224
3.012
3.01681
3.01155
3.00551
3.00224
3.00551
