2.98588
3.02
3.01187
3.01663
2.84687
2.69082
2.18686
2.32914
2.14281
2.09461
2.80144
2.239
2.41841
2.94481
3.00768
3.01477
3.01738
3.01671
3.01783
2.97944
3.03419
3.01827
3.02824
2.99671
2.86076
2.84793
2.71451
2.79939
2.45881
2.60315
2.8228
2.82094
2.68007
2.85208
2.85334
2.84509
2.70453
2.95663
3.01497
3.01343
3.00678
3.0001
2.74268
2.93009
2.85858
3.00356
2.8684
3.01641
3.01156
3.01094
3.01871
3.01899
3.01908
3.01945
3.01996
3.02
3.02
3.01996
3.01012
2.9984
2.98686
2.68843
2.69882
2.86612
2.86589
3.00961
3.01445
3.01708
3.01793
3.01922
3.01712
3.00774
3.02965
3.01823
3.01841
3.00179
3.00315
2.77785
2.77789
2.9967
2.8237
2.83898
3.00646
2.86717
2.84872
2.81525
2.81515
2.82422
2.90341
2.85081
2.99564
2.86889
3.00224
3.01039
3.01681
3.01986
3.01361
3.0006
3.00388
