2.99638
3.02
3.01329
3.00179
2.9884
2.77106
2.179
2.35448
2.17759
2.43952
2.98452
2.83502
2.98455
2.85586
2.99202
3.01768
3.01827
3.01783
3.01818
2.99532
2.88968
3.02671
3.03105
3.00306
3.00571
2.83069
2.60524
2.75461
2.53994
2.15552
2.79933
2.85487
2.70271
2.68617
2.29248
2.8342
2.99434
2.95658
3.01619
3.01659
3.01334
3.00028
2.80781
2.99408
2.70411
3.01164
3.00352
3.00966
3.01198
3.01875
3.01663
3.01847
3.0188
3.01927
3.01991
3.02
3.0189
3.02
3.01677
3.00197
2.85203
3.00352
2.85883
2.99717
3.01444
3.01932
3.01534
3.01885
3.01899
3.0188
3.01044
3.00547
3.03355
3.01672
3.01187
3.00538
3.00174
3.00529
2.99863
2.98836
2.84237
3.00388
2.99727
2.8613
2.70046
2.65959
2.82203
2.82682
2.84291
2.84746
2.9973
2.9352
2.94493
3.01361
3.01681
3.01343
3.00551
3.00551
3.00877
