2.98065
3.02
3.01512
3.01021
2.99338
2.65874
2.46714
2.12707
2.10688
2.36917
2.70693
2.69093
2.67443
3.00315
3.0129
3.00007
3.01697
3.01798
3.01847
2.99192
3.0375
3.02246
3.03142
3.00268
3.0143
2.87418
2.86389
2.79423
2.50868
2.50902
2.84146
2.91765
2.77636
2.84346
2.93028
2.78315
3.00441
2.92228
3.01244
3.01832
3.00854
2.99666
2.7183
2.99553
2.9911
2.87189
3.01357
3.01622
3.01159
3.01183
3.01768
3.01856
3.01927
3.01922
3.02
3.02
3.01996
3.01982
3.01352
2.86212
2.77821
2.85526
3.00393
3.00076
2.70763
3.01453
3.01724
3.01813
3.01768
3.01941
3.0075
3.00421
3.03226
3.01512
3.01338
2.8638
3.00347
2.8553
2.98845
2.98494
2.7764
2.98388
3.00895
3.01117
2.84006
2.65145
2.7536
2.80564
2.87505
2.85081
2.84577
3.00388
3.012
3.01039
3.01521
3.01499
3.01521
3.00388
3.00388
