2.98244
3.01841
3.01168
3.00854
2.99361
2.80294
2.18487
2.4213
2.14369
2.21249
2.89917
2.36948
2.93225
2.8529
3.00983
3.01526
3.01635
3.01788
3.01861
2.97605
3.0317
2.89008
2.88854
3.00456
2.99722
2.48519
2.82036
2.754
2.13712
2.53497
2.82841
2.86386
2.81921
2.8567
2.98673
2.50193
2.86464
2.92055
3.01212
3.01159
3.01016
3.00188
2.80563
3.00295
3.00384
2.99176
3.00515
3.01311
3.0144
3.01255
3.01856
3.01875
3.01899
3.01918
3.01996
3.01991
3.01996
3.01991
2.86853
2.85396
2.84868
2.98512
3.00412
3.00061
2.86455
3.01306
3.01101
3.01404
3.01721
3.0189
3.01006
3.00435
3.03193
3.01818
3.01508
2.86194
2.8554
3.00211
2.99356
2.77109
2.70559
2.84408
2.99838
3.01449
2.85269
2.65191
2.84872
2.82636
2.77863
2.85081
2.86402
2.99895
3.00388
3.012
3.02
3.01982
3.01521
2.93191
3.01039
