3.19238
3.13533
2.59067
2.52335
2.24879
2.08183
1.94893
1.7148
1.69334
1.8896
2.18769
2.02716
2.13341
2.41074
2.79748
2.85275
3.01946
2.9637
3.16333
3.1502
2.95437
2.60146
2.71654
2.47312
2.44392
2.27994
2.1935
2.08499
2.00559
2.0025
2.08068
2.16121
2.10223
2.21368
2.17522
2.3092
2.13884
2.66755
2.84825
3.08201
2.80274
2.61112
2.26051
2.2794
2.16871
2.22214
2.49455
2.71835
2.88782
2.95451
3.14208
3.14216
3.27997
3.29045
3.28946
3.28466
3.24045
2.94069
2.83478
2.3554
2.28073
2.38109
2.33157
2.41264
2.55838
2.7446
3.13222
3.01466
3.1842
3.20505
3.2916
3.23798
3.18548
3.1215
2.86225
2.95849
2.69275
2.52159
2.30924
2.08642
2.18652
2.18205
2.34199
2.38524
2.15956
2.18802
2.0394
2.23472
2.27144
2.26819
2.60695
2.70781
2.76503
2.82088
3.20104
3.22255
3.12842
2.50195
2.48683
