2.99964
3.01827
3.01357
3.01338
2.84344
2.66159
2.23632
2.64396
2.17236
2.18165
2.70709
2.58666
2.86628
2.87035
3.01438
3.0142
3.01753
3.01813
3.01728
2.98108
3.03219
2.88543
3.02809
3.00958
3.0058
2.82205
2.84155
2.79738
2.44255
2.58439
2.823
2.84383
2.75076
2.84977
2.70348
3.00542
2.8665
2.95122
3.01224
3.01338
3.01182
2.98859
2.73047
2.99846
3.00359
3.01016
3.00524
3.01164
3.0142
3.01244
3.01721
3.01918
3.01813
3.01941
3.02
3.02
3.02
3.01886
3.00524
2.8638
2.98672
2.92511
2.78335
2.7833
2.93869
3.01122
3.01477
3.01733
3.01707
3.01945
3.01053
3.01444
3.03088
3.01832
3.01677
3.00687
2.86189
3.00669
2.83825
2.98319
2.86405
2.99063
3.01338
2.99616
2.8055
2.75303
2.85546
2.86184
2.856
2.99063
2.99397
2.86402
2.86075
3.01039
3.01841
3.01841
2.9973
3.00714
2.99397
