2.98055
3.01668
3.01352
3.00361
2.85365
2.79345
2.544
2.2586
2.18796
2.36051
2.45681
2.67525
2.52297
2.86915
2.86511
3.01581
3.01748
3.01768
3.01768
2.97994
3.02916
3.02874
3.03287
3.00138
2.99576
2.83503
2.82002
2.75699
2.42158
2.74503
2.80876
2.86422
2.79577
2.24131
2.59766
2.84879
2.86459
2.91236
3.01718
3.01173
3.01021
2.86538
2.69389
2.98889
3.00249
2.99868
3.00859
3.00975
3.0142
3.01389
3.01688
3.01837
3.01932
3.01941
3.02
3.02
3.01991
3.01996
3.00863
3.00524
2.91981
2.85036
2.85941
3.00571
3.01439
3.01494
3.0128
3.01803
3.01936
3.01885
3.00937
3.01449
3.0306
3.01996
3.01338
3.01196
3.00845
2.76964
2.92645
2.84
2.81695
2.85081
3.01559
2.99135
2.78356
2.83454
2.78643
2.82891
2.83625
2.86075
2.99397
3.012
3.00551
3.00714
3.01681
3.01832
2.86889
2.85911
2.86402
