3.1608
2.9183
2.97997
2.57623
2.05495
2.16553
2.01296
1.72232
1.61906
1.87615
2.16863
1.98227
2.0802
2.0618
2.6725
2.9034
2.80625
2.96769
3.16518
3.14119
2.97954
2.72116
2.82786
2.51914
2.45567
2.24282
2.18053
2.07935
1.97698
2.06062
2.03953
2.17993
2.18511
2.32927
2.29075
2.30327
2.4738
2.52679
2.83314
3.0944
2.65836
2.54898
2.45722
2.46653
2.14126
2.21939
2.35645
2.59732
2.76456
2.9507
3.14128
3.22854
3.2656
3.30405
3.28814
3.28582
3.23277
3.15827
2.5811
2.37232
2.23613
2.42238
2.32232
2.53273
2.47023
2.45694
3.01649
2.98684
3.18631
3.27997
3.30293
3.22101
3.19668
3.15307
2.91637
2.77533
2.63443
2.51792
2.12985
2.15307
2.07342
2.22058
2.33719
2.37318
2.23539
2.23109
2.35838
2.32349
2.25888
2.29529
2.30704
2.61288
2.63368
2.65789
3.07433
3.21273
2.90184
2.47144
2.90097
