2.9805
3.01663
3.01021
3.00028
2.77258
2.82622
2.64808
2.5826
2.15241
2.314
2.47371
2.89116
3.00899
2.99453
3.00684
3.01328
3.01597
3.01671
3.0188
2.99029
3.03647
2.88271
3.03536
3.00312
3.01274
2.66986
2.83702
2.73526
2.42632
2.44548
2.85503
2.82572
2.76359
2.85819
2.99532
2.85897
3.00766
2.92846
3.01619
3.00678
3.01168
3.00165
2.81515
3.00709
2.60992
2.93173
2.86705
3.01485
3.01394
3.01663
3.0189
3.01894
3.01808
3.01932
3.01996
3.01991
3.01996
3.01996
3.01668
3.00678
2.99157
2.85207
2.70224
2.86254
3.00771
3.01293
3.01415
3.0173
3.01721
3.01913
3.0127
3.00495
3.03389
3.01977
3.01512
3.00664
2.70327
3.00028
2.91119
2.77461
2.81705
2.98557
2.87631
2.8602
2.81496
2.81636
2.85104
2.85099
2.89345
2.99564
2.9923
3.00224
3.00224
2.86402
3.01841
3.01334
3.00877
3.0006
2.86075
