3.1735
2.91628
3.0305
2.58122
1.99819
2.12753
1.8914
1.70209
1.61845
1.85959
2.1849
2.06762
2.12389
2.24229
2.51997
2.7761
2.79704
2.74755
3.07138
3.02722
2.74399
2.85009
3.01364
2.87987
2.4445
2.24081
2.20346
2.12655
2.04587
2.02822
2.04932
2.11788
2.37977
2.46593
2.36966
2.48748
2.50257
2.88299
3.05491
2.90997
2.94616
2.56464
2.32106
2.63472
2.09454
2.54477
2.62988
2.60486
2.74822
2.96764
3.15662
3.19677
3.25906
3.2893
3.30293
3.28349
3.20368
2.944
2.95072
2.30673
2.27927
2.4663
2.28107
2.33527
2.79212
2.47788
3.11877
3.02183
3.21555
3.2656
3.26864
3.17905
3.06294
3.04038
3.13391
2.82786
2.74559
2.30221
2.10034
2.10204
2.24673
2.21498
2.31495
2.44527
2.15678
2.31358
2.14038
2.26889
2.22458
2.24151
2.28267
2.52455
2.60853
3.05312
3.15926
3.18771
3.13109
2.60377
2.57901
