1.90792
2.00168
2.05517
2.06446
2.06422
1.94241
2.1393
2.02332
2.01486
2.11757
2.12054
2.1522
2.15537
2.14109
2.16007
2.36368
2.4325
2.39875
2.30843
2.35112
2.23462
2.39624
2.21657
2.31644
2.31172
2.32606
2.35005
2.12162
2.43665
2.39665
2.31917
2.35792
2.39495
2.3975
2.32823
2.32
2.41648
2.36745
2.27686
2.32557
2.32431
2.4406
2.26561
2.34592
2.32402
2.20032
2.24273
2.31286
2.23902
2.19821
2.24817
2.16945
2.21955
2.0704
2.08772
2.23575
2.16431
2.25582
2.20557
2.31134
2.24596
2.34898
2.40385
2.22392
2.27553
2.32192
2.32283
2.3672
2.27373
2.49902
2.30232
2.43187
2.34527
2.32534
2.28347
2.0982
2.18594
2.18565
2.15582
2.17885
2.14343
2.07325
2.22872
1.91967
2.17053
2.15237
1.93568
2.02787
2.13858
2.00798
2.22262
2.07227
2.22334
2.08262
2.16444
2.27982
2.24128
2.29437
2.35215
