2.60958
2.26273
2.56366
2.5782
2.59161
2.5704
1.86094
2.42842
2.43168
2.60728
2.43137
2.59677
2.6202
2.97361
2.88
2.87951
3.03581
2.87902
2.88
2.88
3.03902
2.87019
2.79607
2.83989
3.12
3.04
2.88
2.84679
2.88
2.88
2.88
3.2
2.96
2.80919
3.04
2.96
3.04
2.88
2.95267
3.04
2.899
2.92352
2.78251
2.83494
2.81022
2.80676
2.83546
2.58457
2.71268
2.73748
2.70565
2.81128
2.69794
2.74556
2.73523
2.70826
2.88013
2.68702
2.77454
2.80415
2.85217
2.76308
2.93495
2.95902
2.90345
2.70153
2.60454
2.88
2.88
2.88
2.87902
2.88
2.60651
2.87902
2.52157
2.5786
2.36602
2.36123
2.36418
2.58748
2.56901
2.52239
2.58063
2.40245
2.59939
2.5987
2.6448
2.57586
2.58749
2.74249
2.65263
2.80491
2.43235
2.6667
2.8104
2.83692
2.77345
2.76826
2.98378
