2.71677
2.71959
2.7142
2.68154
2.45957
1.90106
1.81251
1.82403
1.33483
1.52707
2.11174
1.97132
1.82506
2.39411
2.69467
2.69028
2.71131
2.70512
2.7158
2.71366
2.71619
2.73846
2.69031
2.68123
2.56221
2.37722
1.94794
1.79839
1.89845
2.05721
2.24346
1.82301
2.17344
2.43063
2.51885
2.56814
2.55275
2.70714
2.70212
2.70938
2.71252
2.63695
2.18687
2.55534
2.55052
2.62128
2.60436
2.62665
2.69598
2.71096
2.71836
2.7097
2.708
2.702
2.701
2.70526
2.7105
2.71292
2.70823
2.58694
2.5714
2.2925
2.366
2.54647
2.62112
2.71284
2.7139
2.7216
2.7175
2.7072
2.704
2.709
2.7167
2.72083
2.70987
2.69542
2.64045
2.61
2.54207
2.46239
2.37307
2.44204
2.57378
2.62096
2.39828
2.40941
2.47
2.353
2.47089
2.55
2.62142
2.68788
2.71347
2.71555
2.71639
2.7166
2.73822
2.6909
2.68774
