2.71718
2.7252
2.72601
2.69114
2.42061
2.13391
1.82738
1.5007
1.51404
1.46277
1.93373
1.89109
2.18956
2.23478
2.6091
2.72317
2.71223
2.6957
2.70153
2.7215
2.72852
2.69739
2.71219
2.6802
2.62377
2.58719
2.08862
1.75215
1.874
1.91108
2.05914
2.22215
2.4219
2.38437
2.45901
2.50894
2.60263
2.71279
2.72525
2.73244
2.67835
2.63163
2.53789
2.55081
2.50412
2.60912
2.55544
2.69279
2.70202
2.72657
2.7245
2.7165
2.7065
2.703
2.7025
2.705
2.7065
2.70738
2.71161
2.61302
2.41433
2.56075
2.51135
2.53378
2.68752
2.70597
2.70073
2.71966
2.7177
2.707
2.7055
2.713
2.7117
2.72943
2.7169
2.70733
2.63934
2.58472
2.43748
2.44143
2.14017
2.46408
2.34552
2.65438
2.4005
2.4163
2.49652
2.54427
2.158
2.40994
2.66504
2.73504
2.71416
2.732
2.7255
2.7162
2.73871
2.669
2.72156
