2.71271
2.70801
2.71866
2.65599
2.5755
2.17426
1.88617
1.71568
1.25491
1.89967
1.98278
2.08856
2.13003
1.92638
2.63106
2.73925
2.74162
2.72639
2.70683
2.6975
2.73045
2.66391
2.68408
2.67079
2.71037
2.46049
2.21879
2.08343
1.56151
1.65724
1.95279
2.25623
2.1952
1.93592
2.33719
2.41538
2.52131
2.65349
2.72042
2.71273
2.72933
2.57728
2.47244
2.35765
2.64871
2.57721
2.63284
2.71294
2.72804
2.72491
2.71705
2.7072
2.7065
2.703
2.705
2.7055
2.7075
2.70063
2.70102
2.62451
2.53188
2.50501
2.43321
2.61912
2.65989
2.72705
2.6886
2.72489
2.72016
2.7035
2.7045
2.70244
2.7186
2.71473
2.71263
2.71111
2.68587
2.59303
2.57058
2.40908
2.47502
2.40947
2.12622
2.25935
2.29094
2.31629
2.03548
2.2457
2.3332
2.51617
2.65491
2.69266
2.7195
2.7165
2.7161
2.71048
2.71238
2.69468
2.66406
