2.71
2.7192
2.70801
2.70233
2.26724
2.2076
1.65556
1.67221
1.47756
1.6131
2.2842
2.2136
1.82796
2.4994
2.27058
2.69784
2.71
2.7267
2.71588
2.73016
2.7258
2.68426
2.7188
2.69908
2.5941
2.59227
2.15564
2.09473
1.60446
1.89202
1.96957
2.2464
2.39615
2.4158
2.58791
2.45584
2.58458
2.6912
2.71168
2.71942
2.68618
2.5638
2.55637
2.27793
2.55711
2.60426
2.42345
2.6727
2.70581
2.69966
2.721
2.709
2.7115
2.7015
2.7025
2.705
2.708
2.71917
2.71103
2.61284
2.54922
2.2678
2.55071
2.27953
2.71701
2.70721
2.71357
2.7215
2.7092
2.7065
2.7042
2.7065
2.7195
2.72332
2.71194
2.72057
2.66593
2.5561
2.17526
2.53258
2.17466
2.35217
2.5457
2.64116
2.12253
2.17028
2.49805
2.52135
2.53454
2.55122
2.65049
2.71327
2.68815
2.71395
2.7087
2.716
2.7211
2.66711
2.70147
