2.71109
2.722
2.70008
2.70256
2.11128
2.22653
1.66304
1.80529
1.5135
1.57963
2.13166
2.0446
2.2015
2.37464
2.5762
2.6861
2.73137
2.71119
2.7115
2.72343
2.7195
2.6788
2.71505
2.64588
2.42674
2.45545
2.13141
2.20036
1.8662
1.69638
2.00494
2.23212
2.33654
2.40976
2.53034
2.54069
2.24483
2.71814
2.69816
2.72119
2.68606
2.61089
2.5127
2.35971
2.53036
2.64215
2.64713
2.69663
2.71168
2.69778
2.71442
2.71141
2.711
2.7025
2.704
2.7035
2.708
2.7241
2.70145
2.59557
2.45382
2.25713
2.24376
2.57064
2.6597
2.70139
2.70675
2.71742
2.716
2.705
2.7012
2.7095
2.7145
2.72339
2.727
2.69603
2.67106
2.63872
2.46154
2.25691
2.49422
2.32009
2.58736
2.3596
2.08261
2.41655
2.34162
2.47001
2.41897
2.23718
2.64252
2.62235
2.70493
2.72385
2.71438
2.7133
2.71112
2.69243
2.68838
