2.7125
2.69296
2.71409
2.70133
2.45794
2.23977
1.89483
1.42757
1.65125
2.05039
1.78446
2.21109
2.38996
2.56468
2.49071
2.69642
2.71911
2.69558
2.7172
2.71975
2.70011
2.72349
2.72533
2.64531
2.67
2.54984
2.37458
2.18613
1.92151
1.64974
2.07912
2.38332
2.1831
2.34751
2.26812
2.53096
2.61606
2.73045
2.72551
2.704
2.72248
2.57192
2.50653
1.84395
2.48414
2.56904
2.6308
2.66924
2.72084
2.73293
2.69093
2.7125
2.7105
2.706
2.701
2.7065
2.7105
2.71141
2.70705
2.52424
2.19372
2.56787
2.61659
2.6146
2.4381
2.69406
2.69975
2.70492
2.7125
2.7065
2.704
2.7061
2.70873
2.7202
2.71768
2.72152
2.70136
2.59347
2.41269
2.48378
2.19358
2.59744
2.68532
2.60475
2.56376
2.31323
2.30442
2.47674
2.45484
2.32941
2.62085
2.7066
2.65656
2.7028
2.7155
2.71389
2.71103
2.70117
2.71165
