3.00566
3.02224
2.98763
2.95164
2.64503
2.2754
1.68017
1.33278
1.3435
1.26274
1.66105
1.61149
2.04134
2.54052
2.85514
2.96665
3.00262
3.02126
3.02131
3.0237
3.00636
2.96767
2.96252
2.73498
2.77085
2.60986
2.4346
2.12497
1.81594
1.67881
1.97576
1.98816
2.67501
2.30612
2.31532
2.62678
2.80938
3.00096
2.98282
3.0215
2.98577
2.7992
2.75463
2.46907
2.37394
2.85762
2.94723
3.01842
3.02062
3.01898
3.02072
3.02073
3.02079
3.02059
3.02046
3.02059
3.02086
3.01626
2.99322
2.92405
2.53992
2.90977
2.84984
2.7968
2.97405
2.99192
3.01541
3.01764
3.01938
3.02073
3.02059
3.02119
3.02172
3.01762
2.98635
2.9933
2.96531
2.90392
2.60845
2.43945
2.27029
2.6297
2.9133
2.90792
2.55664
2.45052
2.46927
2.86073
2.72141
2.76725
2.92461
2.78472
2.97442
2.98492
3.02389
3.02111
3.00903
2.97481
2.92737
