3.02132
3.02167
3.00359
2.9588
2.58807
2.72497
2.18042
1.69032
1.18693
1.4044
1.66938
2.16581
1.98567
2.37864
2.9324
3.02019
2.96848
2.99964
3.01899
3.02257
2.9814
2.96149
3.00831
2.97547
2.90336
2.83667
2.28786
1.96629
1.7691
2.14241
2.42278
2.31545
2.46954
2.67805
2.63823
2.55057
2.88362
2.97788
3.0085
3.02079
2.98442
3.00652
2.83221
2.85366
2.68743
2.86754
2.99903
2.93599
3.01642
3.00736
3.02304
3.00521
3.02066
3.0202
3.02026
3.02046
3.01976
3.02178
3.01444
2.57855
2.57183
2.625
2.67612
2.78683
2.81445
2.98568
3.00394
3.00571
3.02224
3.02059
3.02073
3.00501
3.00288
3.02271
3.01808
2.97883
2.96815
2.98166
2.76642
2.55167
2.80557
2.62338
2.92916
2.8949
2.67272
2.81086
2.51751
2.8308
2.42628
2.71367
2.35331
2.93887
2.91093
3.02507
3.001
3.02304
2.98985
2.94515
2.93424
