2.7175
2.71354
2.70636
2.6488
2.30871
2.19754
1.81339
1.68536
1.54774
1.56265
1.94825
1.94712
2.20006
2.17908
2.62777
2.72707
2.73247
2.70887
2.7202
2.70851
2.72278
2.70955
2.72854
2.67236
2.66292
2.55758
2.11741
2.17296
1.78978
1.73159
2.30647
2.43441
2.36721
2.4578
2.34074
2.45449
2.55912
2.69967
2.71819
2.71275
2.68887
2.65978
2.60146
2.43842
2.57269
2.3189
2.5905
2.69495
2.72333
2.69346
2.6994
2.7103
2.7085
2.702
2.704
2.706
2.7105
2.72034
2.7286
2.55975
2.62052
2.51036
2.62683
2.62256
2.65474
2.64538
2.69681
2.72007
2.7073
2.7007
2.7085
2.71122
2.72227
2.71745
2.72841
2.68864
2.68081
2.59971
2.46974
2.5232
2.17838
2.49491
2.45704
2.29644
2.15785
2.55045
2.45338
2.22383
2.42861
2.60631
2.61715
2.72026
2.67647
2.70956
2.69972
2.71648
2.71753
2.69743
2.4922
