2.7095
2.69244
2.71214
2.64096
2.41407
2.34043
1.89273
1.48461
1.53251
1.71895
1.75125
2.08642
2.07848
2.12361
2.54661
2.67216
2.72888
2.72289
2.7171
2.70953
2.71719
2.67946
2.71239
2.65159
2.65615
2.31804
1.81835
1.93494
2.1549
2.02843
1.86026
2.54186
2.25379
2.46101
2.19401
2.31229
2.56802
2.69886
2.72
2.72272
2.68661
2.68005
2.19946
2.56619
2.57818
2.43989
2.52111
2.68659
2.70444
2.70936
2.7163
2.7072
2.7095
2.7015
2.705
2.7045
2.71
2.70903
2.72994
2.57646
2.5352
2.30506
2.62309
2.32099
2.40885
2.69534
2.72977
2.71283
2.70523
2.7055
2.7045
2.7107
2.721
2.71985
2.72121
2.66805
2.62337
2.63866
2.48706
2.29427
2.10099
2.41899
2.5101
2.65364
2.02642
2.51139
1.90674
2.61117
2.46155
2.58919
2.66656
2.65046
2.71209
2.73174
2.69583
2.71089
2.69148
2.68708
2.70875
