3.02184
3.02287
3.00027
2.96879
2.47308
2.55197
1.5366
1.54968
1.27029
1.43406
1.81758
2.23231
1.72846
2.19012
2.69526
2.95067
2.97223
3.02178
3.02207
3.0213
3.00891
2.78693
3.00837
2.93327
2.75627
2.69665
2.44354
2.22367
1.86229
1.56463
2.40951
2.51041
2.57261
2.19658
2.57435
2.57121
2.84031
2.97425
3.0171
3.02185
2.96483
2.78732
2.68034
2.89284
2.82152
2.74623
2.98588
2.98193
3.014
3.01876
3.01938
3.01866
3.0182
3.02053
3.02046
3.0202
3.02073
3.02178
3.01499
2.73105
2.8494
2.88737
2.95303
2.58612
2.77056
3.00825
3.00849
3.02264
3.02125
3.02112
3.02092
3.02158
3.02178
3.0233
3.008
2.97486
2.87765
2.78008
2.66655
2.58716
2.5025
2.41109
2.91259
2.85072
2.52087
2.67727
2.67399
2.36313
2.2686
2.81044
2.85893
2.93447
2.93382
3.02324
3.00739
3.02178
2.98801
2.94786
2.9004
