2.70093
2.723
2.68231
2.44694
2.51144
2.36515
1.89383
1.42869
1.92768
1.48731
1.97164
2.08318
2.08487
2.13163
2.56612
2.70239
2.71891
2.72549
2.71646
2.72432
2.7226
2.64964
2.71715
2.68596
2.63115
2.50054
2.10997
1.90896
1.80224
1.93184
2.05565
2.413
2.42359
2.51037
2.55783
2.55456
2.56449
2.68659
2.72413
2.71853
2.68296
2.56936
2.31345
2.47897
2.54571
2.66588
2.67316
2.70038
2.70667
2.71185
2.7195
2.70743
2.7055
2.7035
2.709
2.7035
2.7075
2.7132
2.71702
2.59289
2.63816
2.53039
2.62649
2.36097
2.65715
2.74022
2.73198
2.7223
2.714
2.705
2.7002
2.7095
2.721
2.71692
2.71609
2.63331
2.40407
2.68518
2.57431
2.51291
2.44272
2.48942
2.53881
2.64428
2.11605
2.41973
2.4588
2.30034
2.42663
2.52034
2.6932
2.64637
2.69424
2.71543
2.72139
2.70973
2.72824
2.70726
2.70099
