3.02178
3.02205
3.02132
2.94686
2.75256
2.25385
2.1251
1.42512
1.58057
1.28396
2.24631
2.07964
2.15816
2.49355
2.56665
2.7722
3.01687
3.00445
3.0238
3.02376
3.00979
2.88458
3.01911
2.89991
2.83159
2.62626
2.53638
2.01498
1.65566
1.56357
2.06594
2.49364
2.76015
2.45198
2.74777
2.75716
2.69088
2.94226
3.00288
3.00323
2.96329
2.9203
2.71872
2.87186
2.68341
2.88066
2.91738
2.95289
3.0213
3.00271
3.02191
3.02125
3.01886
3.02007
3.02053
3.02066
3.00494
3.01978
2.99142
2.95065
2.75593
2.82269
2.6817
2.94936
2.78167
2.96735
2.99922
3.01919
3.02031
3.02079
3.01936
3.01886
3.02172
3.02025
3.0237
3.00915
2.89473
2.84805
2.12708
2.41786
2.54857
2.68022
2.71232
2.93394
2.56699
2.71633
2.74415
2.75554
2.50664
2.76597
2.90726
2.80472
2.9111
3.00552
3.00226
3.01866
2.98021
2.98226
2.87181
