2.7145
2.70548
2.70759
2.65997
2.39206
2.04373
1.70672
1.63471
1.27333
1.62022
1.8963
2.1763
2.31002
2.52162
2.58457
2.6954
2.69955
2.71578
2.7135
2.72389
2.72516
2.71015
2.71385
2.70325
2.64631
2.49227
2.45294
2.23819
2.0228
1.84901
1.52658
2.25515
2.56905
2.4645
2.03158
2.58553
2.368
2.70114
2.70676
2.68192
2.68753
2.62016
1.98689
2.58034
2.25089
2.60255
2.71521
2.70247
2.73219
2.72907
2.7256
2.71221
2.703
2.703
2.705
2.704
2.7042
2.72244
2.69506
2.57191
2.46662
2.55491
2.35709
2.39268
2.70298
2.72295
2.7285
2.70454
2.7135
2.7095
2.7055
2.7122
2.71496
2.72083
2.72898
2.72838
2.67988
2.62116
2.55833
2.02115
2.43564
2.3439
2.46532
2.4078
2.41663
2.45638
2.52351
1.94107
2.37049
2.52863
2.58169
2.66326
2.67491
2.47334
2.7192
2.7185
2.71127
2.69506
2.71943
