2.713
2.71698
2.71287
2.61172
2.21634
2.11811
1.87302
1.46176
1.21735
1.39117
1.90737
1.70423
2.05445
2.42749
2.53686
2.69379
2.71601
2.72293
2.717
2.71354
2.71826
2.71085
2.70377
2.65463
2.6748
2.54708
2.09501
2.03807
1.59836
1.59072
1.80416
2.07694
2.36629
2.54005
2.50381
2.34182
2.58098
2.67012
2.70525
2.70894
2.71553
2.66169
2.558
2.57968
2.5407
2.56838
2.66188
2.69902
2.72449
2.71513
2.72562
2.7142
2.706
2.702
2.703
2.70513
2.7055
2.7186
2.70399
2.44425
2.18116
2.44065
2.50529
2.658
2.67633
2.68451
2.71745
2.7207
2.7102
2.7085
2.70675
2.7165
2.7157
2.72727
2.72489
2.70553
2.59367
2.58942
2.26994
2.1705
2.20165
2.59587
2.62116
2.6488
2.38151
2.3115
2.37066
2.51317
2.22302
2.51709
2.69684
2.68968
2.71718
2.7128
2.7205
2.71448
2.72272
2.6752
2.6853
