3.02158
3.0208
3.00654
2.95987
2.7562
2.38831
1.85358
1.60941
1.40784
1.49382
1.79509
2.004
2.25826
2.68084
2.70857
2.88421
2.98658
3.00366
3.00408
3.00409
2.99927
2.94315
3.00426
2.7819
2.77922
2.62837
2.54433
2.14211
1.74225
2.07169
2.36542
2.26689
2.55706
2.55687
2.5802
2.81427
2.78565
2.88117
3.00778
3.02309
2.95242
2.96723
2.70951
2.5116
2.88275
2.86687
2.87902
2.93072
3.00055
3.00469
3.02152
3.02152
3.02099
3.02026
3.0204
3.02
3.02099
3.02165
3.01551
2.82701
2.70954
2.70851
2.72599
2.78214
2.84105
2.98562
3.02474
3.02047
3.02224
3.02066
3.02092
3.02218
3.0207
2.9898
3.02106
2.97616
3.01504
2.9226
2.72484
2.17864
2.62979
2.71911
2.82336
2.88663
2.66047
2.76873
2.70439
2.45619
2.42845
2.87932
2.76985
2.99954
2.95399
3.00186
3.01975
3.00668
2.98929
3.00315
2.81694
