3.02145
3.01817
2.9756
2.96464
2.73195
2.34685
1.71515
1.52536
1.16234
1.42474
1.67453
1.9473
1.78179
2.43955
2.87222
2.99827
3.00529
2.97425
3.02403
3.02192
3.02249
2.99471
3.02358
2.95734
2.68394
2.68522
2.30629
2.31364
2.23756
1.8754
1.8739
2.18611
2.65282
2.01911
2.52916
2.63766
2.60908
3.02274
2.98151
3.0251
2.96989
2.68186
2.9719
2.62447
2.50232
2.89704
2.80988
2.96944
3.01069
3.01411
3.02191
3.02125
3.02086
3.02046
3.0202
3.02013
3.02086
3.02165
3.00857
2.75459
2.43937
2.71578
2.86323
2.69657
3.0038
3.01643
2.97617
3.02363
3.02191
3.02044
3.02066
3.02191
3.02267
3.01843
3.02337
2.99496
2.89564
2.68902
2.5193
2.57743
2.64494
2.77881
2.89403
2.72929
2.69061
2.57784
2.40916
2.57492
2.66519
2.81739
2.89748
2.87028
2.78883
3.01011
3.02383
3.00712
2.95652
2.98857
2.96331
