3.02112
3.02264
2.85751
2.8537
2.79918
2.58014
2.19501
1.46778
1.42002
1.56688
1.70673
2.19303
1.8609
2.43416
2.86377
2.99137
2.86396
3.0199
3.00772
3.00566
3.02313
2.95906
2.99196
2.92487
2.87265
2.89137
2.40811
2.22028
1.91016
1.81393
1.65919
2.55419
2.39861
2.58959
2.35466
2.54876
2.78273
2.94868
3.01757
3.01802
2.94775
2.60942
2.71159
2.86145
2.84351
2.94705
2.96376
2.95908
3.02455
2.98773
3.02191
3.02172
3.02092
3.0202
3.02013
3.02026
3.02073
3.02218
2.98649
2.93509
2.69707
2.68556
2.82622
2.90795
2.92984
3.01906
3.02508
3.02033
3.02231
3.02086
3.02046
3.01978
3.02211
3.02297
3.02377
2.94378
2.87742
2.8767
2.51488
2.40247
2.58812
2.60106
2.85977
2.8437
2.67416
2.73431
2.85926
2.89999
2.53216
2.70497
2.79975
2.91316
2.90514
2.97778
3.02376
3.02356
2.9616
2.97239
2.92976
