3.02158
3.00653
2.99489
3.01986
2.75395
2.3067
1.58953
1.32896
1.2446
1.48382
1.87358
2.15942
1.92649
2.22614
2.90863
2.99418
3.0028
3.00765
3.02264
3.0224
3.00702
2.95615
2.97647
2.98783
2.93851
2.7201
2.41404
1.98492
1.86996
2.03007
1.94702
2.16876
2.33428
2.45342
2.52808
2.8085
2.74796
2.94877
3.02436
3.00684
2.98024
2.85148
2.46953
2.5308
2.87353
2.78413
2.76543
2.98769
3.01733
3.00738
3.02172
3.02145
3.01861
3.02053
3.02033
3.02059
3.01872
3.02198
3.01898
2.77972
2.64704
2.76662
2.70624
2.73889
2.96332
3.00532
3.00439
3.02231
3.02257
3.02059
3.02046
3.02106
3.02037
3.01956
3.02111
3.00329
2.92441
2.93711
2.49372
2.73616
2.619
2.69034
2.78552
2.75843
2.67306
2.42604
2.37802
2.78532
2.7294
2.69282
2.68262
2.94188
2.90829
3.02534
3.02212
3.02317
3.00654
2.98807
2.9779
