3.01989
3.0207
2.94831
2.83171
2.59135
2.35553
1.68629
1.34982
1.19526
1.57342
2.01917
2.18362
2.13812
2.37076
2.55787
2.9277
3.0164
3.02111
3.0235
3.02196
3.02576
2.95679
3.00531
2.89191
2.87815
2.64936
2.3887
2.29371
1.66892
2.11926
1.83514
2.39669
2.18166
2.66098
2.61408
2.60131
2.62323
2.98767
3.01924
2.98609
2.96293
2.75467
2.70146
2.80969
2.8828
2.94039
2.91698
3.00204
3.01429
3.00684
3.01998
3.02132
3.02086
3.02013
3.02026
3.02053
3.02086
3.02152
3.01497
2.9358
2.86412
2.39458
2.86968
2.75477
2.96379
2.86753
3.02054
3.00321
3.02218
3.02053
3.00442
3.02112
3.02031
3.01835
3.00505
3.00283
2.97994
2.84576
2.18027
2.75884
2.46294
2.35886
2.87443
2.89055
2.7173
2.74149
2.79066
2.90398
2.84913
2.51673
2.7553
2.78124
2.98092
3.00382
2.99161
3.02008
3.00981
2.92814
2.96082
