2.7105
2.72016
2.7022
2.64901
2.2523
2.30722
1.6873
1.67
1.66565
1.58185
2.02083
2.27285
2.07039
2.30465
2.64571
2.67934
2.71908
2.71114
2.718
2.72257
2.69107
2.66875
2.70204
2.68035
2.67801
2.53739
2.40255
2.24547
1.75231
2.03239
1.73384
1.91521
2.49764
2.33396
2.43624
2.63751
2.55652
2.68201
2.72507
2.7206
2.68757
2.6183
2.2473
2.55098
2.60865
2.60445
2.60914
2.69106
2.70196
2.71485
2.72189
2.7117
2.7075
2.704
2.7015
2.7045
2.707
2.722
2.71334
2.6599
2.48203
2.44783
2.64928
2.52881
2.67718
2.70594
2.73105
2.71373
2.708
2.709
2.7055
2.71208
2.7182
2.69844
2.71792
2.71594
2.65026
2.63178
2.51248
2.55375
2.15444
2.09969
2.33289
2.54192
2.55043
2.54441
2.44796
2.25298
2.51358
2.61728
2.6508
2.65268
2.67201
2.72391
2.715
2.7138
2.70943
2.67083
2.66912
