2.7172
2.71598
2.7408
2.6321
2.4404
2.07356
1.7429
1.73254
1.46259
1.29953
2.08122
2.07417
2.25277
2.53926
2.61273
2.71771
2.70707
2.72499
2.70508
2.71854
2.72698
2.66679
2.66862
2.6672
2.62986
2.49218
2.23265
2.12945
1.51127
1.8462
2.23353
2.49475
1.9695
2.36117
2.29222
2.48213
2.59968
2.70896
2.72413
2.72905
2.53025
2.56157
2.58046
2.53143
2.24529
2.56531
2.57317
2.69231
2.70799
2.70503
2.69033
2.7085
2.7031
2.7045
2.7025
2.706
2.711
2.72363
2.70894
2.50624
2.53657
2.39566
2.61985
2.36532
2.64475
2.72882
2.69394
2.7172
2.71569
2.7065
2.703
2.7085
2.7207
2.71692
2.73305
2.6952
2.71945
2.36108
2.56681
2.34676
2.10716
2.06241
2.39304
2.52595
2.47156
2.41441
2.55739
2.50336
2.40713
2.25233
2.69007
2.68249
2.69236
2.70993
2.7145
2.721
2.72235
2.71185
2.57809
