3.02178
3.0233
3.02142
2.852
2.46463
2.44966
1.80379
1.69492
1.09706
1.44997
1.75014
1.96783
2.36697
2.45532
2.78523
2.78605
3.01868
2.98819
3.02343
3.02187
3.02255
2.99768
2.95274
2.97958
2.74721
2.56639
2.43027
2.16898
1.93596
1.59662
1.88232
2.55983
2.47136
2.6278
2.69234
2.80554
2.62217
2.81893
3.02189
3.02069
2.9874
2.92941
2.80674
2.83115
2.66127
2.82638
2.98948
2.94632
3.01482
3.02499
3.02264
3.02145
3.02079
3.02026
3.02033
3.02033
3.02099
3.02211
2.99804
2.72819
2.8332
2.8335
2.87496
2.92458
2.97544
2.97632
2.99989
3.00614
3.02191
3.02086
3.0204
3.0186
3.02191
3.02233
3.00216
2.96025
2.93237
2.90239
2.5125
2.52359
2.62054
2.80199
2.64942
2.73979
2.81091
2.81598
2.79531
2.80495
2.77508
2.69839
2.84292
2.89281
2.99926
3.02565
3.02238
3.00692
2.98558
2.98015
2.92306
