3.02118
3.023
3.01479
2.99161
2.6669
2.44694
1.60244
1.37338
1.11819
1.20729
1.83842
1.75423
1.81237
2.60063
2.57518
2.99365
3.00647
3.01853
3.00686
2.98249
3.01697
2.98844
3.00167
2.90237
2.78252
2.84101
2.45846
2.38489
2.04205
2.18143
2.08727
2.37541
2.60592
2.6681
2.59183
2.61627
2.54027
2.99758
3.01583
3.01984
2.92868
2.91792
2.58397
2.79284
2.68398
2.93662
2.82671
3.01512
2.99665
3.02117
3.02205
3.02172
3.02073
3.0204
3.02026
3.02007
3.02079
3.02158
3.00496
2.92404
2.79743
2.42811
2.58309
2.76434
2.93272
2.99194
3.01065
3.02316
3.02251
3.02092
3.02092
3.018
3.02356
3.02016
3.02376
2.959
2.96906
2.59675
2.53477
2.85379
2.60513
2.53997
2.87743
2.76554
2.55932
2.54714
2.50257
2.73869
2.858
2.70688
2.88067
2.83036
2.9477
3.00845
3.02012
3.0229
3.00999
2.94026
2.77055
