2.7161
2.71821
2.7038
2.67221
2.37106
2.12057
2.01214
1.82943
1.78532
1.64886
1.82555
2.20001
2.13505
2.26144
2.52913
2.69684
2.71901
2.70965
2.70773
2.7192
2.70411
2.65288
2.69857
2.65769
2.57467
2.59138
2.21774
2.12687
1.65167
2.0267
1.95392
2.20055
2.39902
2.46175
2.52712
2.2016
2.37255
2.65547
2.71187
2.7046
2.71987
2.55306
2.52745
2.55568
2.57508
2.54608
2.71065
2.68798
2.72489
2.72777
2.72661
2.7135
2.707
2.703
2.704
2.705
2.712
2.7215
2.72299
2.42188
2.34009
2.56414
2.53695
2.60882
2.38427
2.69913
2.70918
2.7272
2.7112
2.707
2.706
2.7125
2.71178
2.70714
2.69896
2.72871
2.5738
2.63318
2.51043
2.47313
2.4672
2.30301
2.61298
2.60526
2.47584
2.58821
2.49135
2.27865
1.97741
2.22018
2.59109
2.63854
2.73658
2.71834
2.712
2.7197
2.71411
2.71403
2.70381
