3.02145
3.01228
2.97847
2.93691
2.52965
2.11906
1.97874
1.40668
1.19534
1.39695
1.76151
2.23184
2.26314
2.14487
2.80854
2.99219
3.00571
3.00703
3.00576
3.02383
3.0213
2.98771
2.99761
2.80355
2.76105
2.69179
2.52511
2.03605
1.74749
1.9215
2.1313
2.61408
2.4292
2.67488
2.68062
2.89245
2.74939
2.83324
3.00846
3.02257
3.00812
2.89756
2.71451
2.89966
2.70414
2.6977
2.97972
3.00783
2.97597
3.01892
3.01945
3.02066
3.02086
3.0202
3.02007
3.0204
3.02046
3.02251
3.02308
2.76329
2.86308
2.81905
2.89914
2.43627
2.98169
3.0006
3.00823
3.02097
3.02178
3.02086
3.02066
3.02185
3.02211
3.02123
3.00811
3.00028
3.00803
2.90156
2.48758
2.7607
2.36226
2.54344
2.87348
2.8523
2.65419
2.43152
2.6798
2.71408
2.48502
2.42679
2.87381
2.98524
2.94694
2.92308
3.00774
3.00483
2.9757
2.96057
2.804
