2.70673
2.71552
2.72299
2.6733
2.42523
2.34748
1.81347
1.61701
1.65827
1.43421
1.80271
1.70537
2.08392
2.39367
2.6871
2.68516
2.72387
2.72339
2.71407
2.71763
2.72084
2.71005
2.66307
2.67094
2.67755
2.47303
2.25175
2.07137
1.61786
1.8791
2.14377
2.46938
2.12995
2.41064
2.43141
2.49896
2.57383
2.66749
2.71377
2.71861
2.70345
2.65678
2.51627
2.59148
2.52375
2.60172
2.64493
2.6873
2.70545
2.69178
2.7162
2.70994
2.7075
2.702
2.703
2.705
2.707
2.71734
2.70898
2.26674
2.29107
2.53009
2.50926
2.58624
2.4139
2.68773
2.7265
2.7212
2.712
2.708
2.708
2.7102
2.70764
2.71989
2.72052
2.71105
2.62427
2.38588
2.57094
2.29944
2.36129
2.44731
2.61974
2.40755
2.30608
2.40109
2.15769
2.47949
2.44047
2.27838
2.69949
2.67574
2.70094
2.72857
2.716
2.7147
2.69164
2.69407
2.67703
