3.00527
3.0034
2.99506
2.93284
2.76561
2.48976
1.6863
1.5957
1.47056
1.55356
1.83575
2.31402
1.81683
2.1806
2.55679
2.94902
3.01733
3.00851
3.02238
3.00334
3.01861
2.96024
2.97006
3.00075
2.90972
2.5089
2.29191
2.16686
2.01221
1.99128
1.85535
2.14313
2.38103
2.69803
2.72569
2.61602
2.72474
2.94257
2.99227
3.02099
2.97863
2.87516
2.89142
2.68375
2.91658
2.9278
2.91759
2.97863
3.01317
3.00404
3.02178
3.01691
3.02059
3.02013
3.0202
3.02059
3.02106
3.01646
3.01897
2.9375
2.65486
2.93205
2.82448
2.77248
2.91764
2.94508
2.99824
3.02105
3.02198
3.02086
3.02106
3.00607
3.02254
2.99745
3.01692
2.98904
2.95538
2.89656
2.68034
2.34019
2.6076
2.5208
2.73153
2.89013
2.55976
2.58986
2.66222
2.86674
2.4218
2.72671
2.84243
2.89511
2.94823
2.97859
3.02297
3.00486
2.97017
2.94006
2.93379
