2.71039
2.7191
2.6936
2.63772
2.5112
2.32479
2.01818
1.38505
1.34322
1.69203
1.69471
1.9944
1.99067
2.2618
2.54989
2.71241
2.72775
2.72415
2.7142
2.71023
2.70669
2.71421
2.68704
2.69248
2.69687
2.51814
2.36992
2.02628
1.70339
2.13756
2.11364
2.34658
2.05155
2.38569
2.25521
2.61414
2.28201
2.70119
2.71761
2.72811
2.60687
2.65326
2.56574
2.57621
2.48814
2.67907
2.62081
2.72389
2.71249
2.73345
2.7167
2.7095
2.7075
2.7045
2.702
2.7045
2.708
2.70015
2.69293
2.4222
2.13381
2.37392
2.43048
2.67022
2.69977
2.6931
2.71838
2.6963
2.71488
2.7065
2.706
2.71041
2.716
2.7282
2.70858
2.71612
2.61791
2.59012
2.64879
2.34511
2.08322
2.28095
2.60811
2.60298
2.40793
2.47925
2.50775
2.54461
2.54338
2.54608
2.71308
2.66059
2.69117
2.73319
2.71439
2.7138
2.71811
2.71446
2.69157
