3.02125
3.01595
3.01242
3.00922
2.34828
2.08982
2.02183
1.56279
1.29951
1.42588
1.91002
1.98428
2.08747
2.51573
2.86977
2.95873
3.01616
2.99877
3.0231
3.02385
2.97212
2.9391
2.97733
2.87535
2.87743
2.84207
2.30968
2.09134
1.94816
1.87573
2.00675
2.6399
2.58908
2.57471
2.48779
2.76963
2.71976
2.80916
3.00142
2.99873
2.98188
2.93348
2.84269
2.65979
2.69485
2.7857
2.91132
2.99705
3.02111
2.9981
3.0045
3.02092
3.02139
3.0202
3.02013
3.0204
3.02092
3.01991
3.01381
2.69693
2.77673
2.31013
2.88506
2.80578
2.94275
2.99669
3.01973
3.02204
3.02218
3.01872
3.02099
3.02119
3.02191
3.00387
2.98298
2.99622
2.93269
2.68214
2.83892
2.67061
2.62888
2.78792
2.77238
2.84742
2.60781
2.76619
2.42266
2.66276
2.80249
2.89775
2.98187
2.97959
2.90309
3.01896
3.02379
3.02359
2.88272
2.95677
2.62571
