3.02158
3.01662
3.01431
2.77835
2.61326
2.22519
1.82981
1.33318
1.36525
1.44571
1.91402
1.82245
2.13293
2.43246
2.84388
2.96375
3.00382
3.00436
3.02172
3.01629
2.99706
2.98022
3.00546
2.97391
2.90146
2.59405
2.27074
1.75766
1.70772
2.09751
2.0415
2.34326
2.58624
2.45819
2.42815
2.83246
2.91797
3.00846
3.01834
3.01134
2.88213
2.69472
2.60933
2.91586
2.67763
2.65722
2.96865
3.00786
3.00334
2.99995
3.01731
3.02119
3.02079
3.02066
3.02007
3.0204
3.02099
3.02145
3.0205
2.77003
2.77054
2.70393
2.74924
2.91503
2.81594
2.9638
3.01407
3.01927
3.01945
3.02099
3.02112
3.02125
3.0229
3.02097
3.01785
2.9761
2.93781
2.75621
2.38829
2.81991
2.58801
2.87013
2.44174
2.85753
2.65143
2.65104
2.21953
2.5267
2.5152
2.79137
2.90548
2.95824
2.94887
2.9837
3.02098
3.0202
2.98628
2.94962
2.97937
