3.02138
3.02071
3.01759
2.84534
2.32398
2.33714
1.75823
1.93786
1.59386
1.5015
1.81362
2.1309
1.91884
2.56857
2.84409
2.97624
2.991
3.00728
3.02343
3.01876
2.99754
2.96108
2.82244
2.98173
2.94424
2.80869
2.40055
2.10162
1.8715
2.01651
1.91579
2.40667
2.72084
2.51026
2.68916
2.8714
2.81524
2.97542
3.00275
3.02137
2.96039
2.56857
2.74195
2.84782
2.91569
2.90321
2.95304
2.99793
3.02488
3.00446
3.02062
3.02106
3.02106
3.02013
3.0204
3.02007
3.02053
3.01876
3.00587
2.77465
2.65819
2.66294
2.66845
2.71898
2.73013
3.00563
3.00043
3.0233
3.02218
3.02059
3.02079
3.02145
3.01906
3.00119
3.00403
3.02461
2.9079
2.91352
2.75681
2.71753
2.26036
2.53401
2.7606
2.82417
2.3814
2.63566
2.72602
2.69145
2.64146
2.68528
2.94352
2.99199
3.01013
2.91448
3.02356
3.02337
2.99648
3.0006
2.93543
