2.7105
2.72151
2.71366
2.68916
2.36746
2.32094
1.82691
1.84517
1.4246
1.38493
1.8572
1.97426
1.72833
2.1887
2.58465
2.64979
2.71477
2.70855
2.7138
2.72143
2.71284
2.66785
2.7123
2.64714
2.70184
2.40634
1.8307
1.71956
1.91261
1.99166
2.18202
2.20978
1.87198
2.08204
2.09512
2.43298
2.59896
2.73555
2.70941
2.72161
2.70934
2.54502
2.44759
2.55384
2.49627
2.57677
2.63161
2.71401
2.71277
2.71342
2.70801
2.7092
2.704
2.706
2.704
2.703
2.7115
2.71923
2.71041
2.47404
2.50776
2.54258
2.56137
2.67596
2.65148
2.66449
2.7316
2.72512
2.7147
2.709
2.706
2.713
2.7225
2.70789
2.7202
2.67907
2.6115
2.57091
2.21213
2.51157
2.27127
2.51615
2.53073
2.60836
2.15609
2.54288
2.46936
2.26223
2.39326
2.31521
2.65532
2.68822
2.68054
2.73805
2.71705
2.7175
2.72185
2.69857
2.7056
