2.7087
2.73289
2.67519
2.64017
2.24967
2.19702
1.68706
1.46453
1.36691
1.52738
2.2032
1.96539
2.22018
2.40348
2.64555
2.6833
2.7047
2.72449
2.716
2.72581
2.69838
2.678
2.70913
2.65575
2.6634
2.56802
2.06744
1.7258
1.53752
1.70768
2.07769
2.09973
2.39436
2.04726
2.21806
2.56532
2.34239
2.64093
2.7297
2.73361
2.70141
2.61597
2.59392
2.50354
2.50984
2.31735
2.64721
2.67207
2.70883
2.70423
2.72174
2.71
2.7065
2.705
2.703
2.706
2.7105
2.71357
2.68302
2.58522
2.4944
2.32456
2.5742
2.61411
2.62169
2.70174
2.71834
2.724
2.7127
2.705
2.709
2.7085
2.7241
2.7235
2.70906
2.67841
2.73071
2.59554
2.47308
2.49449
2.4648
2.49461
2.37912
2.37609
2.23402
2.18378
2.52384
2.4875
2.13606
2.3516
2.62208
2.64381
2.68946
2.73102
2.7137
2.7125
2.73834
2.72167
2.67011
