2.716
2.71429
2.71345
2.61479
2.26805
2.2879
2.07294
1.78595
1.58122
1.88489
1.74397
2.0739
2.33258
2.3752
2.45748
2.72984
2.69936
2.71228
2.7157
2.70792
2.72847
2.71203
2.7007
2.74037
2.68612
2.34616
2.14446
2.04646
2.09329
1.74031
2.1373
2.18268
2.22507
2.31279
2.42729
2.44131
2.55925
2.67164
2.72951
2.72844
2.72412
2.65367
2.35284
2.41728
2.52182
2.53937
2.70618
2.70415
2.71262
2.72927
2.69723
2.711
2.705
2.704
2.703
2.704
2.7135
2.71928
2.71756
2.24038
2.26385
2.47894
2.57796
2.51612
2.64064
2.69906
2.69738
2.70169
2.71439
2.7061
2.7006
2.7125
2.7152
2.71996
2.71771
2.66721
2.3597
2.56927
2.53364
2.42016
2.49866
2.54102
2.5817
2.55846
2.4399
2.3868
1.95893
2.32374
2.43158
2.07997
2.58857
2.71224
2.73599
2.72117
2.71804
2.70712
2.72436
2.70131
2.66854
