3.02145
3.01952
2.98301
2.95297
2.47486
2.61771
1.91613
2.06739
1.19005
1.44645
1.85356
2.27054
2.26362
2.50657
2.74729
2.92367
3.0008
3.01624
3.02264
3.02317
3.00224
2.98547
2.92881
2.97425
2.91867
2.79051
2.12905
2.08541
1.62606
1.97222
2.20007
2.72632
2.48092
2.58421
2.89386
2.80003
2.86536
3.00351
3.02198
3.02469
2.99063
2.63734
2.78579
2.91094
2.85166
2.91884
3.00148
2.97941
2.98914
3.00498
3.02129
3.02152
3.02059
3.02046
3.02026
3.0204
3.02092
3.02185
3.0119
2.90471
2.58661
2.85125
2.89316
2.90072
2.96085
2.94979
3.01719
3.02031
3.02006
3.02079
3.02046
3.02119
3.02228
3.01813
3.02451
2.9777
2.99447
2.8507
2.72024
2.77481
2.44723
2.43574
2.64928
2.87212
2.46124
2.69856
2.23784
2.59091
2.87861
2.60501
2.8624
2.8475
2.95892
2.96003
3.02389
3.02383
3.005
2.96328
2.97177
