2.7142
2.72069
2.7108
2.61421
2.27497
2.04825
1.74126
1.56258
1.72705
1.57406
1.84196
1.99181
2.13033
2.24392
2.62126
2.71055
2.71353
2.72928
2.7202
2.7049
2.73655
2.68194
2.72448
2.6915
2.65107
2.5982
1.9626
2.10548
2.08497
2.07957
1.75105
1.92244
2.16132
2.15296
2.28932
2.50824
2.52713
2.66301
2.70664
2.73095
2.68516
2.59191
2.22528
2.53818
2.60795
2.62301
2.67665
2.6783
2.72309
2.72665
2.71975
2.713
2.7095
2.703
2.7015
2.7045
2.7125
2.7197
2.71458
2.65238
2.58574
2.21454
2.56306
2.56187
2.68078
2.72483
2.71658
2.7222
2.717
2.7035
2.7095
2.7091
2.7172
2.7205
2.70409
2.68602
2.58216
2.63061
2.26876
2.44969
2.31631
2.4543
2.61971
2.6342
2.16088
2.21112
2.46324
2.54715
2.39082
2.57977
2.70206
2.71583
2.6902
2.70384
2.71519
2.70433
2.7043
2.71767
2.65035
