2.71458
2.7267
2.70388
2.60024
2.51356
2.17864
2.20704
1.54208
1.18552
1.96214
1.8029
2.17794
1.58388
2.22333
2.64197
2.65263
2.7086
2.70742
2.70592
2.70898
2.71885
2.68079
2.66826
2.66611
2.70792
2.51577
2.13094
2.25342
1.84915
1.68996
1.99186
2.41061
2.23471
1.89522
2.46867
2.61679
2.56229
2.72915
2.70807
2.72318
2.65464
2.59646
2.37728
2.54425
2.35949
2.43009
2.49922
2.73894
2.71327
2.72197
2.71736
2.7105
2.707
2.702
2.704
2.704
2.706
2.70925
2.73998
2.50551
2.34877
2.57287
2.53222
2.37605
2.64165
2.69122
2.70608
2.71058
2.7065
2.7075
2.707
2.7147
2.70957
2.72463
2.69783
2.66105
2.65139
2.62255
2.56315
2.1922
2.11568
2.41911
2.63279
2.46757
2.55196
2.5429
2.14127
2.48316
2.02488
2.52822
2.68241
2.64226
2.69709
2.69847
2.70998
2.71885
2.71415
2.65627
2.71779
