1.81632
1.80651
1.83833
1.87933
1.82564
1.91967
1.88
1.78883
1.88
1.84
1.83839
1.84
1.84
1.77333
1.76911
1.77165
1.74066
1.56892
1.6084
1.56892
1.49603
1.63421
1.7226
1.78472
1.7824
1.79872
1.9158
1.919
1.84239
1.919
1.8284
1.83243
1.96803
1.96251
1.94159
1.90745
1.82883
1.77667
1.78241
1.77817
1.73285
1.78241
1.69122
1.56344
1.4543
1.51761
1.53004
1.54975
1.59528
1.82959
1.77678
1.79199
1.84
1.84
1.84
1.82643
1.78804
1.83967
1.83967
1.84
1.84
1.83756
1.82282
1.84
1.84
1.839
1.82119
1.88
1.79042
1.76353
1.83766
1.83933
1.81496
1.83833
1.83783
1.83756
1.75558
1.87933
1.7996
1.80869
1.80526
1.71464
1.78518
1.81291
1.8406
1.79722
1.82931
1.83756
1.96
1.84707
1.61809
1.79381
1.61317
1.25033
1.58957
1.67147
1.67484
1.60316
1.8016
