2.1172
2.11744
2.07587
2.09391
2.07955
2.11905
2.09245
2.19524
2.11682
2.09438
2.12116
2.08139
2.08139
2.02366
2.01048
1.8542
1.86153
1.80438
1.7175
1.72551
1.82826
1.80579
1.79907
1.96695
1.92
1.85973
1.92
1.97699
2.03282
2.06706
2.00431
2.04747
2.09677
2.06056
2.04
2.04
2.04
2.01586
2.03629
2.00281
1.97771
1.94343
1.80729
1.75183
1.64539
1.63198
1.76165
1.80814
1.7911
1.83781
1.91093
1.95037
2.04
2.05731
2.03677
1.98
2.04
2.08139
2.08323
2.08879
2.1462
2.09677
2.1
2.03282
2.02712
2.01723
2.08513
2.03666
2.03192
2.1
2.06715
2.0506
2.04
2.1
2.15078
2.26416
2.22061
2.14851
2.02987
2.00715
1.98
1.92
1.92
1.85932
1.89037
1.98
2.03568
2.08694
2.1462
2.06289
2.04747
1.95711
1.91449
1.86266
1.89094
1.9274
1.92299
1.87603
1.97019
