1.81135
1.81066
1.83766
1.87867
1.81996
1.91967
1.87933
1.77667
1.88
1.84
1.83866
1.84
1.83933
1.78159
1.75872
1.75527
1.79782
1.63125
1.54583
1.57274
1.58583
1.56907
1.71705
1.74296
1.79872
1.78472
1.918
1.91967
1.83604
1.91967
1.83067
1.8441
1.94865
1.95944
1.93759
1.909
1.82724
1.77542
1.77708
1.76756
1.71712
1.76092
1.60522
1.51777
1.53605
1.52846
1.55126
1.57849
1.73195
1.82572
1.75286
1.79974
1.84
1.83967
1.84
1.80896
1.78159
1.84
1.84
1.84
1.84
1.83839
1.82079
1.84
1.84
1.83933
1.81081
1.88
1.782
1.78804
1.83933
1.83867
1.82043
1.83694
1.83728
1.83833
1.79457
1.88
1.77769
1.815
1.81038
1.7408
1.8031
1.81146
1.80588
1.83139
1.84854
1.85864
1.95967
1.84009
1.61163
1.86501
1.58385
1.24488
1.63422
1.79859
1.79626
1.53614
1.81339
