1.81316
1.80772
1.83967
1.87867
1.81123
1.91933
1.879
1.77584
1.87967
1.83967
1.83783
1.83967
1.84
1.77542
1.74748
1.73049
1.80148
1.61067
1.58267
1.51327
1.49154
1.57475
1.7241
1.74826
1.81081
1.80396
1.91833
1.91967
1.85959
1.91933
1.82794
1.82456
1.96318
1.97047
1.92515
1.90132
1.82281
1.76612
1.7644
1.76903
1.76484
1.75828
1.67233
1.56117
1.444
1.43126
1.50645
1.50981
1.70509
1.83555
1.75018
1.78963
1.83933
1.839
1.84
1.81874
1.78524
1.84
1.83967
1.84
1.84
1.83811
1.81874
1.84
1.84
1.83933
1.82281
1.87967
1.76612
1.78804
1.83867
1.83967
1.8156
1.83833
1.83642
1.83839
1.77891
1.87867
1.78379
1.80569
1.80353
1.73858
1.80135
1.81195
1.83705
1.82931
1.83449
1.85387
1.95967
1.85769
1.63023
1.79477
1.566
1.62017
1.65264
1.79454
1.79853
1.64487
1.8026
