2.12388
2.08052
2.08508
2.05758
2.08694
2.08337
2.13466
2.17059
2.10572
2.08879
2.11429
2.09252
2.04441
1.99074
1.95842
1.85408
1.88282
1.78851
1.8134
1.7046
1.70348
1.78028
1.81863
1.92097
1.92
1.85986
1.92
1.97499
2.03425
2.08323
2.02145
2.05889
2.03629
1.99293
2.04
2.04
2.04
2.0335
2.07752
2.03514
2.02269
1.83628
1.81294
1.74841
1.67327
1.65465
1.82496
1.77376
1.74107
1.81926
1.88696
1.97677
2.04
2.06128
2.00715
1.98
2.04
2.08879
2.09065
2.08694
2.1462
2.1
2.1
2.03425
2.0257
2.02428
2.0773
2.02244
2.0335
2.08342
2.09677
2.05731
2.00871
2.09625
2.15078
2.26731
2.23495
2.10104
2.05423
2.00877
1.97839
1.92
1.89037
1.85918
1.92
1.98
2.02145
2.08527
2.0802
2.06154
2.09677
2.00715
1.91612
1.88876
1.84533
1.86467
1.92472
1.94305
1.90648
