1.80969
1.81312
1.83933
1.87933
1.79067
1.91933
1.88
1.78483
1.87967
1.84
1.83866
1.83967
1.83967
1.78362
1.76655
1.75428
1.67542
1.65603
1.64024
1.54429
1.54704
1.51005
1.71346
1.77817
1.79158
1.79651
1.91833
1.92
1.84996
1.92
1.82379
1.84952
1.97707
1.95739
1.92903
1.91211
1.8044
1.77625
1.77955
1.7884
1.74726
1.75203
1.66207
1.57385
1.47306
1.4776
1.49264
1.67615
1.71807
1.83526
1.75668
1.78483
1.84
1.83967
1.84
1.81937
1.79356
1.83967
1.84
1.84
1.84
1.83839
1.82851
1.84
1.84
1.83967
1.82804
1.87967
1.78362
1.76996
1.839
1.83933
1.82547
1.83728
1.83783
1.83866
1.77708
1.87967
1.81625
1.81791
1.80048
1.72351
1.81038
1.81531
1.79859
1.83398
1.84756
1.8446
1.96
1.84707
1.65495
1.84489
1.40005
1.61332
1.69586
1.79827
1.79626
1.5384
1.78668
