2.10416
2.13481
2.07038
2.11157
2.05731
2.14163
2.21144
2.21144
2.10633
2.09625
2.14539
2.09065
2.08323
1.99056
2.01539
1.90048
1.84212
1.80315
1.72042
1.8068
1.77171
1.72073
1.81723
1.89736
1.92
1.85973
1.89037
1.97899
2.02712
2.04624
1.98201
2.06552
2.07037
2.07037
2.0335
2.03677
2.04
2.00552
2.02814
1.99397
2.03811
1.86094
1.82711
1.76226
1.62472
1.70866
1.71993
1.7542
1.75233
1.84083
1.84553
1.97839
2.03678
2.05731
2.04
1.98
2.04
2.07771
2.08879
2.08694
2.14391
2.09677
2.1
2.00606
2.02712
2.03282
2.03306
2.00388
2.02683
2.08567
2.0725
2.01767
2.04
2.08694
2.1462
2.2251
2.14363
2.10248
2.03977
2.00715
1.98
1.92
1.92
1.85945
1.92
1.97677
2.0257
2.09438
2.13935
2.02508
2.06388
2.02406
1.93293
1.78692
1.85788
1.94536
1.97256
1.96408
1.93397
