2.1172
2.11905
2.06856
2.12803
2.05546
2.13481
2.18923
2.18181
2.0936
2.09625
2.1462
2.09252
2.07221
2.03516
1.98419
1.87969
1.84833
1.83024
1.77313
1.72276
1.76244
1.72175
1.83641
1.93575
1.92
1.85986
1.92
1.97799
2.02712
2.04808
2.03139
2.1
2.1
2.1
2.03677
2.04
2.04
2.03838
2.0935
2.00261
1.96848
1.87953
1.77462
1.73916
1.61671
1.70175
1.71607
1.72708
1.79261
1.8437
1.88356
1.98
2.01037
2.09252
2.03833
1.97677
2.03677
2.08139
2.08139
2.1
2.112
2.1
2.07037
2.03856
2.00319
2.02004
2.06223
2.04
2.03514
2.09677
2.1
2.07771
2.04
2.09065
2.15538
2.24846
2.21038
2.12075
2.01033
2.01037
1.98
1.89037
1.89037
1.82942
1.92
1.98
2.02854
2.08712
2.09229
2.04624
2.07037
2.02244
1.97219
1.88951
1.88882
1.97677
1.93597
1.9674
1.96081
