1.82282
1.81212
1.84
1.879
1.80655
1.91933
1.87967
1.78564
1.87967
1.84
1.83671
1.84
1.83967
1.78443
1.7631
1.73958
1.68113
1.61261
1.55885
1.60265
1.52927
1.55265
1.71501
1.74509
1.79562
1.78657
1.918
1.919
1.85531
1.919
1.80756
1.83346
1.96836
1.96044
1.94009
1.90745
1.80612
1.77955
1.77836
1.75908
1.72875
1.74518
1.66174
1.59105
1.57547
1.5156
1.54811
1.50186
1.71191
1.8325
1.76175
1.76353
1.83967
1.84
1.84
1.80329
1.78483
1.83967
1.84
1.84
1.84
1.83866
1.82885
1.84
1.84
1.84
1.81832
1.87933
1.77249
1.77291
1.83833
1.83967
1.82816
1.83805
1.83728
1.83839
1.78533
1.879
1.79517
1.7861
1.79517
1.76189
1.77
1.80707
1.81206
1.83959
1.84009
1.85387
1.96
1.85243
1.63071
1.84928
1.61377
1.61811
1.59498
1.79786
1.80476
1.64433
1.78826
