1.80786
1.8054
1.839
1.88
1.822
1.919
1.88
1.78564
1.88
1.84
1.83839
1.83933
1.83933
1.77123
1.76569
1.77165
1.80012
1.50882
1.5769
1.58975
1.5394
1.62415
1.56535
1.7236
1.79338
1.80612
1.86122
1.86189
1.85158
1.91833
1.82286
1.83501
1.9646
1.95066
1.93792
1.89829
1.81708
1.77291
1.76048
1.77864
1.71781
1.7574
1.62335
1.54301
1.48453
1.48041
1.46842
1.53536
1.73958
1.82925
1.75464
1.80012
1.84
1.83867
1.84
1.8238
1.78724
1.84
1.84
1.84
1.84
1.83866
1.81909
1.84
1.84
1.839
1.80911
1.88
1.76911
1.78963
1.83833
1.83833
1.81252
1.83811
1.83728
1.83671
1.78214
1.75622
1.81333
1.78333
1.66332
1.73818
1.7974
1.78931
1.8416
1.8406
1.86286
1.84608
1.96
1.85291
1.62989
1.79977
1.63108
1.6082
1.22176
1.74185
1.79755
1.57702
1.82146
