2.13037
2.09037
2.01768
2.09311
2.08879
2.10492
2.21955
2.16968
2.08524
2.06103
2.15078
2.08694
2.04624
2.00389
1.93746
1.82817
1.86924
1.81777
1.8173
1.72484
1.70338
1.77172
1.8065
1.94229
1.92
1.85973
1.89037
1.97599
2.03139
2.07819
2.00995
2.06715
2.08567
2.08567
2.04
2.02567
2.02567
2.03677
2.04327
2.01107
1.95522
1.90842
1.80852
1.75602
1.65694
1.71701
1.69727
1.80524
1.81073
1.82533
1.80652
1.98
2.04
2.09065
2.04
1.98
2.04
2.06103
2.06103
2.08508
2.13708
2.1
2.09677
2.03425
2.0257
2.03425
2.0935
2.03833
2.03838
2.0935
2.05397
2.04691
2.04
2.0685
2.14849
2.25786
2.20322
2.1325
1.95206
2.02405
1.97516
1.92
1.92
1.85973
1.89037
1.95037
1.98901
2.08898
2.0849
2.06522
2.03306
1.95061
1.92635
1.92487
1.86493
1.92747
1.87688
1.89026
1.91306
