1.81596
1.80973
1.83867
1.879
1.82362
1.92
1.87967
1.79317
1.87967
1.84
1.8375
1.83967
1.83967
1.77165
1.76135
1.78883
1.79434
1.56786
1.59762
1.60849
1.51987
1.62714
1.70668
1.76903
1.79916
1.80135
1.91867
1.91933
1.84817
1.919
1.83067
1.81206
1.96493
1.95911
1.93544
1.90437
1.80569
1.76223
1.77584
1.80826
1.71204
1.75203
1.63043
1.56072
1.48907
1.50638
1.54432
1.60269
1.5963
1.8302
1.72967
1.79782
1.83967
1.84
1.84
1.81838
1.78963
1.83967
1.84
1.84
1.84
1.83811
1.82142
1.84
1.84
1.83833
1.81708
1.87867
1.77625
1.77625
1.839
1.83967
1.82079
1.83671
1.83866
1.83756
1.7552
1.87933
1.79828
1.79606
1.79113
1.7167
1.80911
1.79501
1.81482
1.82456
1.85531
1.85146
1.95967
1.85339
1.64588
1.87483
1.54396
1.65857
1.22059
1.80926
1.79666
1.55983
1.80903
