1.82547
1.80118
1.84
1.879
1.81291
1.919
1.88
1.78923
1.88
1.84
1.83756
1.84
1.84
1.78037
1.75338
1.75383
1.79782
1.61688
1.54288
1.58646
1.56689
1.58928
1.72707
1.7611
1.81459
1.80869
1.91666
1.92
1.85531
1.91967
1.79552
1.8421
1.94434
1.95199
1.94378
1.91055
1.82524
1.78322
1.76698
1.7861
1.73061
1.75158
1.69425
1.55703
1.56046
1.56693
1.47794
1.54262
1.71756
1.83189
1.76685
1.79821
1.84
1.83967
1.84
1.80823
1.79002
1.84
1.83967
1.84
1.84
1.83866
1.82247
1.84
1.84
1.83967
1.80526
1.88
1.78159
1.77955
1.838
1.83933
1.8061
1.83614
1.83811
1.83839
1.77097
1.87967
1.80135
1.80655
1.81955
1.72638
1.7996
1.81722
1.83083
1.8446
1.85674
1.85435
1.95967
1.83705
1.638
1.83314
1.50457
1.73231
1.81527
1.79786
1.80474
1.64795
1.78931
