1.81381
1.79959
1.839
1.879
1.81123
1.91967
1.88
1.78963
1.88
1.84
1.83811
1.84
1.839
1.75158
1.77249
1.77375
1.79974
1.67333
1.60175
1.49406
1.55889
1.62116
1.71654
1.75035
1.80135
1.80569
1.91867
1.91967
1.84565
1.91933
1.83022
1.83191
1.96251
1.96218
1.92659
1.90591
1.82241
1.75203
1.73243
1.8044
1.71901
1.74379
1.72227
1.61127
1.43219
1.47058
1.54756
1.58321
1.71908
1.83092
1.77357
1.80203
1.84
1.84
1.84
1.8146
1.78524
1.83967
1.83967
1.84
1.84
1.83756
1.82851
1.84
1.84
1.83867
1.82119
1.87933
1.77708
1.77584
1.83933
1.83933
1.8292
1.83839
1.83756
1.83614
1.7411
1.87967
1.81708
1.81542
1.79158
1.67605
1.80092
1.78081
1.83552
1.85146
1.83705
1.85049
1.95967
1.85
1.60294
1.89084
1.58149
1.24791
1.77513
1.79786
1.60677
1.58887
1.81
