2.12056
2.11459
2.04808
2.07389
2.07404
2.07751
2.19098
2.21955
2.11459
2.09252
2.1462
2.08694
2.07404
2.03354
1.99078
1.92229
1.86158
1.79586
1.78645
1.77718
1.71133
1.77169
1.79641
1.97029
1.92
1.85959
1.91677
1.97899
2.03139
2.07221
2.00995
2.06715
2.03629
2.03468
2.01037
2.04
2.04
2.03677
2.0572
1.90975
1.99738
1.87445
1.80836
1.753
1.62105
1.74457
1.68242
1.81147
1.79246
1.82814
1.79298
1.97677
2.04
2.08879
2.04
1.98
2.03839
2.08508
2.08323
2.08508
2.12803
2.1
2.1
2.03282
2.00463
1.99891
2.09677
2.03343
2.03352
2.04747
1.98108
2.09065
2.03833
2.09065
2.15769
2.24846
2.22984
2.1172
2.06856
1.97629
1.94715
1.92
1.92
1.85932
1.92
1.97354
2.03139
2.06309
2.13158
2.08323
2.06715
1.93293
1.98248
1.89468
1.85535
1.92416
1.95268
1.90275
1.94056
