2.11074
2.11237
2.05176
2.12353
2.05176
2.04434
2.21029
2.21144
2.09097
2.09065
2.14849
2.08694
2.06674
2.02683
1.96157
1.96815
1.76694
1.78569
1.80063
1.77812
1.75687
1.80021
1.836
1.91254
1.92
1.85959
1.92
1.97599
2.00176
2.07955
2.0257
2.06552
2.03306
2.07037
2.04
2.04
2.04
2.01037
1.98635
1.98262
1.99142
1.9058
1.82391
1.82017
1.55334
1.70404
1.71107
1.80841
1.85676
1.82923
1.87849
1.98
2.04
2.06663
2.0351
1.98
2.0335
2.09065
2.07771
2.09252
2.13481
2.1
2.1
2.02996
2.0257
2.02854
2.09514
1.99886
1.99899
2.06388
2.1
2.07793
2.03833
2.09438
2.16
2.24534
2.21955
2.06394
2.04258
2.00223
1.97514
1.92
1.92
1.85932
1.92
1.98
2.02428
2.09438
2.1462
2.07771
2.04416
1.99236
1.91064
1.84475
1.95028
1.92912
1.9877
1.94777
1.94388
