2.12056
2.0767
2.07587
2.07751
2.07771
2.11459
2.15078
2.19405
2.09832
2.09252
2.1462
2.08694
2.04624
2.02374
1.99904
1.97339
1.86031
1.74136
1.70708
1.77571
1.77627
1.78692
1.83151
1.9107
1.87397
1.84485
1.92
1.97399
2.03282
2.04808
1.99891
2.08851
2.09677
2.09677
2.04
2.04
2.04
2.03516
2.06056
1.99902
2.00849
1.87925
1.79433
1.74771
1.62311
1.62189
1.73974
1.75461
1.79189
1.81712
1.84105
1.95037
2.03516
2.09277
2.03183
1.98
2.03677
2.09065
2.08139
2.08508
2.13935
2.1
2.07037
2.03282
2.02286
2.02712
2.1
2.03677
2.02863
1.98635
2.07037
2.05038
2.04
2.09252
2.11886
2.25159
2.22061
2.12877
1.98681
2.0335
1.97838
1.92
1.92
1.85959
1.92
1.98
2.0257
2.09252
2.14082
2.09065
2.05379
2.00223
2.0282
1.78876
1.83296
1.94056
1.90505
1.91795
1.91629
