2.10747
2.04065
1.98932
2.11905
2.07404
2.12578
2.18686
2.20536
2.10413
2.09812
2.13255
2.09065
2.07771
2.03029
1.91824
1.88375
1.82048
1.82518
1.80438
1.78089
1.70133
1.76185
1.84315
1.88077
1.89037
1.85986
1.92
1.97799
2.02854
2.03893
1.99465
2.02979
2.09839
2.06715
2.01037
2.01037
2.04
2.03675
2.03739
1.9974
1.97727
1.86468
1.90113
1.82584
1.60792
1.68751
1.71698
1.79655
1.75307
1.83574
1.87849
1.98
2.03838
2.09065
2.04
1.98
2.04
2.08139
2.08694
2.08694
2.13708
2.1
2.09677
2.03425
2.01863
2.02854
2.1
2.03666
2.03352
2.09677
1.99616
2.06103
2.03833
2.09625
2.11886
2.22823
2.20233
2.1417
2.04009
1.96979
1.98
1.92
1.92
1.85932
1.92
1.97516
2.03282
2.08694
2.14163
2.07955
2.05074
1.93203
1.91958
1.85581
1.95116
1.97016
1.93358
1.95216
1.89711
