1.82345
1.79202
1.83933
1.87967
1.815
1.91933
1.87967
1.78684
1.88
1.84
1.83756
1.84
1.83967
1.78644
1.76783
1.75872
1.79936
1.65527
1.55404
1.51916
1.54035
1.6346
1.7221
1.77674
1.80783
1.7996
1.91766
1.92
1.84384
1.919
1.80009
1.82296
1.96493
1.95199
1.9351
1.90591
1.7974
1.76483
1.76353
1.79473
1.75234
1.7644
1.74418
1.58252
1.50381
1.5444
1.52113
1.58152
1.73769
1.83728
1.73762
1.79002
1.83967
1.84
1.84
1.81937
1.76869
1.84
1.84
1.84
1.84
1.83783
1.81216
1.84
1.84
1.839
1.81207
1.879
1.76996
1.7631
1.84
1.83833
1.82212
1.83783
1.83728
1.83671
1.77996
1.87967
1.80004
1.79517
1.82281
1.73026
1.79828
1.81435
1.81261
1.82826
1.85339
1.82878
1.96
1.84657
1.64235
1.8551
1.52076
1.67023
1.77333
1.75677
1.79205
1.62213
1.80854
