2.09567
2.13708
2.06674
2.0783
2.03349
2.11145
2.164
2.22984
2.07876
2.08879
2.10973
2.08323
2.07771
1.97143
2.01556
1.89554
1.86829
1.83658
1.8195
1.77353
1.69782
1.71125
1.86067
1.88896
1.92
1.85945
1.92
1.97599
2.03139
2.07955
2.02145
2.06056
2.09677
2.06715
2.04
2.04
2.04
2.03514
2.0935
1.96496
1.98028
1.83639
1.79094
1.75061
1.66757
1.68719
1.72202
1.83766
1.75278
1.84617
1.88356
1.98
2.04
2.09252
2.03833
1.98
2.04
2.08879
2.07587
2.08508
2.15078
2.1
2.1
2.00319
2.02004
2.0257
2.03739
2.02072
2.01037
2.06715
2.1
2.08904
2.04
2.08694
2.15769
2.261
2.20216
2.09849
2.06311
1.98747
1.96244
1.92
1.91838
1.82983
1.92
1.91629
2.02996
2.09625
2.08316
2.07703
2.06223
2.00388
1.95971
1.85075
1.87854
1.92416
1.87927
1.86281
1.93074
