2.14851
2.05758
2.04992
2.09311
2.08694
2.13255
2.22061
2.22462
2.09752
2.09812
2.15308
2.09065
2.07587
2.0335
2.02377
1.91673
1.85577
1.83229
1.72294
1.71647
1.82062
1.78433
1.90277
1.93733
1.92
1.85973
1.91677
1.97899
2.03425
2.05176
2.00176
2.08683
2.1
2.06715
2.01037
2.04
2.04
1.96983
2.07752
1.97756
2.04696
1.86461
1.80874
1.80399
1.61892
1.71949
1.72484
1.76776
1.79363
1.79837
1.85774
1.98
2.04
2.09065
2.04
1.98
2.03677
2.04624
2.08694
2.09065
2.14849
2.1
2.1
2.03856
2.02854
1.99324
2.06056
2.03008
2.00389
2.09514
2.07037
2.05755
2.00715
2.09252
2.15078
2.25472
2.2064
2.08979
2.02801
2.0125
1.98
1.92
1.92
1.85945
1.92
1.95037
2.03139
2.06289
2.14849
2.05731
2.06715
2.03019
1.99379
1.9526
1.89018
1.89808
1.88125
1.83853
1.95037
