1.80076
1.80642
1.83933
1.88
1.80826
1.91933
1.879
1.77291
1.87933
1.84
1.83839
1.84
1.83967
1.78764
1.76911
1.76223
1.79974
1.64213
1.59098
1.59891
1.60485
1.63722
1.69094
1.62124
1.80092
1.79562
1.91699
1.91833
1.84619
1.91867
1.82472
1.8115
1.96803
1.97293
1.93116
1.90284
1.82644
1.78322
1.75338
1.77591
1.77896
1.77708
1.67207
1.53976
1.60319
1.52644
1.53004
1.54536
1.71243
1.82684
1.63478
1.80241
1.84
1.83967
1.84
1.8072
1.79121
1.83967
1.83967
1.84
1.84
1.83783
1.81874
1.84
1.84
1.84
1.81417
1.87867
1.78037
1.73722
1.83867
1.84
1.8245
1.83783
1.83811
1.83756
1.77676
1.87933
1.7646
1.78146
1.81375
1.69471
1.81038
1.80608
1.83449
1.8441
1.84009
1.70071
1.96
1.84805
1.64444
1.86789
1.5968
1.23405
1.59007
1.74067
1.67054
1.56351
1.77206
