2.1535
2.0783
2.07221
2.11825
2.08879
2.08496
2.14469
2.11984
2.05749
2.09438
2.12116
2.09065
2.04808
2.00067
1.97219
1.88173
1.87055
1.80976
1.73376
1.76652
1.74333
1.72164
1.88324
1.89918
1.9206
1.86005
1.9194
1.97439
2.03509
2.04018
1.98818
2.05319
2.1
2.03143
2.01097
2.04
1.97629
2.04
2.05829
1.98652
2.015
1.95912
1.82898
1.76273
1.55061
1.73739
1.7243
1.80985
1.82625
1.78264
1.84776
1.94816
2.0394
2.09006
2.03893
1.9806
2.03617
2.08635
2.07771
2.08508
2.14332
2.09737
2.1
2.02913
2.03139
2.02286
2.06655
2.03893
2.03516
2.09617
2.03629
2.05361
2.0406
2.09192
2.15019
2.21972
2.22061
2.11357
2.07484
2.00448
1.97245
1.9206
1.92
1.86033
1.9194
1.97617
2.03366
2.09025
2.03104
2.00908
2.03824
2.0131
1.90219
1.93465
1.85637
1.97565
1.97526
2.01158
1.91689
