1.8061
1.79115
1.83933
1.87967
1.81708
1.919
1.87967
1.77667
1.88
1.84
1.83811
1.84
1.83933
1.77625
1.76954
1.76353
1.74449
1.56517
1.56571
1.63255
1.56956
1.5982
1.56648
1.75858
1.79067
1.79022
1.918
1.91933
1.85461
1.919
1.83784
1.85483
1.97114
1.96593
1.94009
1.909
1.82963
1.7484
1.77459
1.80353
1.75509
1.76353
1.67815
1.62891
1.52986
1.4805
1.30147
1.49593
1.60082
1.83026
1.77264
1.79705
1.84
1.84
1.84
1.81179
1.78078
1.84
1.83967
1.83967
1.84
1.83866
1.82589
1.84
1.84
1.83933
1.815
1.87933
1.76869
1.77873
1.84
1.83967
1.81902
1.83839
1.83866
1.83866
1.77996
1.87867
1.77627
1.79784
1.80698
1.72413
1.80612
1.81387
1.82931
1.82562
1.83552
1.86426
1.96
1.8411
1.60396
1.87575
1.52083
1.24614
1.64853
1.56517
1.55766
1.69342
1.8016
