1.80602
1.80288
1.83967
1.88
1.82159
1.91933
1.879
1.77996
1.87967
1.84
1.83839
1.84
1.83933
1.775
1.7574
1.75916
1.80127
1.65376
1.5966
1.54268
1.58788
1.59018
1.71087
1.74878
1.78052
1.80954
1.91833
1.919
1.84167
1.91967
1.81531
1.82242
1.96318
1.97426
1.94226
1.91055
1.82241
1.78403
1.77584
1.77483
1.72943
1.77708
1.68034
1.62071
1.54098
1.49131
1.48483
1.53056
1.7596
1.83115
1.75851
1.78443
1.83933
1.84
1.84
1.82106
1.78963
1.84
1.83967
1.84
1.84
1.83778
1.82816
1.84
1.84
1.839
1.80135
1.87933
1.78241
1.78564
1.83933
1.83967
1.81767
1.83728
1.83783
1.83783
1.77953
1.879
1.81333
1.79606
1.80741
1.7331
1.81249
1.68032
1.82081
1.84608
1.82349
1.8416
1.96
1.84756
1.67884
1.9047
1.61594
1.22411
1.77687
1.79821
1.79821
1.62244
1.81
