2.11379
2.11014
2.08323
2.09841
2.07771
2.12273
2.20536
2.22984
2.08958
2.1
2.14849
2.09438
2.05605
1.98426
2.02376
1.84436
1.86733
1.78785
1.80174
1.71453
1.70404
1.79495
1.85264
1.91765
1.89037
1.85959
1.9135
1.97399
2.03425
2.07221
2.00854
2.0391
2.08567
2.01388
2.04
2.04
2.04
2.00228
2.00896
1.91827
2.03635
1.95914
1.82085
1.79581
1.5741
1.68784
1.71007
1.80845
1.79156
1.80777
1.87849
1.96567
2.01037
2.0506
2.03677
1.98
2.03677
2.08694
2.08323
2.09252
2.10745
2.1
2.1
2.03139
2.01849
2.00712
2.09019
2.03833
2.04
2.09677
2.08406
2.0622
2.01037
2.07819
2.14105
2.25159
2.19605
2.14244
1.99579
2.03677
1.95037
1.92
1.92
1.85945
1.92
1.98
2.02996
2.08712
2.14997
2.06103
2.0572
2.02851
1.92129
1.85254
1.88031
1.9471
1.90312
1.96051
1.98
