2.13037
2.11157
2.0353
2.11459
2.06311
2.12353
2.18181
2.20536
2.10935
2.09812
2.11886
2.08694
2.06289
2.00552
2.00602
1.91716
1.83915
1.82856
1.71431
1.72326
1.81246
1.7196
1.81758
1.90656
1.90567
1.85986
1.91839
1.97599
2.02712
2.03893
1.95212
2.05889
2.06715
2.06715
2.01037
2.04
2.04
2.04
2.09185
1.99397
1.98215
1.95207
1.84986
1.76251
1.69366
1.69246
1.72169
1.76222
1.74866
1.8356
1.90644
1.97838
2.03677
2.07609
2.04
1.98
2.03677
2.08508
2.08694
2.08694
2.14391
2.1
2.1
2.03139
2.02854
2.03282
2.02312
1.99722
2.04
2.09514
2.03629
2.08347
2.04
2.09625
2.11886
2.25159
2.20216
2.09143
2.0595
2.00715
1.98
1.92
1.92
1.85959
1.92
1.98
2.03282
2.06476
2.14687
2.06891
2.0725
2.02683
1.98876
1.8709
1.84966
1.95037
1.93759
1.9063
1.97839
