2.14683
2.05678
2.04992
2.11014
2.07404
2.09841
2.2084
2.22984
2.07311
2.09625
2.11429
2.09065
2.08139
2.02533
1.99571
1.90654
1.93386
1.81286
1.77108
1.76979
1.70522
1.7301
1.84111
1.88086
1.91838
1.85973
1.92
1.97599
2.00034
2.07771
2.02145
2.1
2.07037
2.09514
2.04
2.03677
2.04
1.98913
2.07917
2.01872
1.99208
1.92095
1.80135
1.83897
1.6629
1.67931
1.7451
1.80841
1.8264
1.82518
1.89323
1.93397
2.04
2.09252
2.0335
1.98
2.04
2.08508
2.08508
2.08139
2.11886
2.1
2.1
2.03139
2.03139
2.03568
2.0572
2.0351
2.03352
2.06877
2.06715
2.07977
2.03833
2.09252
2.112
2.24085
2.22984
2.12388
2.04258
1.97468
1.98
1.92
1.92
1.85945
1.89037
1.98
2.02854
2.09438
2.11267
2.0085
2.03306
1.99379
1.906
1.87194
1.87696
1.90314
1.93405
1.89492
1.96567
