1.8231
1.79453
1.83967
1.87933
1.81914
1.91967
1.87867
1.78443
1.87967
1.83967
1.83778
1.84
1.84
1.77459
1.77207
1.75022
1.80374
1.62482
1.51202
1.46248
1.49297
1.61632
1.68531
1.76009
1.76805
1.7636
1.91867
1.92
1.84384
1.919
1.81769
1.68252
1.95199
1.94599
1.9463
1.91211
1.82362
1.77667
1.77038
1.80869
1.72107
1.75349
1.61885
1.49316
1.47758
1.51121
1.57164
1.52765
1.7211
1.83585
1.77507
1.80051
1.83967
1.83967
1.84
1.81252
1.79278
1.83933
1.84
1.84
1.84
1.83839
1.8272
1.84
1.84
1.83967
1.81996
1.87967
1.77542
1.77832
1.839
1.83967
1.81489
1.83722
1.83866
1.83811
1.77781
1.87933
1.78886
1.80179
1.81249
1.74701
1.78333
1.81195
1.7984
1.8406
1.82135
1.85722
1.96
1.85531
1.66923
1.88332
1.60298
1.61139
1.76827
1.675
1.80417
1.47922
1.79908
