1.8128
1.81628
1.83833
1.88
1.79067
1.919
1.88
1.78804
1.88
1.84
1.83839
1.84
1.839
1.77708
1.75022
1.76266
1.79652
1.58333
1.58369
1.51609
1.62835
1.61467
1.7231
1.75501
1.79872
1.80092
1.91766
1.919
1.86455
1.91867
1.79449
1.81482
1.95639
1.96056
1.94444
1.90591
1.81625
1.78281
1.77123
1.79248
1.6991
1.76266
1.67727
1.56439
1.49466
1.52687
1.59873
1.56153
1.5791
1.82891
1.75451
1.78159
1.83933
1.83933
1.84
1.82609
1.79199
1.84
1.83967
1.83967
1.84
1.83866
1.8245
1.84
1.84
1.839
1.81417
1.87933
1.76996
1.77914
1.83967
1.83867
1.80618
1.83699
1.83671
1.83866
1.78921
1.87967
1.8044
1.76509
1.79916
1.73858
1.7974
1.81291
1.8416
1.83959
1.8441
1.84903
1.96
1.83705
1.64906
1.87804
1.56699
1.604
1.76699
1.79763
1.80417
1.62087
1.81674
