1.81244
1.81203
1.839
1.87933
1.80869
1.91967
1.87967
1.79356
1.87967
1.84
1.83699
1.84
1.83967
1.76048
1.76092
1.77375
1.79974
1.66616
1.58005
1.5132
1.4839
1.65945
1.71139
1.76608
1.79022
1.80483
1.91867
1.91967
1.85924
1.91933
1.81958
1.85
1.96673
1.96251
1.92725
1.89231
1.82724
1.77996
1.75784
1.79916
1.75061
1.79002
1.69018
1.5803
1.45251
1.53392
1.49236
1.56157
1.74472
1.83157
1.73871
1.80241
1.83933
1.83967
1.84
1.80969
1.76741
1.84
1.84
1.84
1.84
1.83839
1.82043
1.84
1.84
1.839
1.8031
1.879
1.77165
1.77625
1.83933
1.83933
1.81417
1.83783
1.83866
1.83866
1.79061
1.87867
1.78702
1.80048
1.79473
1.71006
1.79872
1.81098
1.82615
1.83191
1.8426
1.85674
1.96
1.83087
1.59756
1.84361
1.56554
1.66127
1.64581
1.79755
1.7944
1.59567
1.81195
