1.82
1.80937
1.84
1.87933
1.81459
1.91933
1.87967
1.77832
1.88
1.84
1.83839
1.84
1.83967
1.78564
1.77471
1.76266
1.80354
1.57523
1.59461
1.53993
1.52377
1.61864
1.69094
1.77098
1.7996
1.81417
1.79488
1.91967
1.83567
1.91867
1.80756
1.82349
1.93971
1.96285
1.93759
1.909
1.81375
1.77873
1.77459
1.78794
1.731
1.73
1.69148
1.48681
1.45041
1.51446
1.47141
1.5663
1.71501
1.83585
1.76483
1.79081
1.84
1.84
1.84
1.82043
1.78644
1.83967
1.83967
1.83967
1.84
1.83866
1.82581
1.84
1.84
1.83933
1.80954
1.879
1.78078
1.78483
1.83766
1.83833
1.81244
1.83551
1.83783
1.83642
1.75412
1.879
1.78657
1.79695
1.79383
1.76835
1.78886
1.80952
1.83087
1.83243
1.81701
1.85722
1.96
1.85098
1.647
1.85511
1.5754
1.66131
1.77473
1.8087
1.67357
1.56648
1.78826
