1.81589
1.80251
1.83933
1.87867
1.82159
1.91967
1.87967
1.77165
1.88
1.84
1.83839
1.83967
1.83967
1.76911
1.74472
1.77417
1.74335
1.60886
1.53821
1.59075
1.55729
1.56459
1.58652
1.73756
1.77531
1.80526
1.91833
1.91967
1.84149
1.919
1.79959
1.83807
1.95672
1.96736
1.94664
1.89829
1.81749
1.77375
1.78804
1.80741
1.73558
1.76092
1.66039
1.64327
1.4602
1.53413
1.5316
1.58595
1.7226
1.83614
1.76901
1.78037
1.839
1.84
1.84
1.8245
1.79317
1.84
1.84
1.84
1.84
1.83839
1.82554
1.84
1.84
1.83867
1.82362
1.879
1.79081
1.77708
1.83967
1.839
1.81078
1.83671
1.83699
1.83866
1.75965
1.87833
1.80612
1.80004
1.80869
1.7165
1.79428
1.80903
1.8406
1.8436
1.84756
1.84657
1.96
1.84657
1.64492
1.85292
1.62023
1.6166
1.64818
1.79793
1.18599
1.60641
1.81722
