1.80794
1.81365
1.839
1.87867
1.80911
1.91933
1.88
1.77038
1.88
1.84
1.83839
1.83967
1.83967
1.78322
1.76826
1.75872
1.79575
1.53205
1.65891
1.39456
1.57484
1.65537
1.71756
1.6368
1.78379
1.79562
1.918
1.91967
1.85122
1.919
1.82333
1.81756
1.96011
1.94632
1.94226
1.909
1.83042
1.78037
1.76911
1.79784
1.73217
1.77165
1.70691
1.57649
1.58052
1.51409
1.56468
1.56531
1.71191
1.83496
1.74657
1.80034
1.84
1.83933
1.84
1.82616
1.78322
1.83933
1.84
1.84
1.84
1.83866
1.82755
1.84
1.84
1.83867
1.78931
1.87933
1.77249
1.76783
1.839
1.83833
1.81252
1.83728
1.83585
1.83811
1.76254
1.879
1.79383
1.81207
1.79428
1.72146
1.78472
1.82748
1.81865
1.85
1.83756
1.84854
1.95933
1.8421
1.63234
1.86219
1.62129
1.62242
1.69962
1.79763
1.79834
1.51468
1.81435
