2.1172
2.08719
2.07771
2.11459
2.07587
2.12353
2.19931
2.22569
2.11237
2.09252
2.15078
2.08879
2.05917
2.03516
2.00764
1.85308
1.85482
1.81825
1.72563
1.71536
1.77148
1.76795
1.80177
1.90494
1.91838
1.85932
1.92
1.97499
2.03139
2.014
2.02712
2.06715
2.1
2.1
2.04
2.04
2.04
2.04
2.02979
1.91292
2.04741
1.89779
1.82006
1.83762
1.60441
1.63472
1.7643
1.73091
1.82684
1.83918
1.91262
1.97838
2.04
2.07977
2.03666
1.97677
2.04
2.08508
2.08139
2.05731
2.15538
2.1
2.1
2.03139
2.03425
2.02996
2.06715
2.02013
2.00714
2.07037
2.06715
2.05917
2.04
2.09252
2.1462
2.19101
2.11984
2.0971
2.0189
1.97629
1.98
1.92
1.89037
1.85904
1.92
1.94715
2.01279
2.06945
2.12806
2.08694
2.0935
2.02567
1.92299
1.86881
1.87466
1.96839
1.87784
1.9287
1.98
