1.81696
1.81763
1.83933
1.88
1.81708
1.91967
1.87967
1.78483
1.87967
1.84
1.83866
1.839
1.83967
1.77791
1.77417
1.76911
1.80012
1.61485
1.66814
1.53212
1.58113
1.6314
1.73958
1.73482
1.77483
1.81749
1.918
1.91867
1.85728
1.91933
1.81674
1.68423
1.96836
1.94865
1.91618
1.89829
1.82844
1.77584
1.76526
1.63831
1.70986
1.74886
1.69932
1.56504
1.48803
1.47447
1.5267
1.54689
1.71858
1.83026
1.75712
1.78403
1.83967
1.83967
1.84
1.82609
1.77873
1.84
1.84
1.83967
1.84
1.83866
1.8146
1.84
1.84
1.83933
1.81207
1.87933
1.7644
1.78362
1.83967
1.839
1.812
1.83866
1.83839
1.83783
1.78246
1.87933
1.79203
1.80655
1.80048
1.74099
1.79651
1.8031
1.83501
1.81865
1.85674
1.82509
1.95967
1.84509
1.65684
1.86871
1.59133
1.24225
1.82668
1.79636
1.79365
1.66269
1.80009
