1.8245
1.804
1.83867
1.87933
1.81207
1.91967
1.87967
1.78724
1.88
1.83967
1.83833
1.83967
1.839
1.77996
1.77542
1.76353
1.79821
1.62391
1.55938
1.49418
1.5437
1.58631
1.73864
1.75807
1.7824
1.80911
1.91867
1.91967
1.82742
1.918
1.79654
1.82773
1.9656
1.9764
1.9287
1.909
1.82078
1.78604
1.77667
1.78702
1.74168
1.76783
1.62055
1.59446
1.54679
1.47342
1.44405
1.52159
1.55314
1.83358
1.76431
1.77996
1.83933
1.84
1.84
1.82177
1.78844
1.84
1.83933
1.84
1.84
1.83783
1.82885
1.84
1.84
1.84
1.81584
1.879
1.77459
1.77873
1.83967
1.83967
1.81838
1.83638
1.83866
1.83585
1.78314
1.87867
1.76952
1.80048
1.7884
1.74821
1.81123
1.8006
1.84854
1.83908
1.83756
1.85195
1.96
1.82721
1.62418
1.89713
1.54654
1.26193
1.70449
1.73751
1.73866
1.60621
1.81483
