1.80932
1.80919
1.83833
1.87933
1.80954
1.91933
1.88
1.78443
1.88
1.84
1.83811
1.84
1.83967
1.77081
1.77584
1.77417
1.79395
1.62829
1.47579
1.60929
1.57378
1.57224
1.70773
1.7621
1.79383
1.80526
1.91699
1.91967
1.84889
1.919
1.79959
1.83705
1.96526
1.95368
1.93759
1.89829
1.82524
1.77708
1.75338
1.79067
1.71106
1.77873
1.66113
1.54729
1.47241
1.50961
1.57213
1.62745
1.71959
1.83157
1.76151
1.78362
1.84
1.83933
1.84
1.81973
1.79002
1.84
1.84
1.84
1.84
1.83866
1.82282
1.84
1.84
1.83933
1.79517
1.879
1.77955
1.77914
1.83867
1.83933
1.81937
1.83756
1.83839
1.83866
1.77671
1.87967
1.80396
1.81038
1.80048
1.71152
1.80954
1.81674
1.83756
1.83501
1.85387
1.85291
1.96
1.85579
1.64043
1.90037
1.54094
1.23594
1.77539
1.79228
1.6712
1.5915
1.81483
