2.142
2.08496
2.07955
2.12803
2.07955
2.12353
2.17877
2.20233
2.10272
2.09252
2.11429
2.09065
2.07221
2.00391
1.97011
1.8735
1.85452
1.7922
1.7685
1.8031
1.82855
1.77175
1.87631
1.9355
1.92
1.85945
1.89037
1.97799
2.0257
2.08323
2.0257
2.07996
2.07037
2.09677
2.04
2.04
2.04
2.03354
2.07586
1.94053
1.99738
1.94764
1.84876
1.72604
1.69981
1.63232
1.79148
1.769
1.85486
1.8356
1.84778
1.95037
2.04
2.06476
2.04
1.98
2.04
2.08508
2.08508
2.08139
2.14849
2.1
2.1
2.03139
1.99324
2.02996
2.09839
2.00221
2.01432
2.06388
2.04747
2.06567
2.04
2.09065
2.15308
2.21884
2.18181
2.11074
2.07038
2.00715
1.98
1.92
1.92
1.85959
1.92
1.95037
1.99749
2.08898
2.14391
2.05788
2.04248
1.97143
1.95451
1.88798
1.8836
1.94056
1.9843
1.86605
1.96567
