2.12056
2.12129
2.04992
2.08863
2.08139
2.12129
2.22675
2.18429
2.09255
2.09812
2.14849
2.07955
2.05361
1.99733
2.00228
1.85686
1.85765
1.78854
1.72419
1.72819
1.76666
1.72237
1.82319
1.9374
1.89037
1.85945
1.92
1.97599
2.03139
2.05176
1.99607
2.03306
2.06715
2.09677
2.04
2.04
2.01037
2.04
2.07037
2.01269
2.026
1.89144
1.78415
1.73045
1.59466
1.69665
1.70597
1.82697
1.7929
1.80842
1.87821
1.94715
2.01037
2.05408
2.04
1.98
2.04
2.09065
2.07955
2.08879
2.11429
2.1
2.1
2.03712
2.02996
2.0257
2.03629
2.0335
2.02861
2.07037
2.07037
2.07955
2.04
2.09065
2.15538
2.22128
2.19499
2.15677
2.04076
2.01037
1.97516
1.91833
1.89037
1.85973
1.92
1.96567
2.01706
2.07972
2.11429
2.02984
2.01971
1.92635
1.97143
1.88296
1.84677
1.94871
1.9662
1.88557
1.96406
