2.14683
2.12803
2.07587
2.08943
2.02694
2.12353
2.21449
2.18686
2.08386
2.09625
2.14849
2.08694
2.07771
1.9567
1.94407
1.86839
1.94897
1.80828
1.71527
1.71619
1.71085
1.78453
1.87914
1.90324
1.92
1.85959
1.91677
1.97799
2.03282
2.07771
2.02712
2.08851
2.06715
2.1
2.04
2.04
2.04
2.03516
2.06552
2.00778
2.03085
1.86807
1.82664
1.76709
1.6281
1.62928
1.69435
1.77053
1.8261
1.83546
1.88186
1.91306
2.03838
2.08879
2.04
1.98
2.04
2.08694
2.08323
2.08323
2.1462
2.1
2.09677
2.02996
2.02996
2.02854
2.09514
2.03677
2.00226
2.06715
2.03468
2.06289
2.04
2.08879
2.12345
2.261
2.17458
2.14244
1.99579
2.00715
1.98
1.91833
1.92
1.85986
1.92
1.95037
2.02996
2.09252
2.1384
2.04992
2.05074
2.04
1.99889
1.84327
1.93633
1.97008
1.93959
1.87225
1.95037
