2.12388
2.10292
2.08323
2.11905
2.05361
2.08496
2.17772
2.24223
2.09533
2.09625
2.14391
2.08694
2.07632
2.02081
1.92604
1.93103
1.83415
1.80907
1.73059
1.76969
1.71551
1.71952
1.84999
1.85813
1.92
1.85959
1.91677
1.97399
2.03425
2.07771
1.99183
1.98299
2.05074
2.09019
2.04
2.04
2.04
2.03677
2.1
2.02865
1.91609
1.90547
1.82711
1.76664
1.67602
1.72612
1.71183
1.83862
1.79216
1.80625
1.90755
1.98
2.04
2.09277
2.01037
1.98
2.04
2.08139
2.05361
2.05917
2.13255
2.1
2.1
2.02854
1.99749
2.02428
2.09677
2.03019
2.01834
2.0935
2.07037
2.07838
2.04
2.09812
2.15078
2.23769
2.18076
2.07388
1.99961
1.99074
1.98
1.92
1.92
1.85932
1.92
1.95037
2.02996
2.05361
2.14391
2.08139
2.06552
1.99074
1.94224
1.87453
1.896
1.91143
1.9656
1.93269
1.97019
