2.13468
2.05678
2.05361
2.08943
2.07771
2.10973
2.21038
2.15828
2.07019
2.09812
2.14163
2.09065
2.07955
2.00229
1.96948
1.86987
1.8554
1.8449
1.72161
1.71742
1.70319
1.7969
1.87676
1.86149
1.89037
1.85959
1.92
1.97499
2.02712
2.05176
1.98901
2.06388
2.06388
2.02979
2.04
2.03677
2.04
2.04
2.0572
1.90277
1.99385
1.91786
1.78217
1.77773
1.70556
1.69419
1.71236
1.74957
1.822
1.83697
1.84947
1.98
2.04
2.0557
2.00877
1.9735
2.03677
2.09812
2.07955
2.09065
2.14849
2.1
2.09677
2.03425
2.0257
2.03139
2.09677
2.04
2.00876
2.05074
2.06715
2.06987
2.00871
2.09812
2.14849
2.25159
2.15078
2.10721
2.05883
2.0335
1.97838
1.92
1.89037
1.85945
1.92
1.98
1.99891
2.09252
2.14849
2.06103
2.01971
2.03839
1.95625
1.78723
1.86784
1.91139
1.89456
1.93383
1.97839
