1.82071
1.81727
1.839
1.87967
1.82241
1.91867
1.88
1.77542
1.88
1.84
1.83866
1.84
1.83967
1.78483
1.77667
1.77581
1.79974
1.62175
1.53652
1.50646
1.52367
1.6019
1.72707
1.75603
1.80741
1.80483
1.918
1.92
1.83894
1.91967
1.8021
1.83139
1.95199
1.95672
1.94444
1.90591
1.82322
1.76569
1.78644
1.79293
1.73917
1.73339
1.66639
1.54162
1.48118
1.48597
1.58371
1.57207
1.73864
1.83279
1.77631
1.78923
1.83933
1.83933
1.84
1.8166
1.77459
1.83967
1.84
1.84
1.84
1.83866
1.82184
1.84
1.84
1.839
1.81291
1.879
1.78037
1.76396
1.83933
1.84
1.81034
1.83728
1.83811
1.83783
1.75002
1.87833
1.78379
1.7824
1.80353
1.7516
1.78193
1.82052
1.8406
1.84657
1.84854
1.84657
1.95967
1.83858
1.61445
1.82889
1.58881
1.24527
1.71325
1.79581
1.79581
1.6594
1.77206
