2.12715
2.13401
2.06522
2.07822
2.014
2.12578
2.18381
2.22368
2.10572
2.09625
2.14163
2.09438
2.05361
2.03677
1.94271
1.90843
1.86326
1.73783
1.73311
1.78458
1.77348
1.77545
1.83547
1.9082
1.92
1.85945
1.91677
1.97799
2.02854
2.06891
2.01137
2.0935
2.09677
2.07037
2.04
2.04
2.03677
2.03354
2.06223
1.97145
2.00849
1.95918
1.8181
1.73487
1.69459
1.63472
1.67351
1.80861
1.82655
1.83697
1.84778
1.97677
2.04
2.06289
2.00715
1.98
2.03677
2.08139
2.01952
2.08508
2.14391
2.09677
2.1
2.03712
2.03139
2.0257
2.0935
2.03343
2.02032
2.09019
2.03306
2.08694
2.04
2.09625
2.15769
2.24846
2.16436
2.0848
1.97203
2.03185
1.98
1.91677
1.92
1.85973
1.91677
1.98
2.03568
2.09438
2.14068
2.08441
2.01388
1.99379
1.98683
1.86687
1.86685
1.91306
1.98759
1.90774
1.94683
