2.0991
2.13255
2.08139
2.05982
2.05546
2.07975
2.18274
2.12852
2.09473
2.09438
2.1462
2.06663
2.08323
2.01594
1.9222
1.85477
1.86458
1.84311
1.76427
1.79333
1.70897
1.78505
1.86494
1.90818
1.90244
1.85986
1.92
1.97699
2.03425
2.07404
2.03282
2.02648
2.09677
2.0935
2.01037
2.04
2.03677
2.03677
1.98966
1.94239
2.03619
1.88616
1.81116
1.83297
1.59776
1.69336
1.72434
1.75609
1.81075
1.84985
1.84834
1.94715
2.01037
2.08718
2.03833
1.98
2.04
2.08694
2.08879
2.09065
2.13708
2.1
2.1
2.00034
1.99324
2.02428
2.0572
2.00715
2.0335
2.07037
2.1
2.05246
2.04
2.09438
2.15078
2.23912
2.18792
2.12056
2.04874
1.96648
1.97677
1.92
1.91677
1.85973
1.92
1.98
1.96483
2.09271
2.12578
2.08139
2.06388
1.95711
1.94053
1.91599
1.8678
1.89975
1.89678
1.98712
1.86966
