1.81417
1.8142
1.84
1.879
1.81996
1.91967
1.87967
1.77791
1.88
1.83967
1.83866
1.84
1.83933
1.78483
1.7574
1.75695
1.80203
1.55948
1.64755
1.57773
1.35322
1.62451
1.6485
1.7016
1.79113
1.81333
1.91564
1.919
1.84493
1.919
1.81958
1.82296
1.94865
1.95739
1.9287
1.909
1.81832
1.77791
1.76954
1.78702
1.70735
1.77584
1.68538
1.59489
1.56157
1.45953
1.44409
1.54415
1.73339
1.83467
1.74536
1.78322
1.84
1.84
1.84
1.81973
1.77291
1.84
1.83967
1.83967
1.84
1.83866
1.81388
1.84
1.84
1.83867
1.82443
1.87967
1.76569
1.78564
1.839
1.83933
1.82036
1.83585
1.83783
1.83866
1.7868
1.87967
1.80783
1.81165
1.81459
1.73716
1.79203
1.80805
1.83295
1.84608
1.84009
1.83087
1.96
1.84509
1.59924
1.81787
1.51102
1.60762
1.77322
1.79821
1.80188
1.643
1.82794
