2.12388
2.12353
2.08508
2.12129
2.07771
2.09615
2.1727
2.21449
2.10272
2.09812
2.14849
2.09065
2.06674
2.0038
1.97772
1.87371
1.8576
1.74193
1.72674
1.71123
1.78064
1.71453
1.82672
1.91416
1.88715
1.85945
1.92
1.97799
2.03425
2.05546
2.02286
2.04747
2.1
2.09677
2.04
2.04
2.04
1.96821
2.06715
1.92156
2.03441
1.95456
1.842
1.81747
1.6321
1.69865
1.76711
1.80651
1.85471
1.81627
1.9098
1.94715
2.04
2.03768
1.9923
1.98
2.03677
2.08508
2.08694
2.05917
2.14163
2.09677
2.1
2.03425
2.02854
2.03139
2.06388
2.0335
2.027
2.02814
2.09677
2.05246
2.00715
2.09812
2.10973
2.26416
2.24223
2.15514
2.04992
2.04
1.91306
1.92
1.92
1.85945
1.89037
1.98
2.03282
2.05564
2.14391
2.08508
2.02911
1.98416
1.92129
1.8549
1.90676
1.97498
2.00231
1.95372
1.94715
