2.07971
2.12129
2.08508
2.12803
2.05546
2.11905
2.17295
2.18392
2.09037
2.09625
2.15078
2.08694
2.02137
2.0039
1.98548
1.928
1.87185
1.79825
1.77723
1.7688
1.76548
1.77125
1.82081
1.87546
1.92
1.85932
1.92
1.94836
2.02712
2.07771
2.0257
2.03306
2.08081
2.05074
2.04
2.04
2.04
2.00715
2.0935
1.99571
2.0346
1.79014
1.82945
1.75792
1.59429
1.70105
1.77248
1.77271
1.85602
1.83848
1.80484
1.95037
2.01037
2.05755
2.04
1.98
2.01037
2.08694
2.05361
2.0685
2.11886
2.1
2.1
2.03282
2.02286
2.02712
2.09019
2.0335
2.04
2.06056
2.06877
2.07815
2.04
2.09625
2.15308
2.25472
2.21776
2.02857
2.06856
2.01037
1.98
1.92
1.92
1.85945
1.92
1.95037
2.03282
2.08694
2.10665
2.05176
2.05889
2.02081
1.93707
1.83067
1.88711
1.95917
1.89797
1.90823
1.96567
