1.82275
1.80679
1.83933
1.87867
1.81123
1.91867
1.88
1.77914
1.87933
1.84
1.83728
1.83967
1.83933
1.75562
1.76996
1.75828
1.80051
1.53443
1.58203
1.52004
1.525
1.60885
1.71449
1.73427
1.79784
1.78977
1.91867
1.91967
1.84367
1.919
1.8021
1.8181
1.96803
1.95639
1.93792
1.90745
1.82281
1.78403
1.77249
1.80655
1.73917
1.74379
1.65249
1.536
1.43424
1.48797
1.48087
1.59712
1.58177
1.82925
1.76566
1.80354
1.83867
1.83967
1.84
1.8238
1.78804
1.84
1.83967
1.84
1.83967
1.83866
1.82387
1.84
1.84
1.839
1.80004
1.878
1.78483
1.78322
1.83933
1.84
1.82079
1.83783
1.83546
1.83811
1.79282
1.878
1.77049
1.79158
1.78426
1.72802
1.80569
1.81958
1.83346
1.81372
1.83807
1.85627
1.96
1.82615
1.63023
1.86986
1.57823
1.25515
1.63641
1.76061
1.79282
1.57358
1.79346
