2.08312
2.11299
2.07955
2.09167
2.07587
2.11459
2.20628
2.19607
2.07876
2.09438
2.14391
2.05731
2.07404
2.03354
1.98746
1.93034
1.87313
1.82372
1.72073
1.80018
1.69471
1.78317
1.86712
1.9208
1.92
1.85918
1.92
1.94836
2.03282
2.06706
2.00712
2.02979
2.06715
2.09185
2.04
2.04
2.03677
2.01037
2.03629
2.02704
2.00497
1.87472
1.81335
1.76603
1.65987
1.70891
1.74408
1.76995
1.8264
1.83918
1.87961
1.97516
2.03677
2.08
2.03019
1.98
2.04
2.09065
2.07404
2.05731
2.15538
2.1
2.1
2.02996
2.02854
2.02854
2.09677
1.99074
1.98254
2.06715
2.06552
2.09065
2.03677
2.09438
2.15078
2.26416
2.19931
2.12239
2.06311
2.00715
1.98
1.92
1.90567
1.84513
1.89037
1.98
2.03139
2.09438
2.11429
2.06103
2.0572
1.92801
1.94053
1.86805
1.87852
1.96077
1.90933
1.87818
1.96244
