2.08142
2.08194
2.07404
2.08943
2.07955
2.11905
2.15078
2.1972
2.11237
2.08694
2.15308
2.07955
2.07404
2.02533
2.01104
1.97551
1.82374
1.72247
1.79735
1.80294
1.71373
1.71844
1.83935
1.87583
1.91838
1.85973
1.92
1.97599
2.03568
2.06338
1.97684
2.08342
2.07037
2.03468
2.04
2.04
2.04
2.02865
2.1
1.94847
2.00673
1.92321
1.81493
1.76386
1.62884
1.69306
1.72989
1.72068
1.84201
1.84341
1.91035
1.9794
2.0394
2.07573
2.02286
1.97737
2.0394
2.09379
2.07955
2.09065
2.14819
2.1006
2.1
2.03341
2.03568
2.03139
2.0566
2.00763
2.03677
2.09617
2.1
2.08904
2.00931
2.09192
2.14789
2.20557
2.18486
2.08091
2.03769
2.03737
1.94775
1.9206
1.89037
1.86033
1.9194
1.9794
1.99975
2.02264
2.11602
2.03595
2.09019
2.00448
1.90427
1.90378
1.90258
1.94608
1.88059
1.85792
1.9806
