2.12056
2.11905
2.05176
2.10713
2.08139
2.11825
2.18792
2.17468
2.09454
2.09252
2.15308
2.06289
2.0085
1.97629
1.99575
1.90606
1.84408
1.81904
1.773
1.78379
1.76267
1.78413
1.84638
1.87576
1.92
1.85945
1.92
1.97199
2.02145
2.05546
2.02854
2.07037
2.06715
2.02979
2.04
2.04
2.04
2.00388
2.01061
1.99227
1.96229
1.93807
1.84048
1.80125
1.59828
1.71954
1.76647
1.78071
1.82317
1.83242
1.9098
1.98
2.03838
2.09438
2.04
1.98
2.04
2.07404
2.07404
2.08879
2.13255
2.1
2.1
2.03139
2.02996
2.02712
2.0935
2.03833
2.04
2.09677
2.05397
2.06405
2.04
2.09812
2.14849
2.23138
2.20431
2.04966
2.0353
2.0335
1.98
1.92
1.92
1.85904
1.89037
1.95037
2.02854
2.07822
2.14134
2.07955
2.02142
2.03514
1.92299
1.84822
1.92708
1.89388
1.92752
1.93434
1.94056
