2.10416
2.1137
2.01149
2.09615
2.07404
2.12129
2.21572
2.18486
2.12129
2.1
2.15078
2.08508
2.08694
2.03516
1.97927
1.8836
1.86
1.81497
1.7738
1.77218
1.77463
1.77803
1.85566
1.87079
1.92
1.85959
1.85629
1.97299
2.02996
2.07771
1.99183
2.0935
2.09514
2.06715
2.04
2.04
2.04
2.00714
1.99707
1.97756
2.04696
1.92857
1.79667
1.75639
1.64907
1.71748
1.77419
1.74948
1.85661
1.7415
1.86603
1.96567
2.04
2.05617
2.00871
1.97677
2.03677
2.08694
2.07771
2.09252
2.15078
2.1
2.1
2.03282
2.00176
2.02428
2.07037
2.03347
2.02359
2.03306
2.03306
2.05408
2.00877
2.09252
2.14163
2.2251
2.20536
2.08648
1.98932
2.00388
1.98
1.92
1.92
1.85945
1.92
1.98
2.00319
2.09065
2.07814
2.01216
2.09185
1.95226
1.91113
1.86213
1.88405
1.964
1.89228
1.92549
1.97677
