1.80396
1.81457
1.839
1.878
1.81333
1.919
1.88
1.77832
1.88
1.84
1.83694
1.84
1.83933
1.77749
1.77055
1.7424
1.79936
1.55879
1.65611
1.54701
1.54536
1.63449
1.69094
1.63171
1.79695
1.7636
1.91867
1.91933
1.85622
1.91933
1.82748
1.82931
1.95199
1.94565
1.93792
1.90437
1.81375
1.77749
1.77584
1.79158
1.73217
1.7574
1.68757
1.51722
1.4143
1.49624
1.57326
1.58159
1.70562
1.83283
1.73877
1.79199
1.83967
1.83967
1.84
1.82212
1.79081
1.84
1.83967
1.84
1.84
1.83839
1.82755
1.84
1.84
1.839
1.81791
1.87933
1.78281
1.77207
1.83867
1.83933
1.81172
1.83783
1.83756
1.83839
1.73699
1.87967
1.80569
1.79113
1.80612
1.75814
1.78472
1.82564
1.79853
1.82509
1.84559
1.85291
1.96
1.84952
1.63347
1.88915
1.59363
1.6489
1.77012
1.75456
1.67425
1.63478
1.81098
