2.12388
2.12353
2.04624
2.09986
2.07221
2.09167
2.17966
2.20128
2.09911
2.09438
2.15078
2.07587
2.07955
2.02244
1.97438
1.95543
1.89702
1.7827
1.79577
1.71854
1.70797
1.76576
1.82966
1.84464
1.91677
1.85945
1.92
1.97699
2.0257
2.05605
2.00431
2.06388
2.08567
2.1
2.01037
2.04
2.04
2.00876
2.09677
1.96168
2.01911
1.89302
1.83621
1.75899
1.68051
1.6979
1.72478
1.70871
1.85368
1.8396
1.91036
1.98
2.04
2.06914
2.02567
1.98
2.04
2.05731
2.07038
2.09065
2.1462
2.1
2.07037
2.00606
2.0257
2.02428
2.09514
1.9923
1.99733
2.07037
2.08567
2.04992
2.03833
2.09438
2.14849
2.25786
2.21755
2.09306
2.03711
1.96781
1.97677
1.92
1.92
1.85973
1.92
1.97677
2.03139
2.09252
2.11172
2.07955
2.0935
2.03677
1.94053
1.89366
1.88245
1.89209
1.98425
1.88406
1.96244
