2.0513
2.12803
2.07955
2.11969
2.09065
2.11682
2.17152
2.21955
2.08819
2.09252
2.15078
2.09065
2.07771
2.02857
1.99904
1.92408
1.88196
1.82435
1.77921
1.72575
1.70871
1.79975
1.82802
1.90162
1.91677
1.85876
1.89037
1.98
2.02516
2.07221
2.02428
2.05889
2.07037
2.09677
2.04
2.04
2.04
2.03192
2.0935
2.03029
1.96848
1.91265
1.80692
1.80099
1.61383
1.67282
1.70515
1.82395
1.82699
1.82029
1.91093
1.95037
2.04
2.07446
2.02081
1.97839
2.03514
2.08323
2.09438
2.09065
2.14849
2.1
2.1
2.03282
2.03425
2.02286
2.06056
2.00703
2.03516
2.06715
2.03306
2.01768
2.02567
2.08192
2.15308
2.23138
2.21755
2.15446
2.0559
2.04
1.98
1.92
1.92
1.85945
1.91677
1.97677
2.02428
2.09438
2.13935
2.04091
2.07917
1.99397
1.98416
1.82082
1.84314
1.97185
1.90937
1.953
1.98
