1.83933
1.91967
1.959
1.83867
1.83933
1.83747
1.96
1.77038
1.88
1.96
1.92
1.83967
1.83967
1.958
1.76826
1.75872
1.75634
1.4648
1.64108
1.37992
1.57484
1.59048
1.52027
1.4696
1.74412
1.81471
1.87476
1.87501
1.85919
1.839
1.82333
1.81756
1.87967
1.83933
1.92
1.88
1.92
1.78037
1.838
1.79784
1.83615
1.77165
1.61001
1.54545
1.58052
1.55573
1.56468
1.54405
1.55944
1.62952
1.5553
1.81097
1.84
1.95933
1.91967
1.95967
1.78322
1.91933
1.88
1.89756
1.96
1.96
1.82504
1.84
1.84
1.81333
1.80805
1.91933
1.77249
1.74739
1.87035
1.83833
1.86027
1.96
1.92
1.96
1.84
1.87246
1.82189
1.87778
1.78724
1.77165
1.81094
1.85372
1.81571
1.89212
1.919
1.83831
1.95933
1.77625
1.63234
1.78886
1.83739
1.52584
1.67267
1.79763
1.79834
1.51468
1.81435
