1.839
1.91967
1.95967
1.83933
1.83933
1.8816
1.96
1.77996
1.88
1.96
1.92
1.83967
1.83967
1.95402
1.77123
1.79081
1.69706
1.50336
1.39009
1.49922
1.54701
1.56777
1.54337
1.56549
1.69194
1.81878
1.87381
1.83846
1.87501
1.84
1.81483
1.83139
1.87967
1.83867
1.91967
1.88
1.92
1.77955
1.83864
1.77146
1.83846
1.75067
1.5681
1.56703
1.55929
1.53992
1.47609
1.46752
1.5536
1.54712
1.60878
1.79203
1.83933
1.959
1.92
1.95933
1.79317
1.92
1.88
1.90135
1.96
1.96
1.82099
1.84
1.84
1.81584
1.84004
1.91933
1.77996
1.87656
1.86403
1.83967
1.85756
1.96
1.92
1.96
1.8368
1.87197
1.83908
1.87061
1.78883
1.78844
1.83552
1.83834
1.87695
1.95151
1.91967
1.84
1.95967
1.76911
1.58391
1.78099
1.82988
1.75807
1.79615
1.7973
1.67279
1.64635
1.81146
