2.00715
2.11014
1.91672
1.92
2.04076
1.97499
1.92
2.03282
2.23889
2.16
2.1462
2.17735
2.07771
1.86
1.94388
1.85677
1.8366
1.74966
1.80451
1.72976
1.73786
1.76954
1.88626
1.81074
2.01714
1.97199
1.97838
1.97699
1.97629
1.92
1.92
1.98
1.92
2.09739
2.09143
2.15514
2.04
2.06607
2.0935
1.95037
1.9969
1.81236
1.786
1.78575
1.67092
1.68441
1.76375
1.79204
1.85993
1.86
1.82715
1.97839
2.01849
2.08192
2.04
1.92
2.04
2.05546
2.08323
2.08508
2.15514
2.24673
2.20979
2.26592
2.03139
2.04258
2.01037
1.98
1.97839
2.06552
1.92
1.94536
2.09677
2.16108
2.15538
2.16922
2.02996
1.92
1.95037
1.94877
1.93397
1.90567
1.92
2.01586
1.96244
2.03568
2.07955
2.07637
2.1462
2.05731
2.03629
1.96814
1.9609
1.84567
1.88388
1.91306
1.92961
1.86
1.9848
