2.03677
2.09391
1.92
1.92
2.05546
1.97499
1.92
2.02996
2.18053
2.16
2.15078
2.21739
2.03168
1.86
1.94553
1.86
1.78556
1.7991
1.80944
1.7374
1.79405
1.76465
1.83827
1.77388
1.9974
1.971
1.97677
1.97899
2.04
1.92
1.89037
1.98
1.92
2.12909
2.14406
2.12715
2.04
2.07587
2.09514
1.97514
1.98747
1.84567
1.75077
1.78608
1.61282
1.68719
1.72217
1.77084
1.78772
1.79629
1.82715
1.95037
2.03568
2.08208
2.04
1.92
2.03838
2.09065
2.08508
2.09252
2.15677
2.2126
2.27019
2.27019
2.02409
2.07587
2.04
1.97677
1.97834
2.02979
1.89037
1.94836
2.1
2.26441
2.15538
2.23453
2.03139
1.91677
1.95037
1.96567
1.94876
1.90244
1.92
2.00715
1.98
2.02854
2.05361
2.09438
2.10973
2.05917
2.02648
2.03185
1.8981
1.86
1.84814
1.97838
1.98448
1.83037
2.005
