1.83967
1.92
1.96
1.839
1.83967
1.86349
1.96
1.782
1.87933
1.96
1.92
1.83933
1.84
1.95833
1.76698
1.76483
1.6982
1.51299
1.55698
1.57328
1.56046
1.58246
1.43343
1.57159
1.8715
1.87666
1.86378
1.85865
1.86456
1.839
1.79191
1.83398
1.87933
1.83933
1.91933
1.88
1.92
1.78923
1.83482
1.64379
1.8373
1.76266
1.55702
1.52215
1.48993
1.58624
1.58529
1.55712
1.65959
1.54303
1.63005
1.80048
1.83967
1.95967
1.91933
1.96
1.77249
1.92
1.88
1.89973
1.96
1.96
1.82056
1.84
1.84
1.815
1.82333
1.91833
1.77207
1.87695
1.84982
1.84
1.87908
1.96
1.92
1.96
1.84
1.75416
1.80644
1.87349
1.77996
1.77417
1.80417
1.83739
1.75117
1.76327
1.919
1.84
1.96
1.77625
1.47544
1.8044
1.83626
1.63434
1.6746
1.8099
1.7957
1.56446
1.8026
