1.96656
2.08719
1.89037
1.92
2.04992
1.971
1.92
2.02996
2.26683
2.16
2.15146
2.26759
2.08323
1.86
1.95758
1.86
1.81356
1.81379
1.80845
1.76322
1.73612
1.81481
1.7973
1.82715
2.00389
1.97599
1.95037
1.97399
2.03181
1.92
1.92
1.97677
1.92
2.10666
2.13917
2.15677
2.04
2.06856
2.0733
1.96244
1.9808
1.84567
1.82224
1.79184
1.6578
1.71455
1.7033
1.79142
1.78354
1.83037
1.83037
1.97189
2.03282
2.08347
2.03677
1.92
2.03354
2.08508
2.07819
2.06338
2.16
2.22348
2.2735
2.21567
2.02996
2.07587
2.00375
1.98
1.97677
2.03306
1.92
1.97599
2.1
2.28
2.11657
2.24534
2.03568
1.92
1.91468
1.97838
1.98
1.92
1.92
1.96979
1.98
1.97825
2.05971
2.08508
2.15308
2.02801
2.04416
1.98747
1.95042
1.82715
1.85306
1.95037
1.92418
1.84567
2.01723
