2.04
2.12803
1.91677
1.92
2.07404
1.97399
1.92
2.03282
2.27677
2.16
2.15078
2.26365
2.08694
1.86
1.97516
1.85514
1.87291
1.7673
1.7491
1.72278
1.7198
1.72378
1.87096
1.79306
1.99074
1.97399
1.91468
1.97299
2.00389
1.92
1.88871
1.98
1.92
2.1172
2.1535
2.16
2.04
2.04441
1.99707
1.96405
2.0335
1.82715
1.78726
1.76344
1.65116
1.71748
1.77419
1.74948
1.80467
1.74966
1.85839
1.98
2.02854
2.05617
2.00871
1.92
2.03516
2.08694
2.07771
2.09252
2.16
2.24061
2.19625
2.27019
2.00176
2.07038
2.00871
1.97677
1.97175
2.03306
1.92
1.97799
2.06715
2.24715
2.14163
2.2251
2.02712
1.92
1.91629
1.97677
1.98
1.92
1.92
2.02567
1.98
1.99891
2.05361
2.09065
2.07814
2.01216
2.09185
1.95226
1.90676
1.81397
1.88548
1.97838
1.89228
1.84244
2.01443
