2.04
2.07891
1.92
1.89037
2.07771
1.98
1.92
2.03282
2.25996
2.1535
2.1462
2.26342
2.04624
1.86
1.94876
1.85677
1.83604
1.80582
1.74501
1.79853
1.64175
1.73866
1.81632
1.83917
1.9474
1.95866
1.95037
1.97399
2.03514
1.92
1.92
1.97677
1.92
2.12715
2.11889
2.16
2.04
2.07955
2.06056
1.97516
2.00056
1.82715
1.8064
1.78542
1.62506
1.62189
1.73974
1.75461
1.79699
1.84567
1.86
1.95037
2.03282
2.09277
2.03183
1.92
2.03677
2.09065
2.08139
2.08508
2.15185
2.261
2.20553
2.19544
2.02286
2.07955
2.03833
1.98
1.97511
1.98635
1.92
1.97699
2.1
2.26683
2.11886
2.25159
2.03425
1.92
1.94877
1.97677
1.97838
1.92
1.92
2.00388
1.98
2.02996
2.07404
2.09252
2.14082
2.09065
2.05379
2.00223
2.00554
1.86
1.8448
1.94061
1.90505
1.81397
1.95072
