1.84
1.91967
1.959
1.83967
1.83933
1.86027
1.96
1.78844
1.88
1.96
1.92
1.83967
1.839
1.95933
1.75428
1.7644
1.52129
1.53599
1.54339
1.33907
1.47758
1.5552
1.37314
1.63163
1.87231
1.87593
1.87747
1.8515
1.87035
1.83967
1.82931
1.8406
1.88
1.84
1.919
1.88
1.92
1.78362
1.85537
1.77435
1.83646
1.76911
1.58106
1.55139
1.48135
1.55178
1.55405
1.52024
1.67217
1.51227
1.5891
1.79651
1.84
1.96
1.92
1.95933
1.79317
1.92
1.88
1.89261
1.96
1.96
1.82126
1.84
1.84
1.82159
1.8444
1.919
1.7631
1.75291
1.84814
1.839
1.86403
1.96
1.92
1.96
1.84
1.87443
1.83087
1.74505
1.79395
1.78483
1.85098
1.83626
1.87188
1.94448
1.91933
1.84
1.96
1.77955
1.60713
1.79651
1.8344
1.75676
1.67203
1.79704
1.79864
1.43615
1.81098
