1.83967
1.92
1.95967
1.839
1.83967
1.87191
1.96
1.76741
1.88
1.96
1.92
1.83933
1.839
1.958
1.77207
1.7484
1.62968
1.4913
1.53678
1.53572
1.52448
1.51872
1.50974
1.61261
1.74631
1.75102
1.75452
1.85701
1.86983
1.83967
1.82748
1.81973
1.87933
1.83933
1.92
1.88
1.91933
1.78564
1.86027
1.79784
1.70968
1.75651
1.49697
1.61924
1.47837
1.48409
1.52503
1.57244
1.59971
1.50027
1.53633
1.78472
1.83967
1.95967
1.92
1.95867
1.79278
1.92
1.88
1.90189
1.96
1.96
1.81553
1.84
1.84
1.8031
1.84048
1.918
1.78037
1.87255
1.85427
1.839
1.88009
1.96
1.92
1.96
1.8368
1.87834
1.83552
1.74286
1.79859
1.78078
1.83756
1.83864
1.87396
1.94756
1.92
1.84
1.95967
1.77996
1.59077
1.77531
1.775
1.71842
1.67514
1.68081
1.67217
1.54967
1.8021
