2.03838
2.12723
1.92
1.92
2.08139
1.97399
1.92
2.03425
2.21739
2.15677
2.14391
2.26081
2.05788
1.86
1.97677
1.86
1.82376
1.74635
1.72308
1.7061
1.71846
1.72252
1.85263
1.81074
1.94568
1.93939
1.96567
1.97499
2.03192
1.92
1.92
1.95037
1.92
2.15514
2.14406
2.11074
2.03677
2.07221
2.09514
1.96567
2.00213
1.83037
1.86416
1.74676
1.59662
1.69752
1.74883
1.68638
1.82307
1.82775
1.79306
1.94917
2.0026
2.09031
2.03731
1.9212
2.0388
2.07896
2.05546
2.08879
2.15617
2.2256
2.27677
2.2355
2.01793
2.0698
2.00612
1.9806
1.91139
2.0923
1.9218
1.9784
2.0988
2.24208
2.15889
2.2302
2.03663
1.9212
1.94655
1.95037
1.98
1.87457
1.90567
1.97023
1.9806
2.02937
2.07712
2.09271
2.14399
2.04133
2.0572
1.9797
1.91084
1.82791
1.85079
1.86575
1.93885
1.82895
2.01131
