2.04
2.10066
1.92
1.92
2.05546
1.97799
1.92
2.03282
2.2372
2.16
2.15538
2.2208
2.08323
1.86
1.90652
1.86
1.83494
1.7673
1.79309
1.74177
1.72906
1.76681
1.77104
1.83037
2.01756
1.92597
1.97838
1.97799
2.03677
1.92
1.91677
1.98
1.89037
2.09306
2.15019
2.16
2.03677
2.04076
2.07996
1.97838
1.96814
1.82715
1.76993
1.81184
1.62454
1.71986
1.70285
1.81076
1.7821
1.84627
1.8535
1.94917
2.00117
2.05858
1.96708
1.9212
2.03557
2.06043
2.05731
2.09438
2.10687
2.22053
2.26851
2.20312
2.03089
2.07712
2.03078
1.97737
1.96686
2.09557
1.9218
1.97639
2.09557
2.2782
2.15427
2.24729
2.03807
1.9212
1.97778
1.96244
1.93397
1.9206
1.92
2.02731
1.97737
2.02369
2.07741
2.05769
2.07344
2.08197
2.02888
2.00116
1.93411
1.85591
1.9194
1.96299
1.8792
1.8618
1.98168
