1.83967
1.91967
1.95833
1.83967
1.83933
1.86668
1.96
1.79317
1.87967
1.96
1.92
1.84
1.83933
1.7737
1.71403
1.77417
1.63484
1.55139
1.54419
1.52852
1.59863
1.58835
1.5678
1.57848
1.86667
1.75243
1.86345
1.86189
1.86349
1.83833
1.83293
1.8431
1.879
1.83933
1.92
1.88
1.92
1.77873
1.83821
1.79473
1.83502
1.76357
1.52914
1.53014
1.49466
1.56574
1.54704
1.59545
1.66698
1.59348
1.56374
1.80954
1.84
1.95967
1.91967
1.959
1.78644
1.92
1.87967
1.90081
1.96
1.96
1.812
1.84
1.84
1.80954
1.83695
1.91933
1.77375
1.87593
1.83853
1.839
1.88009
1.96
1.92
1.96
1.84
1.75102
1.83501
1.87685
1.78803
1.78078
1.81261
1.83169
1.87713
1.82341
1.91967
1.84
1.95967
1.77123
1.59604
1.81207
1.70974
1.76303
1.79488
1.73991
1.74099
1.65383
1.78189
