1.83833
1.91933
1.959
1.84
1.83933
1.8436
1.95933
1.78281
1.87967
1.96
1.92
1.83967
1.83867
1.95733
1.70977
1.75473
1.69348
1.57194
1.63989
1.4197
1.60734
1.54064
1.37063
1.56013
1.73895
1.8744
1.86883
1.86668
1.87243
1.83933
1.82702
1.83603
1.87967
1.83933
1.91967
1.88
1.92
1.76741
1.71484
1.7996
1.83151
1.76004
1.51771
1.45199
1.49705
1.57123
1.50466
1.56471
1.77359
1.43
1.55203
1.815
1.84
1.96
1.91933
1.96
1.79042
1.92
1.88
1.88644
1.96
1.96
1.82126
1.84
1.84
1.81417
1.82748
1.919
1.78119
1.87827
1.83814
1.83967
1.8836
1.96
1.92
1.96
1.84
1.87593
1.82081
1.87454
1.79667
1.77873
1.82403
1.838
1.75054
1.95228
1.91967
1.84
1.95967
1.77207
1.65194
1.7996
1.70986
1.76599
1.67347
1.67132
1.67243
1.61237
1.80854
