2.01037
2.0783
1.89037
1.92
2.04992
1.97799
1.92
2.03425
2.2088
2.16
2.14296
2.20979
2.07955
1.86
1.95424
1.83037
1.77769
1.8155
1.76344
1.73496
1.72611
1.80754
1.79095
1.81236
2.00388
1.97499
1.97838
1.97599
2.04
1.92
1.92
1.94553
1.92
2.07388
2.14567
2.16
2.04
2.07587
2.06388
1.95037
1.99074
1.75293
1.77056
1.75136
1.64687
1.67077
1.68289
1.74256
1.75343
1.83037
1.83037
1.98
2.03139
2.09438
2.04
1.91677
2.03677
2.08694
2.05917
2.08508
2.13037
2.25159
2.2735
2.2355
2.02712
2.08508
2.01037
1.98
1.98
2.03306
1.89037
1.94736
2.1
2.28
2.14849
2.25472
2.02996
1.89037
1.97838
1.94715
1.98
1.92
1.92
2.03019
1.86108
2.03139
2.07587
2.09271
2.13708
2.08508
2.07586
1.91449
1.97369
1.86
1.91833
1.93733
1.88979
1.83037
2.01024
