1.83967
1.91933
1.95867
1.839
1.83967
1.87398
1.96
1.78281
1.88
1.96
1.92
1.84
1.83933
1.95766
1.76954
1.75428
1.63325
1.5359
1.49747
1.50645
1.54595
1.52895
1.4838
1.59562
1.81846
1.69275
1.8757
1.71568
1.86456
1.83967
1.80559
1.82509
1.879
1.83867
1.91967
1.88
1.91967
1.76826
1.83853
1.78052
1.84588
1.75113
1.56224
1.52567
1.61474
1.55982
1.52669
1.54089
1.54908
1.57437
1.54566
1.79872
1.83967
1.95967
1.91967
1.95933
1.79238
1.91967
1.88
1.90189
1.96
1.96
1.82345
1.84
1.84
1.79428
1.84741
1.91933
1.77249
1.87428
1.8515
1.83933
1.87191
1.96
1.92
1.96
1.84
1.87778
1.83552
1.75071
1.79744
1.7644
1.82668
1.84303
1.80871
1.76261
1.919
1.84
1.96
1.78804
1.5918
1.78379
1.64702
1.71897
1.79431
1.78799
1.79793
1.60093
1.8006
