1.83967
1.91933
1.95967
1.83967
1.839
1.85973
1.95933
1.78281
1.88
1.96
1.92
1.84
1.83933
1.83588
1.76396
1.77749
1.75454
1.48764
1.56578
1.58412
1.53333
1.51824
1.49145
1.65661
1.8784
1.8744
1.74949
1.86773
1.8836
1.83967
1.82886
1.8441
1.87967
1.83967
1.92
1.88
1.91967
1.77914
1.83807
1.76707
1.8323
1.77584
1.55871
1.5641
1.42321
1.54997
1.50863
1.55828
1.55571
1.54996
1.5809
1.78146
1.83967
1.96
1.91967
1.95967
1.78684
1.92
1.88
1.90081
1.96
1.96
1.82232
1.84
1.84
1.81667
1.84569
1.91933
1.78483
1.87763
1.86349
1.83967
1.87603
1.96
1.92
1.96
1.84
1.75416
1.80926
1.63345
1.7916
1.78322
1.82456
1.8581
1.68798
1.89076
1.91933
1.84
1.96
1.78159
1.60612
1.75654
1.7683
1.72493
1.73736
1.74609
1.67217
1.55501
1.81049
