2.04
2.11157
1.92
1.92
2.06311
1.97499
1.92
2.03568
2.27251
2.16
2.11886
2.26342
2.06289
1.86
1.95917
1.84567
1.79619
1.78648
1.72815
1.72853
1.76558
1.76629
1.77827
1.83037
2.00391
1.97199
1.97516
1.97599
2.04
1.92
1.92
1.98
1.92
2.12715
2.12715
2.15677
2.04
2.04624
2.09185
1.97677
1.9808
1.84567
1.80129
1.82351
1.67659
1.69246
1.72169
1.76222
1.79438
1.85677
1.85838
1.97838
2.02996
2.07609
2.04
1.92
2.03677
2.08508
2.08694
2.08694
2.16
2.25472
2.21306
2.23379
2.02854
2.08694
2.00388
1.97677
1.98
2.09514
1.92
1.97699
2.1
2.2735
2.11886
2.25159
2.03568
1.89037
1.98
1.97677
1.98
1.92
1.92
1.97629
1.98
2.01863
2.09065
2.06476
2.14687
2.06891
2.0725
2.02683
1.9609
1.81397
1.89752
1.95037
1.93759
1.82877
2.01863
