2.03677
2.08943
1.92
1.92
2.08323
1.97699
1.92
2.03139
2.2048
2.16
2.10649
2.23796
2.07955
1.86
1.94388
1.84567
1.77831
1.726
1.82154
1.77087
1.72017
1.7259
1.83771
1.86
2.00715
1.97199
1.96567
1.97499
2.03838
1.92
1.89037
1.97838
1.92
2.15514
2.12715
2.09306
2.04
2.07587
2.1
1.95037
1.95971
1.79306
1.76121
1.79052
1.62451
1.7083
1.76655
1.75078
1.86661
1.85677
1.85838
1.9735
2.03282
2.08742
2.01037
1.92
2.03677
2.09252
2.08879
2.09065
2.1535
2.25472
2.26683
2.26342
2.02978
2.07587
2.02567
1.96244
1.97839
2.09677
1.92
1.98
2.1
2.2735
2.15308
2.26731
2.03139
1.92
1.98
1.97838
1.95037
1.90567
1.90567
2.04
1.97677
2.03282
2.08879
2.09252
2.1462
2.08139
2.09839
2.04
1.9477
1.81397
1.88056
1.89388
1.93646
1.81074
2.00885
