2.00056
2.112
1.92
1.92
2.05176
1.97599
1.92
2.03712
2.19061
2.16
2.112
2.16299
2.05546
1.86
1.97677
1.86
1.83274
1.80416
1.7537
1.73106
1.7518
1.79033
1.84908
1.81397
1.94577
1.96066
1.98
1.97299
2.03514
1.91677
1.92
1.98
1.92
2.10747
2.1535
2.15677
2.04
2.03721
2.06715
1.96083
1.96814
1.82715
1.79113
1.78661
1.62856
1.71576
1.70302
1.72717
1.83451
1.86
1.85677
1.97677
2.03425
2.07123
2.03677
1.92
2.04
2.08879
2.08072
2.08879
2.09629
2.261
2.2735
2.2735
2.02286
2.08323
2.04
1.98
1.98
1.99616
1.92
1.94436
2.09677
2.18394
2.13106
2.2095
2.03425
1.92
1.98
1.94715
1.98
1.92
1.92
2.0335
1.94715
2.02428
2.08139
2.07253
2.1462
2.07404
1.99455
1.97306
2.00608
1.86
1.84979
1.89799
1.95401
1.80747
2.01163
