1.84
1.91967
1.83588
1.83967
1.83967
1.87295
1.96
1.78281
1.88
1.96
1.92
1.84
1.84
1.90189
1.69299
1.76869
1.75793
1.59801
1.59649
1.40661
1.61586
1.59884
1.49393
1.53158
1.87468
1.87349
1.87411
1.86027
1.86189
1.83867
1.81864
1.83398
1.87967
1.839
1.92
1.88
1.92
1.77914
1.85427
1.78052
1.8311
1.75383
1.53645
1.60949
1.58783
1.5432
1.46119
1.58522
1.66016
1.5444
1.58841
1.81165
1.83933
1.95967
1.91967
1.95967
1.77955
1.91933
1.87967
1.88926
1.96
1.96
1.82407
1.84
1.84
1.82159
1.83916
1.91933
1.77333
1.86216
1.86349
1.83967
1.86615
1.96
1.92
1.96
1.84
1.88814
1.8115
1.87593
1.80654
1.76353
1.83908
1.85592
1.86748
1.94725
1.91967
1.84
1.95967
1.78684
1.61958
1.76657
1.70789
1.63303
1.794
1.8036
1.67416
1.62109
1.81098
