2.04
2.12723
1.92
1.92
2.07955
1.94636
1.92
2.02996
2.21739
2.12388
2.10715
2.26592
2.07955
1.86
1.94877
1.84567
1.89043
1.64669
1.80464
1.7165
1.73113
1.73009
1.83222
1.85677
2.00067
1.97399
1.97516
1.97699
2.04
1.92
1.92
1.98
1.92
2.06224
2.10747
2.14851
2.02567
2.02618
2.08683
1.97516
1.97306
1.82385
1.78427
1.77443
1.70063
1.62973
1.70404
1.76512
1.83887
1.83037
1.86
1.97516
2.03282
2.08742
2.04
1.92
2.04
2.08694
2.08139
2.09065
2.1535
2.24846
2.2372
2.2372
2.03139
2.07587
2.04
1.98
1.95037
2.06782
1.90567
1.97599
2.1
2.23074
2.10475
2.22823
2.03282
1.89037
1.98
1.98
1.95037
1.92
1.92
2.00056
1.98
2.03139
2.07771
2.0575
2.14539
2.04808
2.1
2.03677
1.94445
1.81397
1.88381
1.93899
1.88623
1.84244
2.01723
