1.83933
1.91967
1.96
1.839
1.83967
1.87705
1.95967
1.78564
1.87967
1.96
1.92
1.84
1.83967
1.958
1.7631
1.73958
1.63434
1.56467
1.52724
1.57251
1.52927
1.48019
1.53026
1.54481
1.75038
1.74729
1.75368
1.87959
1.86721
1.839
1.80756
1.83346
1.87967
1.84
1.92
1.88
1.91867
1.77955
1.8499
1.75908
1.83615
1.74518
1.53793
1.55405
1.57547
1.5671
1.54811
1.48019
1.55466
1.59193
1.58965
1.7631
1.83967
1.96
1.92
1.83721
1.78483
1.91967
1.88
1.89206
1.96
1.96
1.82365
1.84
1.84
1.79606
1.83651
1.91933
1.77249
1.75416
1.84814
1.83967
1.8831
1.96
1.92
1.96
1.84
1.74646
1.81973
1.87089
1.78883
1.78923
1.79755
1.78138
1.69327
1.94533
1.91933
1.84
1.96
1.78804
1.63071
1.7824
1.83495
1.75636
1.67162
1.79786
1.80476
1.64433
1.78826
