2.00553
2.11682
1.92
1.92
2.05361
1.94736
1.92
2.03282
2.26061
2.1535
2.11886
2.26683
2.07404
1.86
1.90486
1.82715
1.8323
1.79143
1.774
1.78224
1.72427
1.65617
1.81082
1.86
2.00552
1.96901
1.98
1.97499
2.00876
1.92
1.89037
1.98
1.92
2.14289
2.08979
2.15185
2.01037
2.07404
2.07037
1.91145
2.03514
1.79468
1.81533
1.74966
1.73415
1.63711
1.75124
1.83969
1.8273
1.85677
1.85838
1.98
2.03712
2.08508
2.03833
1.92
2.04
2.08879
2.08139
2.09438
2.16
2.27048
2.26513
2.25037
2.02996
2.08139
2.01037
1.97677
1.94715
2.06223
1.92
1.97899
2.03629
2.27677
2.1462
2.16246
2.0075
1.90567
1.97838
1.91629
1.97838
1.85629
1.91838
2.03514
1.98
2.03139
2.05917
2.09065
2.13369
2.08323
2.00394
1.91616
1.97922
1.86
1.84648
1.94553
1.91115
1.86
1.9698
