2.03677
2.12578
1.92
1.92
2.08323
1.97699
1.92
2.00463
2.20979
2.16
2.13546
2.24056
2.04441
1.86
1.97191
1.86
1.79011
1.74801
1.78546
1.71274
1.73786
1.78741
1.86958
1.86
1.99904
1.97299
1.97838
1.97699
2.03677
1.92
1.91833
1.98
1.90567
2.06562
2.0427
2.12056
2.04
2.04441
2.06388
1.94714
1.98416
1.81397
1.75965
1.82788
1.60096
1.68107
1.74252
1.80518
1.87972
1.85677
1.86
1.97838
2.03282
2.09065
2.01037
1.92
2.03677
2.08694
2.08879
2.08323
2.15677
2.25624
2.27677
2.2355
2.02712
2.07587
2.00542
1.98
1.98
2.07037
1.92
1.94636
2.09839
2.22747
2.13645
2.21153
2.03139
1.92
1.97027
1.91306
1.97838
1.92
1.89037
2.00388
1.98
1.96625
2.06103
2.09085
2.12502
2.06706
2.02979
1.98248
1.92948
1.84567
1.84637
1.90486
1.94032
1.85677
2.01163
