1.83967
1.91933
1.95833
1.83967
1.83833
1.86878
1.95967
1.782
1.87967
1.96
1.92
1.84
1.83967
1.95699
1.76569
1.75383
1.75636
1.48396
1.53598
1.48973
1.54212
1.52201
1.53033
1.61155
1.74739
1.87282
1.87846
1.85647
1.87243
1.839
1.79858
1.82509
1.88
1.83967
1.91967
1.88
1.92
1.7916
1.84758
1.79695
1.83534
1.76048
1.52846
1.53525
1.47973
1.47108
1.61682
1.60513
1.55588
1.5098
1.61232
1.79338
1.84
1.95967
1.92
1.96
1.78724
1.92
1.88
1.88758
1.96
1.96
1.82036
1.84
1.84
1.82322
1.83383
1.92
1.775
1.86959
1.86081
1.83967
1.87959
1.96
1.92
1.96
1.8368
1.87666
1.83756
1.87365
1.79974
1.77207
1.83705
1.83778
1.8713
1.69478
1.92
1.84
1.96
1.78963
1.64348
1.7824
1.82937
1.75853
1.66674
1.79685
1.67259
1.55871
1.79908
