2.04
2.08052
1.92
1.92
2.08694
1.97399
1.92
2.02712
2.26683
2.1535
2.11429
2.2735
2.04441
1.86
1.94391
1.84244
1.85184
1.82056
1.7742
1.71242
1.7114
1.74666
1.7802
1.86
2.0254
1.97699
1.98
1.97499
2.04
1.92
1.91677
1.94715
1.92
2.04966
2.15677
2.15677
2.04
2.07771
2.07752
1.97838
2.00715
1.79629
1.79958
1.77769
1.68665
1.65465
1.82496
1.77376
1.79449
1.82548
1.86
1.97677
2.03425
2.06128
2.00715
1.92
2.04
2.08879
2.09065
2.08694
2.16
2.25159
2.2735
2.23379
2.0257
2.06856
2.02244
1.96567
1.97677
2.08342
1.92
1.97699
2.06715
2.24877
2.15078
2.26731
2.03712
1.92
1.98
1.98
1.98
1.92
1.89037
2.00715
1.98
2.02854
2.04624
2.08527
2.0802
2.06154
2.09677
2.00715
1.93274
1.85677
1.78688
1.86467
1.92472
1.86
1.94183
