1.83867
1.91933
1.95933
1.83867
1.83967
1.87243
1.96
1.77914
1.87933
1.96
1.92
1.83967
1.83933
1.77562
1.71572
1.75828
1.75246
1.49575
1.56389
1.47591
1.525
1.50797
1.50296
1.52471
1.75267
1.87151
1.75303
1.8581
1.85427
1.839
1.8021
1.8181
1.87933
1.83867
1.92
1.88
1.919
1.78403
1.8436
1.80655
1.83626
1.74379
1.5308
1.4933
1.43424
1.53085
1.48087
1.59054
1.60261
1.5318
1.62121
1.81123
1.83867
1.95967
1.91967
1.95967
1.78804
1.92
1.87967
1.88417
1.96
1.96
1.81957
1.84
1.84
1.80954
1.81722
1.918
1.78483
1.87807
1.83821
1.84
1.87191
1.96
1.92
1.96
1.84
1.75434
1.79755
1.85965
1.78078
1.77625
1.83501
1.84644
1.87676
1.82083
1.91967
1.84
1.96
1.76741
1.63023
1.78794
1.83089
1.75426
1.67102
1.81038
1.79282
1.57358
1.79346
