1.839
1.91933
1.95933
1.84
1.83933
1.86983
1.959
1.77291
1.87933
1.96
1.92
1.84
1.83967
1.95833
1.76911
1.76223
1.75333
1.58324
1.57531
1.57681
1.60485
1.5668
1.48803
1.43928
1.86624
1.87396
1.87396
1.85701
1.86081
1.83867
1.82472
1.8115
1.87933
1.83867
1.91967
1.88
1.92
1.78322
1.83426
1.77591
1.84926
1.77708
1.55234
1.5027
1.60319
1.58249
1.53004
1.52491
1.66521
1.4963
1.45815
1.80911
1.84
1.95967
1.91967
1.96
1.79121
1.91967
1.87967
1.88701
1.96
1.96
1.81401
1.84
1.84
1.81625
1.83428
1.91867
1.78037
1.68485
1.80278
1.84
1.87908
1.96
1.92
1.96
1.8384
1.87864
1.7401
1.69158
1.8058
1.76135
1.8416
1.83786
1.87626
1.81445
1.91967
1.84
1.96
1.78443
1.64444
1.79383
1.71243
1.75411
1.79411
1.79685
1.67054
1.56351
1.77206
