1.83967
1.91933
1.95967
1.839
1.83967
1.71568
1.95967
1.78644
1.87967
1.96
1.92
1.83967
1.839
1.95867
1.76223
1.72707
1.75668
1.51222
1.60857
1.52476
1.56043
1.56426
1.42554
1.63841
1.74744
1.87695
1.87695
1.86349
1.86983
1.839
1.81911
1.8406
1.88
1.839
1.91967
1.88
1.91933
1.76869
1.83685
1.80396
1.60281
1.7729
1.53595
1.53645
1.49617
1.56158
1.54755
1.55646
1.78266
1.4039
1.63966
1.79338
1.83833
1.959
1.92
1.95967
1.78844
1.92
1.88
1.88701
1.96
1.96
1.82056
1.84
1.84
1.822
1.84698
1.91933
1.77791
1.87786
1.85038
1.83933
1.86668
1.96
1.92
1.96
1.84
1.87807
1.82349
1.87722
1.79821
1.76011
1.82668
1.83786
1.68865
1.88543
1.91933
1.84
1.96
1.78362
1.61958
1.77291
1.63339
1.70894
1.79
1.81701
1.79763
1.55927
1.81722
