2.03839
2.11905
1.92
1.92
2.06706
1.95766
1.92
2.03139
2.25917
2.14567
2.13612
2.24056
2.07404
1.86
1.95037
1.84567
1.88045
1.78142
1.77783
1.72758
1.7269
1.73691
1.83411
1.85677
2.03192
1.94336
1.98
1.97299
2.03514
1.92
1.89037
1.98
1.92
2.1172
2.12715
2.12715
2.04
2.04441
2.07037
1.97354
2.03019
1.78648
1.78726
1.82494
1.67212
1.70937
1.70654
1.78793
1.71839
1.86
1.86
1.97839
2.02996
2.08694
1.99397
1.92
2.04
2.09252
2.08694
2.08879
2.1535
2.22348
2.27019
2.22248
2.03139
2.07404
2.03839
1.98
1.97677
2.02979
1.91833
1.94636
2.1
2.24388
2.15538
2.24085
2.03856
1.92
1.98
1.98
1.97677
1.91677
1.92
2.00715
1.97677
2.03139
2.02694
2.08898
2.12867
2.07404
2.07037
2.01037
1.95814
1.86
1.81293
1.86805
1.93583
1.82877
1.97922
