1.839
1.91967
1.96
1.83933
1.84
1.86456
1.95967
1.77832
1.88
1.96
1.92
1.84
1.83967
1.95933
1.77471
1.76266
1.75666
1.51897
1.56895
1.50548
1.52377
1.54328
1.48986
1.61783
1.87396
1.87763
1.74931
1.84531
1.84758
1.83867
1.80756
1.82349
1.878
1.83967
1.91967
1.88
1.91933
1.77873
1.84474
1.78794
1.83482
1.73
1.57542
1.44135
1.45041
1.55874
1.47141
1.52787
1.66072
1.63445
1.59066
1.79562
1.84
1.96
1.86256
1.90322
1.78644
1.91967
1.87967
1.88701
1.96
1.96
1.82126
1.84
1.84
1.81955
1.82702
1.919
1.78078
1.87853
1.86668
1.83833
1.86403
1.96
1.92
1.96
1.8368
1.87755
1.81094
1.87151
1.79121
1.79002
1.69695
1.83846
1.87164
1.93514
1.919
1.84
1.96
1.78524
1.647
1.78886
1.83264
1.76982
1.79615
1.8087
1.67357
1.56648
1.78826
