2.03354
2.05758
1.92
1.92
2.08694
1.97199
1.92
2.03282
2.2525
2.11397
2.15308
2.24388
2.07587
1.85677
1.97838
1.86
1.81631
1.75293
1.80661
1.78288
1.76894
1.7112
1.86497
1.83037
2.00714
1.97299
1.97354
1.97899
2.04
1.91677
1.92
1.98
1.92
2.12388
2.12877
2.12877
2.04
2.01216
2.07752
1.92912
2.02683
1.86
1.77721
1.77735
1.60978
1.71949
1.72484
1.76776
1.83799
1.81397
1.84244
1.98
2.03712
2.09065
2.04
1.92
2.03677
2.04624
2.08694
2.09065
2.1535
2.24534
2.27514
2.27677
2.02854
2.03893
2.00388
1.98
1.94871
2.09514
1.92
1.94836
2.06715
2.20648
2.15078
2.25472
2.03568
1.92
1.98
1.97677
1.98
1.92
1.92
2.00715
1.97839
1.99183
2.05176
2.06289
2.14849
2.05731
2.06715
2.03019
1.99266
1.86
1.88385
1.90331
1.88125
1.78979
1.99324
