2.03353
2.11459
1.92
1.92
2.07404
1.94636
1.92
2.03425
2.27185
2.15677
2.1462
2.26365
2.07404
1.86
1.94553
1.86
1.87291
1.77625
1.81142
1.74534
1.69087
1.7247
1.83274
1.86
2.0039
1.97138
1.97677
1.97899
2.03516
1.92
1.92
1.98
1.92
2.08814
2.13037
2.15677
2.04
2.06856
2.0572
1.90656
1.95711
1.85839
1.83799
1.72884
1.67244
1.74457
1.68242
1.81147
1.82896
1.83917
1.77388
1.97677
2.03568
2.08879
2.04
1.92
2.03839
2.08508
2.08323
2.08508
2.15677
2.24846
2.2735
2.19971
2.00463
2.05361
2.03677
1.97677
1.97677
2.04747
1.83711
1.97899
2.09839
2.26683
2.15769
2.24846
2.03712
1.92
1.98
1.94876
1.94715
1.92
1.92
2.00056
1.98
2.02286
2.08508
2.06309
2.13158
2.08323
2.06715
1.93293
1.95179
1.81397
1.8772
1.92416
1.95268
1.84567
1.96819
