2.03677
2.07972
1.92
1.92
2.08879
1.97399
1.92
2.03139
2.2557
2.16
2.12116
2.18303
2.07955
1.83037
1.97516
1.86
1.83559
1.81074
1.80547
1.7645
1.73612
1.78894
1.8292
1.85677
2.03677
1.96901
1.98
1.97899
2.03838
1.92
1.92
1.98
1.92
2.09468
2.12056
2.16
2.04
2.03349
2.04747
1.96567
1.99379
1.78814
1.83971
1.80871
1.67779
1.71297
1.71019
1.72857
1.80635
1.82871
1.83037
1.98
2.03712
2.09625
2.02244
1.92
2.03838
2.08879
2.08323
2.08323
2.16
2.25472
2.26683
2.23207
2.01723
2.08139
2.03349
1.97833
1.98
2.0935
1.92
1.97199
2.1
2.20979
2.12116
2.26416
2.03282
1.89037
1.98
1.97838
1.96244
1.90567
1.92
2.03677
1.94876
2.02712
2.07955
2.08917
2.11657
2.08508
2.09677
2.00715
2.00885
1.84244
1.82394
1.94553
1.9
1.82388
1.9876
