1.83933
1.91967
1.95967
1.83933
1.83967
1.87552
1.95967
1.78963
1.88
1.96
1.92
1.84
1.84
1.90089
1.69973
1.75784
1.69971
1.52467
1.52974
1.51886
1.53773
1.54792
1.5176
1.54268
1.74789
1.64295
1.87615
1.86878
1.86773
1.83833
1.83067
1.84608
1.87933
1.84
1.91933
1.88
1.92
1.77708
1.8515
1.78931
1.83558
1.78395
1.54566
1.58082
1.54126
1.52472
1.57791
1.54339
1.55138
1.51227
1.5788
1.79203
1.84
1.95967
1.91933
1.95967
1.78078
1.92
1.88
1.88814
1.96
1.96
1.8176
1.84
1.84
1.80092
1.83695
1.919
1.77123
1.68969
1.80866
1.83867
1.86721
1.96
1.92
1.96
1.84
1.87807
1.82878
1.878
1.79589
1.77667
1.80982
1.83853
1.64095
1.83102
1.92
1.84
1.96
1.78804
1.56749
1.77958
1.70348
1.63407
1.67347
1.81592
1.79615
1.66295
1.82193
