2.04
2.11014
1.92
1.92
2.07771
1.97499
1.92
2.03139
2.20979
2.16
2.14849
2.27019
2.05605
1.84567
1.97514
1.86
1.81687
1.73781
1.73407
1.72422
1.75366
1.74259
1.84711
1.79145
1.96005
1.94636
1.9735
1.97399
2.03838
1.92
1.92
1.97677
1.92
2.04801
2.15677
2.16
2.04
2.04076
2.00896
1.89064
2.01917
1.83037
1.82919
1.76799
1.57805
1.68784
1.71007
1.80845
1.79612
1.83037
1.83037
1.96567
2.03425
2.0506
2.03677
1.92
2.03677
2.08694
2.08323
2.09252
2.12388
2.24039
2.1873
2.26683
2.01849
2.04878
2.02852
1.98
1.98
2.09677
1.92
1.97599
2.06388
2.22747
2.14105
2.25159
2.02996
1.92
1.95037
1.97838
1.95037
1.92
1.92
2.03839
1.97677
1.99607
2.07771
2.08712
2.14997
2.06103
2.0572
2.02851
1.92948
1.83037
1.87886
1.94715
1.90312
1.84567
2.01443
