1.839
1.92
1.95933
1.839
1.83967
1.8384
1.96
1.78119
1.88
1.96
1.92
1.84
1.84
1.958
1.775
1.77249
1.75821
1.64529
1.59359
1.4928
1.55832
1.54542
1.41424
1.53518
1.87316
1.87793
1.8773
1.85701
1.86027
1.83967
1.82146
1.82403
1.87967
1.83933
1.91933
1.88
1.92
1.76996
1.84644
1.7996
1.70978
1.73363
1.49393
1.49509
1.61989
1.56241
1.52892
1.56014
1.65928
1.57581
1.60519
1.7861
1.839
1.96
1.92
1.95967
1.78483
1.92
1.87967
1.8915
1.96
1.96
1.82036
1.84
1.84
1.81459
1.83828
1.91967
1.76655
1.87581
1.85701
1.83933
1.87959
1.96
1.92
1.96
1.8384
1.88701
1.81261
1.86895
1.79898
1.77291
1.74063
1.79952
1.87349
1.76021
1.91967
1.84
1.96
1.77791
1.62664
1.79067
1.70625
1.75495
1.6023
1.7512
1.79508
1.58276
1.78615
