1.83867
1.91967
1.959
1.838
1.83967
1.85261
1.96
1.77832
1.88
1.96
1.92
1.84
1.83933
1.95699
1.77055
1.7424
1.76474
1.49824
1.61931
1.51458
1.54536
1.56792
1.49211
1.56921
1.87023
1.68425
1.82091
1.86931
1.87552
1.83933
1.82748
1.82931
1.87967
1.83867
1.92
1.88
1.92
1.77749
1.84701
1.79158
1.83495
1.7574
1.56555
1.47142
1.4143
1.53973
1.57326
1.56283
1.55137
1.59142
1.52838
1.79828
1.83967
1.95967
1.92
1.95967
1.79081
1.92
1.87967
1.89427
1.96
1.96
1.82083
1.84
1.84
1.81038
1.83695
1.91933
1.78281
1.75303
1.85482
1.83933
1.86562
1.96
1.92
1.96
1.84
1.87834
1.83398
1.813
1.74533
1.78644
1.69313
1.84926
1.64268
1.82248
1.91933
1.84
1.96
1.78844
1.63347
1.79828
1.83546
1.63568
1.79396
1.81038
1.67425
1.63478
1.81098
