1.83933
1.92
1.959
1.83933
1.839
1.87756
1.83655
1.77542
1.88
1.83721
1.92
1.84
1.83967
1.959
1.76526
1.76996
1.75454
1.53495
1.61385
1.54425
1.49947
1.54414
1.52233
1.55726
1.87534
1.75279
1.87381
1.87552
1.86562
1.839
1.81864
1.84559
1.87967
1.83867
1.91933
1.88
1.92
1.77955
1.84188
1.7942
1.83604
1.77333
1.50076
1.53146
1.52498
1.52149
1.47101
1.5086
1.66092
1.5297
1.61281
1.80135
1.83967
1.96
1.92
1.96
1.78443
1.92
1.88
1.89647
1.96
1.96
1.82609
1.84
1.84
1.815
1.82193
1.91867
1.74005
1.87309
1.85038
1.83867
1.87552
1.96
1.92
1.96
1.84
1.74831
1.81592
1.87299
1.80051
1.78241
1.83807
1.83747
1.87333
1.82254
1.91933
1.84
1.96
1.77832
1.66141
1.76009
1.83209
1.63542
1.79778
1.8087
1.67078
1.56518
1.8031
