1.83967
1.91967
1.95933
1.83933
1.83933
1.85701
1.95933
1.76996
1.88
1.96
1.92
1.84
1.83967
1.95867
1.75517
1.73483
1.75809
1.52291
1.59901
1.43388
1.61982
1.52831
1.56227
1.59892
1.86832
1.75006
1.87581
1.7276
1.86668
1.839
1.82748
1.8087
1.87867
1.83967
1.91933
1.88
1.92
1.79199
1.85919
1.7884
1.82744
1.77375
1.53295
1.54385
1.45091
1.59401
1.46609
1.55653
1.66721
1.57514
1.63054
1.79113
1.83933
1.96
1.91967
1.95867
1.78883
1.92
1.88
1.90081
1.96
1.96
1.81445
1.84
1.84
1.815
1.80756
1.91967
1.76396
1.87209
1.85973
1.83933
1.8846
1.96
1.92
1.96
1.84
1.8757
1.81756
1.87396
1.78403
1.79042
1.83858
1.85038
1.87381
1.94058
1.91867
1.84
1.96
1.77584
1.64251
1.79383
1.83656
1.62744
1.79534
1.67147
1.79821
1.56005
1.82333
