1.839
1.91967
1.96
1.839
1.83967
1.86668
1.95967
1.77791
1.88
1.96
1.92
1.84
1.83933
1.95867
1.7574
1.75695
1.76531
1.50792
1.62029
1.55642
1.35322
1.56484
1.45052
1.51701
1.68313
1.82121
1.87197
1.84926
1.8581
1.839
1.81958
1.82296
1.879
1.83967
1.91933
1.88
1.91933
1.77791
1.83793
1.78702
1.83228
1.77584
1.57842
1.56678
1.56157
1.52508
1.44409
1.52304
1.60929
1.5756
1.56005
1.78931
1.84
1.96
1.92
1.96
1.77291
1.92
1.87967
1.89038
1.96
1.96
1.81099
1.84
1.84
1.81375
1.8431
1.91967
1.76569
1.878
1.86826
1.83933
1.86826
1.96
1.92
1.96
1.84
1.87739
1.83654
1.87428
1.80617
1.77996
1.70442
1.71535
1.87534
1.95228
1.919
1.84
1.96
1.782
1.59924
1.76903
1.64327
1.70141
1.81206
1.79821
1.80188
1.643
1.82794
