1.97306
2.05311
1.92
1.92
2.06103
1.97499
1.92
2.0257
2.25915
2.16
2.14849
2.22912
2.07771
1.86
1.89388
1.84567
1.78444
1.7907
1.80133
1.72039
1.70991
1.78476
1.81025
1.83037
2.03029
1.97399
1.98
1.97499
2.00877
1.92
1.92
1.9735
1.92
2.15185
2.15677
2.15677
2.02567
2.02071
2.03051
1.94876
1.9972
1.83037
1.78427
1.82844
1.58874
1.76098
1.78884
1.77115
1.78772
1.83037
1.79306
1.98
2.03712
2.08556
2.03343
1.92
2.04
2.08139
2.08879
2.08323
2.15677
2.22823
2.23379
2.25646
2.02428
2.07221
2.03183
1.97183
1.98
2.06056
1.91832
1.97699
2.09677
2.22747
2.16
2.18475
2.03568
1.92
1.98
1.97677
1.98
1.90567
1.90567
2.00715
1.98
1.99891
2.08694
2.09438
2.13546
2.04258
2.06388
1.96979
1.9057
1.86
1.8448
1.93056
1.9555
1.81397
2.01163
