1.839
1.91867
1.959
1.83967
1.84
1.86773
1.95967
1.78684
1.879
1.96
1.92
1.84
1.83967
1.959
1.77708
1.77081
1.75089
1.55073
1.62461
1.52569
1.59512
1.47051
1.51579
1.55557
1.86655
1.75176
1.87846
1.85647
1.87603
1.83967
1.79552
1.84509
1.88
1.83933
1.91967
1.88
1.92
1.76783
1.83814
1.79606
1.71416
1.74286
1.54082
1.53958
1.56526
1.56097
1.55622
1.57397
1.66395
1.49674
1.62124
1.7996
1.84
1.95933
1.92
1.96
1.78923
1.91933
1.88
1.89427
1.96
1.96
1.82574
1.84
1.84
1.80954
1.83248
1.919
1.78764
1.87747
1.85094
1.839
1.87087
1.96
1.92
1.96
1.84
1.87713
1.82189
1.87228
1.80241
1.78483
1.80303
1.8384
1.75388
1.95231
1.86289
1.84
1.96
1.78604
1.60663
1.79248
1.69893
1.75676
1.79283
1.79666
1.79656
1.58937
1.78615
