1.84
1.91967
1.959
1.83933
1.83867
1.87705
1.959
1.78241
1.88
1.96
1.92
1.84
1.83933
1.95833
1.75022
1.76612
1.75656
1.57713
1.61385
1.52288
1.60738
1.51791
1.37396
1.59508
1.87337
1.87636
1.74787
1.87449
1.86027
1.83867
1.82748
1.8441
1.87967
1.83933
1.91967
1.88
1.92
1.77375
1.83593
1.78193
1.70831
1.77417
1.58842
1.59982
1.51827
1.49728
1.54911
1.53591
1.60988
1.5365
1.54547
1.80135
1.83967
1.83721
1.92
1.96
1.78119
1.92
1.88
1.89316
1.96
1.96
1.82099
1.83831
1.84
1.82644
1.81722
1.92
1.77038
1.87421
1.85482
1.839
1.8816
1.96
1.92
1.96
1.8368
1.75086
1.82826
1.74515
1.79317
1.77081
1.82983
1.83778
1.87755
1.94299
1.91933
1.84
1.95933
1.77584
1.57528
1.81291
1.64614
1.70151
1.61189
1.74
1.74128
1.60511
1.81531
