2.04
2.13029
1.92
1.92
2.08323
1.97599
1.92
2.03425
2.23034
2.16
2.10246
2.26342
2.07587
1.86
1.96081
1.84405
1.83439
1.79629
1.76928
1.76224
1.72726
1.74007
1.8529
1.86
2.03838
1.97399
1.95037
1.97699
2.01037
1.92
1.92
1.98
1.92
2.12223
2.15514
2.16
2.00715
2.04808
2.06056
1.96244
2.02851
1.86
1.79958
1.80492
1.67146
1.69539
1.7129
1.77743
1.82394
1.81397
1.86
1.98
2.03568
2.05593
2.04
1.92
2.03677
2.07955
2.08508
2.09625
2.16
2.2344
2.26342
2.17707
2.02428
2.07771
2.03016
1.98
1.9735
2.06715
1.92
1.97699
2.1
2.2372
2.14849
2.23912
2.03425
1.92
1.98
1.9735
1.96567
1.90567
1.91838
2.03677
1.97838
2.02712
2.08139
2.0575
2.13385
2.01584
2.06223
1.98912
1.93001
1.85677
1.86747
1.92751
1.89166
1.86
2.00608
