2.03354
2.10973
1.92
1.92
2.07404
1.97699
1.92
2.02854
2.26851
2.15677
2.1462
2.22607
2.05176
1.86
1.97677
1.82715
1.83301
1.73449
1.78296
1.80482
1.74634
1.81579
1.78993
1.83037
1.99249
1.94536
1.94877
1.94636
2.03838
1.92
1.89037
1.97677
1.91677
2.04026
2.04635
2.13037
2.03677
2.07771
2.02814
1.91143
2.01917
1.80747
1.79528
1.74534
1.67155
1.64009
1.79491
1.77068
1.87034
1.85833
1.83037
1.95037
2.03282
2.0685
2.02567
1.90567
2.03838
2.02694
2.09252
2.08879
2.13037
2.24997
2.27185
2.23034
1.99891
2.04258
2.00715
1.97839
1.98
2.07917
1.92
1.97899
2.1
2.2735
2.14849
2.25159
2.03139
1.92
1.96244
1.96567
1.94388
1.92
1.92
2.03677
1.93397
1.98109
2.07404
2.05361
2.1462
2.08323
2.01971
1.95061
1.96282
1.8535
1.91185
1.91468
1.89845
1.82552
1.90224
