2.04
2.11905
1.92
1.92
2.05546
1.97399
1.92
2.02854
2.25822
2.12552
2.1462
2.23961
2.07221
1.86
1.93895
1.86
1.83439
1.75707
1.76918
1.76768
1.69775
1.70244
1.83532
1.85677
1.96821
1.94636
1.98
1.97799
2.04
1.92
1.92
1.98
1.92
2.15514
2.12388
2.15677
2.04
2.06674
2.0935
1.97189
1.97739
1.84567
1.7714
1.80738
1.61687
1.70175
1.71607
1.72708
1.8273
1.85677
1.83037
1.98
2.0075
2.09252
2.03833
1.92
2.03354
2.08139
2.08139
2.1
2.12715
2.23453
2.18621
2.25037
2.00319
2.06856
2.00381
1.98
1.97677
2.09677
1.92
1.97599
2.1
2.24056
2.15538
2.24846
2.03568
1.91839
1.98
1.95037
1.98
1.89037
1.89037
1.9808
1.97838
1.99042
2.04624
2.08712
2.09229
2.04624
2.07037
2.02244
1.95316
1.84567
1.90683
1.97677
1.93597
1.86
2.01723
