1.83933
1.92
1.95833
1.83967
1.83967
1.87087
1.96
1.76396
1.88
1.96
1.92
1.83967
1.83933
1.95933
1.77123
1.76526
1.62872
1.58521
1.46556
1.4764
1.57061
1.58225
1.51943
1.55243
1.81751
1.81956
1.87364
1.87807
1.86878
1.83967
1.82052
1.82081
1.879
1.83967
1.91933
1.88
1.92
1.78963
1.84814
1.78794
1.83834
1.77542
1.5716
1.53873
1.47246
1.54761
1.43621
1.45523
1.60007
1.61609
1.63419
1.8044
1.84
1.95967
1.91967
1.96
1.79199
1.92
1.88
1.90189
1.96
1.96
1.81922
1.84
1.84
1.81914
1.83828
1.91967
1.77625
1.75314
1.8436
1.84
1.86878
1.96
1.92
1.96
1.84
1.87685
1.82349
1.75243
1.80241
1.78322
1.81372
1.83834
1.87685
1.81724
1.91867
1.84
1.95933
1.77584
1.53922
1.79248
1.71054
1.75859
1.67203
1.79807
1.79747
1.57412
1.79139
