1.97872
1.1816
1.114
1.88914
1.38942
1.96929
1.51033
2.5929
2.35789
2.16609
2.78014
2.715
2.75956
2.89235
2.89779
2.90591
2.89357
2.89497
2.8923
2.8906
2.90073
2.8952
2.88886
2.90222
2.8876
2.89471
2.8888
2.89902
2.89003
2.8912
2.8872
2.8904
2.8896
2.888
2.896
2.896
2.8872
2.888
2.9024
2.89231
2.90382
2.90235
2.87417
2.89348
2.88854
2.86467
2.82089
2.8075
2.73346
2.32894
2.16797
2.58263
2.2466
2.57753
2.38957
2.39081
2.61457
2.72123
2.77072
2.71387
2.76483
2.88617
2.88823
2.91391
2.91008
2.89487
2.90048
2.91405
2.8992
2.9
2.89497
2.88429
2.8858
2.88778
2.86974
2.57247
2.56533
2.42099
2.17213
2.09925
2.10915
1.75419
2.17887
1.76911
1.86386
2.22504
2.28293
1.98031
1.87686
2.08165
2.59509
2.63251
2.78484
2.82563
2.86628
2.90163
2.89986
2.90733
2.89356
