1.02249
1.09008
1.24965
1.64323
1.40865
1.52888
1.50742
1.82749
2.01743
1.80567
2.02294
2.09154
2.20779
2.01694
2.20357
2.24115
2.24159
2.24058
2.22333
2.23457
2.23852
2.23995
2.23572
2.24037
2.19685
2.17356
2.24339
2.23654
2.24159
2.2408
2.2404
2.2404
2.23999
2.2404
2.23999
2.2404
2.24079
2.2404
2.2408
2.2404
2.24079
2.24279
2.20609
2.22367
2.2224
2.20974
2.15573
2.16936
2.15011
1.90593
1.97077
1.86044
1.77321
1.98786
1.57056
1.7138
1.72783
1.7266
1.96626
2.06783
2.16064
2.24118
2.22364
2.2332
2.23849
2.23327
2.24075
2.24237
2.24035
2.24239
2.2424
2.2416
2.23654
2.24155
2.23668
2.24086
2.19735
2.14673
2.14052
2.17762
1.95951
1.70312
1.72295
1.47702
1.52231
1.26181
1.18708
1.37173
1.62233
1.47766
1.68915
1.87536
1.86485
2.10096
2.09002
2.20201
2.18252
2.00324
2.20653
