1.67473
1.78284
1.68759
2.31054
2.10664
2.09964
2.36015
2.16464
2.68242
2.24726
2.73457
2.8388
2.88013
2.88396
2.77365
2.76711
2.89243
2.88763
2.8936
2.89295
2.88962
2.91827
2.89724
2.88869
2.8876
2.8912
2.904
2.896
2.89822
2.89517
2.8928
2.8912
2.8872
2.88702
2.88524
2.88809
2.8928
2.8912
2.8928
2.8872
2.88485
2.8983
2.8697
2.89235
2.85423
2.87036
2.87481
2.78389
2.65653
2.52202
2.5552
2.59009
2.53875
2.26299
2.50843
2.43302
2.55555
2.72042
2.84353
2.79884
2.8981
2.92352
2.87932
2.88967
2.8978
2.89511
2.89578
2.91052
2.88763
2.89267
2.8936
2.88025
2.87808
2.89361
2.88464
2.56387
2.54062
2.69522
2.63195
2.27186
2.21801
1.31583
1.71579
1.94391
1.71696
1.79572
1.6521
2.16229
1.83748
2.39163
2.36089
2.7532
2.51738
2.72805
2.77687
2.91007
2.90027
2.90799
2.90916
