0.940337
1.03221
1.34596
1.60484
1.59738
1.53832
1.66155
1.86908
1.86226
1.89959
2.02992
1.90395
2.15662
2.22303
2.24199
2.24178
2.2404
2.22253
2.24199
2.2404
2.24277
2.24074
2.24157
2.23569
2.23783
2.24197
2.24058
2.242
2.23917
2.24037
2.2404
2.2404
2.23442
2.2404
2.24239
2.2412
2.2404
2.2408
2.2408
2.23999
2.24056
2.23957
2.19623
2.22162
2.22431
2.21683
2.18911
2.08586
1.96082
1.92124
1.96036
1.94994
1.81873
1.99032
1.5828
1.40856
1.86006
2.00723
1.98791
2.19652
2.18612
2.24395
2.24354
2.22755
2.24618
2.23417
2.23836
2.24277
2.2424
2.24119
2.24159
2.24119
2.24178
2.23607
2.24454
2.23026
2.21483
2.14375
2.18218
2.15046
1.89491
1.8413
1.55895
1.60651
1.46957
0.950366
1.54855
1.3778
1.39692
1.25846
1.64434
2.06366
2.08625
1.92599
2.09513
2.12916
2.11671
2.13405
2.21155
