1.20799
1.2013
1.39029
1.45962
1.64323
1.54853
1.6698
1.69272
1.91305
2.07623
1.98625
2.09119
2.08123
2.2234
2.21392
2.24277
2.2416
2.23995
2.23994
2.24117
2.24032
2.23385
2.23612
2.2428
2.23814
2.24119
2.24119
2.2408
2.23957
2.2404
2.2404
2.2416
2.2412
2.2408
2.242
2.24
2.24
2.23959
2.2404
2.23532
2.24077
2.23407
2.23072
2.21936
2.19158
2.17759
2.07518
2.08765
1.99768
2.03809
1.49627
1.46511
1.75809
1.84683
1.84342
1.54363
1.87499
1.93218
2.15413
2.181
2.20165
2.21576
2.22139
2.22575
2.24259
2.23954
2.23387
2.24279
2.23755
2.23855
2.24117
2.24014
2.22211
2.23672
2.24178
2.23788
2.20021
2.17674
2.09614
2.02692
1.85111
1.68333
1.63981
1.41144
1.53783
1.2139
1.20767
1.28234
1.507
1.39908
1.70557
2.07445
2.07757
2.15467
2.11889
2.13253
2.16951
2.15336
2.22019
