1.61724
1.61722
1.62558
2.26814
1.84039
1.86552
1.85084
2.51379
2.55134
2.69397
2.5394
2.86368
2.87651
2.91511
2.88936
2.89676
2.89982
2.89883
2.892
2.89139
2.90104
2.9088
2.89932
2.89895
2.8888
2.8888
2.89706
2.8984
2.8984
2.8904
2.89182
2.8944
2.896
2.8928
2.8872
2.8928
2.8928
2.8864
2.892
2.89323
2.8952
2.90165
2.89514
2.8921
2.88791
2.8648
2.83849
2.23666
2.57742
2.57765
2.18454
2.57966
2.61759
2.59123
2.50563
2.54828
2.62561
2.7597
2.7764
2.83223
2.88853
2.90237
2.62331
2.90669
2.88029
2.8992
2.90204
2.9024
2.89822
2.8917
2.89095
2.88719
2.89285
2.89711
2.86778
2.57232
2.50598
2.2192
2.40328
2.08096
2.04869
1.34353
1.75385
2.29933
1.68372
2.15648
2.04719
2.31357
2.15852
2.54492
2.52596
2.14716
2.67796
2.83993
2.87198
2.91418
2.88798
2.91601
2.90048
