1.97718
1.80162
1.76729
1.92662
2.08862
2.28054
2.15137
2.34323
2.3727
2.39433
2.73045
2.54649
2.86581
2.88589
2.61959
2.89341
2.9024
2.89982
2.89812
2.88069
2.89827
2.89835
2.90826
2.89594
2.89003
2.8944
2.89022
2.8904
2.8888
2.88983
2.888
2.8928
2.88609
2.8984
2.8928
2.89071
2.884
2.892
2.88
2.892
2.8976
2.90235
2.90095
2.90868
2.89732
2.85515
2.86443
2.82439
2.64721
2.59747
2.1917
2.62722
2.63867
2.50122
2.43564
2.48089
2.60502
2.78675
2.76219
2.77173
2.88577
2.87495
2.61644
2.91108
2.90854
2.88811
2.89863
2.90043
2.9
2.89742
2.89083
2.89304
2.90351
2.75857
2.77069
2.72308
2.39249
2.21363
2.55984
2.08432
1.93416
1.68848
1.96925
2.16442
1.95577
1.75082
2.075
1.97877
2.44044
2.58079
2.26658
2.5144
2.60524
2.84402
2.85676
2.91447
2.90322
2.91298
2.91508
