1.301
0.933408
1.26888
1.24221
1.50787
1.64993
1.34567
1.62371
1.9065
1.92243
1.98456
1.96804
2.20146
2.22206
2.19975
2.23957
2.23695
2.2408
2.23979
2.24039
2.23337
2.23732
2.24199
2.22557
2.24119
2.03912
2.24199
2.24119
2.242
2.23853
2.2412
2.2404
2.2416
2.24159
2.2408
2.23999
2.2412
2.24079
2.24
2.2408
2.23745
2.24272
2.22105
2.20761
2.18157
2.21043
2.18127
2.16564
1.95526
1.63206
1.88989
1.85737
1.91927
1.57139
1.66087
1.64296
1.93992
2.04246
2.08565
2.12405
2.18431
2.24125
2.23388
2.23934
2.24237
2.24154
2.23892
2.2444
2.24397
2.2408
2.23735
2.2412
2.23628
2.23974
2.22344
2.23807
2.20743
2.21066
2.13409
2.1165
1.87839
1.95892
1.57907
1.52965
1.31193
1.26062
1.43251
1.18227
1.37379
1.59526
1.88036
1.81414
1.98551
1.97038
2.16797
2.07556
2.20769
2.23725
2.22302
