3.49575
3.1475
2.83664
3.04121
3.40814
3.21949
3.05464
3.15152
3.34101
3.34313
3.5
3.5
3.5
3.5
3.5
3.5
3.5
3.5
3.5
3.5
3.5
3.5
3.5
3.5
3.5
3.49877
3.5
3.34313
3.5
3.5
3.5
3.5
3.5
3.5
3.5
3.5
3.49156
3.40257
2.90473
3.00128
2.84154
2.76306
2.80453
2.86262
2.94519
3.05825
3.12204
3.34101
3.42228
3.42672
3.5
3.5
3.5
3.5
3.5
3.5
3.5
3.5
3.5
3.5
3.5
3.5
3.5
3.5
3.5
3.5
3.5
3.5
3.4246
3.32294
3.043
2.82452
2.79501
2.80159
2.93372
3.13629
3.32539
3.34313
3.34313
3.5
3.5
3.5
3.5
3.5
3.5
3.34313
3.5
3.5
3.5
3.5
3.5
3.5
3.5
3.5
3.5
3.5
3.5
3.5
3.5
