3.42672
2.95068
2.79674
3.28365
3.42247
3.06589
3.0522
3.1348
3.1624
3.42672
3.5
3.5
3.5
3.5
3.5
3.5
3.5
3.5
3.5
3.5
3.5
3.5
3.5
3.5
3.5
3.49786
3.49347
3.5
3.5
3.5
3.5
3.5
3.5
3.5
3.5
3.5
3.5
3.23806
2.95179
2.94112
2.94377
2.85283
2.83964
2.93626
2.91381
3.08071
3.12542
3.48255
3.34313
3.5
3.5
3.5
3.5
3.5
3.5
3.5
3.5
3.5
3.5
3.5
3.5
3.5
3.5
3.5
3.5
3.5
3.5
3.5
3.5
3.21141
2.94548
2.72855
2.76359
2.81744
3.03985
3.30738
3.06599
3.4246
3.16028
3.5
3.5
3.5
3.5
3.5
3.5
3.5
3.5
3.5
3.5
3.5
3.5
3.5
3.5
3.5
3.5
3.5
3.5
3.5
3.5
