3.49788
3.07155
2.86198
3.0942
3.40472
3.12902
3.04647
3.21553
3.32789
3.34313
3.5
3.5
3.5
3.5
3.5
3.5
3.5
3.5
3.5
3.5
3.5
3.5
3.5
3.5
3.42672
3.4246
3.5
3.5
3.5
3.5
3.5
3.5
3.5
3.5
3.5
3.5
3.5
3.35742
2.93175
2.84896
2.84545
2.76014
2.83326
2.83054
2.83681
3.03602
3.29858
3.23946
3.49128
3.5
3.5
3.5
3.5
3.5
3.5
3.5
3.5
3.5
3.5
3.5
3.5
3.5
3.5
3.5
3.5
3.5
3.5
3.5
3.4936
3.46155
3.0708
2.7832
2.81872
2.81213
2.99769
3.23281
3.14262
3.42672
3.5
3.5
3.5
3.5
3.5
3.5
3.5
3.5
3.5
3.5
3.5
3.5
3.5
3.5
3.5
3.5
3.5
3.5
3.5
3.5
3.5
