3.21025
2.89013
2.85076
2.6243
2.09815
2.25721
1.91997
1.887
1.89655
1.90222
2.20886
1.92093
2.10386
2.33422
2.5068
2.74706
2.88756
2.93994
3.13367
2.96043
2.99184
2.5705
3.08516
2.59594
2.48126
2.40641
2.20392
2.09123
2.01335
2.05827
2.05355
2.17721
2.22002
2.09659
2.33942
2.29328
2.45691
2.66113
3.08258
2.92711
2.7491
2.37976
2.40537
2.47902
2.43417
2.29078
2.42102
2.5742
3.04271
2.946
3.18388
3.17662
3.1
3.29617
3.30112
3.29274
3.22404
3.16461
2.81447
2.48053
2.26695
2.10535
2.29304
2.29056
2.54877
2.75461
2.83934
3.0251
2.96562
3.27801
3.22829
3.21753
3.16588
3.1473
3.01158
2.66618
2.48186
2.3146
2.45191
2.1743
2.16274
2.41391
2.50758
2.33766
2.15943
2.25682
2.24249
2.31961
2.23041
2.29254
2.47361
2.60397
2.70177
2.8568
3.2099
3.14919
3.13054
2.34058
2.4699
