3.02
3.02714
3.01782
2.86059
2.98849
2.83656
2.65311
2.21817
1.99659
1.91359
2.74667
2.80272
2.67183
2.90799
3.00446
2.9923
3.00877
2.90239
2.9631
3.02
3.02388
3.0123
3.00551
2.59071
2.86408
2.68305
2.75343
2.41878
2.71958
2.77343
2.65729
2.84147
2.67642
2.97012
2.83991
2.58826
2.98213
2.94337
3.0178
3.0189
3.0173
3.00692
2.67706
2.67848
2.67534
3.00497
3.00726
3.012
3.0189
3.01681
3.02
3.04
3.02
3.11507
3.02
3.07851
3.02
3.01986
3.00854
2.99564
2.98895
2.85022
3.00388
2.99397
2.86068
3.01039
3.01361
3.02
3.06
3.00332
3.0189
2.97876
3.03153
3.02
3.01361
2.87051
3.0006
2.99564
2.66317
2.84873
2.74828
2.98388
2.99564
3.00218
2.98342
2.82441
2.81524
2.85203
2.83852
2.8521
2.85746
3.00551
3.00557
3.0178
3.02
3.01977
3.0189
3.01063
2.99895
