3.02
3.01589
3.0165
3.02051
2.58766
2.76542
2.72027
2.56864
2.06583
1.93553
2.51013
2.66917
2.61424
2.98145
2.99751
3.00714
3.01521
3.04388
2.97359
3.02
3.03039
2.98436
3.00877
2.74982
2.5243
2.84836
2.87177
2.43389
2.55332
2.51218
2.78447
2.84326
2.97626
2.98726
2.91977
2.60347
2.83893
2.93027
3.02
3.02
2.87248
2.99872
2.8321
2.83554
2.8321
2.51882
2.69706
2.9417
3.0167
3.01361
3.02
3.04
3.02
3.1168
3.02
3.07813
3.02
3.01991
3.01168
3.00877
2.84914
2.98845
2.93846
2.77168
2.86746
3.00388
3.01681
3.02
3.06
3.01879
3.02
2.9973
3.03481
3.02
3.01521
3.01681
3.00388
2.98726
2.65405
2.8554
2.8103
2.67449
2.99397
2.92317
2.59434
2.84278
2.6666
2.93004
2.91446
2.46258
2.78165
3.00551
2.70557
3.02
3.02
3.01977
3.02
3.0123
3.0006
