3.02
3.03513
3.01809
3.0173
2.99532
2.81811
2.68667
2.23719
2.013
2.00871
2.58633
2.78613
2.78855
2.84166
2.70387
2.86889
3.01521
3.04388
2.99397
3.02
3.02388
2.88239
3.00714
2.68634
2.68842
2.847
2.7935
2.52813
2.68379
2.41909
2.61336
2.68154
2.59963
2.59337
2.98168
2.5687
2.84741
2.93788
3.02
3.02
2.7156
2.8587
2.51755
2.76306
2.83036
3.00033
2.71228
3.01681
3.0189
3.01521
3.02
3.04
3.02
3.11599
3.02
3.08
3.02
3.01982
3.01012
3.00388
2.85414
2.99366
2.85081
2.68893
2.87746
3.00388
3.01841
3.02
3.06
3.00557
3.02
2.99063
3.03975
3.02
3.01681
3.00224
2.78
2.93027
2.68218
2.98168
2.77139
2.98726
2.86075
2.86408
2.3876
2.83629
2.82431
2.8554
3.00028
2.86068
2.9923
2.99895
3.00726
3.00279
3.02
3.01964
3.00389
2.87248
3.0006
