3.02
3.03361
3.01945
2.87405
2.84009
2.8147
2.78153
2.61723
2.01137
2.19318
2.61429
2.79641
2.76084
2.83132
2.86579
3.00877
3.01361
3.0406
2.97876
3.02
3.02877
2.7189
2.86402
2.64263
2.70725
2.9918
2.67091
2.4366
2.73622
2.46951
2.75793
2.83839
2.97454
2.83727
2.91822
2.97876
2.8541
2.95117
3.0189
3.0189
2.99115
2.8553
2.82688
2.8764
2.9973
2.99361
2.86408
3.01841
3.02
3.012
3.02
3.04
3.02
3.11832
3.02
3.07887
3.02
3.01776
3.01677
2.86565
2.98557
2.85879
2.99564
2.85414
2.70893
3.01039
3.01361
3.02
3.06
3.00695
3.02
2.96486
3.02976
3.02
3.01039
3.01361
2.92194
2.93356
2.82862
2.98494
2.68277
2.91199
2.9352
2.77637
2.68342
2.84448
2.82673
2.85719
2.83672
2.68842
3.00551
3.00714
3.00726
3.02
3.02
3.01996
3.02
3.01564
3.0006
