3.02
3.03521
3.01613
3.01397
2.67961
2.8452
2.73899
2.26326
2.13843
2.21955
2.72381
2.62961
2.74781
2.83291
2.86378
3.01039
3.01521
3.03895
2.98388
3.0189
3.03039
2.94362
2.94008
2.54777
2.85727
2.84691
2.79312
2.24352
2.74786
2.59011
2.8111
2.9073
2.76447
2.83383
2.83958
2.83555
2.84909
2.91647
3.02
3.0189
2.78493
2.93479
2.83555
2.88817
2.76152
2.93642
2.86068
3.01039
3.0189
3.01681
3.02
3.0389
3.02
3.11685
3.02
3.07962
3.02
3.01991
3.01348
3.00551
3.00224
2.99333
2.70707
3.00551
2.72218
3.00224
3.01681
3.02
3.04389
3.00202
3.02
2.98557
2.8947
3.02
3.01681
2.85911
2.77669
2.9973
2.59845
2.84845
2.81254
2.84577
2.85911
2.77116
2.59278
2.85131
2.8402
2.77973
2.77127
2.51243
3.0006
3.00714
2.98946
3.02
3.02
3.01977
3.0189
2.78493
2.92861
