3.0189
3.032
3.01763
2.87414
2.9967
2.85855
2.57877
2.19791
1.96477
2.22516
2.26917
2.81116
2.78865
2.68145
2.9339
2.86728
3.00877
3.04224
2.96486
3.02
3.02388
2.86299
2.94332
2.81007
2.84513
3.00361
2.66187
2.19948
2.64743
2.73704
2.76787
2.66391
2.84854
2.96837
2.98836
2.76831
2.9989
2.9547
3.02
3.02
2.9552
2.92797
2.96776
2.76688
2.84929
2.92967
2.98436
3.00714
3.02
3.012
3.02
3.04
3.02
3.11599
3.02
3.07889
3.02
3.01986
2.87523
2.85414
2.8558
2.99194
2.99063
2.99564
2.50726
3.01039
3.02
3.02
3.04389
3.00726
3.02
2.96486
3.0341
3.0178
3.01521
3.01039
2.99895
3.0006
2.67534
2.91977
2.76902
2.84577
3.0006
2.40494
2.92456
2.91668
2.81756
2.84009
2.49884
2.67056
3.00714
3.00877
2.86408
3.00389
3.02
3.01973
3.02
2.85727
2.99895
