3.21252
3.14077
2.86166
2.48606
2.42357
2.11307
1.92044
1.88843
1.90107
2.0847
2.15447
2.01883
2.08819
2.29551
2.52146
3.01955
2.70077
3.02507
3.15819
3.17639
2.94929
2.66118
2.7453
2.54286
2.39988
2.23744
2.2002
2.09414
2.02115
2.01187
2.0011
2.16497
2.30028
2.3069
2.3444
2.31775
2.40897
2.60269
2.44781
2.91396
2.59291
2.40454
2.21817
2.12768
2.18813
2.61006
2.64865
2.93964
3.01571
2.5133
3.16718
3.2096
3.1
3.29389
3.29274
3.25818
3.26055
3.04683
2.66868
2.46696
2.25786
2.36691
2.30781
2.29891
2.24648
2.6688
3.11387
2.76573
3.19872
3.27284
3.27761
3.16844
2.93325
2.89349
2.90855
2.37502
2.70348
2.24566
2.21429
2.21819
2.15175
2.28632
2.41476
2.38845
2.41274
2.31547
2.24556
2.17578
2.23289
2.30096
2.30649
2.5252
2.48655
2.86627
3.17969
3.15736
2.90348
2.75349
2.45054
