1.39764
1.30467
1.24879
1.33917
1.41707
1.15184
1.22491
0.964632
0.994782
1.00583
1.02357
1.25624
1.33634
1.34633
1.41746
1.42397
1.43183
1.43325
1.43171
1.42681
1.42588
1.42439
1.42548
1.39401
1.39173
1.42888
1.43717
1.43855
1.43907
1.43949
1.44
1.44307
1.43358
1.45444
1.44973
1.23571
1.27004
1.07975
1.15615
1.27085
1.11513
1.38934
1.4329
1.43451
1.43695
1.4377
1.43844
1.43918
1.43928
1.47549
1.47946
1.50039
1.37372
1.42685
1.30846
1.43519
1.43813
1.42798
1.42494
1.42411
1.42976
1.42837
1.42988
1.43619
1.42913
1.43123
1.43186
1.4329
1.43242
1.40294
1.39246
1.35112
1.31393
1.26472
1.36557
1.36161
1.35532
1.24595
1.30046
1.34329
1.39261
1.43485
1.43123
1.43336
1.43574
1.43673
1.43959
1.43865
1.47167
1.51136
1.53609
1.50102
1.45586
1.43266
1.4377
1.46459
1.43684
1.47629
1.47784
