1.38889
1.25647
1.05973
1.19681
1.41365
1.1789
1.02342
0.971902
0.958018
1.03582
1.01432
1.04694
1.21408
1.38143
1.41973
1.42227
1.43123
1.42811
1.43195
1.4276
1.42773
1.4138
1.41537
1.40088
1.39969
1.42758
1.43619
1.43792
1.43949
1.4398
1.44
1.44409
1.4361
1.42501
1.25301
1.23571
1.3128
1.09119
1.25018
1.246
1.18589
1.41214
1.43145
1.43485
1.43695
1.4376
1.43855
1.43813
1.43897
1.47155
1.47791
1.50086
1.4553
1.49147
1.31277
1.43673
1.4376
1.42452
1.42694
1.4276
1.42425
1.42786
1.43025
1.43563
1.42963
1.43111
1.43078
1.43231
1.43394
1.39397
1.38606
1.35806
1.33868
1.33169
1.36582
1.36946
1.34804
1.36345
1.29332
1.32081
1.36465
1.43145
1.42938
1.4305
1.43474
1.43574
1.43949
1.43886
1.47387
1.50338
1.46003
1.50008
1.44937
1.43207
1.43717
1.46753
1.43585
1.47771
1.47892
