2.57185
2.52665
2.50945
2.54503
2.4287
2.3769
2.26757
2.25675
2.25329
2.30987
2.40057
2.48463
2.60562
2.63797
2.67643
2.67226
2.67881
2.68
2.68
2.68
2.67007
2.61703
2.55748
2.60431
2.649
2.67404
2.67881
2.67524
2.68
2.68
2.67822
2.68
2.68
2.67763
2.61876
2.45842
2.29954
2.19685
2.33697
2.42318
2.47945
2.57463
2.6254
2.64872
2.6542
2.67226
2.68
2.67881
2.67762
2.67762
2.68
2.67822
2.67524
2.67425
2.67103
2.68
2.68
2.67643
2.68
2.68
2.67463
2.67584
2.68
2.68
2.67643
2.68
2.67822
2.66921
2.66156
2.57912
2.42458
2.36193
2.38475
2.37604
2.37695
2.30526
2.38386
2.55068
2.57375
2.65748
2.66154
2.67493
2.67891
2.68
2.68
2.68
2.68
2.68
2.68
2.67822
2.68
2.67524
2.68
2.68
2.67643
2.68
2.68
2.68
2.68
