  tasks:
    - id: 0
      execution_time_mu: 348.35839678460337
      execution_time_sigma: 111.38829568843097
      execution_time_min: 156.5452832964081
      execution_time_max: 641.9852362612593
      period: 2000
      deadline: 2000
      processorId: 0
      name: task_1
      sp_threshold: 0.568204880420239
      sp_weight: 1
      total_running_time: 1000000
    - id: 1
      execution_time_mu: 145.41776896353014
      execution_time_sigma: 105.52607274662738
      execution_time_min: 50.0
      execution_time_max: 566.2656632343705
      period: 1000
      deadline: 1000
      processorId: 0
      name: task_2
      sp_threshold: 0.5380232583275568
      sp_weight: 1
      total_running_time: 1000000
    - id: 2
      execution_time_mu: 9.412321698973155
      execution_time_sigma: 5.151540878888354
      execution_time_min: 1.6500000000000001
      execution_time_max: 29.15732326061224
      period: 33
      deadline: 33
      processorId: 0
      name: task_3
      sp_threshold: 0.8645064714910604
      sp_weight: 1
      total_running_time: 1000000
    - id: 3
      execution_time_mu: 28.50074362718999
      execution_time_sigma: 14.695118530421624
      execution_time_min: 5.0
      execution_time_max: 90.0
      period: 100
      deadline: 100
      processorId: 0
      name: task_4
      sp_threshold: 0.6013947903486734
      sp_weight: 2
      total_running_time: 1000000
      performance_records_time: 5.000 14.444 23.889 33.333 42.778 52.222 61.667 71.111 80.556 90.000
      performance_records_perf: 0.1 0.2 0.3 0.4 0.5 0.6 0.7 0.8 0.9 1.0
