tasks:
- deadline: 2000
  execution_time_max: 350.1419362518802
  execution_time_min: 100.0
  execution_time_mu: 166.99837062955083
  execution_time_sigma: 69.7618917569226
  id: 0
  name: task_1
  period: 2000
  processorId: 0
  sp_threshold: 0.568204880420239
  sp_weight: 1.6129032258064515
  total_running_time: 1000000
- deadline: 1000
  execution_time_max: 657.4386524762689
  execution_time_min: 50.0
  execution_time_mu: 235.5269778485857
  execution_time_sigma: 123.64036151409506
  id: 1
  name: task_2
  period: 1000
  processorId: 0
  sp_threshold: 0.5380232583275568
  sp_weight: 1.6129032258064515
  total_running_time: 1000000
- deadline: 33
  execution_time_max: 28.561394892521214
  execution_time_min: 1.6500000000000001
  execution_time_mu: 8.792467014557776
  execution_time_sigma: 4.818971122749163
  id: 2
  name: task_3
  period: 33
  processorId: 0
  sp_threshold: 0.8645064714910604
  sp_weight: 1.6129032258064515
  total_running_time: 1000000
- deadline: 100
  execution_time_max: 90.0
  execution_time_min: 5.0
  execution_time_mu: 26.059773995491415
  execution_time_sigma: 13.269794996677351
  id: 3
  name: task_4
  performance_records_perf: 0.1 0.2 0.3 0.4 0.5 0.6 0.7 0.8 0.9 1.0
  performance_records_time: 5.000 14.444 23.889 33.333 42.778 52.222 61.667 71.111
    80.556 90.000
  period: 100
  processorId: 0
  sp_threshold: 0.6013947903486734
  sp_weight: 0.16129032258064516
  total_running_time: 1000000
