tasks:
- deadline: 2000
  execution_time_max: 715.772963030432
  execution_time_min: 100.0
  execution_time_mu: 210.71025554965135
  execution_time_sigma: 133.1364939068075
  id: 0
  name: task_1
  period: 2000
  processorId: 0
  sp_threshold: 0.568204880420239
  sp_weight: 1.6129032258064515
  total_running_time: 1000000
- deadline: 1000
  execution_time_max: 637.5673161467585
  execution_time_min: 50.0
  execution_time_mu: 172.93646493180495
  execution_time_sigma: 116.44391330181482
  id: 1
  name: task_2
  period: 1000
  processorId: 0
  sp_threshold: 0.5380232583275568
  sp_weight: 1.6129032258064515
  total_running_time: 1000000
- deadline: 33
  execution_time_max: 22.589102996697427
  execution_time_min: 1.6500000000000001
  execution_time_mu: 3.3021165229437286
  execution_time_sigma: 2.8150774023629217
  id: 2
  name: task_3
  period: 33
  processorId: 0
  sp_threshold: 0.8645064714910604
  sp_weight: 1.6129032258064515
  total_running_time: 1000000
- deadline: 100
  execution_time_max: 90.0
  execution_time_min: 5.0
  execution_time_mu: 10.137965634668738
  execution_time_sigma: 8.342680983330602
  id: 3
  name: task_4
  performance_records_perf: 0.1 0.2 0.3 0.4 0.5 0.6 0.7 0.8 0.9 1.0
  performance_records_time: 5.000 14.444 23.889 33.333 42.778 52.222 61.667 71.111
    80.556 90.000
  period: 100
  processorId: 0
  sp_threshold: 0.6013947903486734
  sp_weight: 0.16129032258064516
  total_running_time: 1000000
