tasks:
- deadline: 2000
  execution_time_max: 465.78218422185546
  execution_time_min: 100.0
  execution_time_mu: 234.9826854590088
  execution_time_sigma: 110.47354942296678
  id: 0
  name: task_1
  period: 2000
  processorId: 0
  sp_threshold: 0.568204880420239
  sp_weight: 1.6129032258064515
  total_running_time: 1000000
- deadline: 1000
  execution_time_max: 423.5749163468141
  execution_time_min: 50.0
  execution_time_mu: 95.09877091147862
  execution_time_sigma: 63.888494698618274
  id: 1
  name: task_2
  period: 1000
  processorId: 0
  sp_threshold: 0.5380232583275568
  sp_weight: 1.6129032258064515
  total_running_time: 1000000
- deadline: 33
  execution_time_max: 26.41436586651004
  execution_time_min: 1.6500000000000001
  execution_time_mu: 7.761487176667603
  execution_time_sigma: 4.784504888851015
  id: 2
  name: task_3
  period: 33
  processorId: 0
  sp_threshold: 0.8645064714910604
  sp_weight: 1.6129032258064515
  total_running_time: 1000000
- deadline: 100
  execution_time_max: 90.0
  execution_time_min: 5.0
  execution_time_mu: 21.823762736549693
  execution_time_sigma: 12.926132450787392
  id: 3
  name: task_4
  performance_records_perf: 0.1 0.2 0.3 0.4 0.5 0.6 0.7 0.8 0.9 1.0
  performance_records_time: 5.000 14.444 23.889 33.333 42.778 52.222 61.667 71.111
    80.556 90.000
  period: 100
  processorId: 0
  sp_threshold: 0.6013947903486734
  sp_weight: 0.16129032258064516
  total_running_time: 1000000
