tasks:
- deadline: 2000
  execution_time_max: 836.9975319082752
  execution_time_min: 100.0
  execution_time_mu: 379.5306673326535
  execution_time_sigma: 170.38260065136953
  id: 0
  name: task_1
  period: 2000
  processorId: 0
  sp_threshold: 0.568204880420239
  sp_weight: 1.6129032258064515
  total_running_time: 1000000
- deadline: 1000
  execution_time_max: 710.7871342237659
  execution_time_min: 50.0
  execution_time_mu: 179.33327310878366
  execution_time_sigma: 126.18600798200431
  id: 1
  name: task_2
  period: 1000
  processorId: 0
  sp_threshold: 0.5380232583275568
  sp_weight: 1.6129032258064515
  total_running_time: 1000000
- deadline: 33
  execution_time_max: 29.512577231694316
  execution_time_min: 1.6500000000000001
  execution_time_mu: 10.338190234319846
  execution_time_sigma: 5.245562949253459
  id: 2
  name: task_3
  period: 33
  processorId: 0
  sp_threshold: 0.8645064714910604
  sp_weight: 1.6129032258064515
  total_running_time: 1000000
- deadline: 100
  execution_time_max: 90.0
  execution_time_min: 5.0
  execution_time_mu: 26.452141505002118
  execution_time_sigma: 14.115224719819558
  id: 3
  name: task_4
  performance_records_perf: 0.1 0.2 0.3 0.4 0.5 0.6 0.7 0.8 0.9 1.0
  performance_records_time: 5.000 14.444 23.889 33.333 42.778 52.222 61.667 71.111
    80.556 90.000
  period: 100
  processorId: 0
  sp_threshold: 0.6013947903486734
  sp_weight: 0.16129032258064516
  total_running_time: 1000000
