  tasks:
    - id: 0
      execution_time_mu: 151.08194737355637
      execution_time_sigma: 79.56238119409996
      execution_time_min: 100.0
      execution_time_max: 417.01221409822983
      period: 2000
      deadline: 2000
      processorId: 0
      name: task_1
      sp_threshold: 0.568204880420239
      sp_weight: 1
      total_running_time: 1000000
    - id: 1
      execution_time_mu: 273.5842109457726
      execution_time_sigma: 130.55378621738885
      execution_time_min: 50.0
      execution_time_max: 674.4279594884258
      period: 1000
      deadline: 1000
      processorId: 0
      name: task_2
      sp_threshold: 0.5380232583275568
      sp_weight: 1
      total_running_time: 1000000
    - id: 2
      execution_time_mu: 6.338865053829694
      execution_time_sigma: 4.57448412877824
      execution_time_min: 1.6500000000000001
      execution_time_max: 28.41672469728403
      period: 33
      deadline: 33
      processorId: 0
      name: task_3
      sp_threshold: 0.8645064714910604
      sp_weight: 1
      total_running_time: 1000000
    - id: 3
      execution_time_mu: 13.0696930486181
      execution_time_sigma: 10.009650655940876
      execution_time_min: 5.0
      execution_time_max: 90.0
      period: 100
      deadline: 100
      processorId: 0
      name: task_4
      sp_threshold: 0.6013947903486734
      sp_weight: 2
      total_running_time: 1000000
      performance_records_time: 5.000 14.444 23.889 33.333 42.778 52.222 61.667 71.111 80.556 90.000
      performance_records_perf: 0.1 0.2 0.3 0.4 0.5 0.6 0.7 0.8 0.9 1.0
