tasks:
- deadline: 2000
  execution_time_max: 1182.4255915902327
  execution_time_min: 179.70701889684716
  execution_time_mu: 513.9576189079078
  execution_time_sigma: 231.31504800335676
  id: 0
  name: task_1
  period: 2000
  processorId: 0
  sp_threshold: 0.568204880420239
  sp_weight: 1.6129032258064515
  total_running_time: 1000000
- deadline: 1000
  execution_time_max: 833.0119186960532
  execution_time_min: 66.1676421642751
  execution_time_mu: 291.76002298103793
  execution_time_sigma: 134.5897179256224
  id: 1
  name: task_2
  period: 1000
  processorId: 0
  sp_threshold: 0.5380232583275568
  sp_weight: 1.6129032258064515
  total_running_time: 1000000
- deadline: 33
  execution_time_max: 29.7
  execution_time_min: 1.6500000000000001
  execution_time_mu: 5.594378732016412
  execution_time_sigma: 4.301607063849525
  id: 2
  name: task_3
  period: 33
  processorId: 0
  sp_threshold: 0.8645064714910604
  sp_weight: 1.6129032258064515
  total_running_time: 1000000
- deadline: 100
  execution_time_max: 90.0
  execution_time_min: 5.0
  execution_time_mu: 17.00776141376266
  execution_time_sigma: 11.15035307014889
  id: 3
  name: task_4
  performance_records_perf: 0.1 0.2 0.3 0.4 0.5 0.6 0.7 0.8 0.9 1.0
  performance_records_time: 5.000 14.444 23.889 33.333 42.778 52.222 61.667 71.111
    80.556 90.000
  period: 100
  processorId: 0
  sp_threshold: 0.6013947903486734
  sp_weight: 0.16129032258064516
  total_running_time: 1000000
