  tasks:
    - id: 0
      execution_time_mu: 158.55549773901808
      execution_time_sigma: 81.04750458696158
      execution_time_min: 100.0
      execution_time_max: 398.8478913122879
      period: 2000
      deadline: 2000
      processorId: 0
      name: task_1
      sp_threshold: 0.568204880420239
      sp_weight: 1
      total_running_time: 1000000
    - id: 1
      execution_time_mu: 125.22696517934018
      execution_time_sigma: 69.98603762591313
      execution_time_min: 50.0
      execution_time_max: 365.3101989290013
      period: 1000
      deadline: 1000
      processorId: 0
      name: task_2
      sp_threshold: 0.5380232583275568
      sp_weight: 1
      total_running_time: 1000000
    - id: 2
      execution_time_mu: 4.47764395428023
      execution_time_sigma: 3.5217583403597756
      execution_time_min: 1.6500000000000001
      execution_time_max: 20.619714570645414
      period: 33
      deadline: 33
      processorId: 0
      name: task_3
      sp_threshold: 0.8645064714910604
      sp_weight: 1
      total_running_time: 1000000
    - id: 3
      execution_time_mu: 19.92037367002795
      execution_time_sigma: 13.048795110808147
      execution_time_min: 5.0
      execution_time_max: 90.0
      period: 100
      deadline: 100
      processorId: 0
      name: task_4
      sp_threshold: 0.6013947903486734
      sp_weight: 2
      total_running_time: 1000000
      performance_records_time: 5.000 14.444 23.889 33.333 42.778 52.222 61.667 71.111 80.556 90.000
      performance_records_perf: 0.1 0.2 0.3 0.4 0.5 0.6 0.7 0.8 0.9 1.0
