  tasks:
    - id: 0
      execution_time_mu: 164.02210402184843
      execution_time_sigma: 79.35889498624024
      execution_time_min: 100.0
      execution_time_max: 354.20857183694835
      period: 2000
      deadline: 2000
      processorId: 0
      name: task_1
      sp_threshold: 0.568204880420239
      sp_weight: 1
      total_running_time: 1000000
    - id: 1
      execution_time_mu: 262.535082899606
      execution_time_sigma: 125.95619972574552
      execution_time_min: 84.34863170502186
      execution_time_max: 730.2372658759252
      period: 1000
      deadline: 1000
      processorId: 0
      name: task_2
      sp_threshold: 0.5380232583275568
      sp_weight: 1
      total_running_time: 1000000
    - id: 2
      execution_time_mu: 7.9143234405681655
      execution_time_sigma: 5.0829245505988965
      execution_time_min: 1.6500000000000001
      execution_time_max: 28.877328788663775
      period: 33
      deadline: 33
      processorId: 0
      name: task_3
      sp_threshold: 0.8645064714910604
      sp_weight: 1
      total_running_time: 1000000
    - id: 3
      execution_time_mu: 18.849646249698527
      execution_time_sigma: 12.394152181689115
      execution_time_min: 5.0
      execution_time_max: 90.0
      period: 100
      deadline: 100
      processorId: 0
      name: task_4
      sp_threshold: 0.6013947903486734
      sp_weight: 2
      total_running_time: 1000000
      performance_records_time: 5.000 14.444 23.889 33.333 42.778 52.222 61.667 71.111 80.556 90.000
      performance_records_perf: 0.1 0.2 0.3 0.4 0.5 0.6 0.7 0.8 0.9 1.0
