  tasks:
    - id: 0
      execution_time_mu: 247.79957663761925
      execution_time_sigma: 128.11290459777084
      execution_time_min: 100.0
      execution_time_max: 590.9329187780147
      period: 2000
      deadline: 2000
      processorId: 0
      name: task_1
      sp_threshold: 0.568204880420239
      sp_weight: 1
      total_running_time: 1000000
    - id: 1
      execution_time_mu: 84.80160091541619
      execution_time_sigma: 59.87168967869241
      execution_time_min: 50.0
      execution_time_max: 410.8948898451713
      period: 1000
      deadline: 1000
      processorId: 0
      name: task_2
      sp_threshold: 0.5380232583275568
      sp_weight: 1
      total_running_time: 1000000
    - id: 2
      execution_time_mu: 10.361197081923237
      execution_time_sigma: 5.412174773774849
      execution_time_min: 1.6500000000000001
      execution_time_max: 29.7
      period: 33
      deadline: 33
      processorId: 0
      name: task_3
      sp_threshold: 0.8645064714910604
      sp_weight: 1
      total_running_time: 1000000
    - id: 3
      execution_time_mu: 35.75351971692432
      execution_time_sigma: 14.69038603171516
      execution_time_min: 5.0
      execution_time_max: 90.0
      period: 100
      deadline: 100
      processorId: 0
      name: task_4
      sp_threshold: 0.6013947903486734
      sp_weight: 2
      total_running_time: 1000000
      performance_records_time: 5.000 14.444 23.889 33.333 42.778 52.222 61.667 71.111 80.556 90.000
      performance_records_perf: 0.1 0.2 0.3 0.4 0.5 0.6 0.7 0.8 0.9 1.0
