  tasks:
    - id: 0
      execution_time_mu: 206.7378616093878
      execution_time_sigma: 114.97201226010296
      execution_time_min: 100.0
      execution_time_max: 631.9874796576299
      period: 2000
      deadline: 2000
      processorId: 0
      name: task_1
      sp_threshold: 0.568204880420239
      sp_weight: 1
      total_running_time: 1000000
    - id: 1
      execution_time_mu: 128.4647859892381
      execution_time_sigma: 98.88760396501196
      execution_time_min: 50.0
      execution_time_max: 586.4470847254386
      period: 1000
      deadline: 1000
      processorId: 0
      name: task_2
      sp_threshold: 0.5380232583275568
      sp_weight: 1
      total_running_time: 1000000
    - id: 2
      execution_time_mu: 6.841754455064236
      execution_time_sigma: 4.546998263290162
      execution_time_min: 1.6500000000000001
      execution_time_max: 24.87738039510443
      period: 33
      deadline: 33
      processorId: 0
      name: task_3
      sp_threshold: 0.8645064714910604
      sp_weight: 1
      total_running_time: 1000000
    - id: 3
      execution_time_mu: 23.443631645092463
      execution_time_sigma: 14.023388927235239
      execution_time_min: 5.0
      execution_time_max: 90.0
      period: 100
      deadline: 100
      processorId: 0
      name: task_4
      sp_threshold: 0.6013947903486734
      sp_weight: 2
      total_running_time: 1000000
      performance_records_time: 5.000 14.444 23.889 33.333 42.778 52.222 61.667 71.111 80.556 90.000
      performance_records_perf: 0.1 0.2 0.3 0.4 0.5 0.6 0.7 0.8 0.9 1.0
