1.47308
2.08204
1.81836
1.76204
1.38455
1.36237
1.27897
1.24962
1.24913
1.26754
1.34255
1.43267
1.38811
1.48671
1.72425
1.68505
1.77635
1.91247
1.56743
1.99217
1.81953
1.78007
1.73859
1.83485
1.82015
1.64105
1.46108
1.42481
1.30851
1.32253
1.33612
1.5841
1.50048
1.61543
1.54571
1.559
1.536
1.75376
1.76325
1.86509
1.74644
1.62265
1.54272
1.61526
1.61593
1.76552
1.53787
1.76567
1.70958
1.79957
1.83857
1.34946
1.26845
1.21462
1.20886
1.23647
1.28237
1.87175
2.02879
1.83556
1.5898
1.58838
1.63612
1.55152
1.6579
1.81053
1.67073
1.82845
1.30947
1.20569
1.24277
1.46556
2.0903
1.77401
1.67502
2.12135
1.69871
1.62751
1.50572
1.73116
1.49238
1.5826
1.65509
1.68149
1.56056
1.56805
1.46743
1.6696
1.6209
1.57115
1.71084
1.75664
1.68014
2.21465
2.00253
2.05528
2.10855
1.77877
1.76543
