1.86713
1.61588
1.69573
1.83056
1.42119
1.38717
1.2712
1.30444
1.19539
1.24128
1.37494
1.36844
1.51115
1.52754
1.62324
1.70109
1.96658
1.61948
1.76777
1.62545
1.68049
1.67265
1.60912
1.76505
1.85039
1.65331
1.43826
1.37759
1.29438
1.25349
1.34586
1.52972
1.35481
1.53449
1.54375
1.63309
1.68465
1.59663
1.63837
1.90009
1.7717
1.80442
1.66062
1.63678
1.63065
1.74989
1.64464
1.72562
1.60852
1.81225
1.79119
1.29198
1.43035
1.21843
1.17963
1.27151
1.55655
1.45463
2.18465
1.70981
1.481
1.54164
1.60233
1.86465
1.62013
1.77252
1.83536
1.59588
1.77422
1.20714
1.40919
1.33844
1.60447
1.67403
1.61782
1.81148
1.55226
1.70225
1.54066
1.47791
1.51236
1.53921
1.6079
1.52065
1.51876
1.53288
1.45238
1.60397
1.52894
1.73461
1.72426
1.77393
1.74085
1.79363
1.74989
2.23136
2.26447
1.86803
1.6714
