2.40509
2.00717
2.15204
1.75121
1.57907
1.25771
1.15938
1.09116
0.752358
1.08751
1.25641
1.26014
1.29684
1.44555
1.65264
2.22914
2.35032
2.45807
2.42711
2.22936
2.26695
1.96298
2.20523
1.95584
1.93342
1.54842
1.35688
1.23125
1.12632
1.17678
1.24281
1.25247
1.32227
1.37307
1.54771
1.47667
1.40528
2.19563
2.22863
2.25677
1.92488
1.76161
1.68965
1.55682
1.45559
1.65858
1.83927
2.03962
1.82898
2.04123
2.47174
2.42903
2.22796
2.15921
2.1347
2.12625
2.16313
2.23304
2.10944
1.70087
1.57753
1.57786
1.55194
1.65516
2.02747
2.11228
2.14692
2.28576
2.3955
2.13432
2.08411
2.31885
2.24651
2.42539
2.10102
2.18696
2.026
1.77682
1.629
1.59587
1.40935
1.35959
2.14976
1.74573
1.28242
1.51979
1.4003
1.53261
1.44044
1.71347
1.86624
1.99772
2.01902
2.47618
2.43671
2.18992
2.08275
1.91069
2.04406
