2.13498
2.45217
2.03686
1.95946
1.54587
1.32994
1.2071
1.13878
0.97649
1.07053
1.18185
1.19237
1.24424
1.37935
1.78858
2.03386
2.0734
2.07915
2.37687
2.24468
2.32369
1.93848
2.13243
2.06095
1.89844
1.69841
1.30163
1.16892
1.16301
1.16955
1.19178
1.31295
1.37487
1.42596
1.49965
1.70234
1.66751
2.0141
2.16719
2.49723
1.94924
1.67163
1.82948
1.74343
1.66318
1.61645
1.7363
1.95469
2.00311
2.06616
1.92144
2.09865
2.24516
1.89658
1.89792
2.16476
2.23351
2.32958
1.99293
1.78642
1.55656
1.65484
1.68507
1.62729
1.92175
1.92413
1.97246
2.43443
1.89844
2.15281
2.17993
2.17045
2.39501
2.45838
2.29696
2.26737
1.61
1.68224
1.43768
1.38584
1.45269
1.33956
1.64271
1.64765
1.3994
1.38934
1.43074
1.52624
1.6409
1.62657
1.77621
1.90795
2.14283
1.92503
2.29187
2.47883
2.30238
2.00859
2.16696
