1.79247
1.92538
1.67428
1.66131
1.45584
1.36301
1.30135
1.22164
1.1889
1.2556
1.37282
1.35996
1.33209
1.39625
1.69599
1.83818
2.30937
2.00352
1.97938
1.90305
2.12298
1.76745
1.98497
1.67943
1.73773
1.56116
1.47386
1.38116
1.2984
1.31872
1.34048
1.46607
1.45333
1.58884
1.50857
1.65654
1.63444
1.60598
1.88714
2.02912
1.78169
1.62734
1.62243
1.50965
1.66729
1.78544
1.77579
1.86313
1.7058
1.91161
1.44578
1.29758
1.47592
1.19654
1.16045
1.24758
1.24601
1.65802
2.15284
1.59762
1.70003
1.48881
1.60889
1.42991
1.57987
1.81021
1.69061
1.7702
1.42236
1.31239
1.41808
1.47997
1.44297
1.93683
1.91195
1.71025
1.5384
1.62378
1.51117
1.51162
1.48617
1.49721
1.75249
1.71077
1.5437
1.37299
1.69801
1.68741
1.62671
1.57777
1.85867
1.82829
1.79271
1.82853
2.09621
1.95461
1.78786
1.69766
1.83291
