2.28394
2.48769
2.23376
1.69267
1.42459
1.46126
1.1244
1.0877
1.02266
1.04331
1.15123
1.15876
1.17097
1.45123
1.81521
2.02529
2.24693
2.2665
2.17956
2.53623
2.29175
2.2469
1.85703
2.1305
1.73007
1.61312
1.26446
1.2181
1.14135
1.19122
1.20939
1.45427
1.31579
1.38641
1.4253
1.42159
1.55838
1.77061
2.38333
2.46279
2.12661
1.69595
1.49019
1.54722
1.7265
1.57038
1.8042
2.24817
2.12197
1.87826
2.16878
2.40179
1.97216
2.10791
2.11471
2.18413
2.11342
1.92424
1.92214
1.60739
1.56418
1.57384
1.75831
1.65528
1.92206
2.04504
2.21432
1.99034
2.10485
2.11829
2.15236
2.4498
2.24673
2.478
2.23452
1.87051
1.70735
1.61282
1.43673
1.5581
1.39099
1.4678
1.7334
1.56554
1.34971
1.3417
1.40703
1.51315
1.2997
1.55397
1.7722
1.97875
2.41483
2.08879
2.43318
2.51548
2.32305
1.89151
1.80928
