1.7417
1.56062
1.98692
1.90495
1.69293
1.46244
1.30103
1.26012
1.14804
1.25153
1.33261
1.36457
1.37741
1.54037
1.78737
1.99072
1.67111
1.61281
1.80824
1.70959
1.79235
1.91127
1.76008
1.79068
1.76297
1.56113
1.45774
1.37038
1.35817
1.30282
1.33716
1.55502
1.40685
1.44166
1.48171
1.59125
1.78847
1.82986
1.73053
1.80973
2.03801
1.7433
1.54427
1.6662
1.80017
1.71663
1.62658
1.77255
1.68676
1.92359
1.73939
1.30561
1.23528
1.17086
1.19016
1.30573
1.30162
1.6932
1.84535
1.81892
1.62209
1.58685
1.74421
1.56229
1.68496
1.77759
1.98197
1.75105
1.46284
1.31332
1.31365
1.65188
1.25923
1.70568
1.75583
1.7307
1.68939
1.64028
1.5361
1.63857
1.45003
1.46092
1.78175
1.72983
1.56065
1.50763
1.43643
1.53009
1.5573
1.49417
1.62613
1.7624
1.66676
1.76595
1.84697
1.60202
1.71777
1.76854
1.77768
