1.36693
1.89431
1.5999
1.77132
1.62734
1.53515
1.2988
1.20582
1.16994
1.28715
1.3433
1.36794
1.36974
1.43907
1.52482
1.74388
1.69868
1.64772
1.68864
1.76354
1.67295
1.90033
1.74213
1.78099
1.81497
1.46466
1.40758
1.46382
1.32595
1.30658
1.26356
1.36323
1.52759
1.54797
1.53557
1.55088
1.68575
1.68775
1.81296
1.90732
1.84755
1.71511
1.61994
1.54577
1.73739
1.71831
1.71997
1.71093
1.98019
1.56004
1.74948
1.38723
1.4366
1.13463
1.18805
1.22569
1.90628
1.67256
1.66762
1.65637
1.61204
1.63139
1.75735
1.87466
1.69357
1.99566
1.83719
2.14597
1.29277
1.28928
1.21486
1.28191
1.72331
1.94209
1.93376
1.64651
1.80136
1.81791
1.54128
1.48906
1.56441
1.40064
1.75158
1.85358
1.5363
1.57497
1.54482
1.48036
1.59664
1.48562
1.70517
1.7921
1.6443
1.89587
2.03285
1.53906
1.68133
1.85894
1.69475
