1.91009
1.78527
1.74585
1.7359
1.56797
1.48841
1.28646
1.18003
1.27128
1.2938
1.37626
1.34663
1.36908
1.55916
1.59434
1.94286
1.71955
1.87561
1.64673
1.97972
1.92711
1.72453
1.82259
1.71319
1.80482
1.66438
1.35337
1.3388
1.28261
1.34015
1.33654
1.42406
1.41839
1.48221
1.45137
1.60667
1.72476
1.48428
1.67446
1.69606
1.66484
1.70275
1.55943
1.72459
1.62488
1.48159
1.6744
1.77345
1.70663
2.11782
1.52058
1.34819
1.51571
1.24001
1.16365
1.20689
1.28994
1.47837
2.04519
1.5063
1.75734
1.63881
1.77005
1.7341
1.70594
1.76429
1.77859
1.5408
1.8858
1.22155
1.58374
1.4905
1.57516
1.84082
1.68686
1.71112
1.71844
1.51279
1.58969
1.4293
1.3575
1.49327
1.72029
1.69396
1.49599
1.6484
1.44728
1.61054
1.43475
1.56368
1.805
1.87341
1.88144
2.03185
1.57337
1.57635
2.2586
1.67807
1.77366
