1.55897
1.53023
2.01102
1.87435
1.54682
1.55766
1.25155
1.24024
1.22416
1.24798
1.365
1.35251
1.371
1.51172
1.75406
1.92617
1.96052
2.12545
1.81758
1.95727
1.73453
1.87104
1.81787
1.6363
1.74439
1.5993
1.43252
1.46528
1.32809
1.32698
1.36977
1.47918
1.46543
1.45108
1.59698
1.70948
1.58229
2.00001
1.79015
2.02794
1.67215
1.7217
1.49617
1.56862
1.63236
1.60398
1.76935
1.84947
2.09195
1.62638
1.62053
1.90188
1.70118
1.18756
1.21352
1.23129
1.42671
1.91288
1.88562
1.74309
1.52901
1.55522
1.91463
1.64582
1.77397
1.91032
1.62994
1.84831
1.44357
1.28294
1.2388
1.64993
1.8987
1.72998
1.51691
1.67838
1.68466
1.70918
1.48432
1.43568
1.47081
1.547
1.641
1.58231
1.48888
1.52036
1.67746
1.58553
1.52975
1.75119
1.63131
1.70568
1.88818
1.49957
1.7861
1.72664
1.79834
1.64871
1.69051
