2.03717
1.65806
1.86589
1.68956
1.354
1.35053
1.33858
1.2037
1.19907
1.20468
1.39446
1.36459
1.46303
1.46829
1.55487
1.83362
2.13194
1.60849
1.73235
1.63715
1.68113
1.82348
2.08321
2.00594
1.71216
1.57137
1.44461
1.36474
1.30224
1.30868
1.36428
1.33582
1.37872
1.45526
1.49887
1.51735
1.63954
2.05079
1.7437
1.70211
1.55426
1.69565
1.44821
2.00539
1.57238
1.54611
1.81678
1.78455
1.76803
1.64263
1.74666
1.30111
1.33517
1.2699
1.23673
1.35347
1.27208
1.74221
1.7648
1.60969
1.44592
1.59988
1.72268
1.67333
1.7247
1.96744
2.02762
1.70117
1.37234
1.17524
1.09855
1.80348
2.13238
2.14857
2.11566
1.7934
1.69594
1.65497
1.42086
1.58141
1.48179
1.66651
1.57201
1.67514
1.53551
1.59524
1.39591
1.46093
1.39259
1.46691
1.69506
1.7122
1.76235
1.98007
1.64598
1.98555
1.86972
1.84075
1.78278
