2.34276
2.24293
2.01235
1.68325
1.50292
1.21573
1.16542
1.08397
0.967327
1.05258
1.18409
1.30972
1.40215
1.37444
1.68169
2.01723
2.2473
2.31149
2.13461
2.2997
2.27475
2.27189
2.03011
1.781
1.71935
1.55014
1.31573
1.23059
1.12473
1.18985
1.17687
1.33667
1.39226
1.43359
1.63694
1.61335
1.77385
1.78312
2.39121
2.29044
2.02782
1.95525
1.41813
1.76108
1.60116
1.85978
1.65828
1.98589
2.31011
2.22717
2.34777
2.30822
2.02738
1.8324
1.88081
2.09307
2.25317
2.3601
1.9435
1.85464
1.46207
1.52339
1.56868
1.92869
1.79654
2.06184
2.39583
2.46635
2.33716
2.24192
2.00789
2.24254
2.27465
2.15115
2.02817
2.22548
1.76727
1.74511
1.50008
1.44739
1.4225
1.39473
1.66624
1.57366
1.48888
1.46383
1.48261
1.72557
1.2566
1.51758
1.9065
2.08097
2.04756
2.07038
2.18641
2.41605
1.88746
2.17745
1.81993
