1.76219
1.44462
1.70857
1.80421
1.58844
1.33875
1.29779
1.20861
1.2371
1.24365
1.33947
1.31154
1.35169
1.53429
1.70263
1.91981
1.69699
1.78014
1.46796
1.70051
1.94802
1.81673
2.07408
1.68295
1.87009
1.63312
1.40115
1.40327
1.32261
1.31816
1.35056
1.42699
1.3833
1.39315
1.58817
1.59374
1.75438
1.7886
1.57378
1.92898
1.69203
1.78148
1.50445
1.55952
1.70943
1.75852
1.70933
1.69333
1.64282
1.67241
1.56974
1.30183
1.45566
1.15685
1.21322
1.13699
1.34261
1.82439
1.72733
1.57215
1.62577
1.58522
1.71221
1.71184
1.953
2.00235
2.21638
1.67831
1.4837
1.26485
1.23422
1.33712
1.37939
1.9203
2.0058
2.37437
1.51481
1.68575
1.54636
1.51828
1.44556
1.5042
1.64406
1.58771
1.45066
1.39676
1.37622
1.55756
1.53746
1.5993
1.7479
1.82147
1.72496
1.7783
1.63546
1.76292
2.0946
1.73817
1.85706
