2.12229
2.46923
1.93611
1.89756
1.48145
1.36671
1.1846
0.988061
1.03705
1.06064
1.11635
1.15989
1.19961
1.37047
1.69528
1.98918
2.26224
2.18823
2.42381
2.52424
2.48083
1.82854
2.41951
2.01697
1.90076
1.55545
1.26732
1.27105
1.14698
1.13301
1.14468
1.49532
1.43757
1.46781
1.47376
1.48669
1.66706
2.0036
2.37585
2.45693
1.89038
1.68645
1.56273
1.55794
1.57526
1.61813
1.90866
1.94878
2.08402
2.08027
2.29648
2.31436
2.21957
2.16517
1.91367
1.91446
2.30641
2.4027
2.42337
1.61957
1.73845
1.50369
1.76375
1.61963
1.97215
2.08073
2.44067
2.31862
2.38063
2.08399
1.9812
2.32389
2.17785
2.33261
2.39034
1.90702
1.72407
1.85349
1.5397
1.39531
1.40217
1.48696
1.57373
1.90545
1.38651
1.45032
1.61635
1.43735
1.5606
1.50493
2.01104
1.82034
2.09299
2.03692
2.46177
2.39432
2.52779
1.98661
1.96537
