1.29502
1.84326
1.8842
1.81837
1.55245
1.47094
1.25305
1.21619
1.22186
1.21104
1.3549
1.361
1.387
1.61162
1.55569
1.87755
1.94253
1.62773
1.65442
2.02036
1.65879
1.70953
1.81844
1.65425
1.71054
1.55986
1.52633
1.38389
1.35167
1.28701
1.35031
1.44878
1.41665
1.51765
1.57504
1.6368
1.53713
1.84637
1.96348
2.18307
1.88245
1.65446
1.71369
1.58309
1.58668
1.66171
1.85336
1.91829
2.12107
1.7762
2.00057
1.29573
1.32704
1.29267
1.10313
1.2944
1.28728
1.64128
1.91911
1.73417
1.62338
1.64786
1.56053
1.70066
1.98739
1.78652
1.76034
1.50717
1.94583
1.32955
1.52611
1.3483
1.53122
1.67501
1.9483
1.6666
1.77976
1.5959
1.60266
1.52062
1.36503
1.60643
1.59503
1.84011
1.34164
1.48922
1.50043
1.49175
1.52924
1.4873
1.714
1.7567
1.68686
1.78334
1.93608
1.99075
2.36438
1.80579
1.75723
