2.1783
2.36408
2.10995
1.8081
1.51667
1.33361
1.10134
1.0667
0.895594
1.07608
1.15121
1.27274
1.2118
1.44944
1.76505
2.06472
2.11134
2.3429
2.26465
2.20902
2.14619
2.14818
1.97647
1.95492
2.04756
1.56439
1.26149
1.16877
1.14841
1.15644
1.1998
1.45001
1.38441
1.27688
1.45625
1.41311
1.53558
1.9921
2.30149
2.4585
2.05881
1.62711
1.56193
1.66234
1.50463
1.5844
1.92334
2.41546
2.12998
2.05999
2.33971
2.06078
2.0641
1.90249
2.09332
1.74249
2.20193
2.26104
2.04371
1.74052
1.58226
1.55698
1.59444
1.71065
2.07364
2.1703
2.05327
2.44901
2.39931
2.16274
2.11182
2.07579
2.18258
2.26838
2.38749
2.05857
1.72076
1.68776
1.49436
1.52915
1.31158
1.49424
1.63518
1.61029
1.43419
1.43877
1.56633
1.59699
1.39599
1.5036
1.78005
1.80145
2.36069
2.39188
2.44939
2.39424
2.0938
1.92195
1.99895
