2.01322
2.26541
2.28569
1.78272
1.48934
1.36049
1.15017
1.05002
1.0065
1.11727
1.10404
1.19852
1.18191
1.36486
1.63998
2.15811
2.3796
2.20505
2.2645
2.22385
2.32355
1.97928
2.28527
2.07302
1.6468
1.60437
1.37179
1.23639
1.13465
1.12073
1.20437
1.22428
1.4056
1.31932
1.45656
1.51148
1.75665
1.91382
2.28877
2.43788
2.01159
2.01776
1.63607
1.59726
1.73588
1.68107
1.67427
2.18813
2.34958
2.3199
2.09719
2.17415
2.22194
1.95615
2.09353
2.10794
2.26794
2.12638
2.10949
1.65426
1.70101
1.69791
1.52786
1.58145
1.85597
2.01975
1.99705
2.34481
2.35372
1.9877
2.25672
2.28955
2.39927
2.3365
2.04286
2.04789
2.07591
1.78517
1.50237
1.42736
1.46292
1.50651
1.73839
1.79756
1.44124
1.549
1.46555
1.64907
1.54294
1.46851
1.94026
1.88799
1.85439
2.49452
2.45748
2.44304
2.08297
1.91897
1.9572
