1.8083
1.6113
1.72781
1.95583
1.44379
1.51326
1.32373
1.23465
1.19455
1.28291
1.30721
1.40338
1.44338
1.47264
1.48809
1.89182
2.22229
2.09884
1.76273
1.85647
1.82713
1.72687
2.16002
1.75095
1.80241
1.75429
1.47114
1.46461
1.33302
1.3673
1.28288
1.41486
1.35284
1.33482
1.52997
1.55458
1.64909
1.76068
1.63775
1.67918
1.76299
1.85186
1.56964
1.57691
1.66629
1.71732
1.67375
2.05229
1.98614
1.98208
1.95335
1.23308
1.4472
1.08187
1.37607
1.15064
1.28821
1.55001
1.98116
1.64815
1.52363
1.60371
1.52477
1.64799
1.59534
2.0598
1.5966
1.62643
1.63636
1.27814
1.24988
1.29907
1.76584
1.64222
1.63301
1.75625
1.70955
1.63166
1.57871
1.57003
1.46293
1.43796
1.8165
1.63622
1.68433
1.60461
1.60142
1.60779
1.54031
1.57771
1.97631
1.58345
1.81427
2.09746
1.36082
1.82926
1.57207
1.71024
1.71786
