1.70171
2.00242
1.89543
1.63139
1.44133
1.482
1.3098
1.27793
1.20234
1.26392
1.34253
1.3735
1.41213
1.66194
1.70301
1.87033
1.93627
1.94983
1.93857
1.90173
1.81254
1.77651
1.80412
1.72346
1.75388
1.63694
1.45272
1.34316
1.28426
1.31066
1.39675
1.47983
1.50781
1.38033
1.63882
1.56938
1.52522
1.86357
1.6388
2.03044
1.76386
1.7128
1.56623
1.62489
1.42822
1.76297
1.61049
1.70234
1.99624
1.82542
1.68455
1.6866
1.51032
1.20096
1.28662
1.40525
1.33368
1.8037
1.7537
1.76564
1.60346
1.62988
1.5594
1.58383
1.88288
1.81501
1.90853
1.98782
1.78407
1.27355
1.52731
1.59697
1.74837
1.46888
1.66263
1.90793
1.98735
1.71169
1.56998
1.42375
1.64854
1.49468
1.70151
2.02104
1.4119
1.5326
1.59009
1.6104
1.45235
1.63266
1.65713
1.69966
1.73414
1.84594
2.1
1.91389
1.97439
1.72505
1.86434
