1.48725
2.15506
1.93021
1.76961
1.55512
1.33717
1.31802
1.20299
1.21995
1.21437
1.3687
1.449
1.34442
1.41203
1.6614
1.97033
1.69389
1.55511
1.97633
1.91108
1.76931
1.61546
1.69289
1.57724
2.09808
1.66832
1.43113
1.33289
1.29375
1.33622
1.50462
1.39951
1.40177
1.55643
1.49328
1.59491
1.62737
1.63285
1.56564
1.94722
1.619
1.86921
1.62753
1.58359
1.64965
1.65093
1.6719
2.04725
1.63161
1.63036
1.85053
1.29192
1.35015
1.25511
1.19105
1.18928
1.28712
1.99798
2.01238
1.93092
1.63461
1.73636
1.68356
1.62376
1.72446
1.75433
1.97443
1.88322
1.54259
1.31956
1.32522
1.39596
2.00107
1.68054
1.90451
1.77063
1.78563
1.55749
1.43423
1.54833
1.56314
1.50832
1.88108
1.803
1.45003
1.57961
1.43171
1.64418
1.64482
1.65093
1.67322
1.66628
1.86421
1.93186
1.84078
1.66191
1.74888
1.63355
1.88536
