2.2939
2.07208
2.34794
2.11339
1.38372
1.23853
1.18034
1.04166
0.828376
1.09635
1.18051
1.2663
1.18439
1.63974
1.68228
1.94244
2.36757
2.52301
2.43916
2.51586
2.26265
2.00006
2.20141
1.93461
1.66231
1.86529
1.28037
1.32166
1.11176
1.1393
1.14825
1.39867
1.31807
1.37694
1.40715
1.74724
1.79797
2.02166
2.35483
2.34024
1.82984
1.75004
1.45924
1.61346
1.72996
1.61893
1.6765
1.72954
1.89256
2.09722
2.20373
2.17925
2.23315
1.73983
1.7068
1.86525
2.31841
2.43948
2.47832
1.75038
1.71868
1.50629
1.61258
1.53126
1.8453
1.96327
2.40251
2.3146
2.31427
2.17288
2.19846
2.34307
2.31381
2.37898
2.41935
2.04761
1.98386
1.90592
1.69369
1.54753
1.39976
1.4934
1.63356
1.6591
1.38091
1.38699
1.368
1.4688
1.48254
1.52355
1.74509
2.17914
2.26616
2.12976
2.22006
2.16037
2.39188
2.07303
1.87167
