1.36609
1.53835
1.66115
1.86516
1.42907
1.4884
1.30308
1.27636
1.22261
1.25377
1.36026
1.34909
1.37029
1.54038
1.76368
1.83123
1.93642
1.9188
1.61985
1.99422
2.17913
1.89391
1.9824
1.69044
1.73591
1.65326
1.41873
1.33452
1.33727
1.32761
1.35172
1.36343
1.53549
1.51682
1.61197
1.47835
1.64802
1.92393
1.58781
1.81141
1.64814
1.7639
1.48305
1.70128
1.73612
1.7829
1.63276
1.97664
1.91723
2.10285
1.66741
1.30059
1.16242
1.1531
1.30301
1.33328
1.14258
1.73702
1.80717
1.6456
1.62387
1.52519
1.67811
1.5578
1.77993
1.83785
1.75596
1.59966
1.58734
1.27415
1.28377
1.36041
1.67256
1.50621
2.20422
1.97586
1.81589
1.75459
1.49669
1.4479
1.524
1.56732
1.66134
1.76614
1.66403
1.59799
1.3799
1.61399
1.60746
1.57756
1.73851
1.70912
1.90187
2.24861
1.87379
1.96597
1.95657
1.77487
1.64682
