2.29111
2.3275
2.34051
1.99791
1.50622
1.37154
1.15255
1.05173
0.945785
1.09569
1.15442
1.29266
1.33126
1.45882
1.65873
1.95102
2.27651
2.34654
2.41813
2.09194
2.27908
2.24637
1.79788
1.69627
1.80733
1.75535
1.26046
1.24321
1.16952
1.15922
1.24488
1.2281
1.32317
1.32904
1.44448
1.58031
1.62034
1.81009
2.09898
2.46498
2.11494
1.64241
1.69522
1.5863
1.62657
1.81771
1.92213
1.95377
2.13825
1.96539
2.20998
2.33527
1.97728
1.78181
1.83428
1.97724
2.20032
2.32678
2.34242
1.86312
1.51755
1.48261
1.52927
1.57284
1.71205
1.94268
2.31
2.31312
2.3632
2.16013
2.15189
2.14478
2.38589
2.35073
2.15954
1.92102
1.83163
1.92485
1.64154
1.40104
1.33961
1.49747
1.58948
1.60498
1.36834
1.48173
1.34878
1.48738
1.26766
1.49042
1.69784
2.04049
1.8742
1.88214
2.47816
2.19879
2.27351
2.01284
2.0053
