1.9695
1.51536
2.1948
1.75146
1.51788
1.4176
1.29909
1.26087
1.16802
1.25718
1.34037
1.33838
1.37837
1.40037
1.59437
2.08286
1.99857
1.46657
1.67204
1.81223
1.7475
1.60595
2.08441
1.74311
1.95787
1.57558
1.35518
1.36101
1.27557
1.28277
1.57562
1.4494
1.64118
1.51811
1.59977
1.58187
1.61484
2.11073
2.10551
1.94364
1.64178
1.74929
1.64418
1.58361
1.4755
1.58851
1.73317
1.67491
1.76542
1.60502
1.68974
1.65197
1.33705
1.27346
1.38285
1.19567
1.2734
1.65155
1.72675
1.57621
1.69352
1.52245
1.51058
1.58173
1.88762
1.68954
1.91036
1.83006
1.62812
1.40332
1.20698
1.29721
1.71422
2.07592
1.75943
2.04558
1.58847
1.66393
1.52678
1.57798
1.6263
1.46423
1.56899
1.59776
1.5126
1.56908
1.67088
1.51201
1.51726
1.68913
1.59362
1.60553
1.8964
2.19765
1.91192
1.48162
1.68402
1.79266
1.90685
