1.46233
1.88761
1.81793
1.723
1.5784
1.48187
1.32003
1.29725
1.18401
1.18147
1.32989
1.35591
1.44281
1.41825
1.60494
1.65269
1.8895
1.94032
1.75388
1.59978
1.70296
1.69439
1.70378
1.66901
2.07592
1.67562
1.34751
1.39969
1.34592
1.34486
1.35684
1.34967
1.43982
1.60179
1.51142
1.46508
1.59991
1.73427
1.76011
1.83456
1.67329
1.73364
1.57822
1.60731
1.5449
1.551
1.75393
1.67846
1.74582
1.92528
1.87737
1.40655
1.33252
1.13867
1.20182
1.23548
1.25188
1.51229
1.6709
1.55403
1.52686
1.64606
1.55286
1.74721
1.71151
1.71199
1.65535
1.76227
1.48655
1.36278
1.32033
1.46134
1.46128
1.66624
1.90774
1.71048
1.84669
1.55627
1.42534
1.44648
1.56267
1.42768
1.72139
1.62972
1.38189
1.63872
1.41355
1.61732
1.60272
1.72314
1.72059
1.6284
1.73429
1.97015
1.45123
1.87999
2.25913
1.81752
1.64371
