1.85189
1.6232
1.64419
1.70654
1.37504
1.43945
1.28481
1.21018
1.1962
1.24859
1.34074
1.37874
1.38624
1.39477
1.81778
1.98766
1.83006
1.7472
1.45611
1.69362
2.11052
1.9154
1.88496
1.76713
1.68347
1.49007
1.39305
1.33859
1.32685
1.32726
1.36595
1.59222
1.47881
1.65166
1.46079
1.68412
1.73215
1.81514
1.91941
1.76433
1.76703
1.69618
1.57969
1.64988
1.51685
1.64965
2.0714
1.68002
1.73348
2.19292
1.54881
1.34307
1.27544
1.16565
1.1644
1.64333
1.31421
1.39713
1.89007
1.51255
1.62129
1.57748
1.7562
1.75489
1.78805
2.04004
1.64089
1.61396
1.42937
1.30804
1.298
1.53815
1.57505
1.96563
1.73294
1.79863
1.88328
1.74721
1.49923
1.6868
1.49597
1.43785
1.51747
1.64726
1.53837
1.66542
1.42319
1.59928
1.49399
1.63943
1.67519
1.69622
1.69239
1.9221
1.98936
1.63555
1.87976
1.53466
1.77724
