1.97104
2.20038
2.25785
1.8789
1.50073
1.28344
1.14475
1.00299
1.00172
1.02347
1.16144
1.22898
1.19421
1.44695
1.68361
2.01687
2.19073
2.11206
2.21379
2.4302
2.21741
2.0129
2.06513
1.72073
2.18192
1.77725
1.26272
1.17603
1.16915
1.15115
1.18856
1.34971
1.37492
1.54961
1.62204
1.42794
1.83928
1.83892
2.42822
1.96006
2.04946
1.58981
1.57029
1.41449
1.50719
1.69432
1.96393
1.97532
2.23994
2.07367
2.41102
2.32448
2.27553
1.8082
1.89496
2.11049
2.23224
2.15836
2.34667
1.5432
1.53517
1.52854
1.59592
1.58177
1.84806
2.06997
2.42725
2.39791
2.05846
2.09744
2.06437
2.33098
2.38326
2.16133
2.00301
1.98031
1.89635
1.71642
1.51008
1.43931
1.45592
1.40004
1.76529
1.63758
1.49061
1.39916
1.50318
1.50034
1.34182
1.47866
1.90741
1.9273
2.30545
2.46478
2.25118
2.4401
2.18669
2.09342
1.88385
