1.59305
1.81904
1.82512
1.67529
1.58817
1.5462
1.33322
1.25735
1.20582
1.25308
1.3613
1.35858
1.36825
1.37378
1.64882
1.64417
1.76148
1.69571
2.08748
1.87316
2.0429
1.68289
1.8095
1.75741
1.68328
1.52951
1.54836
1.3279
1.32634
1.31961
1.43302
1.44636
1.52654
1.44213
1.57898
1.50872
1.6414
1.76714
1.99178
2.07485
1.59119
1.79999
1.53239
1.57842
1.56825
1.55003
1.85173
1.79038
1.71025
1.68838
1.88032
1.67325
1.20433
1.38546
1.27996
1.25867
1.31312
1.84361
1.72396
1.73036
1.59336
1.5085
1.77742
1.65183
1.9802
2.14834
1.79515
1.94495
1.64978
1.25591
1.28018
1.28888
1.65966
1.67931
2.04749
1.86884
1.69333
1.78086
1.62699
1.58258
1.54039
1.51453
1.75861
1.58686
1.5263
1.5957
1.39349
1.54458
1.48601
1.4804
1.61014
1.79221
1.71255
2.09073
2.02546
2.07888
2.32824
1.74672
1.89557
