1.66459
1.70094
1.74375
1.67229
1.38997
1.39957
1.34726
1.21555
1.15883
1.23742
1.36933
1.34883
1.35114
1.64145
1.53266
1.83183
1.67677
1.84042
1.63991
1.94145
1.86842
1.67134
1.76191
1.8061
1.67359
1.55031
1.40954
1.35681
1.29461
1.32812
1.39374
1.35381
1.41554
1.42766
1.59094
1.66701
1.71787
1.67203
1.93703
1.77389
1.81858
1.72947
1.56048
1.55369
1.54653
1.67058
1.60227
1.7155
2.03985
1.91423
2.01594
1.45692
1.26698
1.16273
1.15446
1.28312
1.22097
1.62962
1.9015
1.65014
1.63654
1.63045
1.78497
1.72639
1.63523
2.00165
1.97357
1.66105
1.33776
1.36126
1.25261
1.52397
1.51025
1.90499
1.9958
1.93136
1.60118
1.76481
1.5993
1.62436
1.51301
1.48408
1.6677
1.65147
1.51632
1.59886
1.43347
1.55984
1.53778
1.77356
1.77198
1.59628
1.66212
1.73728
1.39923
1.69012
1.65109
1.79973
2.06121
