1.54757
1.90542
1.82256
1.60715
1.45905
1.36535
1.30574
1.24172
1.12732
1.26679
1.34139
1.36515
1.42445
1.4831
1.54125
1.9317
1.71558
1.7319
1.43004
1.91814
1.75365
1.67466
1.75595
1.62427
1.79046
1.72402
1.40241
1.32676
1.32487
1.30002
1.30436
1.47974
1.46155
1.46077
1.53608
1.56696
1.79666
1.65541
1.64148
1.82219
1.80002
1.6351
1.54812
1.53497
1.71347
1.58989
1.79108
1.72243
1.92988
1.98887
1.3503
1.74632
1.28344
1.2632
1.14875
1.19513
1.35136
1.56348
1.64496
1.77858
1.57039
1.63856
1.56895
1.73262
1.70683
1.9279
1.65732
1.68118
1.90516
1.33311
1.19985
1.47255
1.61022
1.60143
1.54203
1.81887
1.80576
1.6191
1.65555
1.48513
1.50212
1.63091
1.54263
1.69443
1.53447
1.43193
1.59148
1.66352
1.46175
1.53363
1.75117
1.69415
1.79094
1.86626
1.73307
1.87854
1.7665
1.74131
1.74589
