2.36235
2.10626
1.98904
1.9547
1.42485
1.34292
1.15438
1.01347
0.9566
1.06477
1.14682
1.26385
1.28779
1.53513
1.5682
2.04415
2.28292
2.21057
2.33529
2.29095
2.35882
2.09582
1.84272
2.06488
1.75907
1.82331
1.42482
1.19203
1.15024
1.15231
1.16273
1.45257
1.18016
1.40285
1.48597
1.49987
1.85124
2.15192
2.27095
2.44568
1.9985
1.8254
1.51391
1.67165
1.53318
1.73158
1.95318
2.10756
2.34084
2.33867
2.35821
2.35411
1.9828
1.84871
2.17277
2.19634
2.26404
2.39083
2.23603
1.63058
1.43717
1.55083
1.66031
1.66167
1.98105
2.2863
2.27673
2.17916
2.37551
2.25732
2.12946
2.2891
2.39076
2.21464
2.31603
2.01508
2.02367
1.91971
1.52996
1.41892
1.5367
1.71116
2.01509
1.84521
1.41719
1.47816
1.45268
1.49776
1.42759
1.73949
1.75719
1.9694
2.07945
2.14995
2.48391
2.17295
2.25656
2.03146
2.31205
