2.34624
2.45132
2.04776
1.99312
1.27531
1.44297
1.1177
1.04316
0.999907
1.10728
1.17458
1.23129
1.18267
1.37396
1.69769
1.9253
2.09312
2.11329
2.20376
2.44387
2.27189
1.9486
2.21163
2.0137
1.68879
1.51401
1.24951
1.27421
1.13694
1.16854
1.21903
1.41483
1.32695
1.34416
1.53211
1.67736
1.51791
1.8806
2.09765
2.31102
1.78908
1.62574
1.55365
1.44591
1.56889
1.74965
1.67363
2.1813
2.26203
2.33223
2.32281
2.08923
2.24415
2.04923
2.13676
2.02577
2.33949
2.15111
1.93083
1.55035
1.73273
1.49712
1.90466
1.69946
2.18824
2.48504
2.42171
2.36344
2.19475
2.28716
1.98265
2.35819
2.4371
1.99713
2.52514
2.06315
2.05937
1.65901
1.41451
1.4251
1.3306
1.53552
1.66499
1.85453
1.45993
1.50673
1.3155
1.40468
1.56159
1.51264
1.91872
2.09213
2.35832
2.33547
2.50304
2.41332
2.1282
1.81306
2.11939
