1.35912
1.68806
1.86518
1.6872
1.6074
1.51524
1.32602
1.23835
1.21214
1.29514
1.30368
1.3788
1.35752
1.62911
1.73326
1.89547
1.71523
1.93702
1.52602
2.38509
2.01006
1.73642
1.74371
1.9292
1.72957
1.666
1.5235
1.33769
1.34363
1.31577
1.31222
1.47661
1.53275
1.44293
1.57756
1.41954
1.68875
1.6388
1.59011
1.75339
1.76613
1.59671
1.34724
1.78802
1.58199
1.75071
1.72445
1.81414
1.73661
1.57382
1.93022
1.74265
1.45415
1.15202
1.18595
1.18486
1.24015
1.53064
1.68791
1.61404
1.45151
1.61742
1.55316
1.76226
1.80278
2.36582
2.06121
1.59405
1.37549
1.27663
1.21433
1.49265
1.82676
1.7821
1.64073
1.68389
1.68254
1.68278
1.57999
1.46453
1.57786
1.65988
1.53524
1.65677
1.39601
1.53697
1.58116
1.66754
1.48567
1.73901
2.05593
1.71536
1.6774
2.17292
1.86128
1.67198
1.75168
1.67846
1.78673
