1.35195
1.71457
1.77568
1.64775
1.59209
1.39413
1.29392
1.19948
1.16048
1.31458
1.35032
1.32327
1.3501
1.49225
1.55915
1.88418
1.75343
1.74612
1.52569
2.01996
1.70414
1.64895
1.76295
1.68676
1.56859
1.66936
1.53319
1.38993
1.34765
1.29131
1.36468
1.51958
1.40032
1.33809
1.47443
1.62072
1.74281
1.70516
1.63885
1.61928
1.75059
1.59907
1.55978
1.63648
1.60672
1.73546
1.54956
1.75005
1.99957
1.66979
1.69553
1.3415
1.13621
1.19172
1.20601
1.18535
1.54404
1.71736
1.65119
1.71847
1.66575
1.58227
1.59602
1.71429
2.16302
2.0827
1.78839
1.93289
2.01665
1.28675
1.43541
1.68638
1.64834
1.67538
1.80755
2.07154
1.8364
1.64237
1.51656
1.35538
1.41211
1.58337
1.62432
1.56476
1.53695
1.54217
1.50893
1.55389
1.42735
1.59841
1.68996
1.76503
1.91037
2.08079
1.90165
1.80149
1.68565
1.59553
1.73995
