1.28032
1.98514
1.94209
1.76831
1.45757
1.46326
1.34043
1.22883
1.1879
1.22525
1.34068
1.32018
1.3718
1.43551
1.63026
2.14247
1.78892
2.11987
1.49459
2.20121
1.71369
1.83431
1.69416
1.55082
1.83123
1.60251
1.35063
1.3699
1.29958
1.3158
1.4174
1.43438
1.49858
1.36261
1.38489
1.58665
1.68109
1.69373
1.85965
1.94817
1.7727
1.68459
1.63764
1.93238
1.71542
1.63592
1.59666
1.7277
1.75686
1.9026
1.50628
1.65388
1.44992
1.19806
1.39617
1.45605
1.3344
1.69604
1.80481
1.57736
1.73012
1.60732
1.73943
1.70244
1.75459
1.97433
1.93734
2.05212
1.5305
1.25642
1.32743
1.32099
1.5855
1.51913
1.73101
1.99305
1.96546
1.6337
1.66822
1.55783
1.43518
1.47207
1.63372
1.62743
1.43254
1.53838
1.57787
1.43039
1.61657
1.66246
1.67625
1.88185
2.00715
1.86714
1.7764
1.42907
1.86342
1.77393
1.6703
