1.26782
1.74627
1.70313
1.6782
1.61387
1.51283
1.3231
1.25811
1.22509
1.2586
1.34916
1.47103
1.4103
1.50162
1.73796
1.82986
1.9549
1.72914
2.11479
1.59488
2.09916
1.68657
1.75744
1.72579
1.681
1.63148
1.38977
1.43273
1.33121
1.39882
1.36071
1.39251
1.34543
1.53713
1.61155
1.61851
1.69226
1.73932
1.88814
2.15539
1.77321
1.70243
1.66733
1.67402
1.56718
1.62448
1.74298
1.71079
2.10113
1.6143
1.55404
1.30692
1.44288
1.17833
1.25162
1.19484
1.54383
1.69905
1.57776
1.92732
1.69591
1.72515
1.76603
1.59376
1.92417
1.80074
1.71521
1.80126
2.24
1.28806
1.34847
1.74639
1.53278
1.92692
1.7851
1.86395
1.69912
1.72793
1.58307
1.49169
1.55369
1.63246
1.5635
1.61646
1.52786
1.57508
1.48538
1.63355
1.45964
1.45473
1.79784
1.77869
1.76516
1.66938
1.61052
2.02342
1.92913
1.70684
1.70117
