1.48587
1.82138
1.77284
1.74222
1.56422
1.35257
1.3093
1.1828
1.19528
1.27464
1.36778
1.35424
1.38721
1.4989
1.6326
1.73444
1.70253
1.77405
1.97367
2.34183
1.81281
1.6589
1.88131
1.77241
1.64741
1.66676
1.55594
1.49379
1.32017
1.32189
1.37247
1.46465
1.38937
1.42508
1.65863
1.44326
1.6495
1.73397
1.641
1.87472
1.71455
1.7836
1.72693
1.74025
1.6585
1.72251
1.73174
1.84409
1.83996
2.19315
1.46441
1.44168
1.80675
1.19715
1.15821
1.19806
1.3213
1.79625
1.68437
2.01647
1.5781
1.57089
1.63643
1.6794
1.68683
1.82395
1.86175
1.70749
2.05139
1.33921
1.27399
1.60715
1.62977
1.95429
2.03112
1.76113
1.65339
1.67331
1.5174
1.64458
1.37928
1.59188
1.72042
1.66789
1.32516
1.42505
1.49137
1.59161
1.49891
1.6988
1.6302
1.72459
1.96687
1.81894
1.83019
1.53376
1.9359
1.75955
1.79257
