1.42617
1.84893
1.6193
1.70697
1.56624
1.41346
1.30376
1.25609
1.18565
1.28295
1.35408
1.32936
1.36887
1.58113
1.65834
2.17085
1.80435
1.74044
2.07862
1.76371
2.18831
1.80187
1.93618
2.13339
1.60873
1.60799
1.35481
1.37658
1.30326
1.28861
1.33894
1.37382
1.542
1.37359
1.51994
1.6107
1.67743
2.07486
2.02123
1.648
1.78015
1.43434
1.62564
1.64904
1.64803
1.66278
1.72738
1.89169
1.75866
1.77179
1.681
1.56383
1.31547
1.18435
1.08483
1.16019
1.54926
1.36774
1.67012
1.72734
1.54164
1.49123
1.70854
1.56628
1.84269
2.12252
1.65774
1.45845
1.32908
1.25586
1.31701
1.37045
1.6757
1.75666
2.15866
1.96868
1.68108
1.52751
1.47945
1.4678
1.53587
1.5106
1.69857
1.65979
1.55802
1.65907
1.46917
1.73782
1.57397
1.48398
1.79273
1.6585
1.84189
1.93956
1.56599
2.04425
1.67469
1.87423
1.77433
