2.41272
2.4404
1.83185
1.9569
1.52174
1.33712
1.19884
1.0986
1.03974
1.13246
1.2028
1.21546
1.22141
1.50659
1.50967
2.12521
2.25305
2.0917
2.27352
2.48326
2.33877
1.98303
2.41065
2.21713
1.69362
1.49459
1.42163
1.23355
1.14442
1.197
1.18461
1.4828
1.35071
1.29462
1.55807
1.50598
1.62024
2.01961
1.85885
2.27701
1.95596
1.5968
1.58777
1.58301
1.58916
1.64635
1.90775
2.01156
2.01227
2.11531
2.13611
2.10606
2.28515
2.14445
2.07461
2.13995
2.29511
2.05709
2.13193
1.71283
1.55853
1.56623
1.69963
1.6642
2.0966
2.22461
2.19713
2.41373
2.31623
2.26031
2.18775
2.41138
2.18986
2.45479
2.03423
2.13242
2.08194
1.63166
1.48635
1.45128
1.28077
1.40556
1.66809
1.71968
1.45283
1.36126
1.44752
1.48304
1.44183
1.58261
1.88869
2.0433
2.11102
2.49991
2.48602
2.50315
2.48414
1.89639
1.98024
