2.00253
1.74936
1.62405
1.64614
1.43015
1.34893
1.29817
1.19249
1.24902
1.28362
1.37616
1.36601
1.43958
1.36975
1.51494
1.78399
1.65244
1.96009
1.92761
1.58923
2.04233
1.81665
1.98602
1.80486
1.58925
1.86865
1.35423
1.32264
1.33896
1.39921
1.37398
1.37952
1.47216
1.48845
1.38583
1.49574
1.73447
1.83697
1.77036
1.99346
1.83449
1.74973
1.60933
1.56385
1.43525
1.78208
1.7595
1.80781
1.85205
2.14555
1.35197
1.50348
1.33654
1.2148
1.13943
1.21213
1.26931
1.75565
1.76818
1.51044
1.77653
1.53427
1.70293
1.78807
1.68791
1.7158
2.03276
1.74785
1.61133
1.35982
1.27894
1.50281
1.80284
1.78126
1.90059
2.21247
1.72313
1.77274
1.44577
1.4369
1.40608
1.58146
1.56068
1.59193
1.52786
1.44676
1.42839
1.58288
1.59802
1.67153
1.69251
1.70433
1.75763
2.39335
2.03657
1.71923
1.82688
1.87305
1.73299
