2.31679
2.44719
2.228
1.95674
1.47376
1.33013
1.11935
1.03021
0.899111
1.07166
1.13865
1.24057
1.253
1.57977
2.06642
2.20164
2.44136
2.52962
2.43702
2.21822
2.13439
1.94526
1.98864
1.80972
1.67538
1.50787
1.28318
1.16309
1.17152
1.16455
1.15228
1.31143
1.33872
1.45439
1.58095
1.50897
1.84129
1.7649
2.29951
2.45143
1.90957
1.8779
1.58748
1.55033
1.81334
1.67285
1.69555
1.98486
2.22063
2.3583
2.27538
2.09331
1.97416
1.92749
2.1963
1.93053
2.25022
2.14155
2.30994
1.69691
1.53566
1.53144
1.53377
1.87807
2.01121
1.99081
2.36016
2.23487
2.31051
2.24598
2.18358
2.30794
2.08071
2.10898
2.02119
2.39143
1.91803
1.84103
1.31816
1.46979
1.43972
1.45586
1.64633
1.70716
1.41229
1.48672
1.40006
1.4316
1.42327
1.52307
2.02807
1.88269
2.11723
2.30175
2.28084
2.43509
2.41254
1.96501
1.94319
