2.39065
2.07816
1.93557
1.93507
1.5678
1.36182
1.1235
1.05582
0.913706
1.08458
1.15955
1.18336
1.26732
1.38164
1.69464
1.95748
2.52604
2.43917
2.29358
2.46035
2.28745
2.05914
2.03253
2.23619
1.82921
1.49775
1.3227
1.25204
1.14344
1.17942
1.16842
1.26162
1.33068
1.54038
1.429
1.59478
1.47575
2.02047
2.26995
2.22
2.23623
1.76127
1.56837
1.53778
1.77441
1.90578
1.77677
1.79078
2.28869
2.19283
2.43491
2.30279
2.21958
2.08259
2.14637
2.06491
2.03084
2.29018
2.0924
1.57616
1.70063
1.62907
1.49851
1.86354
1.92322
1.93282
2.00178
2.46415
2.35774
2.1141
2.12993
2.39301
2.19174
2.39912
2.4699
1.94693
2.23293
1.68568
1.45876
1.44152
1.39891
1.33711
1.64543
1.82405
1.41531
1.48388
1.36142
1.58028
1.37126
1.6624
1.81968
2.12994
1.84422
2.09768
2.47129
2.41228
2.47455
1.76168
2.04747
