2.27504
2.38142
2.24383
1.74063
1.43804
1.39315
1.17927
1.10138
0.966916
1.13686
1.18473
1.20606
1.19174
1.43883
1.66883
1.8235
2.00345
2.50673
2.29362
2.19614
2.45579
2.07756
2.1825
2.0158
1.98975
1.75087
1.30182
1.22634
1.11543
1.20001
1.33745
1.41002
1.29819
1.36141
1.43708
1.55947
1.79652
2.07933
2.39712
2.04158
1.93045
1.89849
1.59325
1.63791
1.63387
1.6801
1.64061
1.98975
1.91255
2.25162
2.46556
2.09805
1.98811
1.86108
1.86348
2.12495
2.26826
2.39707
2.02255
1.7707
1.65222
1.54898
1.58396
1.54579
1.66287
1.96683
1.8568
2.24653
2.32753
2.19869
2.03213
2.26151
2.41111
2.27926
2.00962
2.02662
1.94871
1.82677
1.51251
1.45008
1.4161
1.46049
1.75192
1.72772
1.35444
1.61802
1.44856
1.47479
1.44031
1.7944
1.77253
2.05994
2.13134
2.14419
2.42822
2.44208
2.23308
1.93218
1.87907
