1.63893
1.77184
2.09264
1.76427
1.51423
1.4759
1.31914
1.26222
1.15016
1.27551
1.39663
1.37108
1.35002
1.48426
1.65811
1.83671
1.90504
2.01771
1.56535
1.80522
1.86019
1.83177
1.61627
1.75743
1.81296
1.62795
1.41677
1.33084
1.28233
1.3121
1.35389
1.47645
1.51608
1.53467
1.51899
1.64006
1.54962
1.77083
1.77161
1.83784
2.02137
1.75503
1.67295
1.61458
1.75359
1.59944
1.67856
1.67812
1.75949
1.76024
1.40779
1.68529
1.46687
1.19785
1.09647
1.10258
1.22345
1.44011
1.84389
1.64017
1.72126
1.58916
1.5205
1.68945
1.67006
1.83043
1.70502
1.80181
1.77861
1.16956
1.51596
1.5945
1.81322
2.21858
2.0525
1.71399
1.63824
1.94399
1.53556
1.49491
1.47121
1.46778
1.58679
1.61822
1.42153
1.68917
1.57301
1.667
1.5916
1.59296
1.6003
1.78314
1.73647
2.01252
1.48765
1.8873
1.85063
1.80288
1.69314
