1.75073
1.56914
1.87096
1.98773
1.61869
1.48006
1.3134
1.24629
1.24044
1.28439
1.33837
1.47889
1.4162
1.69508
1.63671
1.94056
1.98736
1.78508
1.8714
1.66799
2.05082
2.04357
1.80802
1.78733
1.67873
1.56706
1.51926
1.4308
1.28957
1.32878
1.38462
1.43693
1.58005
1.45333
1.60432
1.64179
1.48582
1.9577
1.65285
1.87919
2.06514
1.52218
1.68603
1.66213
1.49967
1.68385
1.96485
1.69053
1.94906
1.92312
2.04119
1.74537
1.45913
1.38282
1.26237
1.24837
1.56116
1.89985
1.95919
1.92656
1.50744
1.65919
1.67451
2.07769
1.73465
1.77954
1.80777
1.77871
1.45795
1.43424
1.22482
1.57501
1.54491
1.72184
1.92711
1.59949
1.66368
1.64507
1.66549
1.53029
1.57199
1.5428
1.55233
1.78084
1.41284
1.58263
1.51683
1.64477
1.3852
1.57318
1.54711
1.62454
1.75135
1.78712
1.93224
1.5299
2.01301
1.80843
1.67355
