11,4,101.41668535409079
10,4,100.0
10,4,114.86928383696457
9,4,100.0
9,4,100.0
8,4,100.0
8,4,477.33349447335877
7,4,100.0
7,4,100.0
6,4,100.0
6,4,322.9864001507134
5,4,157.22811266009649
5,4,271.9727093666014
4,4,133.17394442893257
4,4,144.36476276705713
3,4,370.92975134251697
3,4,127.8052546511638
2,4,323.98881257020037
2,4,348.39745102461046
1,4,372.5585591762531
1,4,100.0
0,4,100.0
0,4,194.64057175391238
-1,4,100.0
-1,4,316.6900983696984
-2,4,124.52941352874359
-2,4,100.0
-3,4,102.8790559388714
-3,4,100.0
-4,4,308.3291861044162
-4,4,311.15431142478104
-5,4,522.8667364804337
-5,4,168.8247513149945
-6,4,391.54973833162643
-6,4,100.0
-7,4,201.71224384398153
-7,4,100.0
-8,4,231.5172792613683
-8,4,271.77633420490986
-8,3,100.0
-8,3,169.23308456095597
-8,2,466.81609602893724
-8,2,100.0
-8,1,122.12191510422372
-8,1,100.0
-8,2,259.0590310524699
-8,2,100.0
-8,1,592.6436130019897
-8,1,100.0
-7,1,100.0
-7,1,152.28451380238636
-7,0,416.6562128025985
-7,0,100.0
-7,1,106.79526719087659
-7,1,100.0
-7,0,100.0
-7,0,126.85507531230448
-7,-1,100.0
-7,-1,303.6603044914808
-6,-1,139.46067164870647
-6,-1,100.0
-6,-2,264.9075103032905
-6,-2,236.92747445122393
-6,-3,100.0
-6,-3,342.9276081603001
-6,-4,100.0
-6,-4,489.5818592003285
-5,-4,458.02808298622654
-5,-4,100.0
-5,-5,420.0425525396794
-5,-5,155.4669325474436
-5,-4,100.0
-5,-4,118.8257084423451
-5,-5,138.32569451522892
-5,-5,100.0
-5,-6,100.0
-5,-6,328.217591188355
-5,-7,289.8783945120702
-5,-7,100.0
-5,-8,100.0
-5,-8,224.20456027235568
-4,-8,119.43700203926201
-4,-8,142.8312377160861
-3,-8,598.7766219016039
-3,-8,115.19996624540121
-3,-9,100.0
-3,-9,166.00787754928075
-3,-10,100.0
-3,-10,100.0
-3,-11,100.0
-3,-11,100.0
-4,-11,100.0
-4,-11,260.15771828195625
-4,-12,103.53173783132304
-4,-12,100.0
-3,-12,100.0
-3,-12,233.16439326247433
-2,-12,395.88620793593697
-2,-12,100.0
-2,-13,443.98325008480083
-2,-13,100.0
-1,-13,315.34674117527425
-1,-13,100.0
-1,-14,100.0
-1,-14,109.35644001565424
-1,-15,100.0
-1,-15,280.08271317624735
-1,-16,100.0
-1,-16,100.0
-1,-15,100.0
-1,-15,200.2452187718502
-1,-14,100.0
-1,-14,100.0
-1,-13,100.0
-1,-13,100.0
-1,-14,100.0
-1,-14,100.0
-1,-15,100.0
-1,-15,100.0
-1,-16,283.912955040379
-1,-16,100.0
-1,-17,100.0
-1,-17,142.50070894357856
-1,-18,100.0
-1,-18,394.4154348537267
-1,-17,100.0
-1,-17,100.0
0,-17,100.0
0,-17,100.0
0,-18,218.56255905105738
0,-18,100.0
0,-19,100.0
0,-19,100.0
0,-18,100.0
0,-18,136.7994158123288
0,-17,100.0
0,-17,100.0
0,-18,100.0
0,-18,100.0
0,-19,100.0
0,-19,100.0
0,-20,100.0
0,-20,100.0
0,-19,100.0
0,-19,217.25061506122353
-1,-19,100.0
-1,-19,190.3541149244627
0,-19,100.0
0,-19,100.0
1,-19,100.0
1,-19,100.0
2,-19,118.50375479077846
2,-19,100.0
2,-20,100.0
2,-20,100.0
2,-19,100.0
2,-19,100.0
1,-19,100.0
1,-19,100.0
1,-18,100.0
1,-18,100.0
1,-17,100.0
1,-17,205.45536850524655
2,-17,100.0
2,-17,100.0
2,-16,100.0
2,-16,145.2766248692449
3,-16,100.0
3,-16,100.0
4,-16,100.0
4,-16,100.0
3,-16,224.51183763422426
3,-16,100.0
4,-16,136.17896582854615
4,-16,100.0
5,-16,148.0026295008346
5,-16,100.0
6,-16,113.23474551575646
6,-16,136.08668848520364
7,-16,100.0
7,-16,100.0
8,-16,100.0
8,-16,109.4478420094764
9,-16,100.0
9,-16,100.0
10,-16,105.37029117928716
10,-16,100.0
11,-16,100.0
11,-16,100.0
12,-16,100.0
12,-16,100.0
12,-15,100.0
12,-15,100.0
11,-15,100.0
11,-15,100.0
10,-15,159.26524555998887
10,-15,100.0
10,-14,238.1425433599945
10,-14,100.0
10,-13,153.42852629735944
10,-13,128.49543825999524
9,-13,100.0
9,-13,100.0
10,-13,387.2693073418744
10,-13,100.0
9,-13,111.01898713579513
9,-13,100.0
8,-13,289.9226849135849
8,-13,192.10996888930367
7,-13,206.65226115305427
7,-13,158.52448375139156
6,-13,415.9069668454393
6,-13,154.8075756142008
5,-13,100.0
5,-13,409.8200216124103
4,-13,100.0
4,-13,100.0
3,-13,100.0
3,-13,100.0
2,-13,245.57537375457477
2,-13,299.6750477583288
3,-13,100.0
3,-13,100.0
3,-12,100.0
3,-12,100.0
2,-12,100.0
2,-12,179.35046099810882
3,-12,239.35674475857667
3,-12,100.0
2,-12,100.0
2,-12,100.0
1,-12,100.0
1,-12,100.0
0,-12,226.05046182955613
0,-12,335.71563736295434
-1,-12,100.0
-1,-12,330.61683934879386
-1,-11,196.61589140161232
-1,-11,486.47370993991444
-1,-10,250.60378833687037
-1,-10,131.18179016861467
-1,-9,100.0
-1,-9,100.0
0,-9,340.1468992520487
0,-9,100.0
-1,-9,479.14594123590166
-1,-9,245.2403569610293
-2,-9,278.1671556721388
-2,-9,154.6574511763966
-3,-9,379.5934397149908
-3,-9,100.0
-4,-9,174.1029467253813
-4,-9,100.0
-4,-8,152.41768273905635
-4,-8,100.0
-4,-9,400.39800705870454
-4,-9,100.0
-5,-9,100.0
-5,-9,120.21976453425006
-6,-9,100.0
-6,-9,210.21424833118365
-7,-9,130.92883609908284
-7,-9,294.9286862946448
-8,-9,276.1401135035695
-8,-9,109.63826662591867
-9,-9,174.21504668112237
-9,-9,100.0
-8,-9,565.4922080664621
-8,-9,172.94861977108621
-9,-9,100.0
-9,-9,100.0
-9,-8,100.0
-9,-8,100.0
-10,-8,109.20855444433386
-10,-8,153.99895313822282
-11,-8,100.0
-11,-8,100.0
-12,-8,109.08831820978699
-12,-8,100.0
-13,-8,100.0
-13,-8,209.50162974113385
-13,-7,100.0
-13,-7,100.0
-14,-7,100.0
-14,-7,100.0
-15,-7,198.9512399447189
-15,-7,100.0
-15,-6,100.0
-15,-6,100.0
-15,-5,100.0
-15,-5,240.75859282479132
-15,-6,319.48497373291343
-15,-6,142.71715074519267
-15,-5,100.0
-15,-5,210.7941202614333
-14,-5,100.0
-14,-5,100.0
-15,-5,207.66212846103764
-15,-5,161.0889040066027
-14,-5,260.82094365360496
-14,-5,100.0
-15,-5,100.0
-15,-5,100.0
-14,-5,100.0
-14,-5,202.25424038581764
-15,-5,358.06590219162075
-15,-5,251.52432888558312
-16,-5,144.9936508853456
-16,-5,100.0
-17,-5,100.0
-17,-5,100.0
-18,-5,100.0
-18,-5,100.0
-19,-5,100.0
-19,-5,100.0
-20,-5,100.0
-20,-5,100.0
-20,-4,100.0
-20,-4,100.0
-19,-4,100.0
-19,-4,100.0
-18,-4,100.0
-18,-4,100.0
-17,-4,100.0
-17,-4,100.0
-16,-4,100.0
-16,-4,100.0
-15,-4,148.4359087145686
-15,-4,100.0
-14,-4,100.0
-14,-4,147.66110855440257
-15,-4,100.0
-15,-4,182.26019180535437
-14,-4,100.0
-14,-4,271.4130850552586
-15,-4,129.86594890737587
-15,-4,100.0
-14,-4,100.0
-14,-4,100.0
-13,-4,100.0
-13,-4,100.0
-12,-4,100.0
-12,-4,100.0
-11,-4,114.91704727227153
-11,-4,100.0
-10,-4,100.0
-10,-4,100.0
-11,-4,100.0
-11,-4,100.0
-10,-4,100.0
-10,-4,100.0
-9,-4,100.0
-9,-4,100.0
-8,-4,289.7154074339504
-8,-4,255.9258288643397
-9,-4,109.3369966595774
-9,-4,255.51686513624549
-8,-4,100.0
-8,-4,416.08317559420965
-7,-4,100.0
-7,-4,122.0072891595074
-6,-4,100.0
-6,-4,100.0
-5,-4,100.0
-5,-4,179.85647214513006
-4,-4,100.0
-4,-4,338.85899446348594
-3,-4,396.2325121711831
-3,-4,100.0
-2,-4,525.2228176765016
-2,-4,100.0
-1,-4,358.2786418203208
-1,-4,100.0
0,-4,383.3398767013971
0,-4,283.7393202932071
1,-4,485.2834169790193
1,-4,100.0
2,-4,119.2610365809916
2,-4,100.0
2,-5,126.18413975052037
2,-5,101.80636918012719
2,-4,321.66297724029823
2,-4,100.0
2,-3,564.0604329845926
2,-3,305.4835711683148
2,-4,121.1309000784629
2,-4,313.1434169347256
2,-3,148.6843620890716
2,-3,290.4927626014855
2,-4,212.51313082457983
2,-4,249.30462236576776
2,-3,371.64061435486224
2,-3,100.0
2,-4,353.8749541457495
2,-4,100.0
2,-3,445.6053082080305
2,-3,549.4000778618716
2,-2,155.55723723088204
2,-2,389.2845810905871
3,-2,435.4072013505924
3,-2,100.0
3,-1,231.61289770427086
3,-1,100.0
3,0,283.96364877259884
3,0,193.0547515845371
4,0,414.3837514556815
4,0,126.63913758891402
4,1,100.0
4,1,424.4054901758943
4,2,111.54567941089206
4,2,323.3640165720665
4,1,144.7806492460036
4,1,132.7128897462929
4,0,100.0
4,0,265.9802291342365
4,-1,351.71701828773445
4,-1,173.46837121511257
4,0,137.75568711964738
4,0,206.78601487192861
4,1,100.0
4,1,165.06244924148848
4,2,159.50973132158464
4,2,488.9752991526424
4,3,303.475073481452
4,3,309.47633867564605
4,2,210.3012832823112
4,2,100.0
4,1,454.00933872917943
4,1,466.48877310439616
4,2,110.45765573379066
4,2,493.76084627184156
4,1,138.49733584456362
4,1,398.4177164374835
4,2,134.58502971097994
4,2,193.81562864236216
4,3,100.0
4,3,192.5891326363506
4,2,100.0
4,2,585.8919795372533
4,3,441.9485099303964
4,3,222.24215057121026
4,4,341.68198439985827
4,4,100.0
4,5,418.22612970473267
4,5,100.0
4,6,137.608823557507
4,6,100.0
4,5,267.2772043264045
4,5,120.28619370652837
4,6,100.0
4,6,542.5046599410626
4,7,279.72165849129306
4,7,100.0
4,6,266.0784224907553
4,6,173.93590312985512
4,5,100.0
4,5,183.4542392711545
4,6,100.0
4,6,228.05739681942617
4,7,100.0
4,7,509.2267031024952
4,8,100.0
4,8,282.43555438874455
4,9,377.13765779395624
4,9,100.0
3,9,100.0
3,9,494.71771758945056
3,10,257.4743737085626
3,10,150.47438879529167
3,11,374.64019715781893
3,11,100.0
3,12,233.4710260684581
3,12,256.5670508803701
3,13,100.0
3,13,308.4403880731835
3,12,100.0
3,12,100.0
3,13,206.28436372934567
3,13,149.7888877161607
2,13,100.0
2,13,100.0
2,14,100.0
2,14,100.0
2,15,100.0
2,15,100.0
1,15,100.0
1,15,100.0
1,16,100.0
1,16,100.0
1,17,100.0
1,17,100.0
0,17,100.0
0,17,100.0
0,18,100.0
0,18,100.0
0,19,193.25954810428132
0,19,100.0
0,18,100.0
0,18,387.52173220199035
0,19,100.0
