11,4,181.63938673194772
10,4,100.0
10,4,198.4506067900323
9,4,500.1904577653139
9,4,100.0
8,4,100.0
8,4,100.0
7,4,111.88800617643325
7,4,100.0
6,4,190.8810920219692
6,4,402.52608054841124
5,4,100.0
5,4,211.32624716229813
4,4,100.0
4,4,100.0
3,4,102.81487413733609
3,4,191.0605536358215
2,4,204.48945840015833
2,4,100.0
1,4,100.0
1,4,113.6105461329058
0,4,103.2362419666421
0,4,183.94365989756392
-1,4,100.0
-1,4,203.77144956998455
-2,4,458.11624525871196
-2,4,100.0
-3,4,531.3674083529753
-3,4,666.699561138835
-4,4,634.3024118369797
-4,4,172.89293922376083
-5,4,237.53263760898307
-5,4,327.80897439704677
-6,4,280.7338607383619
-6,4,384.2874450823983
-7,4,100.0
-7,4,362.8003617953009
-8,4,100.0
-8,4,502.83615444687075
-8,3,100.0
-8,3,411.94096419833784
-8,2,224.81206588153455
-8,2,100.0
-8,1,122.57303897473724
-8,1,159.49942333510887
-8,2,100.0
-8,2,224.84513976122633
-8,1,187.36564702851402
-8,1,100.0
-7,1,100.0
-7,1,100.0
-7,0,100.0
-7,0,288.2093741882213
-7,1,100.0
-7,1,100.0
-7,0,138.23712154945846
-7,0,380.0104083704274
-7,-1,322.0957565708329
-7,-1,383.9455616895191
-6,-1,231.37351725052127
-6,-1,325.7507951365918
-6,-2,100.0
-6,-2,112.34170792840587
-6,-3,100.0
-6,-3,100.0
-6,-4,206.53340524554267
-6,-4,100.0
-5,-4,310.1858153959507
-5,-4,236.5817423744689
-5,-5,100.0
-5,-5,100.0
-5,-4,317.85045662074873
-5,-4,566.0194231008311
-5,-5,100.0
-5,-5,100.0
-5,-6,100.0
-5,-6,159.73212893818263
-5,-7,339.2519097590538
-5,-7,175.18286635695426
-5,-8,281.5378033319493
-5,-8,100.0
-4,-8,100.0
-4,-8,100.0
-3,-8,100.0
-3,-8,804.1695071292594
-3,-9,392.98914022224795
-3,-9,100.0
-3,-10,118.10570703971715
-3,-10,100.0
-3,-11,100.0
-3,-11,346.43104695882823
-4,-11,100.0
-4,-11,100.0
-4,-12,100.0
-4,-12,100.0
-3,-12,248.44783780185875
-3,-12,100.0
-2,-12,127.0979139049025
-2,-12,155.22546249771244
-2,-13,100.0
-2,-13,100.0
-1,-13,215.3820566286493
-1,-13,100.0
-1,-14,100.0
-1,-14,100.0
-1,-15,100.0
-1,-15,107.40866176352901
-1,-16,100.0
-1,-16,100.0
-1,-15,200.79447027673186
-1,-15,231.38475623032562
-1,-14,100.0
-1,-14,100.0
-1,-13,184.52909877251597
-1,-13,208.6600735861254
-1,-14,248.56863841703085
-1,-14,370.5336995893267
-1,-15,100.0
-1,-15,100.0
-1,-16,138.49530738920745
-1,-16,100.0
-1,-17,100.0
-1,-17,100.0
-1,-18,100.0
-1,-18,100.0
-1,-17,100.0
-1,-17,241.310477302365
0,-17,326.1972457992632
0,-17,229.823973301575
0,-18,100.0
0,-18,100.0
0,-19,100.0
0,-19,100.0
0,-18,320.7868762080632
0,-18,100.0
0,-17,100.0
0,-17,100.0
0,-18,100.0
0,-18,100.0
0,-19,100.0
0,-19,100.0
0,-20,100.0
0,-20,100.0
0,-19,100.0
0,-19,100.0
-1,-19,100.0
-1,-19,242.9738023647392
0,-19,100.0
0,-19,100.0
1,-19,100.0
1,-19,100.0
2,-19,100.0
2,-19,100.0
2,-20,100.0
2,-20,100.0
2,-19,272.7667895682458
2,-19,100.0
1,-19,100.0
1,-19,100.0
1,-18,100.0
1,-18,100.0
1,-17,261.84003351562205
1,-17,100.0
2,-17,100.0
2,-17,100.0
2,-16,208.56963871650822
2,-16,100.0
3,-16,100.0
3,-16,100.0
4,-16,168.19901759007232
4,-16,164.0893793956346
3,-16,100.0
3,-16,145.75631651379294
4,-16,122.65529861769944
4,-16,100.0
5,-16,100.0
5,-16,469.6583618999849
6,-16,100.0
6,-16,100.0
7,-16,100.0
7,-16,100.0
8,-16,100.0
8,-16,100.0
9,-16,273.5890962518411
9,-16,100.0
10,-16,100.0
10,-16,100.0
11,-16,103.80980729476077
11,-16,100.0
12,-16,100.0
12,-16,100.0
12,-15,100.0
12,-15,100.0
11,-15,100.0
11,-15,113.2329453534007
10,-15,100.0
10,-15,100.0
10,-14,100.0
10,-14,157.2549106739403
10,-13,100.0
10,-13,100.0
9,-13,100.0
9,-13,100.0
10,-13,259.5335845798455
10,-13,367.68316602508673
9,-13,187.9515867622867
9,-13,100.0
8,-13,100.0
8,-13,100.0
7,-13,100.0
7,-13,100.0
6,-13,297.08017230100995
6,-13,100.0
5,-13,100.0
5,-13,118.87136983964272
4,-13,100.0
4,-13,100.0
3,-13,345.0661352531597
3,-13,235.3024074468537
2,-13,426.02564526981723
2,-13,207.9789039664402
3,-13,100.0
3,-13,130.30481442158708
3,-12,100.0
3,-12,100.0
2,-12,185.77838178221856
2,-12,100.0
3,-12,113.83824132122088
3,-12,100.0
2,-12,193.96322803353956
2,-12,107.57533765508005
1,-12,399.98836679404684
1,-12,100.0
0,-12,430.9647702102077
0,-12,102.7698920804386
-1,-12,197.12132498820418
-1,-12,100.0
-1,-11,100.0
-1,-11,130.86261415526752
-1,-10,100.0
-1,-10,246.35522037187738
-1,-9,331.9791761969119
-1,-9,429.90035951182074
0,-9,164.69667067441696
0,-9,235.06606366008444
-1,-9,129.48918351804932
-1,-9,100.0
-2,-9,599.4168087218803
-2,-9,291.21128575544054
-3,-9,353.23890361624717
-3,-9,101.03322785359973
-4,-9,114.25107154258654
-4,-9,100.0
-4,-8,124.89966546491364
-4,-8,100.0
-4,-9,100.0
-4,-9,292.1274692048867
-5,-9,100.0
-5,-9,100.0
-6,-9,336.10407739228435
-6,-9,100.0
-7,-9,435.55625413364356
-7,-9,100.0
-8,-9,208.4604723959181
-8,-9,100.0
-9,-9,307.23098392059705
-9,-9,153.4311211801883
-8,-9,179.47357872024182
-8,-9,132.33859762598343
-9,-9,211.91478980741982
-9,-9,108.9050513226999
-9,-8,100.0
-9,-8,322.73371553632677
-10,-8,150.6680596086877
-10,-8,157.59287191027715
-11,-8,100.0
-11,-8,178.06640518868704
-12,-8,100.0
-12,-8,160.43816590844483
-13,-8,343.94561679846646
-13,-8,164.84011853477887
-13,-7,100.0
-13,-7,100.0
-14,-7,100.0
-14,-7,100.0
-15,-7,100.0
-15,-7,162.54826892301094
-15,-6,341.10929588507884
-15,-6,369.54819180889893
-15,-5,100.0
-15,-5,100.0
-15,-6,103.8930193537618
-15,-6,100.0
-15,-5,100.0
-15,-5,243.39927180090422
-14,-5,167.36458603749
-14,-5,221.421616823868
-15,-5,409.7930442379905
-15,-5,100.0
-14,-5,100.0
-14,-5,100.0
-15,-5,100.0
-15,-5,100.0
-14,-5,100.0
-14,-5,100.0
-15,-5,100.0
-15,-5,100.0
-16,-5,100.0
-16,-5,202.691396713955
-17,-5,100.0
-17,-5,112.50839288569053
-18,-5,100.0
-18,-5,118.38726858785395
-19,-5,235.74209914602946
-19,-5,100.0
-20,-5,168.02574371347959
-20,-5,100.0
-20,-4,100.0
-20,-4,100.0
-19,-4,100.0
-19,-4,117.18423980100783
-18,-4,100.0
-18,-4,110.02309316850719
-17,-4,100.0
-17,-4,100.0
-16,-4,129.17110725327956
-16,-4,100.0
-15,-4,100.0
-15,-4,100.0
-14,-4,100.0
-14,-4,100.0
-15,-4,100.0
-15,-4,100.0
-14,-4,100.0
-14,-4,207.20099450308413
-15,-4,100.0
-15,-4,354.93493956597615
-14,-4,100.0
-14,-4,221.15058478101176
-13,-4,214.03205831791558
-13,-4,144.80234600985594
-12,-4,100.0
-12,-4,100.0
-11,-4,100.0
-11,-4,100.0
-10,-4,348.5254575085795
-10,-4,196.6094763525346
-11,-4,100.0
-11,-4,100.0
-10,-4,100.0
-10,-4,395.0504693485334
-9,-4,100.0
-9,-4,100.0
-8,-4,305.87601011887983
-8,-4,348.8601805108858
-9,-4,280.83979654872985
-9,-4,100.0
-8,-4,100.0
-8,-4,204.51268461736345
-7,-4,298.48261879654444
-7,-4,318.5811564417934
-6,-4,288.874135596447
-6,-4,368.72421262489706
-5,-4,612.9454462324479
-5,-4,100.0
-4,-4,100.0
-4,-4,187.45649794880893
-3,-4,100.0
-3,-4,100.0
-2,-4,124.43156138441827
-2,-4,477.4039319716555
-1,-4,352.62632959535654
-1,-4,111.14710168450134
0,-4,443.78356130553504
0,-4,100.0
1,-4,100.0
1,-4,266.81848514655604
2,-4,100.0
2,-4,282.9218697154362
2,-5,134.24685321733068
2,-5,255.58082521451576
2,-4,100.0
2,-4,238.35861729295087
2,-3,503.2003474773678
2,-3,337.78013404168246
2,-4,100.0
2,-4,248.3907856593391
2,-3,481.70193361602
2,-3,340.65230408231145
2,-4,544.2098239228802
2,-4,303.22933235146115
2,-3,644.1405577807636
2,-3,376.31355994174135
2,-4,335.47176705295794
2,-4,100.0
2,-3,100.96652571969506
2,-3,339.2432056755512
2,-2,130.14215533304838
2,-2,185.7623536756132
3,-2,360.7297106575623
3,-2,270.0220490997048
3,-1,372.93405403780247
3,-1,172.05721318149082
3,0,492.3783894593497
3,0,289.82700851253935
4,0,267.81994591487694
4,0,203.48338286360007
4,1,378.0660312906638
4,1,152.10972461244089
4,2,130.7430046703905
4,2,200.76614661973178
4,1,179.4722842728337
4,1,100.0
4,0,100.0
4,0,237.8463826150944
4,-1,100.0
4,-1,190.4172232496084
4,0,180.14915308792945
4,0,156.94887651032826
4,1,337.2203884390698
4,1,586.3401915245313
4,2,209.68584610478507
4,2,100.0
4,3,369.21272541289056
4,3,360.7571705084095
4,2,190.0649049455236
4,2,119.48549658553611
4,1,133.2319777266402
4,1,100.0
4,2,110.2050819190683
4,2,331.0115668183947
4,1,175.6244783024801
4,1,160.87399913425514
4,2,359.78713269883013
4,2,241.11006463775286
4,3,276.8687136091641
4,3,110.96251680775437
4,2,280.3321751818376
4,2,100.0
4,3,100.0
4,3,368.7406563891444
4,4,126.13298670668428
4,4,420.2874723058916
4,5,133.23920592678115
4,5,100.0
4,6,513.0627989016584
4,6,161.0544100560532
4,5,100.88939426267368
4,5,100.0
4,6,413.3799499482887
4,6,322.90910318793294
4,7,178.5918352701649
4,7,110.03759745570925
4,6,100.0
4,6,103.82732094698977
4,5,107.04864887707603
4,5,100.0
4,6,100.0
4,6,100.0
4,7,108.69567362354285
4,7,322.21755157502446
4,8,160.1568542348746
4,8,124.18944551822113
4,9,274.84536403577215
4,9,177.68595672709674
3,9,100.0
3,9,100.0
3,10,129.22457248984915
3,10,100.0
3,11,141.7436904324892
3,11,100.0
3,12,290.33276327603505
3,12,100.0
3,13,217.72709894266967
3,13,111.3805096473919
3,12,360.3658368280802
3,12,120.35052707245336
3,13,100.0
3,13,100.0
2,13,100.0
2,13,100.0
2,14,100.0
2,14,100.0
2,15,100.0
2,15,100.0
1,15,104.71148114052585
1,15,100.0
1,16,100.0
1,16,367.57621968026604
1,17,324.0760381982656
1,17,100.0
0,17,100.0
0,17,100.0
0,18,100.0
0,18,100.0
0,19,100.0
0,19,100.0
0,18,100.0
0,18,100.0
0,19,100.0
