11,4,114.11139123263985
11,4,50.0
10,4,50.0
10,4,102.5531265763972
10,4,50.0
9,4,144.47807106856231
9,4,216.97440556752449
9,4,50.0
8,4,189.2166047744161
8,4,145.71132677527763
8,4,50.0
7,4,109.22540980600786
7,4,151.5685834434422
7,4,86.4697862411133
6,4,67.64236283571698
6,4,156.3648608834918
6,4,55.44052420732467
5,4,50.0
5,4,207.37512729778092
5,4,218.96360299925527
4,4,127.5516195391911
4,4,102.21620401310024
4,4,311.20816557418726
3,4,50.0
3,4,56.53128726540578
3,4,50.0
2,4,214.81046572967222
2,4,64.07897250352146
2,4,102.18280254013555
1,4,99.43221988795695
1,4,196.05616706631918
1,4,78.25530435774967
0,4,50.0
0,4,345.353019520533
0,4,50.0
-1,4,50.0
-1,4,156.47686280820116
-1,4,50.0
-2,4,211.63933034127075
-2,4,108.16159216395792
-2,4,163.1805983036617
-3,4,120.00549591271654
-3,4,66.55674854046626
-3,4,229.95708760974247
-4,4,67.72219354814857
-4,4,121.8382252786055
-4,4,193.06698577178213
-5,4,96.23240909655202
-5,4,104.74841753811984
-5,4,50.0
-6,4,167.96972857313492
-6,4,241.60107374634885
-6,4,258.230546129947
-7,4,50.0
-7,4,50.0
-7,4,162.50219539006298
-8,4,208.8158733230339
-8,4,72.67583666098662
-8,4,50.0
-8,3,50.0
-8,3,93.3266674529385
-8,3,50.0
-8,2,73.07454609489297
-8,2,50.0
-8,2,293.8547246732893
-8,1,95.21359796887342
-8,1,168.29678512657082
-8,1,58.01275878563479
-8,2,50.0
-8,2,50.0
-8,2,238.07461900358084
-8,1,103.98728066691982
-8,1,50.46492834818625
-8,1,93.15908608030283
-7,1,119.40988488981387
-7,1,164.0304224841999
-7,1,121.19509590050137
-7,0,100.18467627236163
-7,0,109.13061334209434
-7,0,220.6239027439899
-7,1,227.9428519939458
-7,1,107.38395904507396
-7,1,50.0
-7,0,50.0
-7,0,83.01837819309723
-7,0,50.0
-7,-1,76.20041358714506
-7,-1,68.35708765763326
-7,-1,89.10915970638115
-6,-1,207.44050131790317
-6,-1,50.0
-6,-1,315.6312664800461
-6,-2,259.2694020787329
-6,-2,262.4256695338356
-6,-2,270.45541775066386
-6,-3,162.80176710506484
-6,-3,114.8058714155994
-6,-3,177.42917364911307
-6,-4,50.02092393630376
-6,-4,347.6528493486096
-6,-4,131.81662282669387
-5,-4,101.93613367619903
-5,-4,50.0
-5,-4,50.0
-5,-5,123.80377645112341
-5,-5,82.12859935796514
-5,-5,50.0
-5,-4,50.0
-5,-4,93.82448900600384
-5,-4,91.64715864605323
-5,-5,50.0
-5,-5,50.0
-5,-5,107.11120784816939
-5,-6,50.0
-5,-6,55.09173299285335
-5,-6,75.72505218603
-5,-7,50.0
-5,-7,203.64377671861246
-5,-7,236.16799636393785
-5,-8,50.0
-5,-8,188.65084448676282
-5,-8,50.0
-4,-8,137.34620109493227
-4,-8,97.59984379494827
-4,-8,147.60444375314893
-3,-8,221.399577920083
-3,-8,50.0
-3,-8,239.02470738557494
-3,-9,130.03830419307872
-3,-9,50.0
-3,-9,115.91422476354123
-3,-10,97.17652921421953
-3,-10,50.0
-3,-10,298.05558709341466
-3,-11,271.97521555754884
-3,-11,130.7363633491438
-3,-11,184.03210016898322
-4,-11,80.5761628843157
-4,-11,100.65843278080479
-4,-11,50.0
-4,-12,79.15462645811901
-4,-12,50.0
-4,-12,54.45026177801346
-3,-12,50.0
-3,-12,50.0
-3,-12,50.0
-2,-12,195.93209295271424
-2,-12,64.82163863150866
-2,-12,50.0
-2,-13,118.53392324031157
-2,-13,260.7569130146435
-2,-13,176.4796795725468
-1,-13,50.0
-1,-13,54.1525914495589
-1,-13,137.89472871180675
-1,-14,50.0
-1,-14,50.0
-1,-14,50.0
-1,-15,50.0
-1,-15,50.0
-1,-15,50.0
-1,-16,50.0
-1,-16,50.0
-1,-16,50.0
-1,-15,50.0
-1,-15,50.0
-1,-15,74.88709261909435
-1,-14,50.0
-1,-14,174.44319494922837
-1,-14,119.72651379929667
-1,-13,55.499293949040855
-1,-13,50.0
-1,-13,50.0
-1,-14,111.68940332948766
-1,-14,66.52319098543813
-1,-14,50.0
-1,-15,84.96036231558998
-1,-15,50.0
-1,-15,140.84573813443834
-1,-16,50.0
-1,-16,50.0
-1,-16,50.0
-1,-17,50.0
-1,-17,123.12481322705233
-1,-17,217.0873706692385
-1,-18,50.0
-1,-18,50.0
-1,-18,50.0
-1,-17,50.0
-1,-17,55.269481235029176
-1,-17,86.00425253521533
0,-17,50.0
0,-17,50.0
0,-17,50.0
0,-18,50.0
0,-18,50.0
0,-18,216.40260003134995
0,-19,50.0
0,-19,50.0
0,-19,50.0
0,-18,50.0
0,-18,50.0
0,-18,65.00077527932515
0,-17,50.0
0,-17,50.0
0,-17,81.25395607037794
0,-18,192.89154705837907
0,-18,50.0
0,-18,50.0
0,-19,50.0
0,-19,50.0
0,-19,166.63596063901906
0,-20,139.0169178491736
0,-20,50.0
0,-20,231.36221697675012
0,-19,63.49002662649201
0,-19,160.333652520038
0,-19,50.0
-1,-19,50.0
-1,-19,50.0
-1,-19,50.0
0,-19,65.28777750624647
0,-19,50.0
0,-19,50.0
1,-19,207.69364122989882
1,-19,50.0
1,-19,59.13280643357039
2,-19,50.0
2,-19,50.0
2,-19,50.0
2,-20,50.0
2,-20,50.0
2,-20,50.0
2,-19,50.0
2,-19,50.0
2,-19,50.0
1,-19,83.77331338607885
1,-19,50.0
1,-19,51.09088322009522
1,-18,50.0
1,-18,75.71342114724828
1,-18,50.0
1,-17,50.0
1,-17,50.0
1,-17,50.0
2,-17,124.70047397394983
2,-17,50.0
2,-17,50.0
2,-16,50.0
2,-16,50.0
2,-16,90.1047048493893
3,-16,50.0
3,-16,91.75210506016346
3,-16,50.0
4,-16,51.32200173643188
4,-16,54.55865614409279
4,-16,50.0
3,-16,50.0
3,-16,50.0
3,-16,50.0
4,-16,216.37035808166274
4,-16,50.0
4,-16,50.0
5,-16,50.0
5,-16,50.0
5,-16,76.08480362795581
6,-16,116.86746463995887
6,-16,50.0
6,-16,50.0
7,-16,50.0
7,-16,97.88829460533306
7,-16,163.57747119407205
8,-16,50.0
8,-16,50.0
8,-16,92.73784348978863
9,-16,50.0
9,-16,59.9555896066356
9,-16,50.0
10,-16,50.0
10,-16,50.0
10,-16,50.0
11,-16,50.0
11,-16,50.0
11,-16,50.0
12,-16,50.0
12,-16,50.0
12,-16,50.0
12,-15,72.05667320376071
12,-15,50.0
12,-15,50.0
11,-15,50.0
11,-15,50.0
11,-15,50.0
10,-15,50.0
10,-15,50.0
10,-15,50.0
10,-14,77.8478462796509
10,-14,50.0
10,-14,50.0
10,-13,50.0
10,-13,50.0
10,-13,50.0
9,-13,180.9248071157365
9,-13,50.0
9,-13,106.99321852553503
10,-13,50.0
10,-13,50.0
10,-13,50.0
9,-13,50.0
9,-13,126.13090161289544
9,-13,50.0
8,-13,98.90244654841283
8,-13,50.0
8,-13,70.54613068203199
7,-13,106.58472520302124
7,-13,75.12476839062123
7,-13,50.0
6,-13,50.0
6,-13,50.0
6,-13,50.0
5,-13,158.48163332126063
5,-13,101.81377217453377
5,-13,50.0
4,-13,50.0
4,-13,50.0
4,-13,131.818706829359
3,-13,50.0
3,-13,51.488742253273976
3,-13,50.0
2,-13,122.19413507277778
2,-13,50.0
2,-13,50.0
3,-13,50.0
3,-13,75.31542837373007
3,-13,50.0
3,-12,50.0
3,-12,60.876478605071256
3,-12,50.0
2,-12,238.18470468788655
2,-12,70.17417245527139
2,-12,50.0
3,-12,119.88724005150752
3,-12,80.95799607440337
3,-12,66.74613619340705
2,-12,72.63777192976823
2,-12,55.14192195914379
2,-12,78.9332128505047
1,-12,50.0
1,-12,234.2186834540893
1,-12,82.15304831937547
0,-12,50.0
0,-12,64.44339456615089
0,-12,64.08438974450334
-1,-12,104.26736126625549
-1,-12,71.95406090583614
-1,-12,50.0
-1,-11,50.0
-1,-11,243.39556304534966
-1,-11,119.78797054492827
-1,-10,55.63709093448312
-1,-10,103.99549340474613
-1,-10,149.71836205950973
-1,-9,82.64282543204601
-1,-9,171.90203867870838
-1,-9,203.52137227816576
0,-9,50.0
0,-9,200.27140988948184
0,-9,50.0
-1,-9,93.6434981527998
-1,-9,83.21710986573729
-1,-9,50.0
-2,-9,50.0
-2,-9,115.34770838970175
-2,-9,50.0
-3,-9,50.0
-3,-9,55.84056210292267
-3,-9,50.0
-4,-9,50.0
-4,-9,89.0935281720341
-4,-9,159.42899006329566
-4,-8,113.07587853408292
-4,-8,183.09549656245252
-4,-8,114.79333816911159
-4,-9,50.0
-4,-9,50.0
-4,-9,53.77635009741654
-5,-9,50.0
-5,-9,322.0485101689542
-5,-9,50.0
-6,-9,50.0
-6,-9,50.0
-6,-9,50.0
-7,-9,50.0
-7,-9,90.71328523506571
-7,-9,64.85385360631783
-8,-9,50.0
-8,-9,71.27941895101547
-8,-9,50.0
-9,-9,50.0
-9,-9,67.179760424925
-9,-9,53.691257340597495
-8,-9,50.0
-8,-9,50.0
-8,-9,50.0
-9,-9,210.89758241862955
-9,-9,50.0
-9,-9,176.83259976924933
-9,-8,50.0
-9,-8,50.0
-9,-8,50.0
-10,-8,50.0
-10,-8,60.54544267013772
-10,-8,245.11058280701562
-11,-8,50.0
-11,-8,50.0
-11,-8,95.95132735084157
-12,-8,104.4009227506319
-12,-8,50.0
-12,-8,50.0
-13,-8,50.0
-13,-8,50.0
-13,-8,93.17740942441623
-13,-7,50.0
-13,-7,50.0
-13,-7,52.30574422028502
-14,-7,85.91012879390968
-14,-7,50.0
-14,-7,50.0
-15,-7,50.0
-15,-7,50.0
-15,-7,137.19486510332013
-15,-6,50.0
-15,-6,50.0
-15,-6,178.37112643033797
-15,-5,50.0
-15,-5,61.00603568245302
-15,-5,145.27438421864247
-15,-6,50.0
-15,-6,50.0
-15,-6,50.0
-15,-5,50.0
-15,-5,90.94564001369395
-15,-5,94.27278337275597
-14,-5,50.0
-14,-5,90.61007808153461
-14,-5,50.0
-15,-5,134.11023535830643
-15,-5,50.0
-15,-5,50.0
-14,-5,79.79280458336999
-14,-5,50.0
-14,-5,50.0
-15,-5,80.25921793916339
-15,-5,50.0
-15,-5,50.0
-14,-5,50.0
-14,-5,50.0
-14,-5,50.0
-15,-5,103.32701896073937
-15,-5,113.23497871436888
-15,-5,50.0
-16,-5,50.0
-16,-5,50.0
-16,-5,81.24506530395928
-17,-5,59.09372936289845
-17,-5,50.0
-17,-5,50.0
-18,-5,50.0
-18,-5,86.49432809637969
-18,-5,50.0
-19,-5,50.0
-19,-5,50.0
-19,-5,50.0
-20,-5,52.70908773459044
-20,-5,50.0
-20,-5,50.0
-20,-4,50.0
-20,-4,50.0
-20,-4,180.7107314958371
-19,-4,50.0
-19,-4,50.0
-19,-4,50.0
-18,-4,50.0
-18,-4,50.0
-18,-4,50.0
-17,-4,50.0
-17,-4,50.0
-17,-4,50.0
-16,-4,50.0
-16,-4,50.0
-16,-4,193.22155827518336
-15,-4,50.0
-15,-4,50.0
-15,-4,50.0
-14,-4,50.0
-14,-4,50.0
-14,-4,55.17799632672563
-15,-4,80.06593150642264
-15,-4,51.908617959677294
-15,-4,50.0
-14,-4,50.0
-14,-4,50.0
-14,-4,50.0
-15,-4,50.0
-15,-4,50.0
-15,-4,61.342348552879756
-14,-4,50.0
-14,-4,50.0
-14,-4,50.0
-13,-4,68.42856191269597
-13,-4,105.12701841982462
-13,-4,50.0
-12,-4,73.41120886671064
-12,-4,50.0
-12,-4,130.29823543218717
-11,-4,50.0
-11,-4,50.0
-11,-4,165.66041846066474
-10,-4,102.46920701490464
-10,-4,156.61332117071169
-10,-4,103.41927406675778
-11,-4,50.0
-11,-4,50.0
-11,-4,121.65591704556623
-10,-4,50.0
-10,-4,99.98044841942001
-10,-4,90.31305178900533
-9,-4,166.5214860690064
-9,-4,50.0
-9,-4,59.056265449375545
-8,-4,62.42170113984552
-8,-4,50.0
-8,-4,63.13388888195291
-9,-4,73.54049536225281
-9,-4,135.80882937590968
-9,-4,50.0
-8,-4,50.0
-8,-4,355.0685473544298
-8,-4,126.73672366095866
-7,-4,70.8376181273292
-7,-4,100.0977654637429
-7,-4,134.69668128246056
-6,-4,172.32515106749742
-6,-4,73.2708360199186
-6,-4,50.0
-5,-4,50.0
-5,-4,113.68447295515556
-5,-4,61.84358576107053
-4,-4,133.56191837087448
-4,-4,123.28102305774644
-4,-4,137.53208118671296
-3,-4,76.2009308484251
-3,-4,170.77012103312495
-3,-4,507.04212183870425
-2,-4,404.30578154317305
-2,-4,174.56324320077476
-2,-4,50.0
-1,-4,50.0
-1,-4,50.0
-1,-4,129.4878799815959
0,-4,175.08197744469464
0,-4,120.17034061692644
0,-4,207.2161639716462
1,-4,143.96345401496876
1,-4,57.46735083515397
1,-4,142.52477125159888
2,-4,70.18983866953673
2,-4,50.0
2,-4,50.0
2,-5,50.0
2,-5,50.0
2,-5,89.85601415165826
2,-4,100.25926677328601
2,-4,247.35999730639884
2,-4,50.0
2,-3,128.56136643123986
2,-3,68.42584546294418
2,-3,53.81521470443943
2,-4,129.8600313269909
2,-4,50.0
2,-4,102.2516322321432
2,-3,76.34655326610051
2,-3,108.18169626718779
2,-3,50.0
2,-4,223.8893505923365
2,-4,50.0
2,-4,171.57940589918127
2,-3,50.0
2,-3,176.69961833134604
2,-3,60.79508082944935
2,-4,150.53943799800513
2,-4,124.26497821368015
2,-4,103.04275363515818
2,-3,241.21189404756913
2,-3,213.76182429780178
2,-3,146.58126743623026
2,-2,72.08288382735226
2,-2,63.51180061763908
2,-2,189.583216230481
3,-2,105.27754637046877
3,-2,116.34496538752165
3,-2,84.31920704762003
3,-1,117.0420694008403
3,-1,95.61174754311249
3,-1,218.84624196171353
3,0,214.1631976301787
3,0,151.80317642754392
3,0,176.97989879374865
4,0,297.066570527099
4,0,123.12093050229288
4,0,199.3370834125189
4,1,165.5671449277469
4,1,199.84497755725542
4,1,164.4941061245248
4,2,260.5080865158444
4,2,398.8093991593217
4,2,251.9559100070188
4,1,273.5213064333093
4,1,338.7267092296804
4,1,191.18383167185158
4,0,386.15695920991004
4,0,133.8283968559649
4,0,166.48289487429685
4,-1,140.66535105844395
4,-1,50.0
4,-1,154.8862527450821
4,0,123.39074006493517
4,0,137.1568837607967
4,0,197.9919267540248
4,1,122.0050475595481
4,1,122.05939166897959
4,1,98.43111628195322
4,2,59.42227293542494
4,2,50.0
4,2,434.23679701346896
4,3,147.43116069366238
4,3,304.31856502916065
4,3,106.33325174877608
4,2,50.0
4,2,111.8047268052498
4,2,70.1610169192393
4,1,191.77729172919516
4,1,227.2573670595677
4,1,100.421793948514
4,2,127.59492178150941
4,2,133.64838575755448
4,2,50.0
4,1,251.51825280042522
4,1,116.55186460436195
4,1,77.0310357433626
4,2,120.04890626488111
4,2,50.0
4,2,247.6274614110559
4,3,138.15742059477842
4,3,50.851977385140714
4,3,128.69599407724547
4,2,50.58056698991125
4,2,50.0
4,2,104.60638575075687
4,3,132.86238981180014
4,3,78.13606654337035
4,3,213.8169435387167
4,4,159.9933948980179
4,4,236.61196399285978
4,4,93.1520807943074
4,5,228.56007876543472
4,5,110.69326112669805
4,5,50.0
4,6,59.58576495600343
4,6,57.14488246766287
4,6,124.79884639681711
4,5,65.70157542360002
4,5,210.50481710206185
4,5,244.75691673811417
4,6,282.56399672699274
4,6,120.4627333677258
4,6,267.0889613093434
4,7,115.36429644005504
4,7,50.0
4,7,50.0
4,6,50.0
4,6,165.53430138383283
4,6,314.56490297107655
4,5,136.71411650555558
4,5,98.27992131624234
4,5,91.53980470994588
4,6,50.0
4,6,284.55605095979496
4,6,73.72485956088431
4,7,126.83899820369547
4,7,88.25573559774543
4,7,190.6057469873115
4,8,119.69421330491517
4,8,217.90686395473648
4,8,153.51183080997464
4,9,177.74101172825223
4,9,50.0
4,9,81.46865485418024
3,9,145.68564468627747
3,9,409.4614040637298
3,9,279.75621011857635
3,10,121.49021388414863
3,10,50.0
3,10,77.84862467755282
3,11,275.1003953542513
3,11,50.0
3,11,146.80738341947506
3,12,287.8352345792564
3,12,166.18207902877276
3,12,161.05560958738118
3,13,50.0
3,13,50.98125302305837
3,13,50.0
3,12,104.7848801079424
3,12,50.0
3,12,104.11431808204654
3,13,154.5223940686281
3,13,50.0
3,13,50.0
2,13,50.0
2,13,118.6459578221627
2,13,50.0
2,14,137.78600262122018
2,14,50.0
2,14,94.70702392528025
2,15,50.0
2,15,50.0
2,15,50.0
1,15,50.0
1,15,131.96958897985812
1,15,75.79495452307586
1,16,89.18945207826383
1,16,50.0
1,16,50.0
1,17,50.0
1,17,50.0
1,17,50.0
0,17,50.0
0,17,50.0
0,17,50.0
0,18,50.0
0,18,50.0
0,18,153.56039873312227
0,19,50.0
0,19,50.0
0,19,50.0
0,18,50.0
0,18,50.0
0,18,50.0
0,19,50.0
0,19,50.0
0,19,50.0
0,20,50.0
0,20,50.0
0,20,137.9578910228395
0,19,50.0
0,19,50.0
0,19,50.0
-1,19,50.0
-1,19,50.0
-1,19,50.0
-2,19,50.0
-2,19,103.12255762832845
-2,19,50.0
-3,19,50.0
-3,19,50.0
-3,19,50.0
-3,18,119.27929301879446
-3,18,50.0
-3,18,111.44479447268539
-3,19,50.0
-3,19,50.0
-3,19,50.0
-3,18,110.29421724425444
-3,18,50.0
-3,18,50.0
-4,18,84.44846718017106
-4,18,50.0
-4,18,50.0
-4,17,50.0
-4,17,50.0
-4,17,50.0
-5,17,203.4473959532216
-5,17,50.0
-5,17,50.0
-6,17,50.0
-6,17,50.0
-6,17,50.0
-7,17,53.18878995672492
-7,17,50.0
-7,17,50.0
-7,16,50.0
-7,16,50.0
-7,16,50.0
-7,15,50.0
-7,15,125.89078996098519
-7,15,59.183207623005295
-7,14,50.0
-7,14,104.90294447435384
-7,14,55.290982023635394
-8,14,50.0
-8,14,55.833308846814504
-8,14,75.4094865489361
-9,14,67.57409315741276
-9,14,50.0
-9,14,50.0
-10,14,233.62337874458873
-10,14,77.76214685067828
-10,14,50.0
-10,13,50.0
-10,13,64.24457416943395
-10,13,50.0
-10,14,50.0
-10,14,50.0
-10,14,50.0
-10,13,130.79376126178587
-10,13,50.0
-10,13,50.0
-9,13,52.90693324331848
-9,13,73.90895806198272
-9,13,50.0
-9,12,50.0
-9,12,125.01354540685033
-9,12,50.0
-10,12,163.18784554528906
-10,12,76.28991053558047
-10,12,50.0
-10,11,50.0
-10,11,58.34375220711617
-10,11,112.24492336772076
-11,11,50.0
-11,11,50.0
-11,11,119.97811795743067
-12,11,50.0
-12,11,50.0
-12,11,50.0
-13,11,245.04959378554483
-13,11,50.0
-13,11,50.0
-14,11,50.0
-14,11,50.0
-14,11,50.0
-14,10,166.93811885905086
-14,10,133.85059579912735
-14,10,50.0
-15,10,83.61049789008605
-15,10,74.54207364926586
-15,10,50.0
-16,10,50.0
-16,10,50.0
-16,10,50.0
-16,9,50.0
-16,9,50.0
-16,9,50.0
-16,10,50.0
-16,10,50.0
-16,10,126.35462999984951
-16,9,50.0
-16,9,50.0
-16,9,138.26159851012704
-16,8,50.0
-16,8,50.0
-16,8,146.80886466098667
-16,7,50.0
-16,7,50.0
-16,7,50.0
-17,7,50.0
-17,7,50.0
-17,7,50.0
-18,7,50.0
-18,7,50.0
-18,7,50.0
-19,7,50.0
-19,7,50.0
-19,7,122.35301177110688
-19,8,74.91713655640012
-19,8,50.0
-19,8,50.0
-19,7,50.0
-19,7,50.0
-19,7,50.0
-19,6,50.0
-19,6,50.0
-19,6,50.0
-19,5,50.0
-19,5,50.0
-19,5,55.88206414480655
-19,4,50.0
-19,4,136.79701358699842
-19,4,96.51507425282709
-19,3,50.0
-19,3,50.0
-19,3,50.0
-19,2,50.30625371066945
-19,2,50.0
-19,2,50.0
-19,1,50.0
-19,1,50.0
-19,1,113.39452620610206
-19,0,50.0
-19,0,50.0
-19,0,50.0
-20,0,50.0
-20,0,50.0
-20,0,50.0
-20,1,50.0
-20,1,50.0
-20,1,88.58312848146015
-19,1,50.0
-19,1,50.0
-19,1,50.0
-18,1,100.95503566525717
-18,1,87.1885902542447
-18,1,50.0
-17,1,50.0
-17,1,50.0
-17,1,50.0
-17,2,50.0
-17,2,50.0
-17,2,113.7201332799536
-16,2,197.3887466138966
-16,2,111.74735817170533
-16,2,50.0
-15,2,104.68548076137077
-15,2,167.73919899824554
-15,2,50.0
-15,3,136.32659546658618
-15,3,50.0
-15,3,50.0
-14,3,50.0
-14,3,50.0
-14,3,50.0
-14,4,50.0
-14,4,139.26579724826053
-14,4,50.0
-13,4,50.0
-13,4,133.76945646552804
-13,4,55.11827843499832
-12,4,50.0
-12,4,50.0
-12,4,89.32036859553111
-12,5,68.78191658545677
-12,5,50.0
-12,5,50.0
-12,6,414.49816939241595
-12,6,50.0
-12,6,163.5563291512349
-12,5,50.0
-12,5,111.13255438351902
-12,5,50.0
-12,6,128.70938355480064
-12,6,50.0
-12,6,199.53039498528608
-12,5,50.0
-12,5,50.0
-12,5,50.0
-12,6,50.0
-12,6,80.2938522114978
-12,6,86.59815693846244
-12,7,150.21585451711817
-12,7,50.0
-12,7,179.29210619144052
-12,8,50.0
-12,8,50.0
-12,8,50.0
-11,8,73.82831720423202
-11,8,50.0
-11,8,139.81002140392522
-10,8,50.0
-10,8,208.97980490835107
-10,8,50.0
-11,8,50.0
-11,8,67.51167501017598
-11,8,50.0
-10,8,113.2152954379614
-10,8,50.0
-10,8,103.43207076004927
-10,7,50.0
-10,7,270.7972132073555
-10,7,50.0
-10,8,50.0
-10,8,50.0
-10,8,204.55767443002782
-10,7,179.75615500806498
-10,7,143.00182281570335
-10,7,50.0
-9,7,67.2696351865598
-9,7,50.0
-9,7,50.0
-9,6,204.7552527200839
-9,6,50.0
-9,6,129.03796562216507
-8,6,50.0
-8,6,286.3418137000575
-8,6,82.25509601319759
-8,7,50.0
-8,7,70.41719789964168
-8,7,50.0
-7,7,50.0
-7,7,102.66489051442113
