7,-12,50.0
7,-12,426.6929146668668
7,-12,50.0
7,-12,450.0376994804441
7,-11,50.0
7,-11,123.2837278673033
7,-11,173.24007840394597
7,-11,50.0
7,-11,50.0
8,-11,220.64763736762913
8,-11,457.1473554461907
8,-11,332.56848379784464
8,-11,50.0
8,-11,73.62069404955069
7,-11,330.3476159856949
7,-11,50.0
7,-11,321.49335195025697
7,-11,102.73516027152183
7,-11,50.0
8,-11,50.0
8,-11,249.4016590409502
8,-11,50.0
8,-11,118.77420204729249
8,-11,50.0
8,-10,61.23576629765914
8,-10,170.79000283750565
8,-10,215.16025097986525
8,-10,50.0
8,-10,50.0
7,-10,50.0
7,-10,136.33647758234997
7,-10,414.7625836155789
7,-10,247.08002186246506
7,-10,152.65217250703486
7,-9,363.69868356823076
7,-9,292.2104192644322
7,-9,50.0
7,-9,272.8587584991001
7,-9,225.21312585433247
8,-9,78.38777546526596
8,-9,176.3251022628567
8,-9,450.45248140144196
8,-9,171.70882194228756
8,-9,513.814424682148
7,-9,511.5874537169192
7,-9,555.7286305842481
7,-9,256.50631953444054
7,-9,50.0
7,-9,132.84248075968168
6,-9,50.0
6,-9,213.68159039539697
6,-9,50.0
6,-9,155.39128249295746
6,-9,50.0
5,-9,333.2944578291875
5,-9,50.0
5,-9,324.54841792704053
5,-9,386.68934750668944
5,-9,50.0
4,-9,245.39873834104995
4,-9,50.0
4,-9,50.0
4,-9,95.81048413546135
4,-9,174.03421189170268
5,-9,143.295631528808
5,-9,122.47931630407422
5,-9,50.0
5,-9,168.34874613755886
5,-9,223.87570932443293
6,-9,244.3063452219401
6,-9,397.45283146272493
6,-9,50.0
6,-9,227.00143501761818
6,-9,122.17308990568364
5,-9,329.37001330258676
5,-9,376.11392725783253
5,-9,239.62473451893283
5,-9,50.0
5,-9,50.0
4,-9,50.0
4,-9,74.134957861468
4,-9,455.2525840184671
4,-9,330.01266956629746
4,-9,50.0
3,-9,324.09005416038474
3,-9,50.0
3,-9,206.62454920081444
3,-9,399.83511469018106
3,-9,50.0
2,-9,318.42112782120586
2,-9,538.0048009591949
2,-9,353.91152083203986
2,-9,240.23916388288853
2,-9,384.7675773896243
1,-9,152.86144298662404
1,-9,409.4830151058878
1,-9,302.15970048688575
1,-9,264.3386554415018
1,-9,709.5418034022539
0,-9,112.53006281620287
0,-9,660.6501561820091
0,-9,327.48491821783796
0,-9,79.24364552217067
0,-9,50.0
-1,-9,224.82123400933574
-1,-9,135.65136010802698
-1,-9,50.0
-1,-9,50.0
-1,-9,189.4658089964788
-1,-8,562.7752385527278
-1,-8,50.0
-1,-8,50.0
-1,-8,502.8242011483489
-1,-8,50.0
-2,-8,225.61188866999956
-2,-8,369.61563077418066
-2,-8,50.0
-2,-8,358.2960378195449
-2,-8,213.05607547615634
-2,-7,448.6104497336197
-2,-7,471.52808441755997
-2,-7,642.4794832483699
-2,-7,50.0
-2,-7,214.93043341705302
-3,-7,648.8260547004743
-3,-7,611.3380224545591
-3,-7,50.0
-3,-7,50.0
-3,-7,488.9373795344901
-4,-7,277.5800673931667
-4,-7,50.0
-4,-7,388.7782742195929
-4,-7,651.988122184699
-4,-7,642.5397324813146
-4,-6,50.0
-4,-6,228.62667343997788
-4,-6,79.48963775451506
-4,-6,116.70613124383125
-4,-6,50.0
-5,-6,228.45024000343594
-5,-6,50.0
-5,-6,483.2260717011629
-5,-6,146.63036177439972
-5,-6,233.64214836714993
-6,-6,50.0
-6,-6,50.0
-6,-6,50.0
-6,-6,50.0
-6,-6,50.0
-5,-6,439.26009967156494
-5,-6,490.96521017586315
-5,-6,743.0011536262175
-5,-6,357.1971741431107
-5,-6,50.0
-6,-6,248.7913427785028
-6,-6,365.2615556677631
-6,-6,239.5874187475287
-6,-6,60.97325686578503
-6,-6,326.5593706389858
-7,-6,439.9557610726163
-7,-6,50.0
-7,-6,50.0
-7,-6,333.02086583870357
-7,-6,50.0
-8,-6,50.0
-8,-6,70.19644459593962
-8,-6,77.67360240407962
-8,-6,574.4974847603031
-8,-6,451.3027543767858
-9,-6,264.93865082128025
-9,-6,332.6307796909009
-9,-6,296.7613334088096
-9,-6,420.16056018804375
-9,-6,456.1065292735664
-10,-6,140.606896697856
-10,-6,286.27020207113856
-10,-6,131.52071346940158
-10,-6,167.84801874243098
-10,-6,50.0
-11,-6,492.4266768898906
-11,-6,514.5034794111284
-11,-6,50.0
-11,-6,62.931029160658625
-11,-6,50.0
-12,-6,50.0
-12,-6,146.40496522659294
-12,-6,366.29567977663004
-12,-6,50.0
-12,-6,371.07428278124974
-13,-6,212.3206909398401
-13,-6,50.0
-13,-6,50.0
-13,-6,248.92950436980274
-13,-6,50.0
-13,-5,50.0
-13,-5,50.0
-13,-5,50.0
-13,-5,506.50992052434475
-13,-5,94.7631066964241
-12,-5,327.30608268710245
-12,-5,457.21259479854945
-12,-5,50.0
-12,-5,50.0
-12,-5,50.0
-11,-5,52.162059543191425
-11,-5,50.0
-11,-5,56.3535232622593
-11,-5,50.0
-11,-5,50.0
-11,-4,50.0
-11,-4,153.94413182226063
-11,-4,50.0
-11,-4,386.26428820651915
-11,-4,180.4931710109709
-12,-4,50.0
-12,-4,461.5070935105602
-12,-4,50.0
-12,-4,56.64079396259632
-12,-4,50.0
-13,-4,50.0
-13,-4,50.0
-13,-4,272.16397665338116
-13,-4,50.0
-13,-4,145.97317658383122
-14,-4,50.0
-14,-4,114.54718773416818
-14,-4,50.0
-14,-4,50.0
-14,-4,97.00212897855954
-15,-4,50.0
-15,-4,50.0
-15,-4,66.34787897840016
-15,-4,286.54371198027246
-15,-4,50.0
-16,-4,50.0
-16,-4,50.0
-16,-4,50.0
-16,-4,50.0
-16,-4,50.0
-17,-4,50.0
-17,-4,534.2368721918721
-17,-4,50.0
-17,-4,50.0
-17,-4,553.6374083639831
-16,-4,50.0
-16,-4,50.0
-16,-4,83.65932179352615
-16,-4,50.0
-16,-4,50.0
-17,-4,50.0
-17,-4,50.0
-17,-4,50.0
-17,-4,50.0
-17,-4,273.3824485046726
-16,-4,289.1370057893806
-16,-4,53.214292739104536
-16,-4,50.0
-16,-4,50.0
-16,-4,50.0
-15,-4,133.82674353426384
-15,-4,494.1171841431769
-15,-4,50.0
-15,-4,50.0
-15,-4,50.0
-14,-4,202.22026189173536
-14,-4,50.0
-14,-4,50.0
-14,-4,50.0
-14,-4,50.0
-15,-4,110.56968038887288
-15,-4,50.0
-15,-4,422.12019270320786
-15,-4,50.0
-15,-4,124.7193229330928
-14,-4,50.0
-14,-4,50.0
-14,-4,50.0
-14,-4,203.93919667776103
-14,-4,50.0
-13,-4,59.19332034250359
-13,-4,50.0
-13,-4,50.0
-13,-4,50.0
-13,-4,50.0
-12,-4,50.0
-12,-4,461.0952509049157
-12,-4,92.49932532675791
-12,-4,50.0
-12,-4,128.81238024858368
-11,-4,103.21354368668545
-11,-4,295.23865963857077
-11,-4,124.74084853475549
-11,-4,50.0
-11,-4,480.90567398814005
-12,-4,146.80592352895226
-12,-4,50.0
-12,-4,616.8459134144182
-12,-4,126.96590613729099
-12,-4,50.0
-11,-4,50.0
-11,-4,211.62887637254744
-11,-4,50.0
-11,-4,554.802274804955
-11,-4,50.0
-10,-4,345.2297608103339
-10,-4,50.0
-10,-4,50.0
-10,-4,416.42844087416324
-10,-4,95.07743000421576
-11,-4,50.0
-11,-4,517.8244163439053
-11,-4,130.31960075777718
-11,-4,544.4975838813536
-11,-4,511.30945679346587
-10,-4,451.6602420996044
-10,-4,50.0
-10,-4,54.60541888504791
-10,-4,307.3478276314888
-10,-4,161.81255894062141
-9,-4,208.72643720165917
-9,-4,391.4579892325255
-9,-4,173.08036074841704
-9,-4,50.0
-9,-4,382.04031083556436
-8,-4,50.0
-8,-4,152.0137051544308
-8,-4,50.0
-8,-4,440.66604096876506
-8,-4,162.96486562182983
-7,-4,585.3392897705296
-7,-4,70.96699107477062
-7,-4,213.373730984634
-7,-4,672.9471896720439
-7,-4,527.9893027638642
-6,-4,61.08525132947628
-6,-4,50.0
-6,-4,51.11235339709066
-6,-4,529.4430454991367
-6,-4,137.24988608808022
-5,-4,50.0
-5,-4,220.50782733861584
-5,-4,413.1286214804111
-5,-4,207.39168058574273
-5,-4,580.4428419541687
-4,-4,257.6586725770983
-4,-4,136.17719499474256
-4,-4,285.4936057773445
-4,-4,273.0096479396561
-4,-4,148.07558525973366
-3,-4,363.9450039669414
-3,-4,50.0
-3,-4,225.58491749111238
-3,-4,197.53554041972032
-3,-4,660.7999132980544
-2,-4,566.1563427173808
-2,-4,554.8825201402464
-2,-4,676.0017740399599
-2,-4,352.16294760858415
-2,-4,67.54922982304993
-1,-4,578.249379944156
-1,-4,345.0214321438062
-1,-4,553.2012634873048
-1,-4,900.0
-1,-4,677.826238741864
0,-4,253.13696006117078
0,-4,469.5124874396938
0,-4,464.06372418936627
0,-4,332.2831434306212
0,-4,480.83653895990574
0,-3,773.7163661117896
0,-3,642.2019064893248
0,-3,316.5975673514745
0,-3,71.66905835851668
0,-3,251.66531127694336
0,-2,406.164756794593
0,-2,269.7084951724913
0,-2,456.1054460735055
0,-2,826.7500877063256
0,-2,98.75284229370783
-1,-2,605.8242396021865
-1,-2,580.2962213237212
-1,-2,367.4267781187441
-1,-2,603.8281512216663
-1,-2,50.0
-1,-3,701.8312946279084
-1,-3,562.6930875787691
-1,-3,703.011590393286
-1,-3,390.22682827007014
-1,-3,517.3958808860596
-1,-2,594.5932092692278
-1,-2,518.7309876408228
-1,-2,471.1869726804925
-1,-2,833.9453691572278
-1,-2,329.3199065957822
-1,-3,109.42674987875756
-1,-3,549.8781452655807
-1,-3,295.01730604117665
-1,-3,302.1873540090829
-1,-3,649.6973317198951
-2,-3,419.642567913095
-2,-3,526.2637762417762
-2,-3,396.669074720872
-2,-3,703.010157303445
-2,-3,802.1960407513341
-3,-3,705.632493393288
-3,-3,128.05467852491415
-3,-3,565.930158371616
-3,-3,571.0884220971983
-3,-3,526.4791507091707
-3,-2,368.1814639485124
-3,-2,267.78200681349495
-3,-2,331.7349406224325
-3,-2,50.0
-3,-2,424.2486406927275
-3,-3,130.4291985797949
-3,-3,389.44081717704233
-3,-3,515.7028242638825
-3,-3,538.2694079927159
-3,-3,335.21667451063905
-3,-2,490.99212114802856
-3,-2,521.2541861598551
-3,-2,447.7917258517825
-3,-2,447.9775613586888
-3,-2,206.9029221588394
-3,-3,50.0
-3,-3,242.68834705963258
-3,-3,384.58730476275184
-3,-3,496.6044674221281
-3,-3,547.3485583340535
-3,-2,500.51102264621875
-3,-2,466.67605972272884
-3,-2,217.26453495733705
-3,-2,900.0
-3,-2,186.19335130857672
-4,-2,470.91519866554484
-4,-2,500.95629830671703
-4,-2,510.2293705538905
-4,-2,402.67060357626576
-4,-2,50.0
-4,-1,635.9845296135107
-4,-1,347.00258394692696
-4,-1,216.17933287738828
-4,-1,277.155319895601
-4,-1,265.86356383880553
-4,-2,538.3744183053007
-4,-2,195.4406306117169
-4,-2,533.4495104269266
-4,-2,50.0
-4,-2,228.42374265079928
-4,-1,748.927616944649
-4,-1,474.2298057635963
-4,-1,238.0820824107898
-4,-1,654.5107687138036
-4,-1,226.03750684912526
-4,0,145.23318334925153
-4,0,548.4140330437775
-4,0,132.00016920315716
-4,0,900.0
-4,0,50.0
-5,0,199.3828421262217
-5,0,221.50116012613816
-5,0,396.91485035010635
-5,0,656.5276550881724
-5,0,338.97129200237885
-5,-1,266.41205481909697
-5,-1,557.5827590465486
-5,-1,134.26428492706486
-5,-1,371.47615194876596
-5,-1,73.40642326046446
-5,0,60.86799498527654
-5,0,541.0505513357339
-5,0,311.20683122379506
-5,0,93.764034511282
-5,0,504.6896466569675
-5,-1,447.50979685510606
-5,-1,551.1087133894234
-5,-1,186.61180345087092
-5,-1,536.5366447972206
-5,-1,236.4577019382921
-5,-2,369.2812267856447
-5,-2,330.36407868195676
-5,-2,50.0
-5,-2,395.2928495329972
-5,-2,472.59877628270345
-5,-3,152.66641017912275
-5,-3,50.0
-5,-3,326.42658291084234
-5,-3,163.06365994517506
-5,-3,384.05560678366123
-6,-3,569.4818257501131
-6,-3,286.0214939120258
-6,-3,538.6084054286177
-6,-3,351.0355709529972
-6,-3,237.96930830724057
-6,-4,280.80932315248634
-6,-4,212.5794845683045
-6,-4,181.67389171239472
-6,-4,178.7503658200491
-6,-4,797.7036191711211
-6,-5,321.061415064005
-6,-5,314.73957325105596
-6,-5,265.0813238513709
-6,-5,538.0451199611603
-6,-5,433.8923440080349
-6,-6,50.0
-6,-6,237.22485436545105
-6,-6,50.0
-6,-6,57.49914643852057
-6,-6,146.09231237919423
-7,-6,54.433172749765106
-7,-6,50.0
-7,-6,616.9361691457445
-7,-6,50.0
-7,-6,50.0
-7,-7,352.45123838485847
-7,-7,263.0111864263408
-7,-7,50.0
-7,-7,50.0
-7,-7,50.0
-8,-7,97.0478677364305
-8,-7,401.9373276104206
-8,-7,458.7940079221357
-8,-7,332.4926779834483
-8,-7,255.57691958027505
-7,-7,393.178828745247
-7,-7,101.2361323305727
-7,-7,729.4129400103986
-7,-7,166.89967468911587
-7,-7,389.66019671345646
-7,-8,133.86475077514046
-7,-8,564.3968828613868
-7,-8,311.06553975805747
-7,-8,247.70608780119875
-7,-8,50.0
-6,-8,494.82917451940745
-6,-8,280.08841285049726
-6,-8,314.0095673460909
-6,-8,94.28943404369755
-6,-8,50.0
-6,-9,50.0
-6,-9,50.0
-6,-9,201.40570687097858
-6,-9,615.7322232952667
-6,-9,113.5959057689173
-7,-9,50.0
-7,-9,140.37056090134735
-7,-9,280.05041154971
-7,-9,50.0
-7,-9,140.24690275237108
-7,-8,196.32240785630694
-7,-8,550.4289772300076
-7,-8,50.0
-7,-8,76.36172620274111
-7,-8,304.4805714761779
-6,-8,50.0
-6,-8,225.15450329391604
-6,-8,72.95360541652475
-6,-8,50.0
-6,-8,415.3348596709191
-6,-9,166.9678304785359
-6,-9,50.0
-6,-9,150.25791707190064
-6,-9,50.0
-6,-9,635.9067496698757
-7,-9,160.88401129334815
-7,-9,50.0
-7,-9,50.0
-7,-9,255.40545238726693
-7,-9,50.0
-8,-9,50.0
-8,-9,325.7385190719896
-8,-9,50.0
-8,-9,123.00316275819831
-8,-9,457.2903490887717
-8,-10,200.77825640878655
-8,-10,278.060233315294
-8,-10,68.26423159058348
-8,-10,50.0
-8,-10,50.0
-8,-11,50.0
-8,-11,50.0
-8,-11,50.0
-8,-11,50.0
-8,-11,399.03583349408797
-9,-11,50.0
-9,-11,79.06659685757651
-9,-11,70.83451554534284
-9,-11,189.30710728103432
-9,-11,326.7694769110976
-8,-11,324.24619687313094
-8,-11,50.0
-8,-11,50.0
-8,-11,101.08113584131304
-8,-11,50.0
-8,-10,393.52078923246575
-8,-10,115.65929143961651
-8,-10,66.22876800217988
-8,-10,50.0
-8,-10,181.41842068605408
-8,-11,125.15869321487892
-8,-11,287.5940236943296
-8,-11,141.80189010886434
-8,-11,50.0
-8,-11,183.21182853039173
-8,-12,475.92998167234765
-8,-12,622.2050624078261
-8,-12,50.0
-8,-12,50.0
-8,-12,50.0
-9,-12,50.0
-9,-12,50.0
-9,-12,50.0
-9,-12,50.0
-9,-12,50.0
-9,-13,226.4686473733771
-9,-13,50.0
-9,-13,50.0
-9,-13,50.0
-9,-13,50.0
-9,-14,50.0
-9,-14,50.0
-9,-14,50.0
-9,-14,50.0
-9,-14,194.70004630685435
-10,-14,50.0
-10,-14,119.24646512076583
-10,-14,50.0
-10,-14,50.0
-10,-14,50.0
-11,-14,50.0
-11,-14,131.31794140098864
-11,-14,50.0
-11,-14,50.0
-11,-14,50.0
-12,-14,50.0
-12,-14,452.4266294643619
-12,-14,50.0
-12,-14,50.0
-12,-14,50.0
-12,-15,141.93317088479216
-12,-15,50.0
-12,-15,50.0
-12,-15,50.0
-12,-15,50.0
-12,-16,50.0
-12,-16,50.0
-12,-16,50.0
-12,-16,50.0
-12,-16,50.0
-12,-15,50.0
-12,-15,50.0
-12,-15,50.0
-12,-15,50.0
-12,-15,50.0
-11,-15,50.0
-11,-15,50.0
-11,-15,50.0
-11,-15,50.0
-11,-15,50.0
-10,-15,50.0
-10,-15,104.83438385758069
-10,-15,50.0
-10,-15,50.0
-10,-15,50.0
-9,-15,50.0
-9,-15,167.18265115984866
-9,-15,50.0
-9,-15,50.0
-9,-15,79.89427383375164
-9,-14,50.0
-9,-14,277.5039440614095
-9,-14,50.0
-9,-14,50.0
-9,-14,50.0
-9,-13,50.0
-9,-13,50.0
-9,-13,50.0
-9,-13,205.36070237643014
-9,-13,50.0
-9,-12,50.0
-9,-12,50.0
-9,-12,50.0
-9,-12,533.3723406740303
-9,-12,288.98419405458594
-8,-12,50.0
-8,-12,549.1891026291742
-8,-12,50.0
-8,-12,50.0
-8,-12,50.0
-7,-12,310.7426510822196
-7,-12,50.0
-7,-12,97.06988537751896
-7,-12,83.17032595946255
-7,-12,50.0
-7,-11,50.0
-7,-11,269.1064430289605
-7,-11,50.0
-7,-11,50.0
-7,-11,192.52887217918828
-7,-10,91.70508131544277
-7,-10,214.28274223547464
-7,-10,50.0
-7,-10,50.0
-7,-10,338.09444144443836
-6,-10,50.0
-6,-10,85.42254706217062
-6,-10,50.0
-6,-10,183.4131351136346
-6,-10,352.6604697058017
-5,-10,473.11910169329275
-5,-10,420.09100062977626
-5,-10,334.3660789510933
-5,-10,341.434583944062
-5,-10,318.33008022491697
-5,-11,528.0557641758274
-5,-11,50.0
-5,-11,300.72830224521675
-5,-11,231.41243224810006
-5,-11,50.0
-6,-11,267.2684451592595
-6,-11,214.58858363180644
-6,-11,117.0824277683732
-6,-11,451.95622687497115
-6,-11,50.0
-6,-10,322.99304462963744
-6,-10,50.0
-6,-10,51.5241927963315
-6,-10,50.0
-6,-10,50.0
-5,-10,165.70018586344048
-5,-10,50.0
-5,-10,125.029445999068
-5,-10,367.5187282904926
-5,-10,50.0
-6,-10,63.61775006205379
-6,-10,340.93780077690326
-6,-10,139.1610728190906
-6,-10,67.10335682485832
-6,-10,473.43029798130124
-6,-9,85.50771592036108
-6,-9,178.43397075051007
-6,-9,50.0
-6,-9,50.0
-6,-9,215.6006929289238
-6,-8,352.0290653345893
-6,-8,50.0
-6,-8,178.84786628848553
-6,-8,325.64057835872313
-6,-8,219.87036922815417
-6,-7,50.0
-6,-7,50.0
-6,-7,304.60623247816903
-6,-7,50.0
-6,-7,359.5325075264078
-5,-7,674.586418161985
-5,-7,452.89263937750616
-5,-7,260.74987374026676
-5,-7,50.0
-5,-7,402.9389239262032
-4,-7,50.0
-4,-7,50.0
-4,-7,50.0
-4,-7,111.21977649758779
-4,-7,111.3023460121285
-3,-7,50.0
-3,-7,255.7256207588576
-3,-7,147.2206811664878
-3,-7,213.52580884401073
-3,-7,603.5332764689654
-2,-7,226.66569232093747
-2,-7,160.02320258902043
-2,-7,312.77888750308506
-2,-7,154.93105569302128
-2,-7,251.51106587402575
-3,-7,358.5513870976613
-3,-7,153.64516719752285
-3,-7,290.7693367817774
-3,-7,224.54785940091736
-3,-7,304.9848074604546
-2,-7,223.02128011295721
-2,-7,234.54397006427985
-2,-7,133.83017133692704
-2,-7,50.0
-2,-7,497.34805362029056
-1,-7,191.89846501043482
-1,-7,433.2190520782223
-1,-7,288.82970593895243
-1,-7,285.5034447050029
-1,-7,50.0
0,-7,444.86384856953873
0,-7,226.21456779829796
0,-7,173.85695402880464
0,-7,127.7227671376138
0,-7,589.2605438400765
1,-7,50.0
1,-7,401.0646609086318
1,-7,220.69430503050202
1,-7,546.1438904332902
1,-7,182.69619366642434
2,-7,50.0
2,-7,50.0
2,-7,50.0
2,-7,320.37848519177936
2,-7,168.34110364702485
2,-6,229.3038982989284
2,-6,501.7917633913082
2,-6,203.34316283990034
2,-6,418.29558197406504
2,-6,427.18139589758624
2,-5,50.0
2,-5,280.0393305055707
2,-5,132.60764814272397
2,-5,289.7136147088714
2,-5,50.0
3,-5,386.3243399169115
3,-5,519.7103614990453
3,-5,806.0669466372369
3,-5,744.7821128940984
3,-5,510.25880996723345
3,-4,314.5596237089577
3,-4,728.563729340875
3,-4,50.0
3,-4,186.613647699012
3,-4,237.15210528860854
4,-4,720.843323320471
4,-4,356.9160314618594
4,-4,215.42210640968597
4,-4,294.92875859398833
4,-4,50.0
5,-4,166.6279018617029
5,-4,279.0714888037147
5,-4,50.0
5,-4,137.35535733749072
5,-4,466.9777538454608
5,-3,531.440952878155
5,-3,232.89355102560782
5,-3,110.76159026259998
5,-3,50.0
5,-3,442.79588375197915
6,-3,50.0
6,-3,454.1520309214011
6,-3,367.44795245543213
6,-3,50.0
6,-3,129.3730098698139
6,-2,210.7839597113871
6,-2,534.7197910770257
6,-2,107.40752335657069
6,-2,50.0
6,-2,71.09090200505364
6,-3,429.70169309904077
6,-3,50.0
6,-3,448.6111178396531
6,-3,385.8282507869285
6,-3,78.91646544966511
7,-3,50.0
7,-3,357.0667643943105
7,-3,244.32538831232853
7,-3,468.44889001292296
7,-3,374.69308733108096
7,-2,50.0
7,-2,50.0
7,-2,394.0529469931894
7,-2,420.86632607571306
7,-2,599.5350533571809
7,-1,311.0682172917245
7,-1,50.0
7,-1,408.1073063728741
7,-1,50.0
7,-1,416.6449631484014
8,-1,50.0
8,-1,298.30870287111844
8,-1,302.9230935157539
8,-1,276.8153754669153
8,-1,50.0
9,-1,50.0
9,-1,50.0
9,-1,267.5641300582384
9,-1,76.90684676270146
9,-1,356.40393958525306
9,0,247.06583668477
9,0,50.0
9,0,230.41148872157734
9,0,468.3812944568869
9,0,345.6342317939203
8,0,89.563679959913
8,0,463.43543142028994
8,0,50.0
8,0,333.5783383786679
8,0,301.80891662216595
8,1,118.0626269266948
8,1,818.0964884222461
8,1,184.31087474746278
8,1,222.40918860978377
8,1,443.58157157246626
9,1,50.0
9,1,50.0
9,1,255.72604197460112
9,1,171.71472580395428
9,1,92.10643128229486
10,1,220.90791892667062
10,1,50.0
10,1,141.3652451346158
10,1,50.0
10,1,300.75697740312245
9,1,293.77406208039906
9,1,499.95802341170213
9,1,50.0
9,1,294.9551996473417
9,1,158.65768818222426
9,2,565.0668512251825
9,2,161.30300617919679
9,2,50.0
9,2,506.5567638634019
9,2,217.78907668419907
10,2,50.0
10,2,50.0
10,2,50.0
10,2,50.0
10,2,797.477806600745
11,2,50.0
11,2,491.6256794252428
11,2,117.19836758774511
11,2,198.2846392057764
11,2,108.12173757277247
11,3,411.9341332501714
11,3,165.77172868644823
11,3,50.0
11,3,446.56307998071213
11,3,50.0
12,3,525.0652217607735
12,3,50.0
12,3,50.0
12,3,50.0
12,3,121.13755519016208
13,3,98.58002353565382
13,3,50.0
13,3,50.0
13,3,50.0
13,3,146.31438706590936
14,3,50.0
14,3,50.0
14,3,50.0
14,3,50.0
14,3,57.44971747198055
15,3,50.0
15,3,59.78382487927353
15,3,366.8462495219568
15,3,106.3544214585597
15,3,244.90950870405885
14,3,50.0
14,3,50.0
14,3,189.4101307315424
14,3,287.5422007702566
14,3,215.87443034909182
15,3,50.0
15,3,214.77299657522462
15,3,214.58698382006187
15,3,50.0
15,3,50.0
16,3,50.0
16,3,50.0
16,3,50.0
16,3,330.14172215882576
16,3,50.0
17,3,50.0
17,3,50.0
17,3,102.7085055329922
17,3,50.0
17,3,50.0
18,3,50.0
18,3,50.0
18,3,50.0
18,3,50.0
18,3,50.0
17,3,50.0
17,3,57.20759590531205
17,3,232.4452231868363
17,3,50.0
17,3,50.0
16,3,50.0
16,3,50.0
16,3,50.0
16,3,50.0
16,3,50.0
17,3,50.0
17,3,50.0
17,3,50.0
17,3,50.0
17,3,50.0
18,3,50.0
18,3,50.0
18,3,50.0
18,3,50.0
18,3,50.0
18,4,454.53787275622005
18,4,50.0
18,4,50.0
18,4,171.99537505036287
18,4,50.0
19,4,50.0
