7,-12,50.0
7,-12,50.0
7,-12,209.43620516965754
7,-12,331.2329165072898
7,-11,430.24291708352746
7,-11,307.73206110159646
7,-11,50.0
7,-11,50.0
7,-11,50.0
8,-11,241.86905900050775
8,-11,50.0
8,-11,571.320630150944
8,-11,213.74013828661822
8,-11,179.19253372331096
7,-11,50.0
7,-11,50.0
7,-11,50.0
7,-11,316.9388078202119
7,-11,50.0
8,-11,124.3228094294356
8,-11,342.2228697548655
8,-11,50.0
8,-11,50.0
8,-11,164.4849121788907
8,-10,291.5546015520558
8,-10,137.0391204202116
8,-10,291.99440574005644
8,-10,50.0
8,-10,55.026695498435075
7,-10,50.0
7,-10,50.0
7,-10,50.0
7,-10,50.0
7,-10,50.0
7,-9,50.0
7,-9,50.0
7,-9,556.688018004588
7,-9,245.9391681378226
7,-9,209.52946745612903
8,-9,130.2543175429222
8,-9,317.08331058488227
8,-9,263.35068346437913
8,-9,385.27073630931915
8,-9,223.57568326998043
7,-9,236.82592243378156
7,-9,198.10315033472116
7,-9,151.45609285607364
7,-9,101.21945230629011
7,-9,547.6973670743138
6,-9,56.73067436204819
6,-9,50.0
6,-9,292.99235337911915
6,-9,172.77596075788608
6,-9,421.82238489018846
5,-9,353.4674163749061
5,-9,565.3659315444675
5,-9,50.0
5,-9,468.32155432131196
5,-9,50.0
4,-9,308.0770514340351
4,-9,318.51004785660643
4,-9,50.0
4,-9,146.62038132603726
4,-9,50.0
5,-9,408.93260113459814
5,-9,50.0
5,-9,300.39512892578006
5,-9,50.0
5,-9,167.03315215556054
6,-9,50.0
6,-9,50.0
6,-9,456.53367071088314
6,-9,196.80648803658352
6,-9,50.0
5,-9,346.9387788225282
5,-9,182.32530248289626
5,-9,321.31546676552983
5,-9,50.0
5,-9,50.0
4,-9,369.2101537869953
4,-9,59.121236262029655
4,-9,152.833054270099
4,-9,50.0
4,-9,296.1261060615452
3,-9,729.4035090207935
3,-9,79.74301652925648
3,-9,200.2480858538871
3,-9,50.0
3,-9,398.39189401266844
2,-9,461.41209196949256
2,-9,228.83259380435823
2,-9,400.79199675812515
2,-9,140.3810600976401
2,-9,50.0
1,-9,482.89697306446385
1,-9,50.0
1,-9,321.2532539523291
1,-9,561.1545991124217
1,-9,317.84076807717764
0,-9,231.96043491585436
0,-9,172.9850670694953
0,-9,50.0
0,-9,50.0
0,-9,50.0
-1,-9,119.40360145566046
-1,-9,411.8894096221087
-1,-9,50.0
-1,-9,389.7695293204
-1,-9,87.88486499507283
-1,-8,252.5526364334062
-1,-8,443.205245099471
-1,-8,308.61525862267706
-1,-8,256.36064437735456
-1,-8,344.6485616764855
-2,-8,50.0
-2,-8,157.4760867830471
-2,-8,314.41789475046187
-2,-8,183.67080959557566
-2,-8,50.0
-2,-7,238.29486876910678
-2,-7,423.22002188122036
-2,-7,214.5652829330884
-2,-7,50.0
-2,-7,58.99899526165822
-3,-7,136.35864720318062
-3,-7,50.0
-3,-7,338.1621041109936
-3,-7,50.0
-3,-7,50.0
-4,-7,50.0
-4,-7,592.5591719624534
-4,-7,492.461112443313
-4,-7,161.38789357316614
-4,-7,83.74262901612374
-4,-6,371.7951562523314
-4,-6,50.0
-4,-6,54.45108211617904
-4,-6,97.36381101318122
-4,-6,250.36500153188382
-5,-6,328.8142330802232
-5,-6,226.70207693702102
-5,-6,50.0
-5,-6,285.21913874208747
-5,-6,259.0560609046846
-6,-6,50.0
-6,-6,285.3863761181691
-6,-6,375.6830636883675
-6,-6,251.52888762268228
-6,-6,646.4926093423687
-5,-6,87.10991643239143
-5,-6,357.9043034440732
-5,-6,119.41298121829786
-5,-6,126.1224403776157
-5,-6,431.3231671921635
-6,-6,628.8031105841062
-6,-6,72.19639653406239
-6,-6,390.13066054872047
-6,-6,211.2654074672446
-6,-6,472.2581161236655
-7,-6,583.22750763663
-7,-6,50.0
-7,-6,50.0
-7,-6,273.8335210714995
-7,-6,259.9702028922814
-8,-6,533.074610470459
-8,-6,479.3046801724537
-8,-6,111.4513001061022
-8,-6,80.97857268744418
-8,-6,331.24054356097827
-9,-6,253.9013408171661
-9,-6,356.8544285004615
-9,-6,66.3975781838561
-9,-6,355.93839758018726
-9,-6,145.65836111279808
-10,-6,156.61464319392957
-10,-6,258.7023460944158
-10,-6,169.2998131637239
-10,-6,50.0
-10,-6,50.0
-11,-6,308.80948116736835
-11,-6,205.61178367020327
-11,-6,50.0
-11,-6,50.0
-11,-6,80.29735604813087
-12,-6,295.5182588272969
-12,-6,322.77990181365203
-12,-6,50.0
-12,-6,50.0
-12,-6,90.85094844536906
-13,-6,410.5920801433
-13,-6,153.16797536650358
-13,-6,548.8104237914616
-13,-6,210.25384411985894
-13,-6,248.85426069196097
-13,-5,478.7493320669587
-13,-5,149.62125061068605
-13,-5,50.0
-13,-5,50.0
-13,-5,143.67318686446757
-12,-5,314.6776765456059
-12,-5,130.9919276857976
-12,-5,292.395226699232
-12,-5,175.46357771381102
-12,-5,50.0
-11,-5,71.28474287542787
-11,-5,549.6039678049935
-11,-5,141.34221895758907
-11,-5,378.86346574752616
-11,-5,50.0
-11,-4,280.4199667197744
-11,-4,181.99107453227717
-11,-4,209.56592780774983
-11,-4,66.06416040851144
-11,-4,475.0026753974435
-12,-4,50.0
-12,-4,50.0
-12,-4,50.0
-12,-4,50.0
-12,-4,50.0
-13,-4,182.80404503318454
-13,-4,50.0
-13,-4,50.0
-13,-4,165.52576851019657
-13,-4,83.81581425282889
-14,-4,50.0
-14,-4,50.0
-14,-4,50.0
-14,-4,50.0
-14,-4,50.0
-15,-4,50.0
-15,-4,287.5121464751972
-15,-4,50.0
-15,-4,50.0
-15,-4,113.65400149537746
-16,-4,89.88604483228663
-16,-4,194.1690502168001
-16,-4,50.0
-16,-4,50.0
-16,-4,161.01173475027588
-17,-4,72.93609624757332
-17,-4,50.0
-17,-4,50.0
-17,-4,55.06188756681876
-17,-4,255.73267453550812
-16,-4,86.6062210554324
-16,-4,50.0
-16,-4,50.0
-16,-4,50.0
-16,-4,151.17565167074446
-17,-4,50.0
-17,-4,50.0
-17,-4,50.0
-17,-4,107.00084422097775
-17,-4,103.54373352254979
-16,-4,50.0
-16,-4,50.0
-16,-4,50.0
-16,-4,124.10499850699529
-16,-4,82.6254292071969
-15,-4,50.0
-15,-4,50.0
-15,-4,50.0
-15,-4,509.0684623403545
-15,-4,227.78142420858705
-14,-4,117.4600776279243
-14,-4,114.21751712383953
-14,-4,76.16310618942833
-14,-4,76.99210931825091
-14,-4,50.0
-15,-4,50.0
-15,-4,50.0
-15,-4,50.0
-15,-4,50.0
-15,-4,50.0
-14,-4,305.783667485229
-14,-4,50.0
-14,-4,50.0
-14,-4,50.0
-14,-4,50.0
-13,-4,408.6695255992783
-13,-4,325.4239397230614
-13,-4,126.53837915100576
-13,-4,50.0
-13,-4,58.45896547196361
-12,-4,50.0
-12,-4,50.0
-12,-4,50.0
-12,-4,50.0
-12,-4,50.0
-11,-4,50.0
-11,-4,50.0
-11,-4,50.0
-11,-4,50.0
-11,-4,50.0
-12,-4,50.0
-12,-4,204.61027615081866
-12,-4,50.0
-12,-4,50.0
-12,-4,261.4696072029557
-11,-4,50.0
-11,-4,145.60086731397848
-11,-4,50.0
-11,-4,134.7079565405124
-11,-4,325.62247423408644
-10,-4,62.54272331445536
-10,-4,213.86108177113334
-10,-4,679.0018780956336
-10,-4,219.7529644279133
-10,-4,50.0
-11,-4,444.0633094064054
-11,-4,475.28006107680324
-11,-4,289.6964802250724
-11,-4,206.46893971481686
-11,-4,123.39770714047853
-10,-4,388.47492075687813
-10,-4,414.712979213785
-10,-4,50.0
-10,-4,50.0
-10,-4,107.94786270351045
-9,-4,236.72879235365227
-9,-4,50.0
-9,-4,50.0
-9,-4,50.0
-9,-4,62.25087605999039
-8,-4,84.47745148837225
-8,-4,269.0403808234331
-8,-4,50.0
-8,-4,50.0
-8,-4,322.0638738854169
-7,-4,133.42645163114105
-7,-4,50.0
-7,-4,79.17678335720646
-7,-4,50.0
-7,-4,375.67372495515735
-6,-4,210.7631183884302
-6,-4,133.5831251063583
-6,-4,407.6287638317448
-6,-4,50.0
-6,-4,50.0
-5,-4,151.33106791489155
-5,-4,535.1326718996626
-5,-4,50.0
-5,-4,220.62311379437543
-5,-4,50.0
-4,-4,369.5463164716345
-4,-4,544.1287407659968
-4,-4,314.35982071487626
-4,-4,488.69728427363054
-4,-4,614.2194353649415
-3,-4,522.9108840629171
-3,-4,433.5154702505478
-3,-4,266.67211727155586
-3,-4,605.9817018163671
-3,-4,137.23507178441642
-2,-4,887.7752987577928
-2,-4,177.23755499132352
-2,-4,274.1662491992664
-2,-4,389.5070803810281
-2,-4,358.0719469711299
-1,-4,437.2650222263349
-1,-4,896.2569505884273
-1,-4,631.5329855918588
-1,-4,767.4909134185792
-1,-4,342.8803181191734
0,-4,377.81478136519655
0,-4,223.06867532186973
0,-4,201.19764605749793
0,-4,415.6665426195745
0,-4,377.1983899437378
0,-3,396.0406452123804
0,-3,505.6014687799938
0,-3,142.93703983614967
0,-3,310.88031293025375
0,-3,477.39075521485466
0,-2,530.9221239616456
0,-2,50.0
0,-2,389.6368581290136
0,-2,303.15995110358375
0,-2,484.1885864800938
-1,-2,449.0040929262238
-1,-2,202.72451734784443
-1,-2,211.0937940641232
-1,-2,241.8068640319426
-1,-2,782.3237339352675
-1,-3,362.5165422166359
-1,-3,608.9795554543718
-1,-3,102.27570964778369
-1,-3,668.2912372662124
-1,-3,409.5975641074653
-1,-2,589.8209877096511
-1,-2,450.0307236480225
-1,-2,470.51037689873124
-1,-2,332.45313295155375
-1,-2,671.8829237050292
-1,-3,581.139357163716
-1,-3,474.0190487556085
-1,-3,900.0
-1,-3,65.52189725103483
-1,-3,243.56556900165427
-2,-3,247.49619029509665
-2,-3,653.5240913093509
-2,-3,356.17913093592654
-2,-3,184.20649771073602
-2,-3,50.0
-3,-3,253.04043328933884
-3,-3,252.51120083410723
-3,-3,406.3114002106087
-3,-3,356.0574718808665
-3,-3,424.6104094970489
-3,-2,227.20533708872642
-3,-2,306.672144674691
-3,-2,204.76299903558183
-3,-2,384.3040583084445
-3,-2,534.479556270862
-3,-3,316.88247759012654
-3,-3,859.8628119767134
-3,-3,355.2598689102581
-3,-3,50.0
-3,-3,440.9663059376408
-3,-2,320.55912650459373
-3,-2,50.0
-3,-2,492.1991097381491
-3,-2,770.6435912549734
-3,-2,551.0568356824042
-3,-3,269.1589985830892
-3,-3,90.52642514240074
-3,-3,50.0
-3,-3,281.35390319465336
-3,-3,295.562622763795
-3,-2,489.6249299919827
-3,-2,545.5699360131683
-3,-2,50.0
-3,-2,617.5302148037242
-3,-2,165.25661707518816
-4,-2,722.6882653768125
-4,-2,716.8142685883374
-4,-2,834.7501773151293
-4,-2,521.9649431700728
-4,-2,261.33093551191416
-4,-1,90.39479756606767
-4,-1,50.0
-4,-1,800.1335756709598
-4,-1,613.1371527824724
-4,-1,230.65688556410794
-4,-2,344.8547835788144
-4,-2,50.0
-4,-2,831.266131984914
-4,-2,581.4992982819724
-4,-2,526.615092705197
-4,-1,168.92473118077564
-4,-1,273.9389477413311
-4,-1,470.6325473023933
-4,-1,193.1236821676097
-4,-1,443.89922849133944
-4,0,208.75311006210597
-4,0,507.84528484918917
-4,0,107.34654229757507
-4,0,572.5197974396289
-4,0,433.6932176193667
-5,0,256.20412412838556
-5,0,296.9111798614731
-5,0,298.6132165239694
-5,0,351.37971731266185
-5,0,119.57326525445018
-5,-1,365.87815125965005
-5,-1,275.7382030689553
-5,-1,283.1122248539949
-5,-1,50.0
-5,-1,629.7264612282293
-5,0,308.8694061974537
-5,0,335.18881355422366
-5,0,50.0
-5,0,470.67111648560956
-5,0,270.1537448526588
-5,-1,212.79266449150856
-5,-1,765.9853223258428
-5,-1,512.7789015829892
-5,-1,306.94384177881153
-5,-1,50.0
-5,-2,58.780637814296824
-5,-2,187.02856850541065
-5,-2,436.33000569528195
-5,-2,383.45585250660764
-5,-2,178.60828499811828
-5,-3,608.9653050542679
-5,-3,587.3795727536897
-5,-3,219.22249488622924
-5,-3,363.22311536048005
-5,-3,498.1252404949663
-6,-3,463.10344372890006
-6,-3,749.5742431451763
-6,-3,171.49259251754154
-6,-3,67.00192582076477
-6,-3,900.0
-6,-4,234.75798950926676
-6,-4,216.029335803039
-6,-4,190.54323411557812
-6,-4,612.0395123249332
-6,-4,451.4616737505042
-6,-5,87.31029408716901
-6,-5,58.44029984405776
-6,-5,420.98881634013924
-6,-5,98.78245807796696
-6,-5,146.87670947356781
-6,-6,110.04373094774581
-6,-6,466.6638665417219
-6,-6,50.0
-6,-6,314.55443951144224
-6,-6,258.7221760195375
-7,-6,215.13295869167567
-7,-6,191.51192502488308
-7,-6,50.0
-7,-6,50.0
-7,-6,220.5103122681862
-7,-7,50.0
-7,-7,110.50833402681147
-7,-7,394.4095395912103
-7,-7,72.39485677270791
-7,-7,287.5057637603407
-8,-7,395.5531334913555
-8,-7,289.2928453093937
-8,-7,80.26044360792211
-8,-7,216.11044778695683
-8,-7,50.0
-7,-7,543.3492848572117
-7,-7,263.08781140812096
-7,-7,440.16799457976686
-7,-7,404.13288997759275
-7,-7,88.89286996589887
-7,-8,231.6140082014566
-7,-8,50.0
-7,-8,293.0641143755893
-7,-8,50.0
-7,-8,50.0
-6,-8,50.0
-6,-8,390.50908153442447
-6,-8,221.22757871172695
-6,-8,226.08130489447387
-6,-8,231.28408602776736
-6,-9,129.12049269086103
-6,-9,143.97729018410084
-6,-9,50.0
-6,-9,268.79565200639655
-6,-9,163.33957968757514
-7,-9,50.0
-7,-9,50.0
-7,-9,253.52712007095192
-7,-9,374.5868984235886
-7,-9,92.04735651798381
-7,-8,50.0
-7,-8,222.31437131760504
-7,-8,345.9835670849552
-7,-8,307.3452648790236
-7,-8,50.0
-6,-8,163.52675928152686
-6,-8,694.0113308415819
-6,-8,50.0
-6,-8,492.82421578337375
-6,-8,88.36585007268042
-6,-9,161.71562720148287
-6,-9,50.0
-6,-9,396.3518109943027
-6,-9,50.0
-6,-9,223.8457027330569
-7,-9,50.0
-7,-9,187.75505329328212
-7,-9,142.32524762799244
-7,-9,50.0
-7,-9,50.0
-8,-9,441.378918311193
-8,-9,250.76846013938956
-8,-9,169.66977537421198
-8,-9,491.7961632945113
-8,-9,50.0
-8,-10,159.87838468696305
-8,-10,50.0
-8,-10,50.0
-8,-10,50.0
-8,-10,50.0
-8,-11,50.0
-8,-11,50.0
-8,-11,50.0
-8,-11,201.99003749252236
-8,-11,50.0
-9,-11,50.0
-9,-11,207.68719794165773
-9,-11,98.0108793670485
-9,-11,508.55213841332966
-9,-11,188.25114919125213
-8,-11,50.0
-8,-11,399.51707928907166
-8,-11,50.0
-8,-11,160.68116279203022
-8,-11,479.3650107983305
-8,-10,50.0
-8,-10,50.0
-8,-10,103.62916493695874
-8,-10,50.0
-8,-10,50.0
-8,-11,156.2606975670543
-8,-11,107.47581716045795
-8,-11,50.0
-8,-11,370.2919701975968
-8,-11,78.85601371834747
-8,-12,50.0
-8,-12,50.0
-8,-12,50.0
-8,-12,50.0
-8,-12,50.0
-9,-12,183.12262255754388
-9,-12,179.03486361424652
-9,-12,50.0
-9,-12,50.0
-9,-12,50.0
-9,-13,103.62419836416495
-9,-13,50.0
-9,-13,50.0
-9,-13,50.0
-9,-13,127.64283176249529
-9,-14,50.0
-9,-14,50.0
-9,-14,50.0
-9,-14,50.0
-9,-14,50.0
-10,-14,50.0
-10,-14,50.0
-10,-14,50.0
-10,-14,168.90907397023898
-10,-14,83.4747942227128
-11,-14,50.0
-11,-14,120.24744471858051
-11,-14,50.0
-11,-14,50.0
-11,-14,215.79379012148985
-12,-14,50.0
-12,-14,50.0
-12,-14,50.0
-12,-14,50.0
-12,-14,50.0
-12,-15,50.0
-12,-15,50.0
-12,-15,50.0
-12,-15,50.0
-12,-15,50.0
-12,-16,50.0
-12,-16,270.7540532846481
-12,-16,50.0
-12,-16,50.0
-12,-16,50.0
-12,-15,50.0
-12,-15,168.91733016998177
-12,-15,50.0
-12,-15,50.0
-12,-15,50.0
-11,-15,50.0
-11,-15,50.0
-11,-15,50.0
-11,-15,50.0
-11,-15,50.0
-10,-15,50.0
-10,-15,203.70781782917447
-10,-15,50.0
-10,-15,191.54373234525923
-10,-15,96.71061518481531
-9,-15,50.0
-9,-15,50.0
-9,-15,223.8624116780358
-9,-15,50.0
-9,-15,50.0
-9,-14,50.0
-9,-14,92.1500473267015
-9,-14,50.0
-9,-14,194.00361885113318
-9,-14,50.0
-9,-13,50.0
-9,-13,50.0
-9,-13,50.0
-9,-13,76.26652942699285
-9,-13,139.6766984278064
-9,-12,50.0
-9,-12,50.0
-9,-12,50.0
-9,-12,60.3547678372193
-9,-12,50.0
-8,-12,50.0
-8,-12,50.0
-8,-12,50.0
-8,-12,50.0
-8,-12,50.0
-7,-12,121.82417764749192
-7,-12,50.0
-7,-12,50.0
-7,-12,50.0
-7,-12,185.3318689963417
-7,-11,97.68763145343642
-7,-11,50.0
-7,-11,157.54218887942042
-7,-11,74.78718986023435
-7,-11,121.72496144712173
-7,-10,50.0
-7,-10,92.52173970218793
-7,-10,50.0
-7,-10,50.0
-7,-10,310.0720673651779
-6,-10,180.32081960446197
-6,-10,539.3705910055351
-6,-10,122.37452002541012
-6,-10,588.8754259116286
-6,-10,114.28074191057028
-5,-10,50.0
-5,-10,406.224635941649
-5,-10,489.97131005444345
-5,-10,212.1659086578436
-5,-10,123.54989835446929
-5,-11,50.0
-5,-11,50.0
-5,-11,350.10988749124664
-5,-11,50.0
-5,-11,79.08145975331279
-6,-11,50.0
-6,-11,213.689314902163
-6,-11,50.0
-6,-11,233.04127986617195
-6,-11,285.3512368435737
-6,-10,50.0
-6,-10,213.54843467738843
-6,-10,50.0
-6,-10,50.0
-6,-10,50.0
-5,-10,313.5151622099994
-5,-10,50.0
-5,-10,204.25822616715988
-5,-10,50.0
-5,-10,300.08243048071597
-6,-10,50.0
-6,-10,50.0
-6,-10,228.18240068191687
-6,-10,50.0
-6,-10,50.0
-6,-9,350.2578758553629
-6,-9,50.0
-6,-9,132.17636645328315
-6,-9,330.44498228006745
-6,-9,72.11076374247767
-6,-8,192.26132895722844
-6,-8,50.0
-6,-8,50.0
-6,-8,50.0
-6,-8,50.0
-6,-7,181.5947842731196
-6,-7,366.40682993312697
-6,-7,250.93142306074978
-6,-7,50.0
-6,-7,50.0
-5,-7,50.0
-5,-7,50.0
-5,-7,119.92293578218266
-5,-7,271.64916260670657
-5,-7,619.9135249099331
-4,-7,50.0
-4,-7,246.00724939065702
-4,-7,289.43200994045065
-4,-7,539.6425526719523
-4,-7,50.0
-3,-7,614.2850808704385
-3,-7,243.1210651867938
-3,-7,386.87168018631775
-3,-7,509.290085721203
-3,-7,202.25372423156728
-2,-7,635.4899855802938
-2,-7,135.2766418893541
-2,-7,788.1874036576526
-2,-7,724.5454037037149
-2,-7,640.890539060478
-3,-7,355.9651689156382
-3,-7,257.1209300993862
-3,-7,280.61573424474136
-3,-7,425.3379984617112
-3,-7,144.9790414342616
-2,-7,170.87417964746282
-2,-7,339.7313184290632
-2,-7,198.37189153336948
-2,-7,260.3411496102032
-2,-7,50.0
-1,-7,328.6423478855669
-1,-7,648.7418550509437
-1,-7,309.9272451376283
-1,-7,478.0038478752783
-1,-7,369.36212686248405
0,-7,494.7979636080742
0,-7,306.4954522008704
0,-7,355.3043158990798
0,-7,311.4451660561522
0,-7,530.2786580623962
1,-7,525.0773748118881
1,-7,632.3424930980643
1,-7,375.59296495254733
1,-7,227.1387549222891
1,-7,425.74133144186067
2,-7,132.9961510119303
2,-7,257.8585117400405
2,-7,382.7928136032829
2,-7,163.71807261123965
2,-7,310.7442411913434
2,-6,478.9139325716698
2,-6,78.70709139248947
2,-6,340.2319067748232
2,-6,395.98376946801807
2,-6,325.4541842974874
2,-5,662.8927736912792
2,-5,447.9381051743555
2,-5,341.2554862253514
2,-5,150.6704553076842
2,-5,602.4202153587667
3,-5,165.3209532421564
3,-5,224.93915065083246
3,-5,411.0037560508945
3,-5,430.47383617632113
3,-5,150.3562679591547
3,-4,115.49840742822732
3,-4,50.0
3,-4,133.61102830952004
3,-4,414.5999393996815
3,-4,274.6532069894021
4,-4,73.84247031389924
4,-4,289.37789570723714
4,-4,119.34736711536652
4,-4,249.15725499300325
4,-4,219.27481784800153
5,-4,900.0
5,-4,170.48368563412902
5,-4,173.73658179805633
5,-4,778.7637491812252
5,-4,345.8441501075121
5,-3,178.13757040773515
5,-3,491.93711765161447
5,-3,400.4677530024471
5,-3,432.93849290109534
5,-3,454.2365165866005
6,-3,244.68296560981233
6,-3,50.0
6,-3,437.44639167359276
6,-3,196.23921154076476
6,-3,104.23700857023844
6,-2,361.3287860382634
6,-2,50.0
6,-2,168.74258997961192
6,-2,50.0
6,-2,50.0
6,-3,50.0
6,-3,330.8519362021469
6,-3,337.3910018773354
6,-3,254.62547533574622
6,-3,50.0
7,-3,50.0
7,-3,492.3093892197646
7,-3,677.4421224808109
7,-3,179.15969777220195
7,-3,355.83291001345185
7,-2,81.42695585238886
7,-2,230.31443675461696
7,-2,238.59725838527788
7,-2,437.2701707486103
7,-2,50.0
7,-1,580.4087265011174
7,-1,523.020848036027
7,-1,50.0
7,-1,832.5568797717553
7,-1,266.20158034026923
8,-1,559.236587493257
8,-1,209.8558705676461
8,-1,509.4873802597135
8,-1,152.31239195498515
8,-1,333.58953822753523
9,-1,50.0
9,-1,277.6024896786677
9,-1,50.0
9,-1,50.0
9,-1,218.5348565930067
9,0,50.0
9,0,265.41132528056374
9,0,556.0785454460713
9,0,121.5351416007204
9,0,50.0
8,0,550.6299378116278
8,0,50.0
8,0,50.0
8,0,157.8108913641131
8,0,393.0994784591416
8,1,550.9715021335967
8,1,411.051554563042
8,1,137.93850074707478
8,1,589.3046028857385
8,1,573.9171795175669
9,1,50.0
9,1,102.48293070831257
9,1,50.0
9,1,263.1605364159716
9,1,50.0
10,1,329.6139283231804
10,1,59.82151278119788
10,1,50.0
10,1,296.5078881650619
10,1,50.0
9,1,509.2075059963121
9,1,559.5444851227278
9,1,50.0
9,1,218.7898082961547
9,1,152.40670941707552
9,2,415.3245466728599
9,2,265.8033801668043
9,2,724.5924448499156
9,2,221.0775282064002
9,2,552.4766143627064
10,2,459.1414774667614
10,2,209.56494595268276
10,2,144.26299015257217
10,2,79.98750147798299
10,2,50.0
11,2,263.1632933061845
11,2,339.77576426376066
11,2,270.4433001569295
11,2,246.57614975396595
11,2,220.4243585172394
11,3,329.83962149123613
11,3,50.0
11,3,505.09215617806467
11,3,50.0
11,3,308.666993376762
12,3,272.13510369981793
12,3,394.88646465189504
12,3,50.0
12,3,50.0
12,3,184.1429816174063
13,3,50.0
13,3,212.4132180393094
13,3,50.0
13,3,50.0
13,3,50.0
14,3,50.0
14,3,50.0
14,3,50.0
14,3,50.0
14,3,50.0
15,3,203.29538446190273
15,3,50.0
15,3,50.0
15,3,50.0
15,3,50.0
14,3,50.0
14,3,326.41636814721795
14,3,50.0
14,3,76.28007457048729
14,3,50.0
15,3,50.0
15,3,700.4341012550163
15,3,126.60147967826143
15,3,222.74564042603166
15,3,50.0
16,3,50.0
16,3,50.0
16,3,50.0
16,3,50.0
16,3,55.56222687418261
17,3,50.0
17,3,50.0
17,3,50.0
17,3,211.8787658518035
17,3,105.1752524337486
18,3,50.0
18,3,50.0
18,3,50.0
18,3,188.58933197011692
18,3,50.0
17,3,50.0
17,3,50.0
17,3,93.25838012732125
17,3,153.21854744434023
17,3,50.0
16,3,358.7851276463481
16,3,50.0
16,3,50.0
16,3,50.0
16,3,50.0
17,3,50.0
17,3,317.32037766890056
17,3,50.0
17,3,50.0
17,3,50.0
18,3,50.0
18,3,50.0
18,3,50.0
18,3,50.0
18,3,190.93161550072023
18,4,50.0
18,4,282.91943773884424
18,4,50.0
18,4,50.0
18,4,50.0
19,4,50.0
