7,-12,50.0
7,-12,431.73113504847055
7,-12,100.9885779749625
7,-12,194.8978369739828
7,-11,50.0
7,-11,189.238768988292
7,-11,166.4365161673284
7,-11,359.84519943095705
7,-11,403.23426474815153
8,-11,50.0
8,-11,145.8223520936108
8,-11,50.0
8,-11,50.0
8,-11,50.0
7,-11,60.44264525095333
7,-11,231.84749939780448
7,-11,79.74879906109274
7,-11,50.0
7,-11,50.0
8,-11,434.74629610893584
8,-11,100.76975659396436
8,-11,50.0
8,-11,255.67694374830685
8,-11,50.0
8,-10,50.0
8,-10,50.0
8,-10,50.0
8,-10,155.86731095536413
8,-10,373.52310845285456
7,-10,50.0
7,-10,166.7686318425109
7,-10,50.0
7,-10,94.41958918085642
7,-10,50.0
7,-9,170.0540700660189
7,-9,152.6093996814361
7,-9,50.0
7,-9,290.82150252890915
7,-9,50.0
8,-9,303.4958258866364
8,-9,50.0
8,-9,182.64430550983087
8,-9,64.64890035960812
8,-9,179.124544241284
7,-9,63.09013671961908
7,-9,166.2840192583097
7,-9,71.79257778667257
7,-9,61.723794522297375
7,-9,153.6393574591684
6,-9,293.27444793379925
6,-9,50.0
6,-9,542.1715017584531
6,-9,50.0
6,-9,156.4374817577496
5,-9,50.0
5,-9,320.8691983892468
5,-9,456.5178321131392
5,-9,157.4208978176786
5,-9,50.0
4,-9,94.91624019262952
4,-9,325.42049295775314
4,-9,141.00647087239494
4,-9,156.3073203245027
4,-9,435.2267607376387
5,-9,80.8985890529192
5,-9,86.28233045361601
5,-9,77.1613012348207
5,-9,433.8955586015015
5,-9,214.2300161372864
6,-9,586.296920529322
6,-9,360.68845639719495
6,-9,244.1488073978574
6,-9,50.0
6,-9,50.0
5,-9,127.85330567103316
5,-9,197.75677975153766
5,-9,267.4299191667602
5,-9,50.0
5,-9,50.0
4,-9,246.92087603144384
4,-9,50.0
4,-9,335.9710844186586
4,-9,63.6660121022267
4,-9,312.75911778303237
3,-9,180.78521744300372
3,-9,274.57751755286733
3,-9,66.59081891476333
3,-9,453.37782810160775
3,-9,314.8029870331002
2,-9,451.901894833127
2,-9,50.0
2,-9,50.0
2,-9,321.7513435461397
2,-9,50.0
1,-9,270.03508515639527
1,-9,90.91781727356205
1,-9,231.4642705842902
1,-9,50.0
1,-9,50.0
0,-9,200.93144296273283
0,-9,357.9490182964458
0,-9,370.6531056665266
0,-9,162.19686262044092
0,-9,247.55720127382892
-1,-9,174.30205627914702
-1,-9,350.81590901450147
-1,-9,337.90243736720805
-1,-9,171.10223929808947
-1,-9,487.30402728579213
-1,-8,243.15609349577886
-1,-8,137.1343704380793
-1,-8,50.0
-1,-8,465.9318657219014
-1,-8,390.9084297822181
-2,-8,232.66108653503184
-2,-8,243.46302615078554
-2,-8,243.17617105805527
-2,-8,230.59354293637102
-2,-8,50.0
-2,-7,297.86461677587613
-2,-7,486.19286627798505
-2,-7,99.47043119004711
-2,-7,50.0
-2,-7,549.0025835081127
-3,-7,201.71075349087545
-3,-7,197.95033669927815
-3,-7,108.58472446312689
-3,-7,79.1523942945723
-3,-7,50.0
-4,-7,50.0
-4,-7,50.0
-4,-7,137.28757156275913
-4,-7,50.0
-4,-7,262.13615704688624
-4,-6,111.9560272205606
-4,-6,145.4890838090323
-4,-6,210.4604840223271
-4,-6,89.60739831755197
-4,-6,409.23728894003966
-5,-6,568.7064389164906
-5,-6,50.0
-5,-6,396.1832042710069
-5,-6,650.1410168196173
-5,-6,343.0386596731138
-6,-6,404.37205409958153
-6,-6,73.77466289622022
-6,-6,50.0
-6,-6,256.92038697638884
-6,-6,118.50740490236036
-5,-6,900.0
-5,-6,293.98666893042855
-5,-6,577.62557661358
-5,-6,127.05627237614458
-5,-6,50.0
-6,-6,197.53814099269565
-6,-6,138.87208183555012
-6,-6,290.9375596885218
-6,-6,247.97715906730787
-6,-6,231.2837459039242
-7,-6,97.08374738614248
-7,-6,115.68205991728416
-7,-6,375.9924976122249
-7,-6,285.31573440588926
-7,-6,50.0
-8,-6,50.0
-8,-6,50.0
-8,-6,50.0
-8,-6,133.62877684505622
-8,-6,245.5765458329288
-9,-6,50.0
-9,-6,92.24313087092877
-9,-6,372.76886102135177
-9,-6,50.0
-9,-6,88.00860216291495
-10,-6,50.0
-10,-6,50.0
-10,-6,188.0935869837383
-10,-6,312.0028940342132
-10,-6,199.68854406698787
-11,-6,108.9987593506469
-11,-6,82.57861177515748
-11,-6,543.9368856546288
-11,-6,50.0
-11,-6,268.37095474091234
-12,-6,160.19531947235077
-12,-6,401.8404671068667
-12,-6,50.0
-12,-6,50.0
-12,-6,50.0
-13,-6,50.0
-13,-6,246.3596206810512
-13,-6,123.73905581416531
-13,-6,50.0
-13,-6,50.0
-13,-5,50.0
-13,-5,50.0
-13,-5,50.0
-13,-5,101.07290336862876
-13,-5,50.0
-12,-5,392.68360830600034
-12,-5,50.0
-12,-5,50.0
-12,-5,50.0
-12,-5,50.0
-11,-5,178.97637996789678
-11,-5,50.0
-11,-5,50.0
-11,-5,54.08160874407251
-11,-5,344.13982739458856
-11,-4,50.0
-11,-4,50.0
-11,-4,138.07948879209388
-11,-4,300.686647085656
-11,-4,50.0
-12,-4,50.0
-12,-4,50.0
-12,-4,50.0
-12,-4,273.56183532419175
-12,-4,257.200892504205
-13,-4,50.0
-13,-4,50.0
-13,-4,50.0
-13,-4,507.4910259724309
-13,-4,50.0
-14,-4,240.2322064738637
-14,-4,50.0
-14,-4,72.37140510722855
-14,-4,508.5191731365884
-14,-4,216.26314788576934
-15,-4,351.5208502161661
-15,-4,331.6764259955581
-15,-4,50.0
-15,-4,50.0
-15,-4,50.0
-16,-4,50.0
-16,-4,50.0
-16,-4,50.0
-16,-4,50.0
-16,-4,77.11513869434356
-17,-4,55.58769845169437
-17,-4,50.0
-17,-4,50.0
-17,-4,58.03152070825328
-17,-4,50.0
-16,-4,50.0
-16,-4,50.0
-16,-4,50.0
-16,-4,50.0
-16,-4,50.0
-17,-4,50.0
-17,-4,50.0
-17,-4,50.0
-17,-4,270.3762212708073
-17,-4,69.90175025250147
-16,-4,50.0
-16,-4,381.21915530004446
-16,-4,50.0
-16,-4,50.0
-16,-4,50.0
-15,-4,50.0
-15,-4,98.29940776515224
-15,-4,50.0
-15,-4,142.23986706143984
-15,-4,50.0
-14,-4,50.0
-14,-4,50.0
-14,-4,50.0
-14,-4,313.98283218394187
-14,-4,50.0
-15,-4,50.0
-15,-4,50.0
-15,-4,337.3608551723999
-15,-4,50.0
-15,-4,230.1803908968758
-14,-4,50.0
-14,-4,50.37285424026598
-14,-4,50.0
-14,-4,418.77931917582686
-14,-4,224.93508411943154
-13,-4,242.89770684592244
-13,-4,366.4419622415923
-13,-4,337.3861185168798
-13,-4,253.75058166782128
-13,-4,387.604881305458
-12,-4,50.0
-12,-4,123.69776096574526
-12,-4,50.0
-12,-4,59.47566656166134
-12,-4,50.0
-11,-4,50.0
-11,-4,222.73616352389797
-11,-4,52.62795169511233
-11,-4,80.69410339367852
-11,-4,50.0
-12,-4,50.0
-12,-4,50.0
-12,-4,191.70120843390686
-12,-4,50.0
-12,-4,50.0
-11,-4,122.6174211435477
-11,-4,50.0
-11,-4,50.0
-11,-4,415.1861408215048
-11,-4,222.09908708439525
-10,-4,50.0
-10,-4,50.0
-10,-4,328.6413424196329
-10,-4,193.3705744402443
-10,-4,138.44818691560383
-11,-4,50.0
-11,-4,50.0
-11,-4,103.31391017814887
-11,-4,188.71536723474375
-11,-4,415.38564303893827
-10,-4,300.24230886734983
-10,-4,234.59798824123064
-10,-4,50.0
-10,-4,50.0
-10,-4,401.0797896488451
-9,-4,140.19939923071766
-9,-4,145.54619080100966
-9,-4,50.0
-9,-4,245.1365197261437
-9,-4,50.0
-8,-4,146.23348148878995
-8,-4,554.751486312733
-8,-4,97.83456753996568
-8,-4,341.9824002677087
-8,-4,76.11604415408179
-7,-4,364.173576040533
-7,-4,266.92333072972593
-7,-4,54.43951822599976
-7,-4,347.06864543310826
-7,-4,454.9056291183258
-6,-4,215.315212717189
-6,-4,208.87677155293989
-6,-4,262.15799978343637
-6,-4,334.6523629098952
-6,-4,50.0
-5,-4,190.28275198742432
-5,-4,419.54991669121375
-5,-4,280.9925449006302
-5,-4,343.19025117125733
-5,-4,504.9270839969363
-4,-4,287.2488708108735
-4,-4,236.56182185993845
-4,-4,630.6674530770965
-4,-4,480.4249944147317
-4,-4,198.65354571998157
-3,-4,50.0
-3,-4,325.37195680014315
-3,-4,558.6292324195532
-3,-4,106.7092583511392
-3,-4,50.0
-2,-4,160.62350744061655
-2,-4,329.40350799255856
-2,-4,749.7164743818914
-2,-4,326.74331685901694
-2,-4,655.0264462495079
-1,-4,534.2723387721416
-1,-4,607.4057728852166
-1,-4,456.1205245035168
-1,-4,240.0307891047114
-1,-4,477.89596105463744
0,-4,900.0
0,-4,847.5048290287534
0,-4,302.2603226182703
0,-4,781.6840721231779
0,-4,222.15067249339882
0,-3,536.551411149447
0,-3,211.90658747616283
0,-3,528.4272319153484
0,-3,636.6935992247334
0,-3,166.13258586173907
0,-2,484.2927157190694
0,-2,738.2308153493314
0,-2,651.8485721063162
0,-2,503.77520648888657
0,-2,377.5947085978766
-1,-2,239.85864416449016
-1,-2,576.4298018510462
-1,-2,786.9503450044353
-1,-2,125.85776601265931
-1,-2,660.8370730615038
-1,-3,450.45970601876
-1,-3,469.78950220499706
-1,-3,561.8680433664488
-1,-3,198.7448395769579
-1,-3,282.9978543271657
-1,-2,50.0
-1,-2,289.5959119863183
-1,-2,518.2486936010926
-1,-2,513.175979262554
-1,-2,881.0670110204843
-1,-3,50.0
-1,-3,316.0728390271581
-1,-3,600.392578222948
-1,-3,709.0146908088633
-1,-3,519.9288646707713
-2,-3,583.4262920277416
-2,-3,483.9262273729457
-2,-3,334.77527309228276
-2,-3,198.99611210398746
-2,-3,683.5685875195493
-3,-3,467.3561949115587
-3,-3,498.3687764660044
-3,-3,189.0991084109578
-3,-3,372.35960673781875
-3,-3,342.59948834936034
-3,-2,330.4808867617478
-3,-2,248.88090441993867
-3,-2,301.4281923960829
-3,-2,255.16357920870632
-3,-2,50.0
-3,-3,518.1152611434517
-3,-3,130.13804129897824
-3,-3,266.2434865233697
-3,-3,370.2120878927008
-3,-3,670.2913421002361
-3,-2,544.5309486139142
-3,-2,443.9378870275363
-3,-2,177.63039502732778
-3,-2,346.15247487435994
-3,-2,301.5709067907419
-3,-3,599.0906065994144
-3,-3,50.0
-3,-3,140.17522720027029
-3,-3,391.4689402277903
-3,-3,386.9601978190883
-3,-2,208.8570808803268
-3,-2,647.4452839670067
-3,-2,50.0
-3,-2,598.3197655375615
-3,-2,507.2738608213529
-4,-2,596.5934925136103
-4,-2,578.0191022530486
-4,-2,400.45880794975665
-4,-2,483.35946000360104
-4,-2,330.9586465347802
-4,-1,574.1883039876857
-4,-1,50.0
-4,-1,409.33504614327103
-4,-1,266.44479964330895
-4,-1,302.4832529637447
-4,-2,284.7554174005825
-4,-2,241.05235659272813
-4,-2,375.94802515168186
-4,-2,229.75846128417567
-4,-2,94.94555526510572
-4,-1,362.6827921760505
-4,-1,547.4258198078448
-4,-1,343.40237591511107
-4,-1,295.6063174181462
-4,-1,50.0
-4,0,50.0
-4,0,179.6183897649804
-4,0,388.7341992152606
-4,0,756.3930236274257
-4,0,900.0
-5,0,317.6474023889237
-5,0,319.4907267403903
-5,0,352.18265811560553
-5,0,297.4219369237085
-5,0,262.25791619113386
-5,-1,408.58440177347364
-5,-1,378.321020432808
-5,-1,103.39522752668432
-5,-1,435.41626812748905
-5,-1,280.39711747226215
-5,0,50.0
-5,0,703.7064248061257
-5,0,574.5612477234046
-5,0,520.2249019265624
-5,0,271.1690849090536
-5,-1,459.4663669198688
-5,-1,50.0
-5,-1,290.5274672618331
-5,-1,409.736647488467
-5,-1,389.25057767573173
-5,-2,521.3260449051174
-5,-2,586.6672583253769
-5,-2,442.43699114886994
-5,-2,426.82719537203013
-5,-2,702.9645740896123
-5,-3,345.47759720444884
-5,-3,236.13245515356672
-5,-3,343.53974830606614
-5,-3,308.72250028183487
-5,-3,317.40963418216927
-6,-3,344.62871911492624
-6,-3,318.6763872921464
-6,-3,309.5972099669884
-6,-3,264.153716268097
-6,-3,162.58131390665747
-6,-4,103.09236187359966
-6,-4,50.0
-6,-4,253.06560365979624
-6,-4,99.09341451361115
-6,-4,237.7821355180846
-6,-5,138.27965181246597
-6,-5,540.5070418535837
-6,-5,308.103275433374
-6,-5,288.7228100999079
-6,-5,371.3733945514116
-6,-6,400.8632105158946
-6,-6,86.66616036702251
-6,-6,86.16036864279184
-6,-6,50.0
-6,-6,592.1379122419401
-7,-6,417.23834135037407
-7,-6,735.2748307070306
-7,-6,50.0
-7,-6,404.49543071698633
-7,-6,494.2572563957024
-7,-7,324.0502926832605
-7,-7,50.0
-7,-7,105.34382784446237
-7,-7,210.86944548214356
-7,-7,86.93658844224394
-8,-7,67.3011487471133
-8,-7,50.0
-8,-7,368.8728981138744
-8,-7,504.3954617287696
-8,-7,350.979557775196
-7,-7,74.62161345934769
-7,-7,50.0
-7,-7,267.09438247476885
-7,-7,424.1884552810126
-7,-7,128.999998282851
-7,-8,402.601034033734
-7,-8,239.38873685333226
-7,-8,166.5160955076999
-7,-8,50.0
-7,-8,680.6606646923136
-6,-8,263.31297697592964
-6,-8,145.3068655363768
-6,-8,207.13405615601397
-6,-8,50.0
-6,-8,108.22107987697572
-6,-9,499.8062280538008
-6,-9,50.0
-6,-9,50.0
-6,-9,50.0
-6,-9,488.8539411248571
-7,-9,50.0
-7,-9,197.32090684022398
-7,-9,219.58840409068182
-7,-9,569.4129476744697
-7,-9,155.00088117255717
-7,-8,50.0
-7,-8,50.0
-7,-8,50.0
-7,-8,219.77132645259093
-7,-8,50.0
-6,-8,324.69992192796565
-6,-8,900.0
-6,-8,369.1779066010565
-6,-8,324.633036829933
-6,-8,50.0
-6,-9,50.0
-6,-9,50.0
-6,-9,50.0
-6,-9,301.66034698521855
-6,-9,154.24121720939246
-7,-9,364.8805410496761
-7,-9,50.0
-7,-9,50.0
-7,-9,50.0
-7,-9,50.0
-8,-9,50.0
-8,-9,202.92229977388678
-8,-9,50.0
-8,-9,290.5709270626429
-8,-9,122.46349234645422
-8,-10,50.0
-8,-10,50.0
-8,-10,357.3207362786781
-8,-10,50.0
-8,-10,50.0
-8,-11,50.0
-8,-11,78.75987623968888
-8,-11,287.97349846939375
-8,-11,94.81518031109502
-8,-11,105.05461326509872
-9,-11,118.60914946764034
-9,-11,50.0
-9,-11,284.00409451363623
-9,-11,50.0
-9,-11,50.0
-8,-11,433.77867762584305
-8,-11,50.0
-8,-11,246.93478837328578
-8,-11,223.8602440708358
-8,-11,50.0
-8,-10,50.0
-8,-10,225.84683694947972
-8,-10,147.32555310908185
-8,-10,50.0
-8,-10,50.0
-8,-11,207.9387465267132
-8,-11,379.97236058652214
-8,-11,229.97196162743157
-8,-11,50.0
-8,-11,113.62472474872337
-8,-12,307.42814482144183
-8,-12,50.0
-8,-12,50.0
-8,-12,215.4462138447118
-8,-12,286.6217400202599
-9,-12,343.5498101366363
-9,-12,50.0
-9,-12,50.0
-9,-12,50.0
-9,-12,305.91186300421964
-9,-13,50.0
-9,-13,384.99771865227314
-9,-13,50.0
-9,-13,50.0
-9,-13,234.0427447859887
-9,-14,50.0
-9,-14,50.0
-9,-14,50.0
-9,-14,50.0
-9,-14,50.0
-10,-14,50.0
-10,-14,219.78672103790188
-10,-14,223.0950688325393
-10,-14,50.0
-10,-14,50.0
-11,-14,50.0
-11,-14,81.8062242299857
-11,-14,50.0
-11,-14,50.0
-11,-14,68.77997618538794
-12,-14,50.0
-12,-14,50.0
-12,-14,50.0
-12,-14,141.16972905682496
-12,-14,50.0
-12,-15,50.0
-12,-15,50.0
-12,-15,50.0
-12,-15,50.0
-12,-15,50.0
-12,-16,109.28330352226754
-12,-16,50.0
-12,-16,50.0
-12,-16,50.0
-12,-16,50.0
-12,-15,50.0
-12,-15,50.0
-12,-15,187.14349962198003
-12,-15,66.6618469105574
-12,-15,50.0
-11,-15,277.6094120563508
-11,-15,50.0
-11,-15,73.83960627794252
-11,-15,50.0
-11,-15,50.0
-10,-15,50.0
-10,-15,50.0
-10,-15,224.87850741017542
-10,-15,50.0
-10,-15,186.83500548301566
-9,-15,50.0
-9,-15,50.0
-9,-15,50.0
-9,-15,50.0
-9,-15,50.0
-9,-14,50.0
-9,-14,50.0
-9,-14,50.0
-9,-14,50.0
-9,-14,50.0
-9,-13,50.0
-9,-13,161.41214195132935
-9,-13,50.0
-9,-13,50.0
-9,-13,50.0
-9,-12,50.0
-9,-12,199.29973289044605
-9,-12,50.0
-9,-12,171.91816450375708
-9,-12,195.89578352151884
-8,-12,50.0
-8,-12,86.48690520223047
-8,-12,50.0
-8,-12,396.971063081971
-8,-12,203.825997693851
-7,-12,50.0
-7,-12,50.0
-7,-12,50.0
-7,-12,50.0
-7,-12,50.0
-7,-11,121.11488449470673
-7,-11,50.0
-7,-11,50.0
-7,-11,235.4556681077773
-7,-11,73.64944756303089
-7,-10,693.0925159532669
-7,-10,159.63657897947564
-7,-10,50.0
-7,-10,283.23654754644565
-7,-10,50.0
-6,-10,50.0
-6,-10,50.0
-6,-10,50.0
-6,-10,130.47149657923887
-6,-10,87.02588515106115
-5,-10,50.0
-5,-10,461.675580838529
-5,-10,128.98602449523435
-5,-10,50.0
-5,-10,271.90746682095846
-5,-11,474.7167041529992
-5,-11,275.12862442920766
-5,-11,50.0
-5,-11,50.0
-5,-11,50.0
-6,-11,351.68084993912436
-6,-11,126.8858422780686
-6,-11,50.0
-6,-11,50.0
-6,-11,50.0
-6,-10,299.4292783918101
-6,-10,433.78901523433797
-6,-10,249.064696098807
-6,-10,287.2216423859311
-6,-10,205.7399414066883
-5,-10,287.0906790353122
-5,-10,255.92664362385932
-5,-10,50.0
-5,-10,633.1917262435875
-5,-10,648.3195701157263
-6,-10,86.58148444500767
-6,-10,50.0
-6,-10,140.43398205176365
-6,-10,50.0
-6,-10,173.26580947575033
-6,-9,50.0
-6,-9,152.28610518708874
-6,-9,50.0
-6,-9,472.4273860673468
-6,-9,50.0
-6,-8,530.5574272334126
-6,-8,295.3154283115452
-6,-8,285.2417641712734
-6,-8,482.5353587374664
-6,-8,285.63099586322227
-6,-7,50.0
-6,-7,50.0
-6,-7,238.3601027302035
-6,-7,50.0
-6,-7,50.0
-5,-7,823.4345830978971
-5,-7,50.0
-5,-7,50.0
-5,-7,117.69741678093331
-5,-7,603.1315414595229
-4,-7,495.71898394457673
-4,-7,184.50751849146417
-4,-7,356.0302773741413
-4,-7,159.63948396590504
-4,-7,50.0
-3,-7,522.5767435774227
-3,-7,138.40110107794865
-3,-7,637.765075506881
-3,-7,428.8692640310166
-3,-7,362.41921308339664
-2,-7,120.28799349423102
-2,-7,567.7550925504927
-2,-7,684.0720147398433
-2,-7,306.2488559801932
-2,-7,334.48522578150323
-3,-7,428.1920121786088
-3,-7,245.84450501579633
-3,-7,50.0
-3,-7,145.13860838943117
-3,-7,379.2302009751611
-2,-7,50.0
-2,-7,564.7421308135629
-2,-7,118.77291383882334
-2,-7,371.29269743097905
-2,-7,50.0
-1,-7,562.3166644034609
-1,-7,527.7127308482494
-1,-7,710.6306371101615
-1,-7,243.31110239543972
-1,-7,584.6145469844892
0,-7,265.0721744082119
0,-7,212.97611553926117
0,-7,231.16941893446557
0,-7,136.51701773843112
0,-7,308.78879112160587
1,-7,258.17724156625803
1,-7,260.0447587959072
1,-7,323.781017184825
1,-7,306.7836024824418
1,-7,390.4101316600546
2,-7,151.76088275820584
2,-7,248.8231966960715
2,-7,124.90717120381126
2,-7,50.0
2,-7,62.69081645440403
2,-6,50.0
2,-6,224.41363092967697
2,-6,321.14114081785044
2,-6,237.31358097433122
2,-6,184.23083796933304
2,-5,709.0476120201381
2,-5,232.970197002831
2,-5,463.56815910518617
2,-5,556.4186004204352
2,-5,352.780731059749
3,-5,215.2178977994549
3,-5,50.0
3,-5,568.4816120699038
3,-5,499.23481809262194
3,-5,754.0972340107869
3,-4,506.25457255229173
3,-4,759.5822424289173
3,-4,727.1710762162104
3,-4,173.11820377249936
3,-4,360.5314318351946
4,-4,532.1745528034239
4,-4,314.60314195951975
4,-4,463.7618823252357
4,-4,50.0
4,-4,119.69468715745398
5,-4,744.3593457180517
5,-4,455.0850807233345
5,-4,476.15156140452984
5,-4,267.57525512984085
5,-4,284.1396618347401
5,-3,456.19048714244775
5,-3,246.27233702466478
5,-3,201.15359112661324
5,-3,93.9262800696246
5,-3,281.79115984972685
6,-3,496.1416961861477
6,-3,187.361255349503
6,-3,497.861944149725
6,-3,423.2815901972618
6,-3,701.4982149190357
6,-2,227.17263570566627
6,-2,364.05528059051346
6,-2,50.0
6,-2,270.9887138535023
6,-2,50.0
6,-3,618.2541333506922
6,-3,542.0502310406348
6,-3,361.65458561533137
6,-3,349.1504762827645
6,-3,478.2675078726121
7,-3,66.01496153144271
7,-3,50.0
7,-3,164.005450459114
7,-3,251.68060765249194
7,-3,50.0
7,-2,50.0
7,-2,50.0
7,-2,347.24404345004024
7,-2,378.8517315956472
7,-2,110.0603442088262
7,-1,335.5702215942381
7,-1,524.2158443401427
7,-1,623.7697052085143
7,-1,288.28268229785465
7,-1,201.64752901283816
8,-1,444.5535574256267
8,-1,50.0
8,-1,593.0072095820576
8,-1,195.7084064228951
8,-1,175.5658577530806
9,-1,414.18320945296995
9,-1,114.06159594032644
9,-1,79.84016032681954
9,-1,50.0
9,-1,723.5183405442515
9,0,387.56441674865766
9,0,248.72883856220514
9,0,50.0
9,0,60.27042317773764
9,0,50.0
8,0,50.0
8,0,285.39851597467225
8,0,50.0
8,0,246.41299154861815
8,0,132.4782693551286
8,1,502.8604750688386
8,1,423.5876963980779
8,1,352.92945659978795
8,1,126.35595528027227
8,1,50.0
9,1,50.0
9,1,167.55153699058715
9,1,146.00951030546716
9,1,284.80616400311885
9,1,151.47319576464022
10,1,50.0
10,1,208.75541954818647
10,1,50.0
10,1,50.0
10,1,371.40867592636573
9,1,173.3328724979629
9,1,149.43855561165202
9,1,616.8685177934262
9,1,637.1885492953946
9,1,718.0836372946867
9,2,438.54893739354327
9,2,362.63316730842257
9,2,371.0240109012989
9,2,139.62179877003913
9,2,424.89064709300885
10,2,50.0
10,2,86.42457269038488
10,2,485.020250527472
10,2,50.0
10,2,50.0
11,2,196.3073591022615
11,2,50.0
11,2,71.61826871805818
11,2,50.0
11,2,50.0
11,3,50.0
11,3,210.1637656009216
11,3,50.0
11,3,50.0
11,3,561.3164205253381
12,3,78.56802360845913
12,3,284.9504609610832
12,3,50.0
12,3,166.6181840173009
12,3,71.38411321175886
13,3,50.0
13,3,132.56300071290664
13,3,50.0
13,3,50.0
13,3,377.2890467459838
14,3,50.0
14,3,50.0
14,3,50.0
14,3,50.0
14,3,55.911259516154416
15,3,347.4644900920807
15,3,162.6736751723923
15,3,50.0
15,3,50.0
15,3,50.0
14,3,123.11189298578768
14,3,50.0
14,3,50.0
14,3,50.0
14,3,295.83953685264623
15,3,50.0
15,3,50.0
15,3,50.0
15,3,50.0
15,3,50.0
16,3,297.42102108075824
16,3,50.0
16,3,50.0
16,3,314.3726993354388
16,3,82.79257564043772
17,3,96.81242745222937
17,3,247.2777852431096
17,3,50.0
17,3,71.47522653704286
17,3,50.0
18,3,50.0
18,3,50.0
18,3,50.0
18,3,236.24196860758872
18,3,50.0
17,3,50.0
17,3,50.0
17,3,50.0
17,3,50.0
17,3,50.0
16,3,50.0
16,3,242.04235876173948
16,3,50.0
16,3,148.93705796847053
16,3,190.8261710726348
17,3,50.0
17,3,50.0
17,3,50.0
17,3,50.0
17,3,50.0
18,3,50.0
18,3,50.0
18,3,50.0
18,3,50.0
18,3,50.0
18,4,50.0
18,4,50.0
18,4,97.18130201322174
18,4,50.0
18,4,50.0
19,4,199.95405226688922
