7,-12,3600.0
7,-11,477.81234914797597
7,-11,281.0014743460871
8,-11,423.7197877425077
8,-11,200.0
7,-11,200.0
7,-11,336.3785246936197
8,-11,1640.3982988612893
8,-11,200.0
8,-10,200.0
8,-10,200.0
7,-10,927.426097736393
7,-10,223.77949721761027
7,-9,200.0
7,-9,200.0
8,-9,2563.4338484565824
8,-9,200.0
7,-9,200.0
7,-9,200.0
6,-9,785.4055603508325
6,-9,277.54533819880265
5,-9,624.2442356921206
5,-9,1108.4407429540452
4,-9,200.0
4,-9,200.0
5,-9,1113.358606852566
5,-9,425.964973477739
6,-9,523.4781216108911
6,-9,865.7757635368749
5,-9,2736.966947226595
5,-9,2101.476703775891
4,-9,994.2191866544274
4,-9,2003.504994823522
3,-9,1518.6813695775907
3,-9,1066.5466940370168
2,-9,731.9650810961436
2,-9,887.0204799182948
1,-9,200.0
1,-9,1567.2236775253375
0,-9,1018.7983423009093
0,-9,1557.5103047027676
-1,-9,2497.8687268340163
-1,-9,200.0
-1,-8,2498.6868526288686
-1,-8,1257.0823108319323
-2,-8,660.9950062053437
-2,-8,611.8463303276778
-2,-7,200.0
-2,-7,2005.502706153433
-3,-7,833.7097994132388
-3,-7,200.0
-4,-7,509.03573955243013
-4,-7,200.0
-4,-6,200.0
-4,-6,857.8623985329901
-5,-6,886.1550957311741
-5,-6,1635.1839152627363
-6,-6,249.8348591722454
-6,-6,2267.394417251556
-5,-6,2707.229021224248
-5,-6,1599.591381368094
-6,-6,635.8157823229025
-6,-6,200.0
-7,-6,200.0
-7,-6,1347.2536997877655
-8,-6,465.8563825033191
-8,-6,1855.8973193926877
-9,-6,399.2534302607681
-9,-6,672.5977212039264
-10,-6,415.1935923734977
-10,-6,710.2575201041653
-11,-6,200.0
-11,-6,200.0
-12,-6,526.0581308772994
-12,-6,384.9880862638274
-13,-6,200.0
-13,-6,327.22333552181294
-13,-5,682.370770027972
-13,-5,200.0
-12,-5,835.7428907201199
-12,-5,200.0
-11,-5,1246.8761102491585
-11,-5,200.0
-11,-4,2145.208014761622
-11,-4,200.0
-12,-4,200.0
-12,-4,200.0
-13,-4,298.8008040947493
-13,-4,200.0
-14,-4,200.0
-14,-4,534.6366454443419
-15,-4,930.3354269939156
-15,-4,200.0
-16,-4,200.0
-16,-4,200.0
-17,-4,200.0
-17,-4,205.9778511149761
-16,-4,200.0
-16,-4,2764.1775427267908
-17,-4,200.0
-17,-4,900.3924813466476
-16,-4,200.0
-16,-4,714.3852845041663
-15,-4,200.0
-15,-4,1239.8139638853715
-14,-4,200.0
-14,-4,316.05175210230385
-15,-4,200.0
-15,-4,200.0
-14,-4,200.0
-14,-4,703.4788266032311
-13,-4,1825.8397241803773
-13,-4,200.0
-12,-4,404.1234589738892
-12,-4,540.8607628777231
-11,-4,200.0
-11,-4,2001.4627561578682
-12,-4,200.0
-12,-4,200.0
-11,-4,1998.580396982682
-11,-4,771.9337160837136
-10,-4,2218.3673627708204
-10,-4,200.0
-11,-4,668.1611655182368
-11,-4,200.0
-10,-4,2252.9461963338717
-10,-4,200.0
-9,-4,377.1479957870363
-9,-4,1675.7662110590504
-8,-4,661.0008413755141
-8,-4,200.0
-7,-4,873.096238584086
-7,-4,518.2272927540942
-6,-4,200.0
-6,-4,200.0
-5,-4,1243.451075023377
-5,-4,678.1082883790417
-4,-4,3600.0
-4,-4,1094.827332071849
-3,-4,2290.2461120843654
-3,-4,2028.5152134629427
-2,-4,1915.0941564614593
-2,-4,200.0
-1,-4,648.608035330021
-1,-4,1934.735593770759
0,-4,830.0874705579413
0,-4,2474.9239197602737
0,-3,2731.006222039621
0,-3,3600.0
0,-2,1682.0748026774586
0,-2,1106.460535397193
-1,-2,200.0
-1,-2,1614.9247711158582
-1,-3,2252.5975162600976
-1,-3,1362.4995585192987
-1,-2,2530.9743990061993
-1,-2,200.0
-1,-3,326.72640468437464
-1,-3,2418.6945644405764
-2,-3,3186.947920107499
-2,-3,1819.0845877499523
-3,-3,1219.7532894106184
-3,-3,2241.8733117291363
-3,-2,446.4070435530125
-3,-2,3600.0
-3,-3,2498.0173805244317
-3,-3,3600.0
-3,-2,926.3458775805077
-3,-2,570.114809793231
-3,-3,1085.134334611223
-3,-3,767.9764150382923
-3,-2,2971.2346018343333
-3,-2,1897.6574208100687
-4,-2,712.5085046572567
-4,-2,1813.1468478734723
-4,-1,200.0
-4,-1,3600.0
-4,-2,764.8667594704702
-4,-2,1168.6569254686872
-4,-1,200.0
-4,-1,1916.3821151866837
-4,0,950.0115392343807
-4,0,200.0
-5,0,1904.907788244207
-5,0,2350.4383268549354
-5,-1,1657.2917929835642
-5,-1,698.6033106921216
-5,0,3467.9925203128614
-5,0,200.0
-5,-1,890.1165764939853
-5,-1,1189.9349423549995
-5,-2,2287.106178203065
-5,-2,1617.0225637382985
-5,-3,2414.8481854782394
-5,-3,200.0
-6,-3,200.0
-6,-3,2589.5524839587465
-6,-4,1827.782329834677
-6,-4,1223.037139961244
-6,-5,1190.312340267385
-6,-5,1054.1164151918515
-6,-6,1297.2434349089021
-6,-6,3033.402287402785
-7,-6,270.6292100292908
-7,-6,200.0
-7,-7,604.5899376507616
-7,-7,1421.3474081925606
-8,-7,728.4574346321972
-8,-7,200.0
-7,-7,200.0
-7,-7,2373.222783880228
-7,-8,2252.066795720659
-7,-8,934.6990106136519
-6,-8,200.0
-6,-8,790.5334753860088
-6,-9,200.0
-6,-9,200.0
-7,-9,1982.414560174905
-7,-9,200.0
-7,-8,973.8494097572534
-7,-8,324.22131876180634
-6,-8,265.7620184841188
-6,-8,962.9147923234519
-6,-9,200.0
-6,-9,342.8316711203089
-7,-9,491.5987918323781
-7,-9,200.0
-8,-9,200.0
-8,-9,606.84497407227
-8,-10,200.0
-8,-10,200.0
-8,-11,200.0
-8,-11,200.0
-9,-11,396.5228364180753
-9,-11,200.0
-8,-11,200.0
-8,-11,200.0
-8,-10,200.0
-8,-10,1499.8777062988565
-8,-11,200.0
-8,-11,1964.5323693358505
-8,-12,640.3825092206412
-8,-12,200.0
-9,-12,200.0
-9,-12,748.3024584810183
-9,-13,200.0
-9,-13,223.20096806123576
-9,-14,200.0
-9,-14,992.0894529929188
-10,-14,200.0
