7,-12,50.0
7,-12,50.0
7,-12,50.0
7,-12,50.0
7,-11,50.0
7,-11,50.0
7,-11,558.8440795817946
7,-11,50.0
7,-11,50.0
8,-11,318.64553792442354
8,-11,50.0
8,-11,62.22832640981587
8,-11,50.0
8,-11,50.0
7,-11,50.0
7,-11,173.96210901201363
7,-11,115.47592732325388
7,-11,50.0
7,-11,370.0725545385359
8,-11,50.0
8,-11,50.0
8,-11,50.0
8,-11,50.0
8,-11,339.11685922196557
8,-10,179.80565467516584
8,-10,50.0
8,-10,131.64679142885265
8,-10,143.46413379835963
8,-10,50.0
7,-10,50.0
7,-10,100.78935102738083
7,-10,423.38948138075403
7,-10,50.0
7,-10,323.9659638244455
7,-9,50.0
7,-9,90.01062738784718
7,-9,50.0
7,-9,50.0
7,-9,145.53498196434407
8,-9,50.0
8,-9,153.30243112032485
8,-9,198.7692047913238
8,-9,72.82010269613275
8,-9,510.8630855261867
7,-9,50.0
7,-9,50.0
7,-9,227.21463760804855
7,-9,50.0
7,-9,50.0
6,-9,343.30854866132324
6,-9,144.33366957548543
6,-9,50.0
6,-9,297.86634897141045
6,-9,179.72694017187612
5,-9,50.0
5,-9,75.14200366705104
5,-9,121.18017233957617
5,-9,204.67224839229968
5,-9,84.04629054610606
4,-9,438.8619051698033
4,-9,288.72472206885175
4,-9,50.0
4,-9,50.0
4,-9,50.0
5,-9,50.0
5,-9,134.28590875159364
5,-9,50.0
5,-9,50.0
5,-9,262.10919100329284
6,-9,635.7242289455113
6,-9,50.0
6,-9,103.19113762530056
6,-9,269.8239017522219
6,-9,215.60039876437776
5,-9,99.12195644437546
5,-9,562.5419281866002
5,-9,480.19389386458846
5,-9,119.14220427818542
5,-9,235.13796112215675
4,-9,50.0
4,-9,97.77370098709505
4,-9,552.7070307735607
4,-9,241.9831717971805
4,-9,50.0
3,-9,442.03155811932726
3,-9,159.01317070810194
3,-9,50.0
3,-9,246.5143799709865
3,-9,148.54501924338052
2,-9,425.53157975485664
2,-9,498.84872207010966
2,-9,154.03147469366212
2,-9,444.3009029645227
2,-9,197.33764264220918
1,-9,524.9095972678178
1,-9,202.25843426460256
1,-9,488.6193491705141
1,-9,74.8997025399829
1,-9,74.39160599642155
0,-9,156.40852769994325
0,-9,173.4122893145633
0,-9,325.1078425078606
0,-9,360.40814987990177
0,-9,74.69943678368224
-1,-9,240.74461329266728
-1,-9,50.0
-1,-9,50.0
-1,-9,433.6015856913464
-1,-9,50.0
-1,-8,374.8793635031876
-1,-8,419.78629164677136
-1,-8,50.0
-1,-8,237.06545264780488
-1,-8,81.32169696333477
-2,-8,630.9521709287844
-2,-8,213.84787686797813
-2,-8,82.07472416799506
-2,-8,297.8108420671098
-2,-8,391.6075119052732
-2,-7,256.83238810848906
-2,-7,415.7714062228531
-2,-7,308.3933314845274
-2,-7,658.0759554571857
-2,-7,149.41767269120504
-3,-7,494.63906716877227
-3,-7,476.41033141949663
-3,-7,188.70064216159173
-3,-7,250.7632647287612
-3,-7,283.9149905205643
-4,-7,336.4233587414584
-4,-7,328.2293197321677
-4,-7,186.97208213101388
-4,-7,526.4280766364379
-4,-7,107.62452885917511
-4,-6,228.73707495506264
-4,-6,59.62802375140734
-4,-6,50.0
-4,-6,128.3961715371146
-4,-6,173.18872057657455
-5,-6,144.72489762370094
-5,-6,50.0
-5,-6,380.72172236544174
-5,-6,254.04245447923847
-5,-6,506.3625667582161
-6,-6,120.59509165592956
-6,-6,83.60294192252528
-6,-6,260.3655816834669
-6,-6,204.37385531346786
-6,-6,267.38054407674986
-5,-6,50.0
-5,-6,305.4332974153812
-5,-6,592.8599291692535
-5,-6,668.8083526249854
-5,-6,481.5367993902596
-6,-6,233.37375556248745
-6,-6,79.65034939331281
-6,-6,289.6124699173849
-6,-6,445.72724165462
-6,-6,295.2876317195919
-7,-6,155.00777721069616
-7,-6,50.0
-7,-6,284.87539232179466
-7,-6,629.2181249588748
-7,-6,274.34407387982935
-8,-6,445.61482243020185
-8,-6,50.0
-8,-6,251.72110196222138
-8,-6,50.0
-8,-6,115.33472509362659
-9,-6,138.63950070182761
-9,-6,50.0
-9,-6,177.75574331405153
-9,-6,50.0
-9,-6,50.0
-10,-6,295.5201562655428
-10,-6,50.0
-10,-6,369.9924889360208
-10,-6,50.0
-10,-6,429.40292830641835
-11,-6,50.0
-11,-6,50.0
-11,-6,50.0
-11,-6,174.22846035622308
-11,-6,50.0
-12,-6,308.39034343048314
-12,-6,268.99603283430724
-12,-6,242.15795431497443
-12,-6,112.93488351346994
-12,-6,50.0
-13,-6,50.0
-13,-6,50.0
-13,-6,50.0
-13,-6,50.0
-13,-6,50.0
-13,-5,50.0
-13,-5,50.0
-13,-5,85.97220350433606
-13,-5,50.0
-13,-5,55.51206939323856
-12,-5,50.0
-12,-5,50.0
-12,-5,231.71093666263414
-12,-5,50.0
-12,-5,100.28793572632284
-11,-5,218.14030970248646
-11,-5,320.69208118904015
-11,-5,50.0
-11,-5,129.8151196893008
-11,-5,257.4652139782422
-11,-4,373.0258034522615
-11,-4,354.6537227693285
-11,-4,56.726013164495896
-11,-4,64.74149436116332
-11,-4,50.0
-12,-4,50.0
-12,-4,65.11423553649037
-12,-4,154.03665727868957
-12,-4,153.26314492329652
-12,-4,353.83194701131856
-13,-4,50.0
-13,-4,763.7277739798297
-13,-4,50.0
-13,-4,55.509114866289224
-13,-4,50.0
-14,-4,56.85052842922502
-14,-4,50.0
-14,-4,50.0
-14,-4,101.33998023967541
-14,-4,50.0
-15,-4,202.41219223041418
-15,-4,50.0
-15,-4,50.0
-15,-4,162.12667300897306
-15,-4,50.0
-16,-4,50.0
-16,-4,68.43857625083871
-16,-4,50.0
-16,-4,50.0
-16,-4,50.0
-17,-4,181.37748263178628
-17,-4,50.0
-17,-4,50.0
-17,-4,174.99378801487438
-17,-4,50.0
-16,-4,174.08122697240157
-16,-4,50.0
-16,-4,50.0
-16,-4,109.70946417181416
-16,-4,83.97898284149332
-17,-4,50.0
-17,-4,496.2496005960175
-17,-4,50.0
-17,-4,426.51460253081973
-17,-4,177.94103627665697
-16,-4,50.0
-16,-4,50.0
-16,-4,260.8432571224377
-16,-4,50.0
-16,-4,50.0
-15,-4,50.0
-15,-4,50.0
-15,-4,50.0
-15,-4,156.80030952758105
-15,-4,50.0
-14,-4,50.0
-14,-4,153.4715765223405
-14,-4,50.0
-14,-4,50.0
-14,-4,55.086470586017136
-15,-4,50.0
-15,-4,50.0
-15,-4,50.0
-15,-4,75.10287978535266
-15,-4,50.0
-14,-4,50.0
-14,-4,50.0
-14,-4,365.81992185148886
-14,-4,154.81240084375764
-14,-4,454.232769860222
-13,-4,265.6740852887416
-13,-4,368.8505861473128
-13,-4,233.8868091608232
-13,-4,174.12750943843173
-13,-4,269.3617363966649
-12,-4,50.0
-12,-4,50.0
-12,-4,50.0
-12,-4,70.5420337602572
-12,-4,50.0
-11,-4,163.46276172348644
-11,-4,338.26549011154043
-11,-4,50.0
-11,-4,50.0
-11,-4,242.48355327140652
-12,-4,147.2302048905091
-12,-4,50.0
-12,-4,570.4018267279353
-12,-4,271.7831947843655
-12,-4,197.69609399412238
-11,-4,138.90171034660278
-11,-4,342.85052947651343
-11,-4,83.50865296197989
-11,-4,50.0
-11,-4,54.712554105958816
-10,-4,250.54376428649766
-10,-4,220.33690759750738
-10,-4,332.32859085312805
-10,-4,237.63055949713828
-10,-4,381.35133999630204
-11,-4,50.0
-11,-4,163.92783489877075
-11,-4,50.0
-11,-4,479.84252646220835
-11,-4,292.2437659648266
-10,-4,229.39853413407934
-10,-4,195.48941489337113
-10,-4,50.0
-10,-4,232.9018853883017
-10,-4,164.12007548422284
-9,-4,484.25220977617687
-9,-4,480.1259545480443
-9,-4,126.84069591896119
-9,-4,389.2896165164327
-9,-4,237.7583384377487
-8,-4,126.76177446648117
-8,-4,50.0
-8,-4,462.7736974217963
-8,-4,541.582870986284
-8,-4,86.20916710265942
-7,-4,161.71209734379474
-7,-4,441.02135612092485
-7,-4,69.87457499957443
-7,-4,403.8776646438087
-7,-4,171.81963382831003
-6,-4,72.54741604014879
-6,-4,454.4078391402167
-6,-4,602.1076564941453
-6,-4,116.28192606242945
-6,-4,457.3842371446893
-5,-4,167.45855124023595
-5,-4,239.95826760959847
-5,-4,354.14536832645484
-5,-4,50.0
-5,-4,399.8645838158242
-4,-4,142.56749321917337
-4,-4,704.2186937343369
-4,-4,50.0
-4,-4,265.1943130737986
-4,-4,50.0
-3,-4,353.99007964802
-3,-4,578.1003358808459
-3,-4,261.37561741521785
-3,-4,574.8703138379362
-3,-4,397.576203278884
-2,-4,228.0331423657289
-2,-4,202.88641823737973
-2,-4,212.58767049830527
-2,-4,208.99942171898192
-2,-4,556.7100676329931
-1,-4,455.85964593126374
-1,-4,433.08114978930723
-1,-4,443.8353727993273
-1,-4,302.99583548392854
-1,-4,413.6023190923127
0,-4,175.26956715172895
0,-4,307.9267076573998
0,-4,146.57037417484437
0,-4,468.35375611956
0,-4,459.84598212508877
0,-3,50.0
0,-3,624.4131807150557
0,-3,771.2240813023668
0,-3,530.9151253340253
0,-3,569.7600577393928
0,-2,262.1737356391567
0,-2,566.8467844834563
0,-2,155.18530890912865
0,-2,749.3520152847077
0,-2,665.8386513691862
-1,-2,169.9335574851674
-1,-2,639.6460945998402
-1,-2,427.38914911053405
-1,-2,412.29549566723614
-1,-2,719.06798092206
-1,-3,479.83110322374114
-1,-3,329.06945317100826
-1,-3,127.68877703991126
-1,-3,629.6996849894128
-1,-3,850.0085603798603
-1,-2,88.39746177255682
-1,-2,636.4396320876897
-1,-2,381.6891934701964
-1,-2,242.8908449098248
-1,-2,720.9521235757381
-1,-3,814.661402428047
-1,-3,50.0
-1,-3,85.37172056471934
-1,-3,234.49777487087715
-1,-3,648.9612331374442
-2,-3,654.4110146831947
-2,-3,369.02025151810983
-2,-3,50.0
-2,-3,492.02188091468565
-2,-3,224.3483840263911
-3,-3,715.1583156290044
-3,-3,622.3143484377359
-3,-3,435.6749094148254
-3,-3,245.62440844750301
-3,-3,878.2510781025187
-3,-2,312.32453793891943
-3,-2,216.21363661747085
-3,-2,258.04956799105446
-3,-2,724.6386892421704
-3,-2,487.86203170978627
-3,-3,205.70679371850096
-3,-3,170.32346745107495
-3,-3,216.09040780863432
-3,-3,220.4893472906813
-3,-3,297.4573077497351
-3,-2,315.66552221092854
-3,-2,433.3690509303144
-3,-2,255.079811707872
-3,-2,619.6787362228586
-3,-2,277.65822368880254
-3,-3,472.0302099563452
-3,-3,162.35060198125655
-3,-3,589.9406270875149
-3,-3,51.58251269716743
-3,-3,593.6177422700017
-3,-2,430.7525770573312
-3,-2,190.20541200193827
-3,-2,556.2317245783777
-3,-2,291.45730080201014
-3,-2,407.345747056007
-4,-2,255.42515497727078
-4,-2,423.4521990438907
-4,-2,75.29221581033786
-4,-2,617.5137500590022
-4,-2,443.1904721901794
-4,-1,50.0
-4,-1,251.04983106790255
-4,-1,50.0
-4,-1,340.2607825180445
-4,-1,64.76824492500023
-4,-2,594.6365635844777
-4,-2,610.4766349814792
-4,-2,672.6529065895559
-4,-2,70.88946017144019
-4,-2,275.2304206439891
-4,-1,528.1736826651123
-4,-1,198.194889765179
-4,-1,350.1373931182821
-4,-1,398.6377963032335
-4,-1,387.3356366107333
-4,0,73.72565174150697
-4,0,447.3447230902305
-4,0,606.7851071052944
-4,0,274.74763366000593
-4,0,50.0
-5,0,375.50716513866104
-5,0,424.0939798519881
-5,0,384.7195606126045
-5,0,238.65379642557048
-5,0,491.429323524399
-5,-1,637.6879942366951
-5,-1,257.4943454672155
-5,-1,559.7366447607353
-5,-1,239.6796429462067
-5,-1,900.0
-5,0,338.2681996524467
-5,0,650.4417092462251
-5,0,503.315201857944
-5,0,50.0
-5,0,616.7755539352554
-5,-1,398.9353853218493
-5,-1,139.60861550427848
-5,-1,215.8243988576619
-5,-1,519.7986109565563
-5,-1,398.98546944681715
-5,-2,572.83849934451
-5,-2,459.4035793922005
-5,-2,104.67496688307895
-5,-2,533.1840950679062
-5,-2,265.5743209909401
-5,-3,894.2846522322012
-5,-3,331.79533485627985
-5,-3,276.7311848825802
-5,-3,719.5845648042933
-5,-3,355.111615880478
-6,-3,630.7299344475244
-6,-3,446.02334806446356
-6,-3,607.4213600928235
-6,-3,254.8586112894554
-6,-3,150.06932347656232
-6,-4,608.9642742273729
-6,-4,266.6928002286327
-6,-4,241.2082263400011
-6,-4,527.3254392043248
-6,-4,50.0
-6,-5,732.2446206131804
-6,-5,378.95412168667315
-6,-5,353.1416384696397
-6,-5,216.7381396615546
-6,-5,213.64754012368434
-6,-6,385.7538424429531
-6,-6,50.0
-6,-6,466.49746144059003
-6,-6,50.0
-6,-6,251.38176192732195
-7,-6,50.0
-7,-6,50.0
-7,-6,684.8947860950893
-7,-6,312.22424035139994
-7,-6,50.0
-7,-7,50.0
-7,-7,50.0
-7,-7,128.265646506142
-7,-7,50.0
-7,-7,172.40442197541665
-8,-7,50.0
-8,-7,50.0
-8,-7,380.9639342864933
-8,-7,119.66563184051944
-8,-7,322.5240875168785
-7,-7,50.0
-7,-7,426.96569657517495
-7,-7,50.0
-7,-7,566.8745325629766
-7,-7,341.4054579749617
-7,-8,108.62460840437478
-7,-8,50.0
-7,-8,160.27702692985244
-7,-8,50.0
-7,-8,112.16035569919558
-6,-8,339.47563117639805
-6,-8,101.41594465974768
-6,-8,251.1672304393533
-6,-8,350.89047000814685
-6,-8,334.918087008179
-6,-9,159.84362355768388
-6,-9,51.03474972973777
-6,-9,50.0
-6,-9,50.0
-6,-9,130.62878343158292
-7,-9,50.0
-7,-9,290.81670396922544
-7,-9,328.5096712197376
-7,-9,283.8810430330248
-7,-9,50.0
-7,-8,485.67585157407206
-7,-8,50.0
-7,-8,50.0
-7,-8,50.0
-7,-8,226.57250456953227
-6,-8,50.0
-6,-8,574.4079173932835
-6,-8,50.0
-6,-8,50.0
-6,-8,50.0
-6,-9,309.3032808217341
-6,-9,50.0
-6,-9,168.51864321020068
-6,-9,271.9465764317672
-6,-9,124.85876900781024
-7,-9,50.0
-7,-9,50.0
-7,-9,65.54288585300333
-7,-9,50.0
-7,-9,50.0
-8,-9,383.714754331532
-8,-9,50.0
-8,-9,344.9103186780044
-8,-9,342.0556209993722
-8,-9,199.15902653134435
-8,-10,50.0
-8,-10,56.745228329871225
-8,-10,98.37088892723679
-8,-10,50.0
-8,-10,283.31786432176546
-8,-11,353.64988571662354
-8,-11,50.0
-8,-11,154.3538128054771
-8,-11,50.0
-8,-11,244.75860864596632
-9,-11,507.5164750025899
-9,-11,50.0
-9,-11,246.7029648180783
-9,-11,152.48343638646483
-9,-11,385.8678237644117
-8,-11,50.0
-8,-11,50.0
-8,-11,50.0
-8,-11,50.0
-8,-11,107.46909267480713
-8,-10,50.0
-8,-10,128.66093555293162
-8,-10,270.4103225543387
-8,-10,50.0
-8,-10,50.0
-8,-11,50.0
-8,-11,50.0
-8,-11,50.0
-8,-11,141.22031542789694
-8,-11,50.0
-8,-12,110.61758602245855
-8,-12,50.0
-8,-12,50.0
-8,-12,50.0
-8,-12,50.0
-9,-12,51.69801734955921
-9,-12,121.31670706409918
-9,-12,116.73303743306082
-9,-12,480.83789577703834
-9,-12,366.18753917123047
-9,-13,50.0
-9,-13,50.0
-9,-13,151.1091373874951
-9,-13,50.0
-9,-13,50.0
-9,-14,50.0
-9,-14,50.0
-9,-14,50.0
-9,-14,354.38241620901385
-9,-14,50.0
-10,-14,50.0
-10,-14,50.0
-10,-14,50.0
-10,-14,50.0
-10,-14,50.0
-11,-14,50.0
-11,-14,50.0
-11,-14,50.0
-11,-14,50.0
-11,-14,50.0
-12,-14,50.0
-12,-14,50.0
-12,-14,153.2829516647405
-12,-14,50.0
-12,-14,50.0
-12,-15,50.0
-12,-15,50.0
-12,-15,50.0
-12,-15,50.0
-12,-15,50.0
-12,-16,50.0
-12,-16,50.0
-12,-16,50.0
-12,-16,50.0
-12,-16,50.0
-12,-15,50.0
-12,-15,50.0
-12,-15,50.0
-12,-15,50.0
-12,-15,90.68828522915226
-11,-15,50.0
-11,-15,50.0
-11,-15,50.0
-11,-15,307.82617974557
-11,-15,50.0
-10,-15,50.0
-10,-15,50.0
-10,-15,50.0
-10,-15,327.11284610007567
-10,-15,50.0
-9,-15,50.0
-9,-15,50.0
-9,-15,50.0
-9,-15,50.0
-9,-15,239.67714346133593
-9,-14,91.15171151091745
-9,-14,50.0
-9,-14,50.0
-9,-14,50.0
-9,-14,70.4665412663843
-9,-13,50.0
-9,-13,50.0
-9,-13,371.03368305880815
-9,-13,50.0
-9,-13,50.0
-9,-12,50.0
-9,-12,397.7351002018026
-9,-12,121.05798755736444
-9,-12,110.08636316669487
-9,-12,50.0
-8,-12,50.0
-8,-12,50.0
-8,-12,75.49308301425319
-8,-12,50.0
-8,-12,50.0
-7,-12,50.0
-7,-12,250.5126839948146
-7,-12,50.0
-7,-12,71.29649611232821
-7,-12,383.48402666254003
-7,-11,50.0
-7,-11,50.0
-7,-11,50.0
-7,-11,81.44389501984753
-7,-11,50.0
-7,-10,50.0
-7,-10,188.2341941653831
-7,-10,155.2313626405469
-7,-10,264.71816388109374
-7,-10,189.46442172398773
-6,-10,50.0
-6,-10,50.0
-6,-10,50.0
-6,-10,50.0
-6,-10,342.13251136527714
-5,-10,50.0
-5,-10,431.9726168332569
-5,-10,50.0
-5,-10,611.5731936414944
-5,-10,218.3751376840416
-5,-11,151.65527799274645
-5,-11,304.6880796419763
-5,-11,50.0
-5,-11,395.882514073656
-5,-11,180.37498760317806
-6,-11,50.0
-6,-11,264.83421905457476
-6,-11,236.64275074874277
-6,-11,50.0
-6,-11,50.0
-6,-10,259.87782548847287
-6,-10,115.39823068264714
-6,-10,171.6848370024226
-6,-10,50.0
-6,-10,50.0
-5,-10,50.0
-5,-10,78.81542081783522
-5,-10,444.7131103950912
-5,-10,50.0
-5,-10,457.8113122099948
-6,-10,693.2462657778198
-6,-10,176.78333409002616
-6,-10,467.3317838549556
-6,-10,50.0
-6,-10,534.8633201037826
-6,-9,350.84898987061
-6,-9,150.81221431226987
-6,-9,50.0
-6,-9,179.44328103481007
-6,-9,387.4872063793681
-6,-8,373.5765043828235
-6,-8,682.1493172134489
-6,-8,94.58109165219645
-6,-8,50.0
-6,-8,50.0
-6,-7,448.52011829486406
-6,-7,218.3431743639833
-6,-7,76.86824319641735
-6,-7,50.0
-6,-7,373.45895125643614
-5,-7,289.30270802776477
-5,-7,351.6883771035559
-5,-7,50.0
-5,-7,670.3851829276994
-5,-7,272.79472798628865
-4,-7,224.20534384952356
-4,-7,218.93927476497416
-4,-7,373.868004929276
-4,-7,339.5713781620633
-4,-7,263.77646509917247
-3,-7,324.8091230251493
-3,-7,50.0
-3,-7,119.37322909723082
-3,-7,583.6785119462052
-3,-7,697.5570272189652
-2,-7,370.85576849885143
-2,-7,293.86592812900096
-2,-7,265.1626855620838
-2,-7,532.3480597405912
-2,-7,245.4864313144304
-3,-7,426.084978085849
-3,-7,177.58259047885133
-3,-7,50.0
-3,-7,434.9119367862527
-3,-7,502.98921540135575
-2,-7,437.267084050853
-2,-7,50.0
-2,-7,379.8002443315146
-2,-7,50.0
-2,-7,50.0
-1,-7,95.83741335146982
-1,-7,480.09444160200485
-1,-7,424.6950246368958
-1,-7,50.0
-1,-7,50.0
0,-7,404.3484313948383
0,-7,249.91967446925588
0,-7,50.0
0,-7,578.2108785917685
0,-7,84.18416560371438
1,-7,50.0
1,-7,50.0
1,-7,243.61168934980685
1,-7,50.0
1,-7,157.14184203889107
2,-7,259.76760601143195
2,-7,423.3336245638779
2,-7,113.19418646240041
2,-7,50.0
2,-7,231.60273664419532
2,-6,694.3959311829515
2,-6,574.1799942290561
2,-6,209.8767092627461
2,-6,50.0
2,-6,50.0
2,-5,376.6908678674917
2,-5,236.98176537287853
2,-5,267.92598684882535
2,-5,50.0
2,-5,59.29596417191465
3,-5,163.32786457577808
3,-5,269.6916566753686
3,-5,790.2487624297021
3,-5,156.78293819847522
3,-5,315.93963226793284
3,-4,391.4662660876937
3,-4,215.05990734512338
3,-4,50.0
3,-4,50.0
3,-4,73.69890077045531
4,-4,729.8903027606277
4,-4,391.00565400194523
4,-4,276.56688628408017
4,-4,370.17274991998914
4,-4,580.5770055618298
5,-4,173.60081554669364
5,-4,50.0
5,-4,352.44892320170476
5,-4,387.1302713690298
5,-4,50.0
5,-3,617.6792698541564
5,-3,74.6189024705995
5,-3,286.8716106138697
5,-3,142.54365120903225
5,-3,228.66875966971458
6,-3,158.4434040197769
6,-3,50.0
6,-3,526.7523384389651
6,-3,174.89650997892872
6,-3,348.6867662896743
6,-2,660.5113627428384
6,-2,306.5643317758291
6,-2,268.35199886467433
6,-2,560.2716348452643
6,-2,209.5357222682282
6,-3,50.0
6,-3,155.59972296763613
6,-3,368.5657880823775
6,-3,50.0
6,-3,271.1235379695699
7,-3,148.03457546226574
7,-3,276.9792224657176
7,-3,205.81594041976882
7,-3,581.6656918575113
7,-3,190.38753666036195
7,-2,325.5674269701308
7,-2,381.20546770760177
7,-2,575.9030503818059
7,-2,641.9245814931137
7,-2,309.7139200050576
7,-1,71.20857778576415
7,-1,50.0
7,-1,482.4328754287982
7,-1,68.65630775104523
7,-1,50.0
8,-1,50.0
8,-1,161.84613648592392
8,-1,614.8460882306526
8,-1,375.46170632990743
8,-1,210.87451179464085
9,-1,314.33728158299476
9,-1,284.36339169177757
9,-1,420.9647984324732
9,-1,263.0375647203207
9,-1,271.93032953629654
9,0,328.20916569466414
9,0,440.08349176397104
9,0,89.93643042825332
9,0,232.70381418912984
9,0,217.28028439543726
8,0,743.7242354933456
8,0,50.0
8,0,50.0
8,0,337.6932804940493
8,0,579.5390355001289
8,1,315.47746460420746
8,1,466.3830246760768
8,1,277.00120357789217
8,1,180.59481407663213
8,1,329.334277060864
9,1,306.22601425773166
9,1,50.0
9,1,50.0
9,1,130.0765343021173
9,1,384.54503614965455
10,1,285.65302952943654
10,1,212.83631594837004
10,1,50.0
10,1,279.1413822531872
10,1,312.3990061535996
9,1,296.8985787330619
9,1,465.845649525086
9,1,170.93754435075374
9,1,89.0083446154255
9,1,178.0516748239876
9,2,237.7350466913479
9,2,50.0
9,2,234.99912927323993
9,2,386.89132490630595
9,2,104.66047457137621
10,2,50.0
10,2,171.32877438260795
10,2,900.0
10,2,50.0
10,2,270.1827135833894
11,2,419.75708846907594
11,2,50.0
11,2,64.95358661413368
11,2,89.17295611627122
11,2,223.2887389480629
11,3,50.0
11,3,283.2826347368475
11,3,63.03032018648978
11,3,76.84402954773276
11,3,139.58854371012904
12,3,50.0
12,3,310.21342818303475
12,3,257.8687847623059
12,3,50.0
12,3,50.0
13,3,131.77322369225732
13,3,84.89964363714475
13,3,50.0
13,3,50.0
13,3,50.0
14,3,50.0
14,3,50.0
14,3,50.0
14,3,50.0
14,3,50.0
15,3,234.17652940403428
15,3,522.364672341824
15,3,50.0
15,3,50.0
15,3,276.13000212643954
14,3,50.0
14,3,50.0
14,3,108.23004930554731
14,3,50.0
14,3,380.99035745276456
15,3,460.439483113323
15,3,74.64007639264068
15,3,99.52215963829047
15,3,303.7514661316468
15,3,50.0
16,3,50.0
16,3,50.0
16,3,198.16865300296658
16,3,50.0
16,3,50.0
17,3,50.0
17,3,50.0
17,3,50.0
17,3,198.01577705171258
17,3,50.0
18,3,50.0
18,3,50.0
18,3,50.0
18,3,192.76024754668086
18,3,50.0
17,3,50.0
17,3,233.91062435344216
17,3,50.0
17,3,50.0
17,3,50.0
16,3,50.0
16,3,50.0
16,3,203.82130076040102
16,3,50.0
16,3,227.35173351748912
17,3,50.0
17,3,283.283069571302
17,3,96.80442140352471
17,3,189.00451384231096
17,3,50.0
18,3,50.0
18,3,50.0
18,3,125.35471644535384
18,3,53.923412968025616
18,3,285.4260841503456
18,4,50.0
18,4,50.0
18,4,479.48697226351464
18,4,50.0
18,4,115.59582282328572
19,4,50.0
