7,-12,200.0
7,-11,200.0
7,-11,498.09397818510905
8,-11,1212.8298036420974
8,-11,200.0
7,-11,200.0
7,-11,200.0
8,-11,1712.9840803153952
8,-11,200.0
8,-10,1277.5452287528437
8,-10,1595.5969365591209
7,-10,398.60890480163056
7,-10,200.0
7,-9,2030.8712448648141
7,-9,200.0
8,-9,200.0
8,-9,1299.399510185264
7,-9,200.0
7,-9,200.0
6,-9,566.1836110509748
6,-9,200.0
5,-9,611.2269028805289
5,-9,2403.6324539137513
4,-9,200.0
4,-9,1526.9866868393476
5,-9,2556.47510410464
5,-9,1023.5292596000003
6,-9,481.86048382540093
6,-9,2162.8675210538895
5,-9,2056.9762087256813
5,-9,200.0
4,-9,3600.0
4,-9,876.4919804822189
3,-9,595.1827124483927
3,-9,1026.9717554555098
2,-9,1745.5906071379225
2,-9,649.6618955288177
1,-9,200.0
1,-9,1334.8812030523652
0,-9,1270.4198552161688
0,-9,200.0
-1,-9,422.5985640311048
-1,-9,1009.6404678741533
-1,-8,200.0
-1,-8,200.0
-2,-8,200.0
-2,-8,1040.684554625465
-2,-7,601.6592468510515
-2,-7,1813.4750035042207
-3,-7,552.4494722480052
-3,-7,3065.487900420946
-4,-7,629.298430808179
-4,-7,562.2479756282015
-4,-6,3600.0
-4,-6,1163.21204247787
-5,-6,200.0
-5,-6,200.0
-6,-6,200.0
-6,-6,1987.869677795982
-5,-6,1145.0245639754726
-5,-6,2332.828502537408
-6,-6,1401.6437635766792
-6,-6,200.0
-7,-6,200.0
-7,-6,200.0
-8,-6,1031.2558345191271
-8,-6,755.1863756011924
-9,-6,1391.7168883135735
-9,-6,200.0
-10,-6,439.1654509211343
-10,-6,200.0
-11,-6,2902.619117089839
-11,-6,722.5642019290422
-12,-6,200.0
-12,-6,1135.99189752568
-13,-6,719.2817320032066
-13,-6,200.0
-13,-5,311.2287678089305
-13,-5,665.6932267925831
-12,-5,2803.417383951537
-12,-5,200.0
-11,-5,3600.0
-11,-5,200.0
-11,-4,1052.0501258639595
-11,-4,200.0
-12,-4,200.0
-12,-4,627.3074432389864
-13,-4,816.4392587628178
-13,-4,685.1675023431827
-14,-4,200.0
-14,-4,200.0
-15,-4,1100.2028921271374
-15,-4,200.0
-16,-4,2259.773229546352
-16,-4,517.2451281235562
-17,-4,200.0
-17,-4,200.0
-16,-4,612.1470808599454
-16,-4,200.0
-17,-4,200.0
-17,-4,1688.073407522474
-16,-4,200.0
-16,-4,200.0
-15,-4,431.4210443341485
-15,-4,200.0
-14,-4,456.64702269849374
-14,-4,474.85085124870136
-15,-4,200.0
-15,-4,1490.314386399813
-14,-4,424.9526253917609
-14,-4,200.0
-13,-4,677.1183967448856
-13,-4,200.0
-12,-4,3600.0
-12,-4,200.0
-11,-4,200.0
-11,-4,759.4192636663365
-12,-4,3365.6956965520144
-12,-4,200.0
-11,-4,200.0
-11,-4,200.0
-10,-4,445.5497961526777
-10,-4,1659.9988789454983
-11,-4,1749.3004302381285
-11,-4,713.7325068739781
-10,-4,640.2231073094038
-10,-4,1325.7254840057678
-9,-4,200.0
-9,-4,1753.05003958792
-8,-4,2417.82256856037
-8,-4,1263.4754735293038
-7,-4,200.0
-7,-4,1580.3828779853875
-6,-4,740.1414922101148
-6,-4,334.6427604615681
-5,-4,2038.746615066938
-5,-4,1662.0815285593096
-4,-4,631.0196407740466
-4,-4,1245.3108342253636
-3,-4,1649.0075113580087
-3,-4,2832.285582263683
-2,-4,1956.3678080643315
-2,-4,2888.437613948029
-1,-4,200.0
-1,-4,647.37215617471
0,-4,508.62972887296775
0,-4,361.82726503017875
0,-3,1615.0671934045167
0,-3,1461.8039467608505
0,-2,3089.392646212
0,-2,499.57052632074533
-1,-2,1293.4843258029443
-1,-2,3600.0
-1,-3,824.7314112663935
-1,-3,1001.6334281691147
-1,-2,408.70472074101764
-1,-2,3600.0
-1,-3,1351.3343320862868
-1,-3,2731.24277905186
-2,-3,1054.150321444086
-2,-3,731.9984453457287
-3,-3,3175.0859084923195
-3,-3,200.0
-3,-2,369.7807666474699
-3,-2,1936.773006296619
-3,-3,3129.520396814318
-3,-3,200.0
-3,-2,970.2492946813225
-3,-2,1572.4586083542536
-3,-3,2310.4099522000943
-3,-3,200.0
-3,-2,835.3519898557901
-3,-2,2070.231150047193
-4,-2,613.3321461460358
-4,-2,2828.9065309288685
-4,-1,2165.514868045771
-4,-1,2455.349489608847
-4,-2,1452.2015242224866
-4,-2,2280.5879627682402
-4,-1,3548.9003931914635
-4,-1,657.5009563237005
-4,0,921.6359574581336
-4,0,2118.8680873355916
-5,0,3002.9255894197067
-5,0,1120.3974130080283
-5,-1,504.82085914666277
-5,-1,200.0
-5,0,2562.963918230499
-5,0,971.9788369885998
-5,-1,1714.9200497983388
-5,-1,200.0
-5,-2,200.0
-5,-2,855.6677132291836
-5,-3,3600.0
-5,-3,3600.0
-6,-3,200.0
-6,-3,1087.7875150089808
-6,-4,1850.2961015789972
-6,-4,2080.1733924183663
-6,-5,2699.3901471511726
-6,-5,3600.0
-6,-6,671.681335346865
-6,-6,200.0
-7,-6,200.0
-7,-6,234.51545608923078
-7,-7,1331.6852684272185
-7,-7,1921.1808058608221
-8,-7,200.0
-8,-7,200.0
-7,-7,1587.7560496853093
-7,-7,1176.298807466897
-7,-8,200.0
-7,-8,200.0
-6,-8,559.2598338154133
-6,-8,200.0
-6,-9,434.10890103882366
-6,-9,692.1682829236026
-7,-9,277.7532896415226
-7,-9,304.7960978371284
-7,-8,200.0
-7,-8,200.0
-6,-8,382.3897544975449
-6,-8,200.0
-6,-9,270.5036631217364
-6,-9,349.8107090473015
-7,-9,2960.2222574733883
-7,-9,200.0
-8,-9,1991.3319236403213
-8,-9,200.0
-8,-10,200.0
-8,-10,200.0
-8,-11,441.89792897644077
-8,-11,216.19135642149485
-9,-11,1408.7500785822265
-9,-11,1008.2501575734638
-8,-11,478.5300960287203
-8,-11,1507.3022415786836
-8,-10,1741.9421686488897
-8,-10,1165.3981332537294
-8,-11,440.3066352303159
-8,-11,200.0
-8,-12,200.0
-8,-12,760.5241100465826
-9,-12,200.0
-9,-12,200.0
-9,-13,200.0
-9,-13,200.0
-9,-14,2063.6355433124145
-9,-14,200.0
-10,-14,200.0
