7,-12,200.0
7,-11,2450.2195662842673
7,-11,1349.1036490773968
8,-11,200.0
8,-11,2210.6851425069663
7,-11,200.0
7,-11,200.0
8,-11,200.0
8,-11,249.1401075583314
8,-10,200.0
8,-10,200.0
7,-10,200.0
7,-10,1293.6855520260056
7,-9,2360.0112239836635
7,-9,200.0
8,-9,774.0674746638728
8,-9,200.0
7,-9,317.5023135010873
7,-9,200.0
6,-9,200.0
6,-9,200.0
5,-9,200.0
5,-9,200.0
4,-9,1106.3928620797406
4,-9,2417.437492950098
5,-9,200.0
5,-9,696.3779899806298
6,-9,200.0
6,-9,243.01152997910714
5,-9,373.87378996750556
5,-9,200.0
4,-9,348.62064958805206
4,-9,897.3809531383974
3,-9,200.0
3,-9,2761.8725415713443
2,-9,733.7145368099966
2,-9,715.6518659366925
1,-9,2721.1140294379547
1,-9,267.0426530517799
0,-9,1098.4959200727576
0,-9,1101.2233042412322
-1,-9,1554.347632819903
-1,-9,661.596948149856
-1,-8,1710.3361023206717
-1,-8,3600.0
-2,-8,1796.9211483041204
-2,-8,200.0
-2,-7,442.05896833827387
-2,-7,200.0
-3,-7,466.32718494828066
-3,-7,200.0
-4,-7,2681.7124780371764
-4,-7,1492.0216651389376
-4,-6,200.0
-4,-6,1750.675200149255
-5,-6,998.6060641644158
-5,-6,551.7543360836534
-6,-6,596.653847299808
-6,-6,200.0
-5,-6,2088.50464880912
-5,-6,3600.0
-6,-6,2953.705858099018
-6,-6,289.99753619293415
-7,-6,1805.8495561940504
-7,-6,200.0
-8,-6,1387.9845639190962
-8,-6,200.0
-9,-6,1584.1272073129496
-9,-6,200.0
-10,-6,431.02967339562616
-10,-6,325.50483253862444
-11,-6,232.09816801906
-11,-6,200.0
-12,-6,2322.3470011094896
-12,-6,2074.4102319407166
-13,-6,2713.8268168996706
-13,-6,200.0
-13,-5,200.0
-13,-5,200.0
-12,-5,2333.209509503854
-12,-5,1404.0174036776143
-11,-5,200.0
-11,-5,2579.7678280183636
-11,-4,200.0
-11,-4,200.0
-12,-4,200.0
-12,-4,869.0035211276511
-13,-4,268.93797120909625
-13,-4,200.0
-14,-4,1502.9112826490104
-14,-4,1818.6464158056838
-15,-4,1222.6888738636599
-15,-4,2253.6099035086913
-16,-4,200.0
-16,-4,200.0
-17,-4,255.86861428906656
-17,-4,1227.4665885793106
-16,-4,200.0
-16,-4,200.0
-17,-4,200.0
-17,-4,200.0
-16,-4,200.0
-16,-4,200.0
-15,-4,200.0
-15,-4,200.0
-14,-4,990.3232408877406
-14,-4,520.932914634509
-15,-4,200.0
-15,-4,200.0
-14,-4,200.0
-14,-4,200.0
-13,-4,200.0
-13,-4,200.0
-12,-4,422.2786758792894
-12,-4,2992.8041885044017
-11,-4,200.0
-11,-4,656.9746215149071
-12,-4,597.7405796069817
-12,-4,1762.4863272136545
-11,-4,305.4606309083126
-11,-4,200.0
-10,-4,200.0
-10,-4,493.14517555210466
-11,-4,200.0
-11,-4,1740.3042873296542
-10,-4,200.0
-10,-4,200.0
-9,-4,200.0
-9,-4,200.0
-8,-4,200.0
-8,-4,200.0
-7,-4,200.0
-7,-4,996.9267136039759
-6,-4,219.70189367848172
-6,-4,200.0
-5,-4,1505.094804036435
-5,-4,2906.126863566942
-4,-4,1024.755156367317
-4,-4,625.0413149060525
-3,-4,200.0
-3,-4,1564.2231845422061
-2,-4,392.90780097004813
-2,-4,473.36546986100524
-1,-4,379.68509616914105
-1,-4,3073.2278891354167
0,-4,1700.163117316782
0,-4,1211.4519814845517
0,-3,974.9222768027814
0,-3,1650.6036586757496
0,-2,268.90377665239873
0,-2,1260.5844363446379
-1,-2,2285.1396185840135
-1,-2,1464.6900550835817
-1,-3,1146.5654759842494
-1,-3,2501.6474697880385
-1,-2,1323.7372234021107
-1,-2,1070.766815096745
-1,-3,1045.2059520606308
-1,-3,1714.410049351235
-2,-3,1437.3565869944082
-2,-3,713.8021431935176
-3,-3,200.0
-3,-3,1660.3154893628855
-3,-2,200.0
-3,-2,1340.179057570314
-3,-3,748.0468137431756
-3,-3,262.3419719400749
-3,-2,3600.0
-3,-2,980.4555436474764
-3,-3,2221.105101602633
-3,-3,2191.6371098054065
-3,-2,1780.725274611922
-3,-2,2269.8836838703855
-4,-2,1366.9480227626834
-4,-2,1236.726160462712
-4,-1,1399.060604123516
-4,-1,3311.4207561711146
-4,-2,200.0
-4,-2,1279.2035217455966
-4,-1,200.0
-4,-1,1071.6229180237472
-4,0,2162.9732895511647
-4,0,3600.0
-5,0,1285.548404135413
-5,0,1561.0820251306752
-5,-1,728.5024014465721
-5,-1,200.0
-5,0,1235.9626439640401
-5,0,1900.3328970337127
-5,-1,740.755338663186
-5,-1,439.0973696589703
-5,-2,818.436796817035
-5,-2,694.1272758506977
-5,-3,473.2203613799204
-5,-3,542.1145523025712
-6,-3,2244.792074772996
-6,-3,699.5333032864849
-6,-4,551.445934926299
-6,-4,1665.1895241557172
-6,-5,697.8341756158469
-6,-5,1744.3746502757408
-6,-6,200.0
-6,-6,200.0
-7,-6,712.2349098525879
-7,-6,200.0
-7,-7,2307.6356991001485
-7,-7,528.9295346954632
-8,-7,2119.144181098523
-8,-7,1615.8882770820765
-7,-7,920.4969822487465
-7,-7,809.9948309271272
-7,-8,803.6499495485125
-7,-8,250.77992378127442
-6,-8,200.0
-6,-8,1622.1878245672629
-6,-9,1249.4050687164129
-6,-9,1200.3164482611326
-7,-9,306.7792833696232
-7,-9,522.7827985177241
-7,-8,200.0
-7,-8,200.0
-6,-8,2142.383495914554
-6,-8,213.77798277285768
-6,-9,200.0
-6,-9,200.0
-7,-9,274.34004757890517
-7,-9,2273.907044461116
-8,-9,200.0
-8,-9,200.0
-8,-10,2137.442190676522
-8,-10,1001.7173066487017
-8,-11,700.5030057020568
-8,-11,200.0
-9,-11,200.0
-9,-11,200.0
-8,-11,200.0
-8,-11,200.0
-8,-10,200.0
-8,-10,1205.0128446313681
-8,-11,200.0
-8,-11,200.0
-8,-12,614.8347543951104
-8,-12,792.682121080914
-9,-12,733.5573166996265
-9,-12,200.0
-9,-13,200.0
-9,-13,282.541602412016
-9,-14,242.55595229822188
-9,-14,200.0
-10,-14,1778.9985535466703
