-19,-8,269.23637915794325
-19,-9,431.03499333440647
-19,-9,100.0
-18,-9,307.04238280604955
-18,-9,100.0
-17,-9,100.0
-17,-9,329.3948493509645
-17,-10,293.0607073364598
-17,-10,275.9997183566621
-16,-10,100.0
-16,-10,100.0
-17,-10,100.0
-17,-10,317.7927279968176
-16,-10,595.8150300759505
-16,-10,100.0
-16,-11,541.3385403562559
-16,-11,100.0
-15,-11,207.83452072145357
-15,-11,310.8185967262215
-14,-11,100.0
-14,-11,215.63179347814037
-13,-11,120.94625493816079
-13,-11,475.1643686757586
-12,-11,100.0
-12,-11,177.54707607367993
-11,-11,117.79715510120516
-11,-11,139.71087657075367
-10,-11,212.22120413811047
-10,-11,100.0
-11,-11,399.4342805453615
-11,-11,100.0
-10,-11,174.97917052914482
-10,-11,447.16629797154144
-9,-11,263.0465482428213
-9,-11,106.61854568350441
-10,-11,221.95383643396826
-10,-11,705.3467455641809
-9,-11,350.3405781638737
-9,-11,225.78327142639003
-10,-11,100.0
-10,-11,364.3759353354582
-9,-11,446.7187051912115
-9,-11,305.1326759689035
-8,-11,236.90962405526787
-8,-11,645.9153051382515
-7,-11,372.0783803507396
-7,-11,327.1487722399169
-6,-11,454.1307112207507
-6,-11,245.75045240872765
-5,-11,222.35543985351987
-5,-11,866.9081315297634
-6,-11,231.28180539515014
-6,-11,537.9517194249689
-5,-11,304.29609477237386
-5,-11,241.5225509706394
-4,-11,184.68721640075245
-4,-11,100.0
-4,-10,341.7801052317236
-4,-10,182.86557220342243
-4,-11,100.0
-4,-11,175.86835588127147
-4,-12,570.4999465728145
-4,-12,210.41718854889007
-3,-12,116.85420083418359
-3,-12,304.4470854736837
-2,-12,157.1487330526768
-2,-12,340.4134190110949
-1,-12,100.0
-1,-12,197.3367966568559
-2,-12,155.72927669904172
-2,-12,189.44974567392438
-1,-12,438.7695703102104
-1,-12,188.0052711628273
-2,-12,925.8262521191928
-2,-12,972.8757096952891
-1,-12,421.7166329988829
-1,-12,263.0211275426825
0,-12,831.0686245247605
0,-12,602.8169845086394
0,-13,546.0778551806161
0,-13,507.2904109553996
0,-14,127.37525654149815
0,-14,249.5465985925276
0,-15,251.89078074239944
0,-15,219.03399893312735
1,-15,293.7346316769904
1,-15,100.0
1,-16,267.1564225270212
1,-16,100.0
1,-17,245.44323784047336
1,-17,210.288351397143
1,-18,223.42510616144892
1,-18,340.29467655849055
1,-17,100.0
1,-17,100.0
2,-17,154.5069411113729
2,-17,100.0
3,-17,143.20545204078263
3,-17,319.08308957501674
4,-17,100.0
4,-17,100.0
4,-18,100.0
4,-18,100.0
4,-19,100.0
4,-19,100.0
4,-20,133.24990014239432
4,-20,100.0
4,-19,258.02520343968547
4,-19,100.0
3,-19,201.1179837766624
3,-19,100.0
3,-18,100.0
3,-18,100.0
3,-17,326.7804444571031
3,-17,151.79058410947155
3,-16,100.0
3,-16,289.41335673538936
3,-15,339.05857609786574
3,-15,430.8806059348874
3,-14,307.11670500804314
3,-14,368.4562301663469
3,-13,473.78416271022616
3,-13,277.0986951838347
2,-13,367.5753872139282
2,-13,100.0
2,-12,191.07669307717356
2,-12,395.58371596363645
2,-11,502.7502832863572
2,-11,251.4807212051882
2,-10,142.82072268909855
2,-10,478.26232408832414
1,-10,719.9679674586152
1,-10,141.1501931692435
1,-9,638.9399676563755
1,-9,365.9332880470149
0,-9,593.8402951129626
0,-9,133.04144918310902
1,-9,183.69836345485487
1,-9,341.72432465948793
0,-9,539.3439084765661
0,-9,100.0
0,-8,162.75322559365645
0,-8,100.0
0,-7,446.5308848481807
0,-7,435.50971379285227
-1,-7,321.15614087458556
-1,-7,392.4070870308233
-1,-6,257.0040693604825
-1,-6,100.0
-1,-5,543.0728743046212
-1,-5,287.6657828252068
-1,-4,390.9476628248206
-1,-4,100.0
-1,-3,393.46780406912455
-1,-3,893.109304219169
-1,-2,975.68569398043
-1,-2,811.8232808962973
-1,-3,100.0
-1,-3,931.2311029923869
-2,-3,298.1620911142481
-2,-3,503.3539231426658
-2,-2,295.60773451011045
-2,-2,265.00052485883407
-2,-1,388.62956540217556
-2,-1,240.97925660402564
-2,0,550.4406605660912
-2,0,337.237447167847
-2,1,699.4888686949337
-2,1,970.3203969194797
-2,2,459.6019042798659
-2,2,382.79834090662234
-2,3,1302.0774778398804
-2,3,599.5503487736497
-2,4,192.57393951868266
-2,4,447.8824179897278
-3,4,192.4778283429643
-3,4,389.67122201488786
-3,5,282.0824434097758
-3,5,181.02332116751325
-3,6,335.3855825139964
-3,6,1048.5547944118014
-3,7,276.55696144121174
-3,7,587.4335526957444
-4,7,800.9076398532293
-4,7,100.0
-5,7,100.0
-5,7,248.7695184182125
-6,7,533.7689275590244
-6,7,313.06669999271526
-7,7,437.77708969400334
-7,7,144.64247674458193
-7,8,304.3442175263226
-7,8,233.76516553675353
-7,9,100.0
-7,9,100.0
-8,9,159.09921883537777
-8,9,353.3717352182256
-9,9,402.5498673231413
-9,9,100.0
-9,10,100.0
-9,10,379.42102669459126
-9,9,100.0
-9,9,204.47868172266314
-10,9,356.1713159620201
-10,9,291.1183978534905
-10,10,100.0
-10,10,100.0
-10,11,307.4998334340797
-10,11,453.9808553415278
-11,11,264.1098808784685
-11,11,254.39274820554536
-11,12,546.7789480521683
-11,12,560.7438869534092
-11,13,129.47647486500472
-11,13,301.2854982551743
-11,14,755.8386194721639
-11,14,137.95831877719635
-11,15,439.61899493044757
-11,15,365.773238989465
-11,16,100.0
-11,16,552.8611092583528
-12,16,537.1251135221619
-12,16,100.0
-12,15,100.0
-12,15,185.71463603221235
-12,16,100.0
-12,16,100.0
-12,17,135.7639403359595
-12,17,100.0
-12,18,100.0
-12,18,100.0
-12,19,547.0192843757966
-12,19,100.0
-12,20,100.0
-12,20,138.28989957121823
-11,20,100.0
-11,20,100.0
-10,20,281.0527375650571
-10,20,100.0
-9,20,100.0
-9,20,107.53509702351003
-10,20,100.0
-10,20,100.0
-9,20,100.0
-9,20,100.0
-8,20,257.03740459190044
-8,20,100.0
-7,20,100.0
-7,20,100.0
-7,19,100.0
-7,19,209.29170064231363
-6,19,381.18425966067264
-6,19,484.0975320480134
-6,18,555.9806158967519
-6,18,100.0
-6,17,266.63200977620954
-6,17,239.0072334476655
-7,17,100.0
-7,17,100.0
-6,17,501.02521581881587
-6,17,420.28946528955424
-5,17,100.0
-5,17,661.5147930663461
-4,17,778.1292977934803
-4,17,125.58484942170182
-4,18,142.472790616181
-4,18,100.0
-4,17,100.0
-4,17,273.9800148797525
-4,18,100.0
-4,18,100.0
-4,17,349.9205868872623
-4,17,490.9611545711151
-3,17,211.731183221401
-3,17,469.5191393564346
-2,17,432.08540254298214
-2,17,280.1885296181485
-1,17,100.0
-1,17,146.9947580305041
-1,16,297.3468004657329
-1,16,100.0
-1,15,121.69316549616022
-1,15,203.51923135562666
-1,14,344.70233507217586
-1,14,100.0
-1,13,100.0
-1,13,309.5504986950671
-1,12,100.0
-1,12,259.6221341766029
0,12,264.636578544789
0,12,207.41830478488376
0,13,119.86807289988984
0,13,100.0
0,14,100.0
0,14,270.64877464476194
-1,14,311.13408167488865
-1,14,100.0
-1,15,100.0
-1,15,499.7161421011678
0,15,104.26802812743779
0,15,259.94184295277137
-1,15,174.46369919530272
-1,15,100.0
-2,15,291.59579150035114
-2,15,100.0
-1,15,507.48475258342444
-1,15,413.86743957724127
-1,16,206.402082994353
-1,16,279.7649546204213
-2,16,100.0
-2,16,100.0
-3,16,661.1297297174212
-3,16,137.4007514032604
-4,16,157.5174500499933
-4,16,100.0
-4,15,165.9949241101969
-4,15,236.67911839987437
-5,15,100.0
-5,15,159.55563044391585
-6,15,358.7462048391517
-6,15,238.5721394423512
-7,15,161.4628458255845
-7,15,100.0
-7,14,100.0
-7,14,540.8855777428591
-7,15,293.3505126102796
-7,15,116.48262158003814
-8,15,502.72958480766613
-8,15,100.0
-8,14,656.5229372717563
-8,14,734.1918586000533
-8,13,186.97132661458932
-8,13,187.94311751773887
-8,12,272.7370459099132
-8,12,100.0
-8,11,177.1934877694311
-8,11,519.2619981787971
-8,10,578.783916210085
-8,10,669.3438339418408
-8,9,100.0
-8,9,239.77355943151002
-8,8,628.639880968469
-8,8,100.0
-9,8,326.25030679758027
-9,8,272.2463888121849
-10,8,200.44587936978203
-10,8,217.01253146949077
-11,8,1554.1214475811298
-11,8,100.0
-11,9,223.50458130615053
-11,9,434.32901914139336
-11,8,100.0
-11,8,100.0
-11,9,100.0
-11,9,100.0
-11,8,128.47249480547262
-11,8,1145.921092134034
-10,8,309.67373721949315
-10,8,491.1477909182235
-10,9,100.0
-10,9,101.11045508042123
-10,8,706.6213197250686
-10,8,265.35657541706826
-10,9,299.62250228961693
-10,9,160.43137442817564
-11,9,192.4821973902326
-11,9,195.5098368518266
-11,8,229.13836046489456
-11,8,517.3251647172042
-10,8,100.0
-10,8,1256.6428732713073
-11,8,609.6471847724824
-11,8,631.8681157106316
-12,8,416.8425685398083
-12,8,100.0
-13,8,352.752343017048
-13,8,217.55879582501495
-14,8,430.2152803943877
-14,8,100.0
-15,8,100.0
-15,8,261.7141052653497
-15,7,114.31707810203861
-15,7,409.7732675595021
-14,7,100.0
-14,7,430.3714921694145
-14,6,543.9589108229824
-14,6,881.9498885015835
-14,5,188.36782442100125
-14,5,100.0
-15,5,640.6119721692186
-15,5,389.7148751197825
-15,4,100.0
-15,4,100.0
-14,4,279.2461253412428
-14,4,100.0
-13,4,100.0
-13,4,352.74179216458487
-12,4,726.9064976050126
-12,4,384.71192814425854
-13,4,118.34169568151655
-13,4,119.90337026120858
-14,4,289.3135260774835
-14,4,165.0980383928201
-14,5,388.1851927789248
-14,5,119.51299569277337
-15,5,133.50383738800812
-15,5,792.1327090796947
-15,4,241.07621999286653
-15,4,100.0
-15,3,344.79435997052747
-15,3,518.5653111752904
-15,4,100.0
-15,4,700.0654320415433
-15,3,218.26498661763117
-15,3,100.0
-16,3,951.5563731365736
-16,3,100.0
-16,2,184.11204452661303
-16,2,100.0
-16,1,100.0
-16,1,154.55272126944084
-17,1,142.07259059788979
-17,1,200.345690315963
-17,0,100.0
-17,0,100.0
-17,-1,100.0
-17,-1,111.44408844496645
-17,-2,266.4667824255575
-17,-2,100.0
-17,-3,843.914745032017
-17,-3,100.0
-18,-3,100.0
-18,-3,211.91802640660362
-19,-3,211.69227882977734
-19,-3,132.91961043972086
-20,-3,139.28206678684222
-20,-3,100.0
-20,-4,100.0
-20,-4,333.55832830054993
-20,-3,100.0
-20,-3,100.0
-19,-3,100.0
-19,-3,100.0
-18,-3,100.0
-18,-3,276.8733765320711
-17,-3,100.0
-17,-3,100.0
-16,-3,149.86375268964346
-16,-3,486.8950381161051
-15,-3,541.3293653116458
-15,-3,542.9062976225417
-14,-3,560.3192209672823
-14,-3,823.6474736597781
-13,-3,100.0
-13,-3,100.0
-12,-3,737.6576757723095
-12,-3,131.36817155396255
-13,-3,392.1169894776901
-13,-3,473.8492629391641
-12,-3,302.05285582278975
-12,-3,727.5023887078328
-13,-3,274.66811701221116
-13,-3,100.0
-12,-3,761.5597933006679
-12,-3,463.7728861499325
-11,-3,409.5977167957251
-11,-3,775.9338570405096
-10,-3,100.0
-10,-3,435.90639555021227
-9,-3,158.36687585372192
-9,-3,358.4243511272623
-8,-3,461.7608647027583
-8,-3,634.7259831054706
-7,-3,100.0
-7,-3,100.0
-6,-3,513.2125728635724
-6,-3,672.2492456110572
-6,-2,1044.008895393104
-6,-2,300.4687363474073
-5,-2,850.8016567975841
-5,-2,489.7360290971219
-4,-2,141.7276159226081
-4,-2,444.3588017718124
-4,-1,837.6818391571753
-4,-1,252.39038265542627
-3,-1,1085.3075623992552
-3,-1,328.74500614314167
-3,0,389.0082018944037
-3,0,100.0
-2,0,361.41288023681284
-2,0,685.7802782694285
-1,0,321.9358540051407
-1,0,426.883240162834
0,0,341.03144422257515
0,0,1351.2462205406175
1,0,291.8537961977038
1,0,655.7892796305301
2,0,286.30189054430645
2,0,435.8886185479482
1,0,660.1424384215112
