-19,-8,100.0
-19,-9,100.0
-19,-9,100.0
-18,-9,273.86506855755835
-18,-9,100.0
-17,-9,408.29091919894074
-17,-9,100.0
-17,-10,185.25405358677472
-17,-10,100.0
-16,-10,334.06427761535235
-16,-10,306.70641071313185
-17,-10,213.07515575122963
-17,-10,100.0
-16,-10,343.9899219207899
-16,-10,100.0
-16,-11,100.0
-16,-11,323.6936010214825
-15,-11,323.22433940360145
-15,-11,457.02853862515764
-14,-11,238.1952470907804
-14,-11,100.0
-13,-11,100.0
-13,-11,100.0
-12,-11,193.4057376070548
-12,-11,100.0
-11,-11,407.5931281723531
-11,-11,401.62751515831536
-10,-11,155.62644480268568
-10,-11,258.04378668968354
-11,-11,125.91210272915214
-11,-11,149.09176736806515
-10,-11,178.93313084642
-10,-11,118.88318513069964
-9,-11,100.0
-9,-11,573.9022264616983
-10,-11,100.0
-10,-11,100.0
-9,-11,109.47137987159081
-9,-11,235.90625717583941
-10,-11,100.0
-10,-11,100.0
-9,-11,338.97613936891895
-9,-11,238.52285855578242
-8,-11,233.67463986412508
-8,-11,100.0
-7,-11,100.0
-7,-11,524.8690880227354
-6,-11,100.0
-6,-11,346.9660399114635
-5,-11,176.80111621508934
-5,-11,270.31702410352415
-6,-11,245.87495486175527
-6,-11,408.6125731564647
-5,-11,575.208801630231
-5,-11,318.85928698972623
-4,-11,345.3336615301378
-4,-11,217.62149871591248
-4,-10,474.93984372363735
-4,-10,353.2583958597086
-4,-11,193.37630990118507
-4,-11,113.22123966103729
-4,-12,874.332620652965
-4,-12,333.5436659467977
-3,-12,187.95975493510133
-3,-12,203.03199118781527
-2,-12,268.5839900501713
-2,-12,143.6431958734721
-1,-12,200.44729173497814
-1,-12,276.4208873685138
-2,-12,203.98130236067368
-2,-12,741.9668078529417
-1,-12,460.11375909863256
-1,-12,123.19873820054511
-2,-12,415.4106114590402
-2,-12,327.84367676496316
-1,-12,203.50324557562564
-1,-12,200.53662957741076
0,-12,255.14839237615044
0,-12,345.9767322428975
0,-13,100.0
0,-13,100.0
0,-14,100.0
0,-14,100.0
0,-15,100.0
0,-15,100.0
1,-15,327.1905451406206
1,-15,111.65787220379744
1,-16,100.0
1,-16,392.9553024744989
1,-17,100.0
1,-17,523.0288118311643
1,-18,412.1985341610075
1,-18,320.8821037408227
1,-17,100.0
1,-17,100.0
2,-17,149.9005096762386
2,-17,410.21186779608286
3,-17,100.0
3,-17,367.90443676635425
4,-17,205.1548887891263
4,-17,136.3162406163215
4,-18,100.0
4,-18,182.63363911278492
4,-19,100.0
4,-19,566.1201578907439
4,-20,494.6152168328718
4,-20,525.532421158894
4,-19,242.27960431830087
4,-19,719.157390950194
3,-19,106.75964603094823
3,-19,249.5953646350161
3,-18,346.713226194021
3,-18,336.0514661032147
3,-17,235.92032886379724
3,-17,166.46636868207375
3,-16,293.77614481308535
3,-16,100.0
3,-15,322.2774253311837
3,-15,331.5699173600767
3,-14,180.74928427122472
3,-14,293.06127724434515
3,-13,176.4638198544915
3,-13,326.82772523596304
2,-13,111.24030696064588
2,-13,100.0
2,-12,292.96862648461837
2,-12,100.0
2,-11,402.0689622516127
2,-11,318.3119813700017
2,-10,100.0
2,-10,392.30520861459655
1,-10,359.2542116133088
1,-10,166.19641243978447
1,-9,575.9326629178936
1,-9,359.3293838671445
0,-9,238.709627312796
0,-9,344.96082039693295
1,-9,393.2911334406832
1,-9,1379.2048261482073
0,-9,259.7930029953164
0,-9,534.0933098016678
0,-8,538.2026507029011
0,-8,659.5394629916179
0,-7,230.3287735881641
0,-7,100.0
-1,-7,579.7449691666013
-1,-7,152.0163953880482
-1,-6,202.58574238465994
-1,-6,100.0
-1,-5,398.35827767462865
-1,-5,289.98904742270526
-1,-4,1135.5196452445812
-1,-4,475.51978588262756
-1,-3,763.2137883836398
-1,-3,212.9724960477157
-1,-2,608.4846581385353
-1,-2,616.8424014724551
-1,-3,483.82327648311633
-1,-3,289.4083778323111
-2,-3,799.1857937070806
-2,-3,488.0552569948442
-2,-2,1695.1214392180411
-2,-2,292.373686142169
-2,-1,704.8577000959772
-2,-1,304.67339112600666
-2,0,1087.7300374514934
-2,0,471.88181883889274
-2,1,565.1776740616507
-2,1,1629.6104403307704
-2,2,915.1702085963086
-2,2,286.50094066688297
-2,3,772.0635130338729
-2,3,100.0
-2,4,100.0
-2,4,442.4145945591359
-3,4,208.38732610091068
-3,4,633.8595024324346
-3,5,157.5972827942356
-3,5,595.0571368189255
-3,6,662.8412667495185
-3,6,931.3701484109082
-3,7,201.01915458860117
-3,7,541.0813093323053
-4,7,870.4813603051741
-4,7,166.67416575127913
-5,7,797.714495780835
-5,7,280.2031317990083
-6,7,376.84711320706145
-6,7,577.0550616549265
-7,7,334.523651662137
-7,7,773.9164680806509
-7,8,100.0
-7,8,393.9720353522242
-7,9,100.0
-7,9,100.0
-8,9,330.2385625999865
-8,9,302.07801726908247
-9,9,100.0
-9,9,195.82760768527842
-9,10,100.0
-9,10,591.2855750581165
-9,9,415.3872462380784
-9,9,100.0
-10,9,180.24626889893733
-10,9,231.52173602182236
-10,10,384.24183968679637
-10,10,119.72573564955195
-10,11,353.1074653679347
-10,11,748.8123444031328
-11,11,105.17118606440604
-11,11,100.0
-11,12,149.80433399222852
-11,12,100.0
-11,13,152.62047278815703
-11,13,219.06784288686003
-11,14,143.4963302113581
-11,14,100.0
-11,15,168.18355782451357
-11,15,411.1464351462986
-11,16,100.0
-11,16,337.34879033103124
-12,16,1004.6980979708421
-12,16,100.0
-12,15,100.0
-12,15,247.75977997576567
-12,16,100.0
-12,16,100.0
-12,17,100.0
-12,17,100.0
-12,18,317.1465389369551
-12,18,116.9706150127765
-12,19,400.14633079114384
-12,19,100.0
-12,20,100.0
-12,20,640.6671408791126
-11,20,100.0
-11,20,100.0
-10,20,381.23724541683873
-10,20,100.0
-9,20,100.0
-9,20,154.55285930012863
-10,20,100.0
-10,20,100.0
-9,20,100.0
-9,20,100.0
-8,20,118.49597867478411
-8,20,100.0
-7,20,391.766657352361
-7,20,231.6117970938741
-7,19,186.8054740427574
-7,19,161.62084587956957
-6,19,100.0
-6,19,100.0
-6,18,100.0
-6,18,100.0
-6,17,100.0
-6,17,100.0
-7,17,246.35157835114657
-7,17,100.0
-6,17,170.4339003080342
-6,17,100.0
-5,17,167.31136198922502
-5,17,100.0
-4,17,204.52653025278747
-4,17,189.27805729816046
-4,18,186.7717843014511
-4,18,100.0
-4,17,421.95039033470005
-4,17,100.0
-4,18,179.83977330815085
-4,18,359.84912525480263
-4,17,100.0
-4,17,273.1541630245198
-3,17,211.51346124659852
-3,17,369.2627525565399
-2,17,432.00781194110505
-2,17,398.4612976623872
-1,17,1085.4279140112403
-1,17,100.0
-1,16,650.8451190237862
-1,16,599.6216783256971
-1,15,403.416994313921
-1,15,243.22591706129174
-1,14,429.09204320525134
-1,14,632.9959194639598
-1,13,266.5592067813484
-1,13,168.0041651809056
-1,12,268.53997018071846
-1,12,677.939876172667
0,12,174.4832332589423
0,12,100.0
0,13,100.0
0,13,135.15685098042005
0,14,366.2898616848533
0,14,263.41142343870706
-1,14,100.0
-1,14,147.08122278526307
-1,15,391.45714914773515
-1,15,100.0
0,15,389.6644602465292
0,15,251.7319883637244
-1,15,361.2705938685693
-1,15,100.0
-2,15,1041.7526669973263
-2,15,849.7128307204911
-1,15,100.0
-1,15,100.0
-1,16,278.03748754250717
-1,16,282.3753800797354
-2,16,100.0
-2,16,190.17576316897663
-3,16,100.0
-3,16,100.0
-4,16,148.53662283989158
-4,16,100.0
-4,15,507.86058663214743
-4,15,155.65829200893208
-5,15,152.18227553623305
-5,15,100.0
-6,15,460.72448424909214
-6,15,100.0
-7,15,503.0945690234921
-7,15,118.49275124386595
-7,14,657.0548744376752
-7,14,100.0
-7,15,164.0001653387036
-7,15,473.37592387778614
-8,15,217.1821523045249
-8,15,155.02482097886315
-8,14,661.8716084678811
-8,14,100.0
-8,13,130.3777910382301
-8,13,197.69870514272557
-8,12,644.5807578791721
-8,12,100.0
-8,11,326.26470039556
-8,11,450.3578996290056
-8,10,176.6847385175974
-8,10,100.0
-8,9,225.72514595587822
-8,9,443.4629394496041
-8,8,195.80887716012447
-8,8,484.2832469222719
-9,8,247.00301742373227
-9,8,663.7779492746588
-10,8,100.0
-10,8,264.00155657114675
-11,8,279.1203060202489
-11,8,100.0
-11,9,174.8149337051169
-11,9,360.3511218830212
-11,8,110.74577635617712
-11,8,100.0
-11,9,345.8769396014698
-11,9,380.59121195529247
-11,8,236.46350402742016
-11,8,447.7803247953227
-10,8,224.08191911289506
-10,8,1174.0132802468304
-10,9,195.67165808574438
-10,9,283.41306522454045
-10,8,279.9456782729185
-10,8,100.0
-10,9,695.3215368555502
-10,9,106.80356393934335
-11,9,439.8123548348599
-11,9,158.08339599883192
-11,8,223.58810080983045
-11,8,479.17535351683085
-10,8,203.31741857247303
-10,8,405.0344318887165
-11,8,172.61022946584856
-11,8,116.4458437130035
-12,8,322.52501503666053
-12,8,111.17176094136309
-13,8,100.0
-13,8,251.06235721588354
-14,8,100.0
-14,8,212.29732173934877
-15,8,555.9734967908436
-15,8,100.0
-15,7,173.4818272691947
-15,7,672.5863796195448
-14,7,229.57627161965985
-14,7,100.0
-14,6,601.0212212585415
-14,6,280.0724380546814
-14,5,100.0
-14,5,437.97829091219506
-15,5,323.63224872800606
-15,5,100.0
-15,4,279.37324288287056
-15,4,100.0
-14,4,204.72510958729134
-14,4,100.0
-13,4,212.90081517165888
-13,4,178.05771178472025
-12,4,227.67982005715527
-12,4,318.7613431634514
-13,4,921.1620336683065
-13,4,476.01789100634204
-14,4,342.5188340024823
-14,4,100.0
-14,5,140.2980840287559
-14,5,610.0465710320024
-15,5,100.0
-15,5,270.17589479889637
-15,4,433.17489250424165
-15,4,483.07397159400267
-15,3,529.8384863718536
-15,3,100.0
-15,4,100.0
-15,4,100.0
-15,3,425.3445190726553
-15,3,105.89594895548072
-16,3,155.9968142774807
-16,3,151.45711352202085
-16,2,362.15171620109436
-16,2,613.733550566035
-16,1,493.9325583682737
-16,1,573.1266259987675
-17,1,100.0
-17,1,100.0
-17,0,100.0
-17,0,554.1105933943959
-17,-1,339.78195114462267
-17,-1,100.0
-17,-2,100.0
-17,-2,287.20880434368047
-17,-3,386.55397580281533
-17,-3,100.0
-18,-3,1174.2594526736289
-18,-3,420.8997457582303
-19,-3,247.0629393536091
-19,-3,247.68072660918483
-20,-3,463.4024422742242
-20,-3,332.84667391324825
-20,-4,517.1084557691437
-20,-4,100.0
-20,-3,100.0
-20,-3,100.0
-19,-3,100.0
-19,-3,100.0
-18,-3,100.0
-18,-3,100.0
-17,-3,100.0
-17,-3,653.7419092757473
-16,-3,789.0433036720792
-16,-3,155.908020135759
-15,-3,668.5987251848001
-15,-3,422.7785254191659
-14,-3,329.0527690972371
-14,-3,328.4443441640191
-13,-3,206.19074834269918
-13,-3,100.0
-12,-3,258.3133361824715
-12,-3,463.8283251464761
-13,-3,100.0
-13,-3,100.0
-12,-3,343.6854121207152
-12,-3,212.69075780130453
-13,-3,100.0
-13,-3,743.5541625099462
-12,-3,226.2089547429608
-12,-3,205.26670396327603
-11,-3,307.16017779784147
-11,-3,366.93360155531406
-10,-3,100.0
-10,-3,360.49796527000933
-9,-3,100.0
-9,-3,220.34685148654506
-8,-3,458.0062248438253
-8,-3,1175.970289939511
-7,-3,796.6559892927971
-7,-3,873.6488673128715
-6,-3,404.6082045409004
-6,-3,270.918098421849
-6,-2,851.1151728283294
-6,-2,1059.3579765098723
-5,-2,799.3896408232682
-5,-2,313.08982017344306
-4,-2,324.0316800380498
-4,-2,204.8865809951805
-4,-1,548.2880707276217
-4,-1,293.43267940462755
-3,-1,490.93548058222433
-3,-1,375.69946900293974
-3,0,223.32683144244442
-3,0,1053.626043417041
-2,0,1114.792466394553
-2,0,431.02251130499883
-1,0,361.8918896764793
-1,0,169.69186422836407
0,0,309.36211805697826
0,0,1078.4505964762777
1,0,268.00996508068897
1,0,571.1430801336983
2,0,699.9118561998486
2,0,522.5810575149228
1,0,356.676478015276
