-19,-8,74.80614077888062
-19,-8,50.0
-19,-9,50.0
-19,-9,73.63442116232432
-19,-9,118.25749313655734
-18,-9,78.95957450771108
-18,-9,111.8800341297157
-18,-9,172.46412623591758
-17,-9,50.0
-17,-9,50.0
-17,-9,50.0
-17,-10,63.85939371557955
-17,-10,394.98368428655493
-17,-10,50.0
-16,-10,50.0
-16,-10,87.75552195333795
-16,-10,50.0
-17,-10,236.97073925674098
-17,-10,67.14368821244808
-17,-10,70.06703789758461
-16,-10,127.03575910948628
-16,-10,350.1475884252392
-16,-10,96.92512935331257
-16,-11,50.0
-16,-11,50.0
-16,-11,50.0
-15,-11,106.57013250008652
-15,-11,50.0
-15,-11,62.467432183126725
-14,-11,154.31250629059792
-14,-11,50.0
-14,-11,122.60101091057938
-13,-11,114.87310648093133
-13,-11,50.0
-13,-11,50.0
-12,-11,50.0
-12,-11,57.699646771550434
-12,-11,50.0
-11,-11,50.0
-11,-11,61.353388688822676
-11,-11,50.0
-10,-11,210.7616881564808
-10,-11,371.1257228960161
-10,-11,124.77014656415759
-11,-11,50.0
-11,-11,50.0
-11,-11,87.67225442124274
-10,-11,220.74948193742614
-10,-11,50.0
-10,-11,150.27730964723597
-9,-11,50.0
-9,-11,115.04930313243551
-9,-11,50.0
-10,-11,50.0
-10,-11,85.84987736204215
-10,-11,75.56421809334086
-9,-11,201.21638716844953
-9,-11,50.0
-9,-11,50.0
-10,-11,50.0
-10,-11,50.0
-10,-11,156.83547932686966
-9,-11,50.0
-9,-11,163.23450894871328
-9,-11,146.38351426506955
-8,-11,78.58172499355746
-8,-11,50.0
-8,-11,71.57042729272777
-7,-11,90.76710970537094
-7,-11,50.0
-7,-11,50.0
-6,-11,50.0
-6,-11,104.03676846074573
-6,-11,135.22609797696197
-5,-11,50.0
-5,-11,50.0
-5,-11,163.68222929658916
-6,-11,127.60713000831217
-6,-11,332.3801555703411
-6,-11,172.59782509689046
-5,-11,164.29347943653556
-5,-11,78.50809482998835
-5,-11,401.6513700468977
-4,-11,50.0
-4,-11,93.62111890023529
-4,-11,119.53124502369516
-4,-10,96.4477366751167
-4,-10,182.030524400167
-4,-10,66.74725998309225
-4,-11,300.1523522805927
-4,-11,63.486632088461846
-4,-11,50.0
-4,-12,158.97945812623533
-4,-12,137.15734413587626
-4,-12,119.68041403551935
-3,-12,108.4990426319213
-3,-12,86.06957703370604
-3,-12,181.06120626531424
-2,-12,161.16109259516836
-2,-12,113.52089194161103
-2,-12,194.0668388765636
-1,-12,72.04208743893517
-1,-12,50.0
-1,-12,158.63650183680843
-2,-12,144.6809289060979
-2,-12,50.0
-2,-12,82.30699493395599
-1,-12,275.74790313505787
-1,-12,92.10833884983083
-1,-12,208.08310773015478
-2,-12,130.55767728789877
-2,-12,187.120081779823
-2,-12,204.6067640474359
-1,-12,138.14113521340158
-1,-12,158.97419188010312
-1,-12,274.31488427568746
0,-12,101.72547060846625
0,-12,363.3094518443361
0,-12,287.26791211679347
0,-13,110.33638463759416
0,-13,50.0
0,-13,156.5115214387579
0,-14,50.0
0,-14,129.12993429679787
0,-14,50.0
0,-15,237.33897662490705
0,-15,50.0
0,-15,159.91234774052654
1,-15,222.89575988732264
1,-15,100.58124282318732
1,-15,50.0
1,-16,50.0
1,-16,466.24379641773584
1,-16,92.45549461754507
1,-17,148.00762528262487
1,-17,50.0
1,-17,50.0
1,-18,84.7109770740829
1,-18,88.88588768471466
1,-18,50.0
1,-17,133.10589962969732
1,-17,50.0
1,-17,50.0
2,-17,50.0
2,-17,50.0
2,-17,50.0
3,-17,82.19120587803059
3,-17,64.9640550874388
3,-17,50.0
4,-17,237.49375896368662
4,-17,50.0
4,-17,50.0
4,-18,50.0
4,-18,54.28640061846614
4,-18,50.0
4,-19,201.15379749747186
4,-19,50.0
4,-19,50.0
4,-20,89.50410930921105
4,-20,50.0
4,-20,50.0
4,-19,50.0
4,-19,50.0
4,-19,50.0
3,-19,88.88488246074982
3,-19,50.0
3,-19,50.0
3,-18,50.0
3,-18,50.0
3,-18,50.0
3,-17,161.4460782725269
3,-17,50.0
3,-17,66.76129180537595
3,-16,57.199572873307346
3,-16,71.69439506553846
3,-16,50.0
3,-15,61.54511367962379
3,-15,183.25561920831382
3,-15,50.0
3,-14,50.0
3,-14,50.0
3,-14,83.09852282652047
3,-13,192.41702146253476
3,-13,50.0
3,-13,144.10161626241404
2,-13,346.693107147784
2,-13,67.9148932339956
2,-13,125.97884100308326
2,-12,53.49085547658547
2,-12,139.85529988713637
2,-12,64.26107279273654
2,-11,226.28836835994372
2,-11,252.11562233147464
2,-11,220.05625911465467
2,-10,153.8424571245316
2,-10,231.7612324025112
2,-10,142.2804916929381
1,-10,54.1328946735772
1,-10,276.5824956351005
1,-10,80.48815929904312
1,-9,195.7165882501171
1,-9,143.67399787286084
1,-9,50.0
0,-9,71.55860477431187
0,-9,203.14908709803626
0,-9,147.0404718566586
1,-9,119.87012326225464
1,-9,87.66447005241909
1,-9,493.86865992661416
0,-9,239.17962960763165
0,-9,193.9265847127367
0,-9,86.73630720655605
0,-8,235.6081680608647
0,-8,175.11187408900267
0,-8,378.4033189302364
0,-7,138.099283986444
0,-7,180.99147421091783
0,-7,190.41984233523374
-1,-7,218.20290257070505
-1,-7,184.0392350414303
-1,-7,233.02384534323573
-1,-6,288.4605878789689
-1,-6,86.18871376891693
-1,-6,181.29342359931812
-1,-5,232.0478270590379
-1,-5,353.44992833401176
-1,-5,310.88672155078604
-1,-4,362.06411249541486
-1,-4,282.6372925128962
-1,-4,334.43189755457036
-1,-3,308.7513203607319
-1,-3,82.76856087703175
-1,-3,501.475612071686
-1,-2,375.6456731312045
-1,-2,168.34638657176944
-1,-2,380.8975039079563
-1,-3,198.29875048237687
-1,-3,151.09228811330482
-1,-3,315.2013305797236
-2,-3,185.57461450483066
-2,-3,95.18450775089232
-2,-3,138.24081623191375
-2,-2,328.56347764799443
-2,-2,253.07809618141366
-2,-2,406.31037776702107
-2,-1,316.65817782577983
-2,-1,130.07051438660955
-2,-1,208.14649682807226
-2,0,358.3525888430989
-2,0,297.0001722771377
-2,0,223.85947760407447
-2,1,608.2970724628615
-2,1,313.42753393632404
-2,1,762.1147322216291
-2,2,197.7092932840182
-2,2,306.64818636135124
-2,2,348.6253146517156
-2,3,137.61728907631377
-2,3,256.8136776070206
-2,3,219.03676297220244
-2,4,328.32233264677404
-2,4,516.6985748138089
-2,4,179.30764590680303
-3,4,223.37226206283
-3,4,246.75150349137155
-3,4,259.92250744533203
-3,5,422.29156039952244
-3,5,286.2965350643781
-3,5,454.8371133714701
-3,6,326.2891608261144
-3,6,428.56746673164673
-3,6,134.50669602977
-3,7,53.99137202210258
-3,7,50.0
-3,7,301.48934831001543
-4,7,217.73239269635346
-4,7,209.11950948549924
-4,7,219.5253678667891
-5,7,50.0
-5,7,202.2414301366568
-5,7,308.63084400841257
-6,7,124.46311218507068
-6,7,209.7565554752846
-6,7,358.45872100761403
-7,7,205.7607893904444
-7,7,112.84824186784407
-7,7,237.739675269018
-7,8,102.7447302057625
-7,8,257.6980098954933
-7,8,286.39166352046783
-7,9,102.4243057323572
-7,9,79.49619523415218
-7,9,50.0
-8,9,101.4403559651996
-8,9,185.93921300601684
-8,9,146.6087000782515
-9,9,61.75013983536208
-9,9,104.820280661215
-9,9,58.04999944227197
-9,10,88.3862807978578
-9,10,147.3985747051834
-9,10,50.0
-9,9,132.74760444110242
-9,9,129.61390502959583
-9,9,107.56081626341403
-10,9,122.94490150090564
-10,9,100.24533050737337
-10,9,107.62617811566837
-10,10,154.17607015158436
-10,10,111.16196303792265
-10,10,176.0720582125074
-10,11,228.53115810056676
-10,11,50.0
-10,11,256.53449050456106
-11,11,249.26849836456296
-11,11,164.22992640089137
-11,11,271.48241408528907
-11,12,50.0
-11,12,50.0
-11,12,393.2755347398057
-11,13,58.24017109072735
-11,13,119.00094958859265
-11,13,167.35378649491005
-11,14,50.0
-11,14,132.44377388865453
-11,14,189.81867237758294
-11,15,50.0
-11,15,124.53931789066257
-11,15,173.07081807851003
-11,16,50.0
-11,16,50.0
-11,16,50.0
-12,16,50.0
-12,16,179.9766960366657
-12,16,50.0
-12,15,232.10520573005337
-12,15,50.0
-12,15,50.0
-12,16,50.0
-12,16,50.0
-12,16,50.0
-12,17,50.0
-12,17,50.0
-12,17,72.39559179314618
-12,18,50.0
-12,18,68.17638234515316
-12,18,50.0
-12,19,50.0
-12,19,50.0
-12,19,50.0
-12,20,50.0
-12,20,50.0
-12,20,50.0
-11,20,50.0
-11,20,258.30277909643894
-11,20,50.0
-10,20,50.0
-10,20,50.0
-10,20,50.0
-9,20,50.0
-9,20,148.80656841726054
-9,20,50.0
-10,20,50.0
-10,20,50.0
-10,20,94.53906469625935
-9,20,50.0
-9,20,54.9058233616569
-9,20,50.0
-8,20,50.0
-8,20,50.0
-8,20,190.79911834817204
-7,20,50.0
-7,20,220.45966646298797
-7,20,82.45695304728645
-7,19,50.0
-7,19,79.37576105089481
-7,19,55.48868098366496
-6,19,145.74687348330016
-6,19,269.1979210823608
-6,19,50.0
-6,18,50.0
-6,18,50.0
-6,18,288.55070881462393
-6,17,50.0
-6,17,50.0
-6,17,50.0
-7,17,50.0
-7,17,91.55342864259862
-7,17,50.0
-6,17,272.570778143849
-6,17,200.33093952581962
-6,17,50.0
-5,17,50.0
-5,17,50.0
-5,17,50.0
-4,17,121.65779848891256
-4,17,107.67154364352055
-4,17,109.58773727156789
-4,18,50.0
-4,18,50.0
-4,18,50.0
-4,17,50.0
-4,17,64.1678791396613
-4,17,101.58409801541778
-4,18,50.0
-4,18,87.04034857103954
-4,18,109.36694113082432
-4,17,235.35448927079585
-4,17,124.11955389934026
-4,17,139.09333209699383
-3,17,50.0
-3,17,149.89051364275323
-3,17,113.80206459617133
-2,17,51.51832361795427
-2,17,81.36526180890107
-2,17,50.0
-1,17,69.21634430670898
-1,17,104.77942640015996
-1,17,50.0
-1,16,50.0
-1,16,50.0
-1,16,131.66699842428486
-1,15,164.09999521340356
-1,15,82.26053895593085
-1,15,125.09113044316541
-1,14,73.27581746769138
-1,14,117.78079036327682
-1,14,96.43314404850668
-1,13,50.0
-1,13,222.74808212563568
-1,13,146.88710391457667
-1,12,120.29114972637812
-1,12,144.506423810348
-1,12,369.4687811778183
0,12,50.0
0,12,99.68606595445351
0,12,289.2405352463129
0,13,116.15085968836893
0,13,74.08503706649645
0,13,158.41421177200095
0,14,50.0
0,14,50.0
0,14,50.0
-1,14,82.64764994252738
-1,14,221.95752160034945
-1,14,50.0
-1,15,101.36372301983863
-1,15,165.81063054817412
-1,15,50.0
0,15,50.0
0,15,309.9761365800482
0,15,152.37807304395722
-1,15,63.664537664982646
-1,15,50.0
-1,15,50.0
-2,15,132.8250920060019
-2,15,72.34467291649038
-2,15,79.46253843530664
-1,15,50.0
-1,15,82.8997153464754
-1,15,70.54372326688434
-1,16,103.80987021627777
-1,16,50.0
-1,16,82.70777704059219
-2,16,56.910944237191664
-2,16,50.0
-2,16,76.53671940040155
-3,16,59.26797257413944
-3,16,326.27540118353795
-3,16,278.432324616056
-4,16,92.8709789757163
-4,16,101.97260999652235
-4,16,50.0
-4,15,61.72656209659429
-4,15,50.0
-4,15,97.11011183476893
-5,15,99.14555779563378
-5,15,96.18534658587996
-5,15,50.0
-6,15,80.50509731606141
-6,15,83.64958207848674
-6,15,107.81513071885382
-7,15,161.76847371388942
-7,15,86.36774649185806
-7,15,120.06028276329573
-7,14,194.6515456459768
-7,14,51.850515263965804
-7,14,121.75889824785878
-7,15,50.0
-7,15,50.0
-7,15,188.4086815690426
-8,15,50.0
-8,15,93.62581612531179
-8,15,52.188666905500824
-8,14,96.9310106135638
-8,14,50.0
-8,14,114.07664390509692
-8,13,50.0
-8,13,50.0
-8,13,50.0
-8,12,90.8986095159197
-8,12,77.97525436103788
-8,12,50.0
-8,11,50.0
-8,11,134.27239864285443
-8,11,334.0388369768214
-8,10,106.56871714018133
-8,10,99.70524847839673
-8,10,106.71927581370797
-8,9,70.0162071718857
-8,9,58.535725519693386
-8,9,54.10435088100546
-8,8,98.93092381377157
-8,8,50.0
-8,8,154.31093957161488
-9,8,69.3016350569387
-9,8,65.64361665329203
-9,8,336.5095109516311
-10,8,237.4485252253316
-10,8,50.0
-10,8,50.0
-11,8,213.34167046989032
-11,8,124.48385535806439
-11,8,171.31483578913893
-11,9,130.74634095518226
-11,9,127.88677713672885
-11,9,99.03906001499908
-11,8,51.88340880198679
-11,8,131.19093025241796
-11,8,297.63165203421596
-11,9,152.2963925863702
-11,9,139.76641451600366
-11,9,50.0
-11,8,50.0
-11,8,50.0
-11,8,131.84108155621487
-10,8,158.8983076807931
-10,8,130.39206151334446
-10,8,79.43669400851142
-10,9,50.0
-10,9,50.0
-10,9,50.0
-10,8,158.02711663648407
-10,8,88.38370322207851
-10,8,89.97239665394154
-10,9,120.25682374127939
-10,9,50.0
-10,9,198.60888304181742
-11,9,51.823672750489635
-11,9,50.0
-11,9,81.58888015426261
-11,8,162.18210582142012
-11,8,50.0
-11,8,50.0
-10,8,162.36840199855914
-10,8,196.98326036712805
-10,8,122.53185420887812
-11,8,183.05907565454217
-11,8,126.7751904899265
-11,8,114.00567856881149
-12,8,342.16260689132486
-12,8,213.12620693428659
-12,8,80.98287794447639
-13,8,124.08571339051751
-13,8,50.0
-13,8,50.0
-14,8,50.0
-14,8,50.0
-14,8,50.0
-15,8,95.3999600461868
-15,8,142.41465583571824
-15,8,65.60710663490778
-15,7,50.0
-15,7,50.95897316164406
-15,7,75.5247301125125
-14,7,50.0
-14,7,50.0
-14,7,361.8426914459935
-14,6,98.92050874065538
-14,6,191.02236539077933
-14,6,157.3064856427802
-14,5,125.46378678634116
-14,5,109.61500209021142
-14,5,210.7765060877539
-15,5,302.573712531032
-15,5,54.19520324607774
-15,5,52.13233340571503
-15,4,50.0
-15,4,109.9899953306691
-15,4,148.80759830822845
-14,4,50.28246486740288
-14,4,50.0
-14,4,89.45961841256224
-13,4,128.6043937358134
-13,4,50.0
-13,4,50.0
-12,4,92.94533411722894
-12,4,50.0
-12,4,50.0
-13,4,51.361535715513746
-13,4,50.0
-13,4,299.45556202272405
-14,4,57.41901430964568
-14,4,50.0
-14,4,91.49709173683084
-14,5,50.0
-14,5,108.93870442915895
-14,5,340.90725678356836
-15,5,50.0
-15,5,50.0
-15,5,113.14191375573154
-15,4,84.26751567933711
-15,4,50.0
-15,4,52.66918205180271
-15,3,136.5067163712988
-15,3,172.912152969222
-15,3,72.15461112828119
-15,4,86.63721004029458
-15,4,94.83938066491804
-15,4,50.0
-15,3,50.0
-15,3,54.6840771516256
-15,3,274.7166905640861
-16,3,83.75557891285645
-16,3,50.0
-16,3,50.0
-16,2,102.66434607744714
-16,2,63.01569676197306
-16,2,50.0
-16,1,89.76303391828031
-16,1,217.25683535171714
-16,1,105.81043352260133
-17,1,110.34918854093587
-17,1,168.35083206916164
-17,1,101.9869170823253
-17,0,66.07149622855653
-17,0,50.0
-17,0,147.37193004460522
-17,-1,50.0
-17,-1,62.54600876624448
-17,-1,50.0
-17,-2,50.0
-17,-2,143.52386243540104
-17,-2,69.33596292409885
-17,-3,106.7256132328935
-17,-3,50.0
-17,-3,50.0
-18,-3,131.60838076077454
-18,-3,50.0
-18,-3,50.0
-19,-3,383.576668466101
-19,-3,50.0
-19,-3,54.813300282247134
-20,-3,50.0
-20,-3,50.0
-20,-3,89.49124743168446
-20,-4,62.43401000231317
-20,-4,50.0
-20,-4,99.17686438368246
-20,-3,127.60365438095039
-20,-3,132.35089237212202
-20,-3,50.0
-19,-3,50.0
-19,-3,100.77244112127235
-19,-3,50.0
-18,-3,50.0
-18,-3,50.0
-18,-3,50.0
-17,-3,100.22247662309081
-17,-3,159.5389631143402
-17,-3,50.0
-16,-3,316.81078398447386
-16,-3,315.0997169411837
-16,-3,50.0
-15,-3,89.51797808128758
-15,-3,50.0
-15,-3,171.41945592626212
-14,-3,73.15441032069107
-14,-3,90.36926293853348
-14,-3,50.0
-13,-3,50.0
-13,-3,164.15104604726412
-13,-3,82.66026671585149
-12,-3,180.23058590068496
-12,-3,279.84733431555946
-12,-3,228.07113309848447
-13,-3,150.86909858944983
-13,-3,221.94187656375124
-13,-3,245.1548823891337
-12,-3,90.46194355118243
-12,-3,95.56696467710537
-12,-3,103.21562298982187
-13,-3,100.28089345433206
-13,-3,123.26497481094364
-13,-3,125.33847463320586
-12,-3,69.64299487196936
-12,-3,162.97821504658927
-12,-3,271.32333841842234
-11,-3,68.16515058297088
-11,-3,199.40795721820444
-11,-3,196.77950932572745
-10,-3,50.0
-10,-3,105.11132539431425
-10,-3,80.5513572432165
-9,-3,220.08184288920086
-9,-3,290.7651357827309
-9,-3,187.88858469743735
-8,-3,267.44735039159457
-8,-3,186.01989070664453
-8,-3,155.76435805367865
-7,-3,227.25246412007658
-7,-3,158.82782184614064
-7,-3,276.51607244966027
-6,-3,131.8882097841481
-6,-3,321.03467688362093
-6,-3,107.99048444460057
-6,-2,170.39181141029704
-6,-2,200.72235042813398
-6,-2,105.8653950163248
-5,-2,194.039307170147
-5,-2,325.17464851890054
-5,-2,224.71654147257263
-4,-2,201.15677719808573
-4,-2,268.3268084078581
-4,-2,229.8949900748878
-4,-1,154.09316670289502
-4,-1,204.5223738344857
-4,-1,346.3624300534452
-3,-1,343.8037742949345
-3,-1,240.10866699277452
-3,-1,312.61169579021856
-3,0,205.89144217704967
-3,0,266.5041116642768
-3,0,122.58765142094913
-2,0,51.5910628365734
-2,0,457.7531920286951
-2,0,307.34377869929017
-1,0,182.022057499255
-1,0,357.87202191850764
-1,0,50.0
0,0,319.38632393851304
0,0,268.051800361912
0,0,218.65845228773117
1,0,481.0926041685424
1,0,352.28992851226167
1,0,209.10952882373735
2,0,183.71519099227365
2,0,320.48424940238095
2,0,266.20158788905866
1,0,211.9026249800643
1,0,314.97894222642213
1,0,229.10492268197322
2,0,349.71147728567945
2,0,202.6283443187045
2,0,241.46932921366954
2,1,197.7152795266628
2,1,183.86563052218588
2,1,185.87564282956237
3,1,539.5042138555295
3,1,247.92326154239447
3,1,218.88818587624075
4,1,233.33600165301755
4,1,450.53331455586533
4,1,372.5351307588934
5,1,159.91614051089294
5,1,328.62642686756794
5,1,291.75633446147253
6,1,182.32114614029584
6,1,67.53475520524837
6,1,413.0741926282846
5,1,224.93088588766247
5,1,215.7321930239143
5,1,154.14690517911708
6,1,50.0
6,1,277.2244778401819
6,1,293.879506346557
7,1,205.93484223339883
7,1,50.0
7,1,427.81674580507
8,1,69.46737168293983
8,1,177.03880226145736
8,1,145.54845623126351
9,1,140.08150409522824
9,1,215.5658706340727
9,1,67.83807662122706
10,1,149.24776372291706
10,1,162.3036781438137
10,1,236.02689390859064
10,2,262.6314405190661
10,2,220.87597110027735
10,2,212.74523297480974
11,2,209.2848738171997
11,2,50.0
11,2,128.31239277867815
11,3,84.7441615728608
11,3,50.0
11,3,269.77706375527106
12,3,50.0
12,3,158.67253112421707
12,3,59.858039799133145
13,3,71.36771849822489
13,3,216.48086536293437
13,3,112.42847595502944
14,3,50.0
14,3,50.0
14,3,134.5465053913423
14,4,50.0
14,4,94.65819386213242
14,4,50.0
14,3,79.91199369968653
14,3,107.68450968141998
14,3,156.14912046498526
14,4,50.0
14,4,50.0
14,4,307.8121020846043
15,4,150.46524813791578
15,4,76.79199103173266
15,4,50.0
15,3,204.11299778775407
15,3,50.0
15,3,269.1426221184356
15,4,50.0
15,4,133.60984532287137
15,4,483.3838057282643
15,5,50.0
15,5,93.40847228856208
15,5,50.0
16,5,59.69039365176226
16,5,208.9408556165358
16,5,50.0
15,5,50.0
15,5,50.0
15,5,398.7209545617415
15,6,50.0
15,6,108.7715575923002
15,6,50.0
16,6,50.0
16,6,50.0
16,6,200.2777824653821
17,6,64.47852226165784
17,6,155.8273889499685
17,6,50.0
18,6,50.0
18,6,110.80981328697361
18,6,50.0
18,7,50.06703915821242
18,7,50.0
18,7,50.0
19,7,50.0
19,7,50.0
19,7,50.0
19,8,85.17668428691827
19,8,50.0
19,8,50.0
20,8,93.29777903610206
20,8,50.0
20,8,50.0
20,7,50.0
20,7,50.0
20,7,50.0
20,8,50.0
20,8,50.0
20,8,61.13146194647999
19,8,50.0
19,8,84.76319396442088
19,8,50.0
19,9,50.0
19,9,122.54989702073316
19,9,88.52715252898943
19,8,67.11046088481223
19,8,156.41378321531369
19,8,50.0
19,7,50.0
19,7,50.0
19,7,117.11484589637503
19,6,50.0
19,6,75.0202524298839
19,6,50.0
19,7,50.0
19,7,50.0
19,7,50.0
18,7,50.0
18,7,50.0
18,7,65.91492769581191
17,7,63.93046352700965
17,7,50.0
17,7,50.0
16,7,118.36853506321324
16,7,50.0
16,7,50.0
16,6,130.33720965400587
16,6,108.00696626593607
16,6,473.71655046711965
16,5,102.2877931440075
16,5,50.0
16,5,97.91608537892891
16,4,102.45056040744927
16,4,88.28259967132324
16,4,68.69538941812505
16,5,50.0
16,5,50.0
16,5,50.0
16,4,122.54764967402284
16,4,81.21717798028448
16,4,76.97220484679139
16,3,75.03509083682023
16,3,59.31998250559092
16,3,266.46483099155154
16,2,132.8711399920759
16,2,323.0051749617395
16,2,50.0
16,1,50.0
16,1,117.5167843093627
16,1,103.71100991661544
16,0,92.23740137628322
16,0,50.0
16,0,113.19048813264163
16,-1,50.0
16,-1,50.0
16,-1,50.0
16,-2,88.70477698824645
16,-2,50.0
16,-2,50.0
16,-1,160.78676023660591
16,-1,50.0
16,-1,140.44552049235585
16,-2,56.870667202247404
16,-2,246.94624221710788
16,-2,50.0
16,-3,128.03855873296456
16,-3,50.0
16,-3,252.66313143314147
16,-4,50.0
16,-4,50.0
16,-4,123.21572114510013
16,-3,108.84389742398966
16,-3,118.02035145086553
16,-3,157.6115837256215
16,-4,102.34654321831071
16,-4,50.0
16,-4,50.0
15,-4,75.31881626734636
15,-4,50.0
15,-4,59.955333647056975
15,-3,50.0
15,-3,50.0
15,-3,50.0
15,-4,138.90238090079563
15,-4,50.0
15,-4,76.63897718355202
15,-3,110.33391541491007
15,-3,333.7311873937832
15,-3,100.69413179891359
15,-2,120.86078747494703
15,-2,50.0
15,-2,50.0
14,-2,50.0
14,-2,92.32202955357377
14,-2,151.01922108238915
14,-3,67.63793577558066
14,-3,94.25914911036756
14,-3,191.22234351520686
13,-3,194.07858111370572
13,-3,78.08807851186278
13,-3,210.03974588160048
13,-2,152.41675184078065
13,-2,139.4853481301297
13,-2,50.0
12,-2,216.623584028397
12,-2,332.8498851903722
12,-2,223.1480765868433
12,-1,50.0
12,-1,114.01290075151911
12,-1,50.0
11,-1,188.2923168560997
11,-1,163.84424551847604
11,-1,113.32796625855055
11,0,279.22318351209134
11,0,163.28235623526587
11,0,123.67716288573835
10,0,218.3092295820528
10,0,135.60604825173093
10,0,310.7672446033561
10,1,50.0
10,1,301.49508666633767
10,1,161.28779431861753
11,1,50.0
11,1,50.0
11,1,53.515728480127066
10,1,260.0893308172554
10,1,293.63140256203457
10,1,281.0901147575903
9,1,253.5938115730466
9,1,146.9214985240496
9,1,432.46598871331327
8,1,243.59690153949998
8,1,187.17771156166208
8,1,50.0
8,2,325.28352634818395
8,2,333.4356007014095
