-19,-8,429.57923460491855
-19,-9,100.0
-19,-9,100.0
-18,-9,100.0
-18,-9,345.988595896413
-17,-9,100.0
-17,-9,285.9358183699627
-17,-10,215.29140756427637
-17,-10,100.0
-16,-10,201.0904419196384
-16,-10,209.87472081500445
-17,-10,100.0
-17,-10,100.0
-16,-10,100.0
-16,-10,602.5935514874959
-16,-11,231.994163603822
-16,-11,100.0
-15,-11,403.66577128942765
-15,-11,378.7214493310337
-14,-11,100.0
-14,-11,100.0
-13,-11,607.2860158961398
-13,-11,100.0
-12,-11,431.61880641096
-12,-11,465.9520415700278
-11,-11,253.16260264553793
-11,-11,367.4991101508799
-10,-11,431.6931640803841
-10,-11,216.62960319361812
-11,-11,100.0
-11,-11,108.94872077664073
-10,-11,193.06088989611104
-10,-11,417.76491161530123
-9,-11,447.19470413702913
-9,-11,189.21253957494395
-10,-11,329.1449432417089
-10,-11,196.04952356532834
-9,-11,432.56306462386544
-9,-11,100.0
-10,-11,100.0
-10,-11,526.696051323372
-9,-11,100.0
-9,-11,106.24311742522605
-8,-11,207.75871087625376
-8,-11,100.0
-7,-11,100.0
-7,-11,100.0
-6,-11,430.36409119385917
-6,-11,100.0
-5,-11,489.4947757913725
-5,-11,731.3537007516055
-6,-11,100.0
-6,-11,243.41096039417087
-5,-11,260.3902453396903
-5,-11,209.31890692992252
-4,-11,573.7949700156651
-4,-11,358.0330996035636
-4,-10,100.0
-4,-10,291.70797453691443
-4,-11,100.0
-4,-11,155.5290670791918
-4,-12,191.95358254316537
-4,-12,100.06708335735726
-3,-12,445.27229914524105
-3,-12,264.6134452298779
-2,-12,268.46459450381616
-2,-12,216.14847423940694
-1,-12,529.0185011264518
-1,-12,149.43925999922473
-2,-12,259.24961624643026
-2,-12,239.74087040202792
-1,-12,266.537292383925
-1,-12,178.52886505693488
-2,-12,551.7131040333566
-2,-12,211.01000352432195
-1,-12,675.6081084277812
-1,-12,614.4024574527422
0,-12,419.0886405167963
0,-12,299.33331595532377
0,-13,188.8187558439673
0,-13,466.1626964750902
0,-14,616.208915650763
0,-14,424.04386728164053
0,-15,397.3276000633101
0,-15,887.1226211219423
1,-15,656.9429221452788
1,-15,216.68916727179524
1,-16,514.9615468262596
1,-16,207.13916559287838
1,-17,254.26994737316363
1,-17,642.6599922924142
1,-18,610.2983800077967
1,-18,100.0
1,-17,100.0
1,-17,192.26791755074169
2,-17,144.97929134960998
2,-17,226.55283408934002
3,-17,100.0
3,-17,487.3728613198019
4,-17,541.6675934082252
4,-17,172.82372743184158
4,-18,444.39371866070337
4,-18,109.96703483120827
4,-19,100.0
4,-19,193.29708029632218
4,-20,288.9330026554094
4,-20,100.0
4,-19,100.0
4,-19,100.0
3,-19,100.0
3,-19,245.06517912260065
3,-18,100.0
3,-18,100.0
3,-17,132.60450178022535
3,-17,100.0
3,-16,100.0
3,-16,569.1996828546373
3,-15,351.3398168051555
3,-15,130.48217835719151
3,-14,100.0
3,-14,463.015136170619
3,-13,100.0
3,-13,100.0
2,-13,100.0
2,-13,146.98927954516267
2,-12,294.63897017278157
2,-12,355.5940247468365
2,-11,421.15614867947124
2,-11,248.9861209482393
2,-10,167.5539679426842
2,-10,121.91363659791435
1,-10,599.0919363566015
1,-10,354.0253642040408
1,-9,100.0
1,-9,227.97270919405412
0,-9,302.8511357777509
0,-9,247.6879681087965
1,-9,451.13969424860505
1,-9,367.1700978481174
0,-9,136.3309740555668
0,-9,496.74177430798954
0,-8,379.9888502511212
0,-8,268.5993100815339
0,-7,280.06504514440024
0,-7,634.8579135130642
-1,-7,375.72540874284863
-1,-7,234.46823124410503
-1,-6,145.12453534418933
-1,-6,659.5583201019383
-1,-5,233.03119892364768
-1,-5,745.7396565521135
-1,-4,725.6984437860139
-1,-4,718.4917228287468
-1,-3,939.0168510945812
-1,-3,579.8209364369113
-1,-2,457.13332245375943
-1,-2,482.9430225532954
-1,-3,563.771399484363
-1,-3,438.89664322932254
-2,-3,1000.2587545427087
-2,-3,423.46699856565044
-2,-2,492.0042546539644
-2,-2,1221.9121241629578
-2,-1,157.7475945809606
-2,-1,508.7901863972376
-2,0,765.7737658299832
-2,0,237.7331615306964
-2,1,671.4975539632968
-2,1,764.146940458529
-2,2,604.6634583344305
-2,2,318.3352986179516
-2,3,603.8854783851455
-2,3,781.9502403915619
-2,4,558.2129473508044
-2,4,681.5658188655917
-3,4,988.6408529218767
-3,4,250.74996117846456
-3,5,197.80479266340296
-3,5,255.70424713717566
-3,6,416.80101940311084
-3,6,225.6049132471269
-3,7,412.8318492353229
-3,7,234.56124861195158
-4,7,680.9747570276593
-4,7,100.0
-5,7,842.1029712651418
-5,7,371.27635283933074
-6,7,177.4080942394163
-6,7,313.39876660343066
-7,7,541.754935760634
-7,7,802.0495659829444
-7,8,125.89080457412642
-7,8,170.05539539452275
-7,9,176.31803260156846
-7,9,423.9006159525162
-8,9,667.7773938256397
-8,9,402.4089749425898
-9,9,800.4477911848273
-9,9,437.7479342058446
-9,10,100.0
-9,10,156.63205606954622
-9,9,100.0
-9,9,100.0
-10,9,290.1999235258953
-10,9,233.2656880263049
-10,10,554.8700230946765
-10,10,100.0
-10,11,217.6453316805896
-10,11,126.99432841967496
-11,11,100.0
-11,11,423.7810974945231
-11,12,148.35293069251597
-11,12,285.76784154089745
-11,13,100.0
-11,13,100.0
-11,14,114.09487759617237
-11,14,107.7377030328423
-11,15,401.8205309668303
-11,15,885.6159850838361
-11,16,100.0
-11,16,100.0
-12,16,256.2500766227262
-12,16,397.31827596894277
-12,15,118.24861983783823
-12,15,100.0
-12,16,990.125047705
-12,16,214.5042327411754
-12,17,100.0
-12,17,179.29489154459526
-12,18,132.72805606528095
-12,18,100.0
-12,19,496.2303343798824
-12,19,890.4289144262525
-12,20,112.80447079574567
-12,20,100.0
-11,20,100.0
-11,20,100.0
-10,20,100.0
-10,20,100.0
-9,20,100.0
-9,20,189.13164608564125
-10,20,192.11701794900247
-10,20,100.0
-9,20,100.0
-9,20,330.45508863932014
-8,20,100.0
-8,20,100.0
-7,20,100.0
-7,20,660.3094538458722
-7,19,100.0
-7,19,123.39461981523081
-6,19,100.0
-6,19,196.09920830943832
-6,18,410.6269186022919
-6,18,104.99286324805138
-6,17,240.9213923369263
-6,17,100.0
-7,17,100.0
-7,17,275.8587781106595
-6,17,100.0
-6,17,100.0
-5,17,169.7691179674589
-5,17,1163.9439913867557
-4,17,251.25845653615184
-4,17,100.0
-4,18,100.0
-4,18,166.36470456983824
-4,17,240.66918560029424
-4,17,679.7125275345843
-4,18,100.0
-4,18,474.1265883732869
-4,17,770.2198944535227
-4,17,100.0
-3,17,130.52304968992854
-3,17,100.0
-2,17,100.0
-2,17,100.0
-1,17,719.7540922114403
-1,17,305.9350606949547
-1,16,138.5914229411844
-1,16,342.2574375815985
-1,15,983.4756080351767
-1,15,141.92972508800017
-1,14,133.69696990164584
-1,14,100.0
-1,13,102.55458000875187
-1,13,113.64669521116181
-1,12,680.5939704656191
-1,12,710.7470894427249
0,12,336.2586056455049
0,12,183.88287104540757
0,13,515.1623548488908
0,13,285.76230107852837
0,14,163.75995645564046
0,14,287.60813053139117
-1,14,623.2290587029474
-1,14,365.9702347813619
-1,15,100.0
-1,15,100.0
0,15,100.0
0,15,715.0791383381172
-1,15,349.2815874811596
-1,15,753.5530115385177
-2,15,100.0
-2,15,100.0
-1,15,100.0
-1,15,392.0772880735745
-1,16,100.0
-1,16,100.0
-2,16,100.0
-2,16,193.85874537730166
-3,16,100.0
-3,16,100.0
-4,16,141.07278344835453
-4,16,100.0
-4,15,100.0
-4,15,129.33963175602096
-5,15,131.21988933310809
-5,15,607.5658762620112
-6,15,100.0
-6,15,242.58806318087142
-7,15,100.0
-7,15,138.5120480429461
-7,14,323.9175924370878
-7,14,178.20541898618697
-7,15,100.0
-7,15,411.37834951417904
-8,15,100.0
-8,15,100.0
-8,14,403.33351236087617
-8,14,100.0
-8,13,100.0
-8,13,100.0
-8,12,312.9080302187855
-8,12,328.6429590009117
-8,11,414.38095052986483
-8,11,137.5018748117093
-8,10,263.4508451329221
-8,10,317.05992175004906
-8,9,193.78637812216118
-8,9,123.0773110870518
-8,8,261.1681622298401
-8,8,528.208490091833
-9,8,150.66788165400425
-9,8,855.829234523803
-10,8,100.0
-10,8,181.80042545034564
-11,8,366.3266858998596
-11,8,369.5559015281816
-11,9,551.4744058675544
-11,9,146.9087625516168
-11,8,100.0
-11,8,100.0
-11,9,193.01082143108752
-11,9,281.88311580445577
-11,8,213.60503229070693
-11,8,100.0
-10,8,458.5988026469506
-10,8,470.441766309313
-10,9,172.5657204814396
-10,9,284.8013912462309
-10,8,752.383233764568
-10,8,462.74487308386847
-10,9,500.36619219408277
-10,9,240.65266181711416
-11,9,376.3320248850862
-11,9,100.0
-11,8,484.3025994543642
-11,8,100.0
-10,8,374.20420004667125
-10,8,724.5269832987844
-11,8,100.0
-11,8,399.6207423021658
-12,8,248.15036345176415
-12,8,294.564712812832
-13,8,306.8174010646586
-13,8,287.5945759968723
-14,8,100.0
-14,8,143.9343670537668
-15,8,100.0
-15,8,256.02146349757606
-15,7,449.15225030664544
-15,7,100.0
-14,7,182.36617469760785
-14,7,162.37991272381413
-14,6,468.26843701476616
-14,6,372.71433633531933
-14,5,279.03517286681887
-14,5,102.45632866030542
-15,5,176.47307646134738
-15,5,156.09670740304995
-15,4,558.3348021027032
-15,4,378.2780118821608
-14,4,100.0
-14,4,440.9153922212595
-13,4,100.0
-13,4,286.38771552467347
-12,4,317.60978845508146
-12,4,100.0
-13,4,158.15559723228273
-13,4,212.53612249987543
-14,4,100.0
-14,4,100.0
-14,5,546.7605544836764
-14,5,205.21570909339417
-15,5,176.7010454712865
-15,5,256.82144828834
-15,4,115.11059896259678
-15,4,312.6528918721566
-15,3,321.6303979021609
-15,3,709.6006419830528
-15,4,353.1049346417709
-15,4,890.2334316828092
-15,3,625.1144090829087
-15,3,947.5159721892694
-16,3,194.6733771377684
-16,3,487.38297397354086
-16,2,359.0554911481233
-16,2,499.9992512899771
-16,1,100.0
-16,1,100.0
-17,1,179.0248416508166
-17,1,215.81392795389547
-17,0,127.85803501219584
-17,0,216.92692442408924
-17,-1,124.27528814547517
-17,-1,100.0
-17,-2,200.33204567246122
-17,-2,212.41545614756808
-17,-3,405.0260118345901
-17,-3,271.05017149389164
-18,-3,328.00109252839576
-18,-3,100.0
-19,-3,123.58635711280247
-19,-3,100.0
-20,-3,266.987970902397
-20,-3,211.6611939511926
-20,-4,100.0
-20,-4,299.2312429830307
-20,-3,100.0
-20,-3,301.04195573149025
-19,-3,174.32531117793903
-19,-3,100.0
-18,-3,425.7906853844777
-18,-3,174.1632727688309
-17,-3,669.4616468320191
-17,-3,500.61702447373875
-16,-3,589.7690408228611
-16,-3,153.6229359549461
-15,-3,510.9832795879989
-15,-3,100.0
-14,-3,100.0
-14,-3,252.62164051328125
-13,-3,100.0
-13,-3,227.1282821701892
-12,-3,617.8634106489192
-12,-3,100.0
-13,-3,100.0
-13,-3,100.0
-12,-3,392.4580440447965
-12,-3,191.87762036884266
-13,-3,101.42983400786326
-13,-3,100.0
-12,-3,143.00889455048332
-12,-3,565.4226656578878
-11,-3,153.45230236182053
-11,-3,100.0
-10,-3,621.7670007012724
-10,-3,132.20868012518315
-9,-3,219.63002497407936
-9,-3,140.0025456670755
-8,-3,100.0
-8,-3,136.27566915941136
-7,-3,364.086081798024
-7,-3,1121.2342394948541
-6,-3,458.7683213515123
-6,-3,443.31419938269187
-6,-2,122.91606657389718
-6,-2,322.4650257587583
-5,-2,425.1661616848613
-5,-2,645.5778375219438
-4,-2,560.8497078675024
-4,-2,292.5193365591913
-4,-1,1092.8803299617289
-4,-1,967.2720734941249
-3,-1,100.0
-3,-1,447.53729712808985
-3,0,340.6489968949343
-3,0,536.8822147557884
-2,0,800.3391799694946
-2,0,661.3572300316714
-1,0,235.88201467596224
-1,0,503.94656285765194
0,0,406.07800943168974
0,0,1267.5977227321225
1,0,803.7664323840189
1,0,1239.9902307793127
2,0,369.7049812888256
2,0,483.37059735077196
1,0,721.109107536742
