-19,-8,50.0
-19,-8,102.97052396888053
-19,-9,50.0
-19,-9,50.0
-19,-9,71.08568845019448
-18,-9,50.0
-18,-9,50.0
-18,-9,82.72583884051954
-17,-9,205.71528408262748
-17,-9,114.1179332496105
-17,-9,50.0
-17,-10,147.46549486220746
-17,-10,235.3517713623748
-17,-10,50.0
-16,-10,50.0
-16,-10,71.43578553099184
-16,-10,50.0
-17,-10,50.0
-17,-10,50.0
-17,-10,132.00351370153317
-16,-10,83.03744598246973
-16,-10,56.301634860015426
-16,-10,50.0
-16,-11,50.0
-16,-11,369.2697691558414
-16,-11,124.56537154969048
-15,-11,86.70085257887146
-15,-11,150.9702518264006
-15,-11,50.0
-14,-11,50.0
-14,-11,50.0
-14,-11,50.0
-13,-11,50.0
-13,-11,87.00551080799713
-13,-11,185.10471381558423
-12,-11,50.0
-12,-11,50.0
-12,-11,146.41998946296798
-11,-11,95.29812995479364
-11,-11,50.0
-11,-11,50.0
-10,-11,92.89494074188579
-10,-11,50.0
-10,-11,77.01165384994789
-11,-11,50.0
-11,-11,96.4876804603148
-11,-11,120.1167676161439
-10,-11,284.63987925140214
-10,-11,50.0
-10,-11,50.0
-9,-11,93.50846864726859
-9,-11,194.6844385096938
-9,-11,135.80111005941126
-10,-11,107.57521732305142
-10,-11,75.37744896640682
-10,-11,117.84381114770389
-9,-11,89.90029925030227
-9,-11,163.1742079983395
-9,-11,144.55696792359595
-10,-11,79.86678426484781
-10,-11,50.0
-10,-11,168.0955538935575
-9,-11,175.73468259254707
-9,-11,129.65013577710468
-9,-11,66.47890353242968
-8,-11,185.06249496297178
-8,-11,50.0
-8,-11,192.39960459162648
-7,-11,131.00622060295038
-7,-11,369.6648732896573
-7,-11,154.70503527331152
-6,-11,148.8949566485993
-6,-11,87.57516511078781
-6,-11,273.1560343642066
-5,-11,132.92233522167183
-5,-11,565.1623803875102
-5,-11,67.87504756897766
-6,-11,186.80151655098996
-6,-11,134.230535098634
-6,-11,50.0
-5,-11,50.0
-5,-11,160.37405817526945
-5,-11,93.91843465070114
-4,-11,72.29374327854818
-4,-11,141.61860042401364
-4,-11,134.26814716415475
-4,-10,85.4909665346765
-4,-10,174.53336556526466
-4,-10,125.0003177628969
-4,-11,50.0
-4,-11,52.42853745822257
-4,-11,157.71171435215103
-4,-12,272.3794818954056
-4,-12,156.20378192936784
-4,-12,50.0
-3,-12,50.0
-3,-12,173.6187862697718
-3,-12,106.70834318795418
-2,-12,50.0
-2,-12,50.0
-2,-12,51.356127324692515
-1,-12,370.0478782169389
-1,-12,94.92163674928733
-1,-12,329.2840870435644
-2,-12,118.15017937948461
-2,-12,163.5954295483961
-2,-12,50.0
-1,-12,201.44866318085496
-1,-12,50.0
-1,-12,50.0
-2,-12,59.276231763346175
-2,-12,50.0
-2,-12,50.0
-1,-12,50.0
-1,-12,50.0
-1,-12,181.8325829341157
0,-12,154.95349673951978
0,-12,338.5924547437141
0,-12,95.6174220682178
0,-13,50.0
0,-13,228.46941651647396
0,-13,67.17977712306795
0,-14,209.32683265855002
0,-14,55.93229510113775
0,-14,155.23409272468228
0,-15,50.0
0,-15,70.97377433410415
0,-15,57.87329838374923
1,-15,104.3404947273236
1,-15,50.0
1,-15,60.62969355349818
1,-16,50.0
1,-16,50.0
1,-16,61.288995732179565
1,-17,50.0
1,-17,50.0
1,-17,68.97793668587326
1,-18,50.0
1,-18,140.61709238546698
1,-18,93.7617602536745
1,-17,68.02540495594256
1,-17,50.0
1,-17,195.3690219266458
2,-17,350.9523566593549
2,-17,50.0
2,-17,74.96599424687743
3,-17,151.3656177082908
3,-17,50.0
3,-17,50.0
4,-17,72.88374358054475
4,-17,50.0
4,-17,50.0
4,-18,50.0
4,-18,50.0
4,-18,50.0
4,-19,195.53042400910022
4,-19,72.61403296638125
4,-19,85.30478011069121
4,-20,50.0
4,-20,50.0
4,-20,50.0
4,-19,187.90109754348694
4,-19,50.0
4,-19,50.0
3,-19,50.0
3,-19,50.0
3,-19,50.0
3,-18,204.6317831992237
3,-18,78.6923235870586
3,-18,50.0
3,-17,67.00053140615611
3,-17,50.0
3,-17,50.0
3,-16,74.76445246855195
3,-16,115.19645860036769
3,-16,55.50124265438065
3,-15,154.42645958444766
3,-15,50.0
3,-15,176.4975596357708
3,-14,50.0
3,-14,111.87028544269327
3,-14,96.59582824478923
3,-13,71.12225020546919
3,-13,95.60211179262183
3,-13,51.76730373672674
2,-13,84.18504148305641
2,-13,204.2100709928533
2,-13,84.89613896987356
2,-12,180.5141834827729
2,-12,50.0
2,-12,50.0
2,-11,199.32635276355603
2,-11,50.0
2,-11,50.0
2,-10,176.43342537481848
2,-10,50.0
2,-10,117.40681589426895
1,-10,82.19584881940487
1,-10,95.14493066471695
1,-10,150.5781734103782
1,-9,120.52017610861884
1,-9,50.0
1,-9,148.91385877889533
0,-9,85.8137908133213
0,-9,282.8445149246935
0,-9,54.38552815552703
1,-9,164.08228109463684
1,-9,245.9874046765093
1,-9,210.45911936563223
0,-9,268.0477298978923
0,-9,50.0
0,-9,150.59950365216272
0,-8,50.0
0,-8,50.0
0,-8,132.57143507227508
0,-7,50.0
0,-7,143.62364170417982
0,-7,222.01045300953922
-1,-7,175.04555635874954
-1,-7,147.1232592335676
-1,-7,70.14457596112834
-1,-6,167.34415513634383
-1,-6,142.4662119504636
-1,-6,161.7767648882845
-1,-5,505.63768916661274
-1,-5,138.0253982763011
-1,-5,167.13059803976464
-1,-4,215.36363708426157
-1,-4,238.1628069989353
-1,-4,431.5228919533049
-1,-3,290.44348803829416
-1,-3,253.34330602530585
-1,-3,551.6081707271575
-1,-2,266.02059631939215
-1,-2,269.2115707066027
-1,-2,175.2942596710327
-1,-3,103.98430764587687
-1,-3,134.63100632770303
-1,-3,197.74227135321706
-2,-3,228.89655738631174
-2,-3,345.0738943256992
-2,-3,302.29108512215385
-2,-2,387.9015045616476
-2,-2,329.2636468863569
-2,-2,252.68226464845847
-2,-1,239.35279274272852
-2,-1,157.04076507057033
-2,-1,300.99510840018837
-2,0,231.28822404486206
-2,0,186.12830516664968
-2,0,272.88958730013394
-2,1,315.46516116778076
-2,1,110.53528093139786
-2,1,295.24595031337805
-2,2,135.19555271095567
-2,2,305.027283905793
-2,2,331.83942105865145
-2,3,217.4372939363139
-2,3,258.9634942343603
-2,3,327.78360237897266
-2,4,244.93229816638643
-2,4,289.99579475202853
-2,4,184.21432882879512
-3,4,239.4827795417167
-3,4,60.8172816613956
-3,4,268.3261584188846
-3,5,349.2202339235353
-3,5,409.34747921463673
-3,5,202.5828205723119
-3,6,69.90284869261743
-3,6,376.0955392312068
-3,6,343.7978286179568
-3,7,145.62658994844253
-3,7,101.00856505550998
-3,7,82.73512213587071
-4,7,157.64290103249434
-4,7,259.6007684441197
-4,7,340.98550052138603
-5,7,220.58386352663672
-5,7,199.75361771848188
-5,7,88.16375405033111
-6,7,268.0109432997855
-6,7,205.8940605004049
-6,7,353.364479677207
-7,7,324.1657292196378
-7,7,216.88384308986218
-7,7,75.9486494098143
-7,8,262.28001417683106
-7,8,50.0
-7,8,50.0
-7,9,429.0262755011753
-7,9,72.49354049259762
-7,9,176.25258436704976
-8,9,306.89489856228977
-8,9,395.14407756208993
-8,9,170.15555533040745
-9,9,167.16661271548685
-9,9,210.32118951652058
-9,9,114.7545392932496
-9,10,150.14200255546697
-9,10,50.0
-9,10,50.0
-9,9,90.69841487575437
-9,9,70.47215137441196
-9,9,230.71558988648252
-10,9,115.52790711621086
-10,9,100.46557572660555
-10,9,50.0
-10,10,50.0
-10,10,139.6923597476915
-10,10,137.56601918139745
-10,11,141.380461852452
-10,11,56.31046177130315
-10,11,235.98025349693648
-11,11,166.4817319886594
-11,11,123.4828804605277
-11,11,128.51575966362623
-11,12,182.53710916018403
-11,12,98.74276908082088
-11,12,50.0
-11,13,50.0
-11,13,149.84305924268168
-11,13,50.0
-11,14,50.0
-11,14,50.0
-11,14,130.96197559548253
-11,15,50.0
-11,15,50.0
-11,15,50.0
-11,16,50.0
-11,16,90.93099385569985
-11,16,50.0
-12,16,50.0
-12,16,50.0
-12,16,122.1823578571874
-12,15,50.0
-12,15,268.7703094682176
-12,15,92.36076190847356
-12,16,50.0
-12,16,50.0
-12,16,50.0
-12,17,50.0
-12,17,50.0
-12,17,106.66305750748768
-12,18,72.24169085830215
-12,18,129.80603071110926
-12,18,50.0
-12,19,50.0
-12,19,50.0
-12,19,50.0
-12,20,50.0
-12,20,50.0
-12,20,50.0
-11,20,81.49056837991402
-11,20,50.0
-11,20,50.0
-10,20,50.0
-10,20,50.0
-10,20,50.0
-9,20,50.0
-9,20,64.63090750778701
-9,20,259.9161201232549
-10,20,50.0
-10,20,127.65945725580528
-10,20,50.0
-9,20,50.0
-9,20,50.0
-9,20,108.98581618175594
-8,20,50.0
-8,20,50.0
-8,20,50.0
-7,20,291.36658290824295
-7,20,50.0
-7,20,83.24612744118747
-7,19,50.0
-7,19,73.47065889367374
-7,19,50.0
-6,19,50.0
-6,19,50.0
-6,19,50.0
-6,18,63.329737623657394
-6,18,151.64109482351915
-6,18,92.7750131571408
-6,17,50.0
-6,17,50.0
-6,17,142.4035665298454
-7,17,52.019130467434394
-7,17,112.74362568648743
-7,17,50.0
-6,17,50.0
-6,17,128.9764955006296
-6,17,64.71667380998295
-5,17,60.69598822847928
-5,17,50.0
-5,17,286.67775502830165
-4,17,50.0
-4,17,67.41996993200279
-4,17,50.0
-4,18,138.31309107785958
-4,18,50.0
-4,18,71.63779683546969
-4,17,50.0
-4,17,50.0
-4,17,50.0
-4,18,69.48468379237869
-4,18,142.5354651241068
-4,18,50.0
-4,17,50.0
-4,17,50.0
-4,17,50.0
-3,17,50.0
-3,17,63.559639349633926
-3,17,53.75617208862346
-2,17,50.0
-2,17,72.63167133117815
-2,17,50.0
-1,17,50.0
-1,17,272.7470215893774
-1,17,159.96405532870295
-1,16,73.59791408913506
-1,16,297.2143673105544
-1,16,50.0
-1,15,50.0
-1,15,352.4976862352736
-1,15,204.96370732067453
-1,14,134.03297765118398
-1,14,106.9614487982756
-1,14,50.0
-1,13,182.60059671743758
-1,13,50.0
-1,13,119.50414472710094
-1,12,150.64170938847985
-1,12,72.2045652840092
-1,12,180.3780812726281
0,12,50.0
0,12,153.21993423170863
0,12,157.83881367171415
0,13,116.5903054038977
0,13,93.9300259682322
0,13,231.0094629965997
0,14,50.0
0,14,50.0
0,14,94.12318332519456
-1,14,106.94447812108267
-1,14,52.74492714433829
-1,14,101.90043261660642
-1,15,50.0
-1,15,50.0
-1,15,78.95048195180789
0,15,100.08199480451371
0,15,125.0716964025862
0,15,50.0
-1,15,57.683269631685135
-1,15,53.14516326376593
-1,15,153.85654172202288
-2,15,253.92090106455237
-2,15,192.1857489550093
-2,15,258.1733507218286
-1,15,230.4244955139659
-1,15,195.33931552239477
-1,15,109.36148647342961
-1,16,135.69533501731695
-1,16,222.7982290682406
-1,16,198.01093801186295
-2,16,50.0
-2,16,67.82260625231523
-2,16,81.73554780317147
-3,16,134.47662977905813
-3,16,72.08053241730357
-3,16,63.33056450555081
-4,16,106.27043031822014
-4,16,50.0
-4,16,50.0
-4,15,237.85901277090528
-4,15,50.0
-4,15,61.479173433450214
-5,15,50.0
-5,15,50.0
-5,15,50.0
-6,15,50.0
-6,15,65.67039252631344
-6,15,69.67879003673454
-7,15,145.99964557133347
-7,15,50.0
-7,15,289.80229782409117
-7,14,50.0
-7,14,108.2966422245517
-7,14,197.13286888350203
-7,15,100.05366197602936
-7,15,50.0
-7,15,50.0
-8,15,50.0
-8,15,50.0
-8,15,209.27161703707432
-8,14,53.44228232882307
-8,14,50.0
-8,14,50.0
-8,13,50.0
-8,13,50.0
-8,13,135.8782952018981
-8,12,81.39011859990121
-8,12,131.48258064233855
-8,12,70.7381369203071
-8,11,102.56825391917896
-8,11,98.97366575069114
-8,11,120.66198604188295
-8,10,210.1342613343072
-8,10,50.0
-8,10,324.84021654102895
-8,9,130.42439818165957
-8,9,50.0
-8,9,63.91564987975482
-8,8,176.32979877798832
-8,8,50.0
-8,8,50.0
-9,8,333.9569565633056
-9,8,196.84628516482042
-9,8,50.0
-10,8,131.4549480143991
-10,8,113.37167203458648
-10,8,50.0
-11,8,50.0
-11,8,124.64175636274719
-11,8,50.0
-11,9,118.76684191091465
-11,9,109.6396675622824
-11,9,125.64462489996103
-11,8,86.17298335191927
-11,8,50.0
-11,8,190.97452132340857
-11,9,50.0
-11,9,123.69009419035143
-11,9,83.06706999387511
-11,8,298.65734057881696
-11,8,320.7939743714695
-11,8,79.19835923438508
-10,8,134.90683343444394
-10,8,208.04919561225455
-10,8,87.73491644543823
-10,9,85.94409914068345
-10,9,406.7139612102076
-10,9,50.0
-10,8,72.38958163822466
-10,8,50.0
-10,8,50.0
-10,9,144.2332655322286
-10,9,128.17435652078345
-10,9,166.87587827513076
-11,9,110.03993659086483
-11,9,335.18731817689104
-11,9,50.0
-11,8,125.47757121313204
-11,8,145.70535611060822
-11,8,50.0
-10,8,283.9233058102946
-10,8,223.43038463929165
-10,8,72.91431708497655
-11,8,216.40304112676205
-11,8,144.28585572410105
-11,8,91.60028691778591
-12,8,61.73737203901668
-12,8,50.0
-12,8,426.2690127148743
-13,8,201.81764072739605
-13,8,159.68419553720855
-13,8,296.46892849539506
-14,8,50.0
-14,8,50.0
-14,8,50.0
-15,8,56.47699099581867
-15,8,50.0
-15,8,50.0
-15,7,50.0
-15,7,293.09574406142724
-15,7,170.51150657577293
-14,7,70.47437506966902
-14,7,50.0
-14,7,92.88675485526993
-14,6,67.93920095205948
-14,6,53.806996815757174
-14,6,302.9413906967559
-14,5,81.21878816858923
-14,5,128.07240882873688
-14,5,50.0
-15,5,117.00909541620447
-15,5,50.0
-15,5,114.84541316913953
-15,4,50.0
-15,4,111.14342607147987
-15,4,52.37751803545212
-14,4,203.80671395937102
-14,4,50.0
-14,4,50.0
-13,4,72.80233170499326
-13,4,50.0
-13,4,169.94327360949455
-12,4,179.48429772003772
-12,4,133.41264720775783
-12,4,258.3594188108935
-13,4,132.19033882310873
-13,4,142.31842492976386
-13,4,50.0
-14,4,50.980960826342326
-14,4,224.4465779564852
-14,4,116.05646929874091
-14,5,104.52664089271565
-14,5,50.0
-14,5,50.0
-15,5,258.1744101133069
-15,5,220.05941198244415
-15,5,126.213120923724
-15,4,235.5740749153697
-15,4,155.39632921188223
-15,4,166.8139494773887
-15,3,50.0
-15,3,209.08590903446157
-15,3,84.24070056026092
-15,4,50.0
-15,4,82.16696491982322
-15,4,102.03690379650679
-15,3,50.0
-15,3,63.91163749147826
-15,3,50.0
-16,3,50.0
-16,3,50.0
-16,3,50.0
-16,2,50.0
-16,2,50.0
-16,2,127.32285366120966
-16,1,139.64207283616588
-16,1,50.0
-16,1,113.37203486211979
-17,1,50.0
-17,1,160.66381330597352
-17,1,98.09836808713416
-17,0,120.46489625378992
-17,0,50.0
-17,0,50.0
-17,-1,71.07768223342907
-17,-1,323.2166793060185
-17,-1,188.1309415502892
-17,-2,50.0
-17,-2,50.0
-17,-2,50.0
-17,-3,50.0
-17,-3,50.0
-17,-3,144.02665870212007
-18,-3,50.0
-18,-3,50.0
-18,-3,50.0
-19,-3,50.0
-19,-3,66.41591167400617
-19,-3,50.0
-20,-3,50.0
-20,-3,50.0
-20,-3,50.0
-20,-4,50.0
-20,-4,50.0
-20,-4,50.0
-20,-3,50.0
-20,-3,50.0
-20,-3,50.0
-19,-3,88.81075772278534
-19,-3,153.80139824365887
-19,-3,50.0
-18,-3,50.0
-18,-3,70.89467851775314
-18,-3,93.34695233088357
-17,-3,50.0
-17,-3,50.0
-17,-3,50.0
-16,-3,77.69146857410055
-16,-3,50.0
-16,-3,73.16706673998016
-15,-3,50.0
-15,-3,137.47708597106612
-15,-3,87.228356412494
-14,-3,50.0
-14,-3,50.0
-14,-3,50.0
-13,-3,115.72877897615062
-13,-3,108.70131545875226
-13,-3,136.6097174294493
-12,-3,50.0
-12,-3,141.9864655991583
-12,-3,76.80589941619988
-13,-3,200.2393856514658
-13,-3,128.26388367554978
-13,-3,145.46202203924963
-12,-3,170.11046094611487
-12,-3,143.48650313156136
-12,-3,98.67856019044021
-13,-3,50.0
-13,-3,50.0
-13,-3,193.64386485824696
-12,-3,50.0
-12,-3,50.0
-12,-3,122.43281795745223
-11,-3,235.74080831819845
-11,-3,50.0
-11,-3,88.21762492421861
-10,-3,304.71317456552447
-10,-3,215.40411923734968
-10,-3,108.79742821868895
-9,-3,162.22376768336406
-9,-3,141.7007899516804
-9,-3,111.12025598555826
-8,-3,214.4389920773216
-8,-3,50.0
-8,-3,80.9624546315724
-7,-3,234.64690961445075
-7,-3,313.02938586991934
-7,-3,226.43950198432418
-6,-3,126.14742313840475
-6,-3,116.89648062200911
-6,-3,171.75791848431584
-6,-2,308.14621386593655
-6,-2,151.82277663712455
-6,-2,155.2224009398401
-5,-2,205.4949545989247
-5,-2,307.64447735462176
-5,-2,203.232586671645
-4,-2,227.68748897903973
-4,-2,198.1489552895098
-4,-2,156.60866586502323
-4,-1,275.68133645425684
-4,-1,278.96590906594355
-4,-1,292.36796995140514
-3,-1,79.27423371993692
-3,-1,195.2035230713688
-3,-1,207.8156623080453
-3,0,380.7538364993555
-3,0,406.74339929788357
-3,0,247.81872677092394
-2,0,170.63152448503232
-2,0,392.1305987893094
-2,0,665.0323081830786
-1,0,235.06770907263024
-1,0,180.14972861663523
-1,0,173.62067701694264
0,0,333.63172978715437
0,0,310.53235925662295
0,0,223.54702698301475
1,0,400.32104650538645
1,0,326.0236996248562
1,0,233.84068485712527
2,0,254.54736879411197
2,0,285.49012848814846
2,0,235.74051172653378
1,0,315.9291473855163
1,0,138.1094448499492
1,0,348.88943882050626
2,0,92.42118475513564
2,0,187.06452642187043
2,0,50.0
2,1,228.77240205892952
2,1,379.55190240488866
2,1,256.3447548465107
3,1,263.46506471351694
3,1,554.4942092268933
3,1,249.66161314603067
4,1,214.97616799469694
4,1,255.90556540066143
4,1,318.8690419180891
5,1,199.75057729348606
5,1,102.7425998390656
5,1,87.26375069550724
6,1,189.72415491868605
6,1,343.5075330208246
6,1,192.0891654619833
5,1,194.35055785086874
5,1,166.601987186943
5,1,161.0303042355426
6,1,224.6500817092122
6,1,148.19717239500218
6,1,182.79771327089776
7,1,226.94454214160632
7,1,189.38754191042398
7,1,356.1864768219811
8,1,106.28535548547526
8,1,126.70974325496098
8,1,112.02272264836053
9,1,268.11802845730256
9,1,50.45781515898762
9,1,62.091771182123864
10,1,311.90214490332573
10,1,50.0
10,1,166.42666003077966
10,2,114.56951312085104
10,2,99.97626107109645
10,2,287.39985725019335
11,2,50.0
11,2,133.8643169890739
11,2,145.95401625355342
11,3,158.87908550684745
11,3,101.6874683012086
11,3,50.0
12,3,168.63532523958403
12,3,132.5375746777575
12,3,67.50022827334354
13,3,50.0
13,3,143.97577225345253
13,3,50.0
14,3,50.0
14,3,62.32891746556906
14,3,205.85881723835013
14,4,50.0
14,4,50.0
14,4,141.70494495944013
14,3,193.45302913660117
14,3,50.0
14,3,97.46308313309224
14,4,86.7882939609925
14,4,50.0
14,4,134.22862460529456
15,4,94.45439650767327
15,4,107.43694801537447
15,4,144.1985200134751
15,3,50.0
15,3,98.72527360221389
15,3,50.0
15,4,86.42894998954131
15,4,227.1212852784791
15,4,197.25681094977864
15,5,50.0
15,5,148.88269255457533
15,5,50.0
16,5,72.53502446167383
16,5,50.0
16,5,50.0
15,5,50.0
15,5,173.4041081672436
15,5,174.21693504660652
15,6,64.50684331873548
15,6,164.58312281649233
15,6,134.91343616959983
16,6,68.80343551149048
16,6,50.0
16,6,50.0
17,6,50.0
17,6,50.0
17,6,154.4743147835398
18,6,50.0
18,6,50.0
18,6,50.0
18,7,85.8994332129544
18,7,50.0
18,7,50.0
19,7,86.1875754769021
19,7,76.78280135616095
19,7,82.06443867677477
19,8,94.68825982567235
19,8,79.99894882642789
19,8,50.0
20,8,50.0
20,8,84.4775442663593
20,8,141.9701391994311
20,7,50.0
20,7,50.0
20,7,50.0
20,8,50.0
20,8,50.0
20,8,50.0
19,8,50.0
19,8,50.0
19,8,50.0
19,9,138.10161566525514
19,9,50.0
19,9,50.0
19,8,50.0
19,8,50.0
19,8,50.0
19,7,50.0
19,7,50.0
19,7,50.0
19,6,146.83619664982083
19,6,79.05215590045925
19,6,50.0
19,7,50.0
19,7,61.46109810708176
19,7,50.0
18,7,146.71499685329724
18,7,113.89080260235431
18,7,50.0
17,7,50.0
17,7,57.58380260700131
17,7,50.0
16,7,229.0477654155349
16,7,50.0
16,7,88.4645841714295
16,6,50.0
16,6,50.0
16,6,50.0
16,5,179.74282121452643
16,5,126.52938211991801
16,5,50.816621326355786
16,4,55.272145915539056
16,4,70.86185788156253
16,4,141.54206038963605
16,5,50.0
16,5,135.49534452315996
16,5,132.17284780672247
16,4,228.76460093850775
16,4,50.0
16,4,80.3149871762753
16,3,50.0
16,3,67.07249346166303
16,3,89.99244416104156
16,2,61.23520879247256
16,2,277.44527182794025
16,2,50.0
16,1,197.14283838939653
16,1,50.0
16,1,131.42155931413185
16,0,69.89238533890155
16,0,50.0
16,0,109.56817324727106
16,-1,50.0
16,-1,50.0
16,-1,50.0
16,-2,140.48083371014027
16,-2,50.0
16,-2,98.0131341158312
16,-1,100.65003723694403
16,-1,177.43740764006344
16,-1,50.0
16,-2,50.0
16,-2,177.78550203269145
16,-2,50.0
16,-3,93.23476678427008
16,-3,50.0
16,-3,50.0
16,-4,91.04049302202677
16,-4,152.07166445534455
16,-4,50.0
16,-3,168.20794149612698
16,-3,52.97372678328348
16,-3,50.0
16,-4,138.46858828431775
16,-4,135.37654791183851
16,-4,342.1370215382242
15,-4,50.0
15,-4,115.0016833624401
15,-4,135.01270444352582
15,-3,84.25857574354488
15,-3,50.0
15,-3,85.11333313868764
15,-4,209.7736266612202
15,-4,50.0
15,-4,50.0
15,-3,50.0
15,-3,180.74986625927772
15,-3,132.45704579925965
15,-2,313.0032053138023
15,-2,50.0
15,-2,124.63644009113358
14,-2,157.98046304644936
14,-2,63.988123217581105
14,-2,267.162278575459
14,-3,118.66690047873345
14,-3,50.0
14,-3,109.37100597444973
13,-3,101.29052864687475
13,-3,50.0
13,-3,206.75164656216293
13,-2,59.695298369187526
13,-2,57.965010136176524
13,-2,221.90548928858374
12,-2,53.31538013234305
12,-2,152.18991609244932
12,-2,50.0
12,-1,50.0
12,-1,119.701178725223
12,-1,50.0
11,-1,72.17435689770934
11,-1,433.5222784014202
11,-1,326.8368914458925
11,0,83.21499886251019
11,0,94.54541718967823
11,0,211.59996290708213
10,0,225.45506597797066
10,0,50.0
10,0,434.04051223501244
10,1,109.06768006077809
10,1,139.4871913806837
10,1,147.07194073368402
11,1,412.1345711811855
11,1,199.87468260581855
11,1,89.99999615825357
10,1,50.0
10,1,155.26356877218228
10,1,209.16278184801678
9,1,114.97151100237096
9,1,55.798166548433564
9,1,174.77363517170136
8,1,380.3197026661461
8,1,326.2534580846526
8,1,319.09019214721565
8,2,164.29282380381784
8,2,153.90661694714245
