-19,-8,100.0
-19,-9,100.0
-19,-9,100.0
-18,-9,100.0
-18,-9,399.5148606205725
-17,-9,100.0
-17,-9,100.0
-17,-10,100.0
-17,-10,100.0
-16,-10,268.19255577646373
-16,-10,361.5318898183169
-17,-10,100.0
-17,-10,100.0
-16,-10,118.73190026533491
-16,-10,134.5271911304862
-16,-11,100.0
-16,-11,148.08304782400995
-15,-11,157.7368438588453
-15,-11,378.4642443119377
-14,-11,261.3952632566512
-14,-11,100.0
-13,-11,100.0
-13,-11,459.1908798032082
-12,-11,213.4364451488556
-12,-11,102.70830084779202
-11,-11,310.6896913549858
-11,-11,662.9521455399763
-10,-11,322.98444676233646
-10,-11,160.60943696178398
-11,-11,100.0
-11,-11,413.5051062518675
-10,-11,911.9458100849961
-10,-11,217.96773926890967
-9,-11,331.0025720767981
-9,-11,512.43542033193
-10,-11,100.0
-10,-11,100.0
-9,-11,100.0
-9,-11,100.0
-10,-11,532.9323819506014
-10,-11,100.0
-9,-11,100.0
-9,-11,100.0
-8,-11,100.0
-8,-11,176.20771627100848
-7,-11,100.0
-7,-11,191.57997419825298
-6,-11,100.0
-6,-11,135.26405200529115
-5,-11,300.67445143135063
-5,-11,557.1910899380632
-6,-11,221.29419228829013
-6,-11,266.46478702935826
-5,-11,248.49501979579648
-5,-11,263.5868372901572
-4,-11,384.7976085313676
-4,-11,256.7659462294214
-4,-10,100.0
-4,-10,142.01276841767478
-4,-11,617.7402330934231
-4,-11,243.13008546212345
-4,-12,131.0428949463031
-4,-12,100.0
-3,-12,100.0
-3,-12,100.0
-2,-12,100.0
-2,-12,100.0
-1,-12,100.0
-1,-12,579.215638241868
-2,-12,169.65466276806353
-2,-12,106.03053089734647
-1,-12,204.086933680852
-1,-12,282.7826318310057
-2,-12,158.5863801949807
-2,-12,298.5252146737055
-1,-12,186.53944257068875
-1,-12,857.8269635976742
0,-12,150.4169386107729
0,-12,510.101117478099
0,-13,697.0865413757015
0,-13,207.37076251002478
0,-14,570.702722919642
0,-14,281.59261231814577
0,-15,230.30764801546258
0,-15,312.44257891969494
1,-15,100.0
1,-15,134.41110098749508
1,-16,652.0867214170953
1,-16,275.32062629507743
1,-17,223.3008071125384
1,-17,100.0
1,-18,315.0425350406109
1,-18,242.1478879039914
1,-17,100.0
1,-17,221.59446835814367
2,-17,369.6207316606079
2,-17,100.0
3,-17,100.0
3,-17,100.0
4,-17,362.68266857818264
4,-17,310.2199493271464
4,-18,210.0501845599547
4,-18,377.63472086081305
4,-19,244.92467684188736
4,-19,100.0
4,-20,137.08868434346698
4,-20,100.0
4,-19,143.0221271647418
4,-19,100.0
3,-19,102.13494208093874
3,-19,100.0
3,-18,100.0
3,-18,170.22050497419053
3,-17,100.0
3,-17,100.0
3,-16,347.5055431037754
3,-16,376.78827732603895
3,-15,243.90504524721658
3,-15,229.39558815894867
3,-14,100.0
3,-14,101.10998925736362
3,-13,286.47238292699546
3,-13,285.2972337243917
2,-13,946.1309672293178
2,-13,383.15781624870345
2,-12,309.28398002027654
2,-12,184.97064509188584
2,-11,205.12385477584732
2,-11,168.85621473999237
2,-10,188.59420705876502
2,-10,100.0
1,-10,338.7848135470337
1,-10,331.79287359664573
1,-9,211.1340539046909
1,-9,294.13716725486046
0,-9,459.09433668320554
0,-9,178.20626803298404
1,-9,515.5972778370674
1,-9,649.1136199147572
0,-9,517.435650621811
0,-9,104.66051035363037
0,-8,400.56774563304697
0,-8,111.96671926001153
0,-7,741.2061658951993
0,-7,546.9509818456613
-1,-7,504.33208701481846
-1,-7,100.0
-1,-6,694.1606159595924
-1,-6,580.1260305566527
-1,-5,209.69049793998113
-1,-5,583.7067566141162
-1,-4,341.7548108371794
-1,-4,426.421546283695
-1,-3,451.0068752678929
-1,-3,603.0366120438829
-1,-2,292.18109724668477
-1,-2,602.5634671589015
-1,-3,268.99749687668975
-1,-3,675.9056731287739
-2,-3,376.30579846891305
-2,-3,635.6559778558137
-2,-2,320.1062282145712
-2,-2,100.0
-2,-1,720.1968600354752
-2,-1,685.2831557653016
-2,0,355.78910955181556
-2,0,1526.5084533751751
-2,1,492.6407868219605
-2,1,153.8143107544371
-2,2,372.62268755302523
-2,2,284.914938446119
-2,3,1172.4871839064122
-2,3,318.3266035522067
-2,4,314.786007125306
-2,4,243.12596049164438
-3,4,100.0
-3,4,370.0377103862153
-3,5,260.41704038302623
-3,5,336.2198608453518
-3,6,519.5393369070277
-3,6,569.615799073156
-3,7,233.11010997292055
-3,7,295.843221425106
-4,7,162.97395977896406
-4,7,239.80923371564424
-5,7,238.1034439521275
-5,7,168.89739267119575
-6,7,764.6544197395244
-6,7,701.9695006892193
-7,7,363.20653214951216
-7,7,508.48217592650957
-7,8,100.0
-7,8,102.21832212806002
-7,9,558.666309723001
-7,9,200.36363409223216
-8,9,100.0
-8,9,208.7887239310507
-9,9,100.0
-9,9,120.0957571101243
-9,10,556.9826993327168
-9,10,185.9148335306304
-9,9,197.5819628689198
-9,9,278.82339596660825
-10,9,113.28843241027944
-10,9,185.82742074008422
-10,10,639.1924133939234
-10,10,503.02342119154173
-10,11,181.78721046029602
-10,11,194.57301430137153
-11,11,169.8202694747206
-11,11,341.8612890076175
-11,12,231.15873104551915
-11,12,101.52479281604963
-11,13,189.45197148168273
-11,13,392.5521487771899
-11,14,100.0
-11,14,383.55444330188396
-11,15,199.20231372089148
-11,15,100.0
-11,16,310.2337891705785
-11,16,100.0
-12,16,333.6863720844424
-12,16,100.0
-12,15,112.8280197587267
-12,15,189.2302411371908
-12,16,160.7581307265096
-12,16,100.0
-12,17,100.0
-12,17,234.59017700672769
-12,18,100.0
-12,18,100.0
-12,19,100.0
-12,19,100.0
-12,20,100.0
-12,20,100.0
-11,20,100.0
-11,20,100.0
-10,20,100.0
-10,20,100.0
-9,20,100.0
-9,20,100.0
-10,20,100.0
-10,20,260.2442623005894
-9,20,100.0
-9,20,601.0279825791316
-8,20,100.0
-8,20,100.0
-7,20,228.0042349623585
-7,20,628.0938890596005
-7,19,284.9679849915393
-7,19,100.0
-6,19,100.0
-6,19,100.0
-6,18,100.0
-6,18,100.0
-6,17,100.0
-6,17,333.9652343026345
-7,17,293.2847603623736
-7,17,100.0
-6,17,100.0
-6,17,155.5450783400982
-5,17,411.5817692383929
-5,17,100.0
-4,17,199.6539787942453
-4,17,433.6199261860511
-4,18,100.0
-4,18,100.0
-4,17,100.0
-4,17,127.0569494440238
-4,18,100.0
-4,18,610.9132463547703
-4,17,337.259132248464
-4,17,100.0
-3,17,100.0
-3,17,100.0
-2,17,202.32809018704592
-2,17,100.0
-1,17,114.61077629410357
-1,17,216.5025786848272
-1,16,100.0
-1,16,100.0
-1,15,100.0
-1,15,100.0
-1,14,276.38345552470025
-1,14,100.0
-1,13,345.71550928036845
-1,13,483.6306719756972
-1,12,638.2510047659806
-1,12,281.513715903773
0,12,500.437482468453
0,12,649.9853548239314
0,13,878.575389748524
0,13,226.72926054987593
0,14,149.19749981161786
0,14,100.0
-1,14,100.0
-1,14,586.6915717472622
-1,15,989.6312123224292
-1,15,231.64115145186545
0,15,274.5439623764139
0,15,282.50678501776406
-1,15,294.00439435892787
-1,15,100.0
-2,15,180.318142956371
-2,15,100.0
-1,15,497.1127940300355
-1,15,444.7159594871478
-1,16,353.9562050470844
-1,16,262.22168588289344
-2,16,100.0
-2,16,100.0
-3,16,243.82557199871198
-3,16,100.0
-4,16,964.3891808960182
-4,16,126.13688237292203
-4,15,148.64461395600358
-4,15,100.0
-5,15,117.00268127758264
-5,15,100.0
-6,15,767.9169921504404
-6,15,155.8126825000042
-7,15,292.31643927221353
-7,15,191.16875839232634
-7,14,261.5809132586776
-7,14,1118.4594731577959
-7,15,242.93104366401147
-7,15,100.0
-8,15,529.3353693352433
-8,15,267.5679593423055
-8,14,156.30884072174746
-8,14,100.0
-8,13,215.34526473318516
-8,13,100.0
-8,12,240.14879306221388
-8,12,100.0
-8,11,275.06220091435887
-8,11,200.95649271679133
-8,10,100.0
-8,10,499.23460034308107
-8,9,505.3339015708849
-8,9,291.7032630405872
-8,8,100.0
-8,8,248.72021813612767
-9,8,356.12553540650254
-9,8,322.7186207896208
-10,8,352.2156899256282
-10,8,421.22188623075
-11,8,177.96996694008192
-11,8,398.1720239523974
-11,9,300.5938852459657
-11,9,163.70741744559592
-11,8,562.3050853292967
-11,8,195.48742000379576
-11,9,305.15401693119475
-11,9,100.0
-11,8,610.7388628161627
-11,8,354.39114882125733
-10,8,461.620737888609
-10,8,250.72604127701945
-10,9,210.1852492988766
-10,9,100.0
-10,8,100.0
-10,8,100.0
-10,9,100.0
-10,9,370.7773670667475
-11,9,100.0
-11,9,100.0
-11,8,250.41670648241376
-11,8,276.6680566576565
-10,8,276.3864033362064
-10,8,352.9218441014381
-11,8,100.0
-11,8,174.33839625119813
-12,8,251.22580318887617
-12,8,177.55249595516753
-13,8,508.30703712170447
-13,8,535.2130049256394
-14,8,566.1057194011082
-14,8,396.6043927597101
-15,8,100.0
-15,8,382.44636078029276
-15,7,379.13247582498695
-15,7,132.17048034317628
-14,7,378.39964420793126
-14,7,100.0
-14,6,122.57710495726991
-14,6,467.6164905155802
-14,5,958.5514934032793
-14,5,346.54681485152184
-15,5,100.0
-15,5,100.0
-15,4,215.8224836251697
-15,4,278.22666431267953
-14,4,311.11651791967614
-14,4,100.0
-13,4,100.0
-13,4,321.9461950001821
-12,4,246.29420634021173
-12,4,394.25477736815213
-13,4,374.9995588860649
-13,4,237.379092397331
-14,4,278.37848141515644
-14,4,100.0
-14,5,100.0
-14,5,100.0
-15,5,492.465764616922
-15,5,280.95690049590405
-15,4,125.69053522869864
-15,4,523.9207044538252
-15,3,342.18930635204333
-15,3,100.0
-15,4,424.43199104244997
-15,4,861.0239239019313
-15,3,100.0
-15,3,353.24215740725026
-16,3,417.5126882159767
-16,3,224.79856485936557
-16,2,100.0
-16,2,471.7553608314504
-16,1,160.46274020340618
-16,1,137.54798383026065
-17,1,610.5897564544466
-17,1,521.0625949303862
-17,0,236.2556365199568
-17,0,262.1529169921306
-17,-1,276.03554634787673
-17,-1,138.3433407281964
-17,-2,100.0
-17,-2,100.0
-17,-3,162.4362109207512
-17,-3,277.18861443978244
-18,-3,100.0
-18,-3,500.7893440443536
-19,-3,100.0
-19,-3,142.94854591670818
-20,-3,100.0
-20,-3,100.0
-20,-4,100.0
-20,-4,100.0
-20,-3,113.2387004878553
-20,-3,100.0
-19,-3,100.0
-19,-3,100.0
-18,-3,225.45289867044028
-18,-3,266.65067681335506
-17,-3,100.0
-17,-3,118.70160261368697
-16,-3,100.0
-16,-3,332.9445556203607
-15,-3,333.9289864944129
-15,-3,100.0
-14,-3,132.2099761356594
-14,-3,100.0
-13,-3,329.7482867934198
-13,-3,152.702231721967
-12,-3,708.2202893208103
-12,-3,769.8237556374104
-13,-3,100.0
-13,-3,351.22068188550054
-12,-3,219.93397786780534
-12,-3,100.0
-13,-3,240.75220786130106
-13,-3,456.6083332605041
-12,-3,373.00378844578495
-12,-3,165.93964861689955
-11,-3,614.349130551814
-11,-3,324.0399240030704
-10,-3,276.39262828024624
-10,-3,668.7102010188753
-9,-3,330.3213840375106
-9,-3,541.0915876891345
-8,-3,294.95698192064424
-8,-3,1107.0527866416232
-7,-3,588.4333563307923
-7,-3,1291.3567726165243
-6,-3,293.15872741004233
-6,-3,966.027217469863
-6,-2,100.0
-6,-2,364.4915220245521
-5,-2,942.5971917043148
-5,-2,670.3877015475531
-4,-2,517.4580818531382
-4,-2,798.94953001105
-4,-1,654.870618411398
-4,-1,296.46156334721564
-3,-1,980.1704208412986
-3,-1,631.935430139457
-3,0,1344.6399631656686
-3,0,739.5045549040369
-2,0,719.533436537684
-2,0,100.0
-1,0,1308.8587285985645
-1,0,683.1755530426865
0,0,618.2963794472062
0,0,804.9755105454408
1,0,702.5501454316294
1,0,248.33587886368593
2,0,625.6130065867904
2,0,882.1345201030423
1,0,977.9238183217612
