-19,-8,50.0
-19,-8,50.0
-19,-9,50.0
-19,-9,98.14732794843482
-19,-9,61.53981669269979
-18,-9,108.2394586418764
-18,-9,50.0
-18,-9,223.83304066680938
-17,-9,88.87950257043234
-17,-9,50.0
-17,-9,50.0
-17,-10,150.86743622646665
-17,-10,50.0
-17,-10,50.0
-16,-10,50.0
-16,-10,50.0
-16,-10,91.69024427818249
-17,-10,50.0
-17,-10,50.0
-17,-10,233.913886763497
-16,-10,50.0
-16,-10,164.59357703193183
-16,-10,50.0
-16,-11,50.0
-16,-11,50.0
-16,-11,60.62172590703909
-15,-11,50.0
-15,-11,50.0
-15,-11,50.0
-14,-11,50.0
-14,-11,265.8605582201851
-14,-11,50.0
-13,-11,64.64320978667443
-13,-11,162.66339944632924
-13,-11,50.0
-12,-11,50.0
-12,-11,214.3771234136912
-12,-11,169.53831442001837
-11,-11,156.37451263946286
-11,-11,50.0
-11,-11,88.14429946471724
-10,-11,50.0
-10,-11,126.49537012507335
-10,-11,235.42214275623948
-11,-11,172.53546955796708
-11,-11,96.02090988471255
-11,-11,50.0
-10,-11,132.33789597111434
-10,-11,50.0
-10,-11,77.38440589269035
-9,-11,146.35436224616382
-9,-11,79.44309435710883
-9,-11,50.0
-10,-11,170.52426183335945
-10,-11,131.14579424126538
-10,-11,134.95931594455107
-9,-11,50.0
-9,-11,54.84456745650762
-9,-11,72.28025705798748
-10,-11,50.0
-10,-11,50.6947537506227
-10,-11,281.0225276207552
-9,-11,164.76395200318058
-9,-11,50.0
-9,-11,52.865149277484505
-8,-11,50.0
-8,-11,71.67809388106747
-8,-11,80.77999505189644
-7,-11,50.0
-7,-11,50.599806327948656
-7,-11,50.0
-6,-11,164.69106425947803
-6,-11,50.0
-6,-11,99.87077229339134
-5,-11,71.03412134258232
-5,-11,323.89836148466253
-5,-11,50.0
-6,-11,146.40153832609144
-6,-11,164.58390581904803
-6,-11,148.502475983611
-5,-11,50.0
-5,-11,88.05237536456428
-5,-11,311.1307222656322
-4,-11,77.53252271921598
-4,-11,82.29391758998882
-4,-11,82.23000910040996
-4,-10,131.15540998089926
-4,-10,171.29987356296832
-4,-10,50.0
-4,-11,290.1694408531737
-4,-11,262.83195904830575
-4,-11,227.58257961155428
-4,-12,165.51591811215738
-4,-12,192.14621860772422
-4,-12,50.0
-3,-12,57.08615474225602
-3,-12,50.0
-3,-12,439.9666533051343
-2,-12,167.28976160575507
-2,-12,115.55006188176954
-2,-12,52.27550249294718
-1,-12,110.72774058352033
-1,-12,187.28446048736862
-1,-12,99.81916157808857
-2,-12,95.34683067212109
-2,-12,141.72098258752482
-2,-12,243.6523706102852
-1,-12,254.1261883044941
-1,-12,146.69159948929823
-1,-12,131.87239174559355
-2,-12,50.0
-2,-12,50.0
-2,-12,102.3505169769537
-1,-12,89.40485526928609
-1,-12,118.53469090611259
-1,-12,159.54222807335043
0,-12,135.42122435585262
0,-12,328.5022216734397
0,-12,83.98930930565228
0,-13,97.62207152846472
0,-13,183.76638569354006
0,-13,90.6440342324275
0,-14,50.0
0,-14,50.0
0,-14,149.0312874213193
0,-15,74.38687860533892
0,-15,389.1918584407615
0,-15,52.67295775859566
1,-15,50.0
1,-15,87.04079283063011
1,-15,202.92310146046952
1,-16,50.0
1,-16,414.0995078025066
1,-16,50.0
1,-17,150.79913137115946
1,-17,50.0
1,-17,55.35147175678231
1,-18,50.0
1,-18,50.0
1,-18,94.29916296442518
1,-17,87.72879751125834
1,-17,119.36780000581146
1,-17,50.0
2,-17,251.7199781800881
2,-17,140.85729740933184
2,-17,201.75162213976367
3,-17,50.0
3,-17,50.0
3,-17,64.11531389575721
4,-17,77.32999528835725
4,-17,177.52132459991913
4,-17,50.0
4,-18,107.42087106560335
4,-18,50.0
4,-18,50.0
4,-19,50.0
4,-19,50.0
4,-19,50.0
4,-20,50.0
4,-20,50.0
4,-20,50.0
4,-19,124.9757724439986
4,-19,182.94794835550465
4,-19,161.7617419325028
3,-19,50.0
3,-19,50.0
3,-19,50.0
3,-18,135.14870233354287
3,-18,179.4525409018285
3,-18,135.9713536046908
3,-17,50.0
3,-17,176.0314167718425
3,-17,50.0
3,-16,174.45144776218294
3,-16,50.0
3,-16,50.0
3,-15,51.55177295827765
3,-15,50.0
3,-15,79.72739943803502
3,-14,78.71819372247985
3,-14,50.0
3,-14,80.51282265613027
3,-13,145.1295441476264
3,-13,79.94653825599956
3,-13,50.0
2,-13,100.48876651453122
2,-13,60.73746658268777
2,-13,122.7745548712268
2,-12,195.75131509818408
2,-12,318.6667734353139
2,-12,101.32499079705475
2,-11,198.91468461349473
2,-11,98.92225780603188
2,-11,351.8961623721091
2,-10,65.27412006743015
2,-10,50.0
2,-10,78.7681895294129
1,-10,142.67658965454766
1,-10,199.42928001264585
1,-10,105.71131020677593
1,-9,263.2335940502449
1,-9,50.0
1,-9,50.0
0,-9,265.02003677591904
0,-9,342.7091963692896
0,-9,152.38539502221968
1,-9,278.71316559541503
1,-9,111.89523052441005
1,-9,149.54755232688186
0,-9,50.0
0,-9,160.92713559011332
0,-9,346.9176887904718
0,-8,121.22579367942754
0,-8,90.19389477996621
0,-8,50.0
0,-7,50.02977304298717
0,-7,524.5003628615765
0,-7,249.25597628519213
-1,-7,50.0
-1,-7,76.58536790229891
-1,-7,244.65653849910746
-1,-6,180.79869521648297
-1,-6,114.76082211169819
-1,-6,260.8874858994099
-1,-5,149.34227657401158
-1,-5,95.2099211960483
-1,-5,125.61870970573128
-1,-4,170.31519088592034
-1,-4,236.75746149811016
-1,-4,542.1854135700443
-1,-3,240.39840000554392
-1,-3,433.4855079625231
-1,-3,171.68276767905974
-1,-2,218.10056102372369
-1,-2,345.52710651152796
-1,-2,345.13729522338366
-1,-3,291.3424814345529
-1,-3,326.3354592783603
-1,-3,198.12340530357557
-2,-3,117.62642509840799
-2,-3,246.93790949070916
-2,-3,218.08371371257536
-2,-2,155.6636999983432
-2,-2,208.12657186448916
-2,-2,294.8472039415735
-2,-1,92.29420514521627
-2,-1,401.5648366889046
-2,-1,353.88862091528136
-2,0,218.9131252683266
-2,0,142.62556527787723
-2,0,292.1077505360685
-2,1,166.15751408033768
-2,1,195.54179515576214
-2,1,397.9062872928823
-2,2,462.60412777691363
-2,2,239.5753349914482
-2,2,361.97096148355223
-2,3,208.0654135486231
-2,3,212.42874865282957
-2,3,246.00052149972436
-2,4,219.31019601908756
-2,4,201.7559824669938
-2,4,323.9719342180357
-3,4,249.60428935549788
-3,4,221.94940985507844
-3,4,181.51037357399736
-3,5,99.49930794926672
-3,5,425.56721759679044
-3,5,167.01350502050659
-3,6,229.17808862340394
-3,6,164.94862018225882
-3,6,243.90445116494618
-3,7,230.4118724322907
-3,7,76.5664414659744
-3,7,311.3552775908347
-4,7,163.50772764898576
-4,7,204.85360727554684
-4,7,88.16964410064458
-5,7,210.38606991303647
-5,7,193.52495185185097
-5,7,103.43001386276589
-6,7,50.0
-6,7,153.26040235850024
-6,7,272.3249954531
-7,7,213.41147460815446
-7,7,80.488538272275
-7,7,50.0
-7,8,50.0
-7,8,50.0
-7,8,177.15649758646225
-7,9,57.864863242202816
-7,9,171.70324946195615
-7,9,51.38754817525455
-8,9,208.9037094719878
-8,9,178.01550775899824
-8,9,50.0
-9,9,50.0
-9,9,117.28963526135041
-9,9,50.0
-9,10,50.0
-9,10,171.76925067080344
-9,10,66.641261228096
-9,9,95.9855060212463
-9,9,50.0
-9,9,189.88056849588958
-10,9,157.07062352974424
-10,9,81.8770896616891
-10,9,314.2152691440355
-10,10,59.90857790668352
-10,10,89.89400004946813
-10,10,50.0
-10,11,179.5322784220654
-10,11,103.92770264234449
-10,11,187.4568164629741
-11,11,64.93002144406292
-11,11,50.0
-11,11,142.8908068298741
-11,12,90.32492243477279
-11,12,50.0
-11,12,168.1417244873258
-11,13,50.0
-11,13,50.0
-11,13,129.87212241130035
-11,14,58.46646542746026
-11,14,50.0
-11,14,80.66720747858443
-11,15,50.0
-11,15,50.0
-11,15,183.44784424328512
-11,16,50.0
-11,16,50.0
-11,16,54.58307631284316
-12,16,50.0
-12,16,50.0
-12,16,50.0
-12,15,50.0
-12,15,50.0
-12,15,50.0
-12,16,131.63388244752497
-12,16,50.0
-12,16,50.0
-12,17,50.0
-12,17,50.0
-12,17,50.0
-12,18,93.97459794071906
-12,18,50.0
-12,18,50.0
-12,19,50.0
-12,19,50.0
-12,19,50.0
-12,20,50.0
-12,20,50.0
-12,20,56.399173447016125
-11,20,50.0
-11,20,50.0
-11,20,50.0
-10,20,50.0
-10,20,67.72660738795098
-10,20,50.0
-9,20,50.0
-9,20,50.0
-9,20,50.0
-10,20,104.45180865691822
-10,20,107.68173046341798
-10,20,50.0
-9,20,50.0
-9,20,60.43641334005777
-9,20,50.0
-8,20,50.0
-8,20,50.0
-8,20,50.0
-7,20,50.0
-7,20,50.0
-7,20,50.0
-7,19,73.36737933387577
-7,19,50.0
-7,19,50.0
-6,19,50.0
-6,19,50.0
-6,19,50.0
-6,18,50.0
-6,18,50.0
-6,18,50.0
-6,17,93.34192978362708
-6,17,50.0
-6,17,87.00439979441005
-7,17,108.10017283549277
-7,17,130.95628147825815
-7,17,187.00166436940881
-6,17,61.71923595048178
-6,17,168.34749834474496
-6,17,99.53587844622339
-5,17,88.41423111040372
-5,17,50.0
-5,17,50.0
-4,17,63.79740370309888
-4,17,55.4799446714364
-4,17,107.53492705036743
-4,18,50.0
-4,18,50.0
-4,18,50.0
-4,17,66.20026998247228
-4,17,50.0
-4,17,50.0
-4,18,127.19887428931452
-4,18,50.0
-4,18,117.36281015025925
-4,17,187.40705175034105
-4,17,50.0
-4,17,50.0
-3,17,50.0
-3,17,50.0
-3,17,172.8721316206059
-2,17,57.32463235660052
-2,17,123.40526920921393
-2,17,50.0
-1,17,50.0
-1,17,50.0
-1,17,50.0
-1,16,113.21028780524205
-1,16,118.06340497656527
-1,16,50.0
-1,15,50.0
-1,15,71.51164678692113
-1,15,50.0
-1,14,159.5061081678897
-1,14,195.83409975813282
-1,14,50.0
-1,13,168.59835227652704
-1,13,211.7874744457843
-1,13,62.95090005966543
-1,12,106.54319219078505
-1,12,235.43408064456918
-1,12,138.53296428849814
0,12,109.65128682437216
0,12,180.01556676337103
0,12,133.18101141245492
0,13,50.0
0,13,50.0
0,13,50.0
0,14,50.0
0,14,128.69195668799205
0,14,97.40720378485283
-1,14,132.5896692121081
-1,14,200.50322681275924
-1,14,104.69897265189289
-1,15,50.0
-1,15,53.02517157376038
-1,15,50.0
0,15,51.46392951133147
0,15,265.15502752353757
0,15,50.0
-1,15,50.0
-1,15,71.52553504233998
-1,15,50.0
-2,15,160.81198360277514
-2,15,112.21636320182427
-2,15,50.0
-1,15,100.61641037363646
-1,15,50.0
-1,15,154.02853540348445
-1,16,147.15613639192583
-1,16,131.28505158860145
-1,16,52.636973474638594
-2,16,50.0
-2,16,69.01482521792548
-2,16,112.7830645070129
-3,16,50.0
-3,16,165.60578703941593
-3,16,50.0
-4,16,50.0
-4,16,251.31519718030734
-4,16,135.4195307184665
-4,15,86.46233523144035
-4,15,81.05695471425479
-4,15,154.32830134470078
-5,15,50.0
-5,15,103.9146301911192
-5,15,98.51816823924136
-6,15,53.41933407185623
-6,15,136.0513180536368
-6,15,99.39637767945815
-7,15,62.478626303956446
-7,15,50.0
-7,15,50.0
-7,14,141.5490336247933
-7,14,174.0052460700361
-7,14,76.97475756515108
-7,15,182.3943075784822
-7,15,50.0
-7,15,50.0
-8,15,50.0
-8,15,95.1035328193334
-8,15,102.6141478198827
-8,14,188.2959955008136
-8,14,217.18297387056185
-8,14,50.0
-8,13,53.16427032644559
-8,13,50.0
-8,13,97.45863678760776
-8,12,50.0
-8,12,91.7823357257416
-8,12,104.854494978162
-8,11,134.11051226251817
-8,11,50.0
-8,11,89.08803709713864
-8,10,357.8685635351542
-8,10,50.0
-8,10,152.21128768875357
-8,9,50.0
-8,9,50.0
-8,9,50.0
-8,8,68.45386951397975
-8,8,50.0
-8,8,398.1251155795935
-9,8,167.7334152824638
-9,8,182.97499829186592
-9,8,62.37458842757742
-10,8,50.0
-10,8,50.0
-10,8,230.00482154210286
-11,8,143.06081443060285
-11,8,50.0
-11,8,50.0
-11,9,50.0
-11,9,155.21572245318342
-11,9,50.0
-11,8,50.0
-11,8,60.4830229321436
-11,8,51.14190852421461
-11,9,220.19788895445572
-11,9,50.0
-11,9,228.41075190674943
-11,8,376.7605554907691
-11,8,130.2746525266045
-11,8,137.12567737069264
-10,8,97.32194306807887
-10,8,110.09925545235996
-10,8,50.0
-10,9,73.59605520659487
-10,9,89.53129368107457
-10,9,50.0
-10,8,243.40311893716162
-10,8,188.37586113732198
-10,8,205.36475226726523
-10,9,193.40907633948643
-10,9,199.33479145232184
-10,9,243.59327353913756
-11,9,97.00618462825133
-11,9,295.5860797929799
-11,9,184.07682216144505
-11,8,130.72603471108013
-11,8,99.30477128140093
-11,8,108.76015000742292
-10,8,144.0403691083428
-10,8,90.97441800109361
-10,8,50.0
-11,8,50.0
-11,8,103.40999799224818
-11,8,102.17789427390115
-12,8,50.0
-12,8,205.78162631608572
-12,8,293.4319599365714
-13,8,225.10755873717403
-13,8,50.0
-13,8,203.7933725477837
-14,8,50.0
-14,8,50.0
-14,8,229.2471984304439
-15,8,50.0
-15,8,50.0
-15,8,94.21489596266905
-15,7,96.69795519954342
-15,7,50.0
-15,7,113.2579193230794
-14,7,67.43065226968841
-14,7,107.2102906887655
-14,7,50.0
-14,6,53.486143870586375
-14,6,79.75828703163678
-14,6,50.0
-14,5,254.17448239857018
-14,5,50.0
-14,5,106.63219618820808
-15,5,382.27890323107476
-15,5,50.0
-15,5,94.00322803685228
-15,4,50.0
-15,4,50.0
-15,4,94.49141166142415
-14,4,86.85055301374351
-14,4,56.67010721435568
-14,4,56.577840471527395
-13,4,160.2907974884666
-13,4,186.76656116188025
-13,4,117.43322698343654
-12,4,50.0
-12,4,56.83244558608576
-12,4,224.96649472965868
-13,4,119.76171664659766
-13,4,119.87017333918928
-13,4,92.23293284436242
-14,4,234.2175990633931
-14,4,89.91072602639795
-14,4,243.90384427408435
-14,5,160.04188040207936
-14,5,50.0
-14,5,255.57815937150139
-15,5,50.0
-15,5,65.69661833323502
-15,5,81.17142990273072
-15,4,202.3248493839981
-15,4,50.0
-15,4,93.72385998858778
-15,3,143.00889856602748
-15,3,50.0
-15,3,80.59823433383193
-15,4,50.0
-15,4,50.0
-15,4,50.0
-15,3,78.9951366862501
-15,3,52.98507803662454
-15,3,50.0
-16,3,50.0
-16,3,172.80012214975318
-16,3,70.63034577792733
-16,2,50.0
-16,2,50.0
-16,2,50.0
-16,1,50.0
-16,1,207.37180540314765
-16,1,50.0
-17,1,51.92446182738695
-17,1,58.76064965105585
-17,1,157.38339048169652
-17,0,50.0
-17,0,157.5256327460932
-17,0,254.26673027151398
-17,-1,52.88875281071379
-17,-1,186.83140943096515
-17,-1,127.4096050344439
-17,-2,50.0
-17,-2,78.20188142679638
-17,-2,50.0
-17,-3,113.51490473097961
-17,-3,157.2472811989664
-17,-3,261.6644071094281
-18,-3,50.0
-18,-3,50.0
-18,-3,50.0
-19,-3,50.0
-19,-3,150.46068318194455
-19,-3,50.0
-20,-3,393.23795329760213
-20,-3,108.85189861996928
-20,-3,50.0
-20,-4,103.62411697037645
-20,-4,50.0
-20,-4,50.0
-20,-3,50.0
-20,-3,50.0
-20,-3,50.0
-19,-3,63.32987985424511
-19,-3,97.00744712712527
-19,-3,50.0
-18,-3,50.0
-18,-3,181.8523821043406
-18,-3,126.57617340648129
-17,-3,71.04096708201536
-17,-3,50.0
-17,-3,57.07887573988663
-16,-3,118.42942463014269
-16,-3,66.04759023929246
-16,-3,82.04365578711761
-15,-3,51.743031746873434
-15,-3,135.50471897923657
-15,-3,81.2500458951243
-14,-3,156.94196109069202
-14,-3,207.3212991751197
-14,-3,98.89373217448589
-13,-3,115.04048478561464
-13,-3,132.3788406122006
-13,-3,50.0
-12,-3,161.42558360120847
-12,-3,135.0437603284137
-12,-3,50.0
-13,-3,109.14108805368402
-13,-3,50.0
-13,-3,114.92719831546772
-12,-3,143.5909332542656
-12,-3,50.0
-12,-3,153.81831328646007
-13,-3,260.07208829619
-13,-3,55.78757856411381
-13,-3,291.88988776320616
-12,-3,302.04653595120584
-12,-3,215.61967274727596
-12,-3,98.56584693913618
-11,-3,50.0
-11,-3,73.73276077726507
-11,-3,50.0
-10,-3,410.82424474330287
-10,-3,360.35959744743445
-10,-3,117.30293914835713
-9,-3,86.69422478749348
-9,-3,186.7905867821941
-9,-3,113.20790147530064
-8,-3,80.77816099374034
-8,-3,102.49295975481068
-8,-3,59.93597332283517
-7,-3,252.92564197738918
-7,-3,239.3511393408583
-7,-3,155.23383274247942
-6,-3,115.49894481152211
-6,-3,50.0
-6,-3,202.1930827683366
-6,-2,411.92837940091437
-6,-2,293.17724621042737
-6,-2,50.0
-5,-2,102.93535709199983
-5,-2,248.48633511230167
-5,-2,82.29564139967997
-4,-2,50.0
-4,-2,243.43947542805853
-4,-2,384.3179942470196
-4,-1,231.8349508858772
-4,-1,337.6918837416996
-4,-1,293.8603207481593
-3,-1,238.0254352664809
-3,-1,302.5521680799778
-3,-1,202.51294895880937
-3,0,209.32343871477198
-3,0,174.43629659402882
-3,0,235.52703556981
-2,0,251.8878082994852
-2,0,180.07949779730086
-2,0,305.90998075896965
-1,0,442.97083408220044
-1,0,358.18966261104913
-1,0,229.17696427898312
0,0,538.6629968159938
0,0,288.197467788725
0,0,308.231368754192
1,0,145.0325200824935
1,0,265.37570315453297
1,0,415.1632223930073
2,0,183.30538368110587
2,0,306.8862730807542
2,0,193.82287587327454
1,0,306.9395336995304
1,0,370.11966546761965
1,0,295.3603847381738
2,0,353.58996293088467
2,0,260.62315285840396
2,0,356.866828201398
2,1,348.9444869172098
2,1,217.2902782273745
2,1,687.0851615958807
3,1,217.40871227258194
3,1,196.94778256265727
3,1,143.6084004407901
4,1,260.3299259798865
4,1,257.28935336426673
4,1,268.38780276753454
5,1,225.9870953444794
5,1,293.42089369514736
5,1,300.5424689766938
6,1,63.06820791839951
6,1,208.1950588422177
6,1,281.1384574495164
5,1,223.94223105836198
5,1,279.49240438133785
5,1,220.26269074307834
6,1,394.1653171557058
6,1,179.58470228820804
6,1,230.02890310583115
7,1,177.86457525237634
7,1,351.7719889197579
7,1,168.90271800035185
8,1,158.85828017276242
8,1,339.6232038446718
8,1,50.0
9,1,207.3730817670908
9,1,137.99484623563416
9,1,92.31018402477861
10,1,163.24111800781762
10,1,180.0134445281986
10,1,211.45962688435728
10,2,50.0
10,2,178.07961091839942
10,2,86.44468981489317
11,2,130.33369063278684
11,2,121.99549868803436
11,2,361.5780351860177
11,3,141.77407693497716
11,3,107.93497112024646
11,3,315.15600249519014
12,3,88.16581745727217
12,3,50.0
12,3,50.0
13,3,130.27249406707224
13,3,227.1841610848191
13,3,50.0
14,3,233.30695817871498
14,3,193.05435129191488
14,3,50.0
14,4,50.0
14,4,70.9334109477667
14,4,66.85750923127942
14,3,157.62677037924334
14,3,50.0
14,3,76.84976165519956
14,4,489.01181685157997
14,4,50.0
14,4,129.25020935338506
15,4,133.08694639894165
15,4,56.76323350011866
15,4,50.0
15,3,110.019983038079
15,3,85.85673757972913
15,3,50.0
15,4,50.0
15,4,167.4660418819478
15,4,191.06714692359407
15,5,50.0
15,5,56.981347462122955
15,5,141.29704654919743
16,5,104.2588368510369
16,5,70.24911954909538
16,5,256.02257427638085
15,5,50.0
15,5,101.42303317021847
15,5,105.87220838493883
15,6,89.57336162326692
15,6,139.7231407526388
15,6,50.0
16,6,50.0
16,6,50.0
16,6,50.0
17,6,50.0
17,6,84.30264102508673
17,6,50.0
18,6,113.22297465253904
18,6,79.0752367890807
18,6,80.86233589250438
18,7,168.68967321646346
18,7,50.0
18,7,50.0
19,7,50.0
19,7,155.56412117261866
19,7,50.0
19,8,179.58545070472377
19,8,50.0
19,8,73.98255170413069
20,8,106.57758470457911
20,8,50.0
20,8,50.0
20,7,123.86168882667639
20,7,50.0
20,7,107.2087129948522
20,8,50.0
20,8,50.0
20,8,60.19052589097541
19,8,50.0
19,8,84.88668037690742
19,8,62.054948848110996
19,9,145.4945168814176
19,9,50.0
19,9,83.27165756723099
19,8,69.60434499336894
19,8,188.30465039345017
19,8,67.65285243892356
19,7,50.0
19,7,50.0
19,7,50.0
19,6,50.0
19,6,132.7979033422527
19,6,58.11834897708008
19,7,50.0
19,7,50.0
19,7,163.1065819584424
18,7,50.0
18,7,130.58909563111328
18,7,66.42843829283109
17,7,50.0
17,7,115.04457597296548
17,7,50.0
16,7,50.0
16,7,50.0
16,7,50.0
16,6,127.47089527140963
16,6,211.6216273057329
16,6,235.9320635702259
16,5,50.0
16,5,98.90836864068918
16,5,50.0
16,4,269.9278339229878
16,4,185.32537090873177
16,4,50.0
16,5,50.0
16,5,162.8744968515805
16,5,70.33831525100047
16,4,99.47735360837208
16,4,98.34080105045483
16,4,222.25298786491044
16,3,51.65278961450974
16,3,233.64751014390131
16,3,128.02106672293087
16,2,50.0
16,2,134.78909809313745
16,2,228.29181282951453
16,1,115.61501435205906
16,1,71.03708743260808
16,1,50.0
16,0,143.66702899130323
16,0,113.03192703516666
16,0,96.64096724909747
16,-1,93.00178991846582
16,-1,50.0
16,-1,127.94868124867641
16,-2,65.94189175198643
16,-2,50.0
16,-2,50.0
16,-1,50.0
16,-1,50.0
16,-1,139.64230274755386
16,-2,50.0
16,-2,202.72643227798565
16,-2,58.71988967958923
16,-3,123.66652384359782
16,-3,126.21016737842186
16,-3,50.0
16,-4,92.2105839636169
16,-4,168.56459456564727
16,-4,127.0140531966177
16,-3,162.17551877079583
16,-3,50.0
16,-3,80.6310481458416
16,-4,50.0
16,-4,50.0
16,-4,169.93135090939478
15,-4,50.0
15,-4,71.0759105606854
15,-4,84.88167700239845
15,-3,120.62855602432286
15,-3,91.84798950746136
15,-3,81.56360268633931
15,-4,153.14436398457508
15,-4,104.38692483256438
15,-4,75.01525451700739
15,-3,88.52010167039083
15,-3,50.0
15,-3,55.94007785828262
15,-2,50.0
15,-2,50.0
15,-2,50.0
14,-2,172.2660516445324
14,-2,50.0
14,-2,50.0
14,-3,192.53533875468358
14,-3,50.0
14,-3,120.48526369934777
13,-3,129.22154607689183
13,-3,147.47767889237159
13,-3,50.0
13,-2,217.04106860335537
13,-2,52.42690797103329
13,-2,306.6472791625604
12,-2,141.2767170245084
12,-2,135.63371256634636
12,-2,114.70770730329106
12,-1,135.57443098010646
12,-1,53.178737966833395
12,-1,50.0
11,-1,155.59936567106658
11,-1,473.82849228906673
11,-1,176.18173553095534
11,0,373.9331083196224
11,0,231.79200547311103
11,0,131.34461321815098
10,0,154.4229106696192
10,0,214.721475751734
10,0,241.05790104768977
10,1,50.0
10,1,50.0
10,1,348.31486589389385
11,1,74.62760203912148
11,1,184.3233582615972
11,1,215.93310463843181
10,1,50.0
10,1,198.81919408603525
10,1,250.66145335196552
9,1,193.5946030853987
9,1,180.3199495146962
9,1,151.7605807156684
8,1,92.73063723079095
8,1,50.0
8,1,114.62305568850014
8,2,173.96143469842968
8,2,262.4797446059462
