1.12883
1.22686
1.2151
1.22569
1.11148
1.22305
1.2151
1.22305
1.16423
1.22159
1.13428
1.10002
1.19121
1.11136
1.14391
1.10055
0.954087
1.10351
1.01593
0.99617
0.88028
0.801349
0.785574
0.920598
0.898508
0.967002
0.774399
0.964728
0.915301
1.0056
0.731512
1.00314
0.63585
1.05327
1.04121
1.1321
0.925009
1.12893
0.83701
1.01898
1.04364
0.689231
0.731302
0.68073
0.799211
0.699313
0.707976
0.733804
0.719855
0.988712
0.701269
0.782308
0.739529
1.08413
1.05588
1.19974
0.724673
0.949433
1.12535
0.854501
0.95976
1.20445
1.04621
0.743809
1.08888
1.10115
1.01901
0.996443
0.97562
0.949116
0.976084
0.964991
0.960154
0.912832
0.963104
1.02634
0.996238
1.08937
1.07895
1.07341
1.17665
1.20515
1.1516
1.21419
1.21392
1.2047
1.20858
1.22686
1.21095
1.22686
1.21392
1.22686
1.21095
1.1945
1.06009
1.22686
1.21392
1.10394
1.1577
