0.833333
0.832468
0.832468
0.833333
0.833333
0.830732
0.831601
0.828989
0.821053
0.813871
0.805642
0.797249
0.806565
0.785791
0.767997
0.737643
0.731079
0.695434
0.624828
0.609647
0.567961
0.547918
0.553435
0.547918
0.602201
0.618245
0.623493
0.62813
0.64311
0.644467
0.66431
0.732181
0.735466
0.764186
0.795361
0.811146
0.821942
0.816579
0.828114
0.828114
0.831601
0.828989
0.830732
0.833333
0.833333
0.833333
0.833333
0.832468
0.831601
0.82548
0.828989
0.82548
0.820162
0.814776
0.801
0.79819
0.804718
0.803792
0.795361
0.785791
0.770011
0.785791
0.796306
0.746237
0.715355
0.677038
0.642546
0.626268
0.621969
0.616575
0.589652
0.61927
0.579877
0.550722
0.572198
0.625999
0.634876
0.722166
0.723291
0.711907
0.758809
0.793464
0.79819
0.816579
0.819269
0.828989
0.82636
0.832468
0.828114
0.832468
0.829861
0.829861
0.828114
0.829861
0.82548
0.82548
0.82636
0.820162
0.82548
