1.1997
1.22569
1.19811
1.22569
1.2151
1.22569
1.2151
1.22159
1.20977
1.21599
1.20464
1.20313
1.17703
1.14225
1.08377
1.15031
1.01951
1.05421
0.995597
0.932509
0.959272
0.932815
0.931699
0.830439
0.967496
0.951023
0.964523
0.953354
0.895676
0.85209
1.00708
0.980093
0.97235
1.10266
0.853562
1.03335
0.759939
0.917357
0.931742
1.13295
0.954562
0.795834
0.803159
0.768517
0.70606
0.768517
0.8467
0.948142
0.898409
0.922375
0.983955
1.07368
0.959042
1.03751
1.03653
0.971035
1.054
1.02085
1.05373
1.02115
0.977955
1.20936
0.884144
1.10305
1.03399
1.06063
0.934826
0.935735
0.952429
0.961477
0.926441
0.92877
0.983901
0.929033
0.957763
0.979969
0.968512
1.09502
1.02426
1.13044
1.15001
1.16466
1.13654
1.22247
1.20977
1.22099
1.18906
1.22394
1.15614
1.22686
1.21392
1.21658
1.21392
1.2254
1.2151
1.22686
1.17411
1.14573
1.17071
