1.26904
1.19731
1.19731
1.19731
1.17423
1.19731
1.19731
1.25563
1.26496
1.11855
1.19159
1.14164
1.16696
1.16468
1.22239
1.13952
1.09606
0.974316
1.10971
1.12931
1.06388
0.995721
0.826223
0.894675
0.909005
0.792967
0.865624
1.13098
1.00897
0.699987
0.740129
0.661519
0.775696
0.695416
0.751506
0.769311
0.910104
0.767548
0.760697
0.99741
0.880846
0.773195
0.834295
0.871385
0.861767
0.967616
1.0383
0.957444
0.957444
1.01777
1.12379
0.942623
1.19731
1.14195
1.24143
1.22752
1.17797
1.17782
1.11677
1.2396
1.23894
1.28835
1.24155
1.23894
1.13658
1.23723
1.22629
1.23334
1.23551
1.22021
1.23246
1.20713
1.21818
1.13933
1.17021
1.0586
1.23495
1.23544
1.23681
1.15089
1.15081
1.24128
0.982244
1.08709
1.10777
1.02508
1.12482
1.17423
0.928564
1.0922
1.03414
1.18422
1.05066
0.987402
0.933546
1.07128
0.850873
0.786225
0.756242
