0.833333
0.833333
0.833333
0.833333
0.828989
0.829861
0.830732
0.822829
0.816579
0.806565
0.803792
0.786758
0.791559
0.766986
0.755701
0.738727
0.701392
0.679538
0.629067
0.615366
0.592504
0.55606
0.525471
0.54502
0.611221
0.602201
0.637639
0.621969
0.653844
0.639013
0.651186
0.699019
0.760868
0.775212
0.804718
0.811146
0.821942
0.828989
0.828989
0.828989
0.821942
0.833333
0.829861
0.833333
0.833333
0.833333
0.833333
0.829861
0.832468
0.829861
0.828989
0.82636
0.824598
0.821942
0.795361
0.794414
0.801
0.789645
0.789645
0.788685
0.782877
0.783851
0.781901
0.761894
0.721038
0.679538
0.639825
0.62833
0.62572
0.619758
0.607082
0.614731
0.585007
0.547918
0.579877
0.612695
0.651186
0.713059
0.706098
0.723291
0.75984
0.782877
0.785791
0.807485
0.82548
0.82548
0.830732
0.832468
0.830732
0.828114
0.832468
0.828114
0.830732
0.829861
0.82636
0.82636
0.830732
0.811146
0.820162
