1.27107
1.19731
1.19731
1.19731
1.19731
1.19731
1.11967
1.24516
1.25171
1.14331
1.15503
1.17856
1.17813
1.20309
1.2003
1.07824
1.02877
1.14775
1.09767
0.974016
0.87763
1.10335
0.919831
1.14269
0.999534
0.737194
0.854206
0.988966
0.689329
0.635583
1.01418
0.627766
0.691762
0.773432
0.692864
0.80626
0.832957
0.754488
0.95952
0.871766
0.741304
0.928707
0.835879
0.93721
0.967228
0.997527
0.790875
0.928418
0.997045
1.13656
1.19731
0.949859
1.1722
1.1184
1.17827
1.1775
1.1545
1.20281
1.2405
1.17665
1.18956
1.28692
1.21576
1.2384
1.19728
1.21242
1.22629
1.23469
1.23895
1.23053
1.23053
1.07087
1.22027
1.22911
1.09444
1.18472
1.22289
1.19962
1.17249
1.08073
1.0843
1.062
1.09273
1.06272
1.16634
0.958212
1.07128
1.16228
0.987029
0.853257
1.05567
1.09429
0.997291
1.12173
0.848869
1.0173
1.01971
0.994373
0.713092
