1.7625
1.77466
1.7768
1.75456
1.73908
1.72646
1.73086
1.51591
1.76532
1.77449
1.76845
1.75968
1.77391
1.67628
1.59622
1.12868
1.23069
1.28585
1.31716
1.66561
1.69397
1.77864
1.77428
1.7625
1.75552
1.75359
1.76981
1.76661
1.74991
1.7495
1.65024
1.60025
1.77223
1.74689
1.56916
1.72225
1.69329
1.75337
1.74518
1.74351
1.74666
1.7943
1.76867
1.78679
1.76949
1.77396
1.75909
1.74544
1.63281
1.40259
1.14077
1.04856
1.377
1.60626
1.71612
1.79247
1.77145
1.79934
1.76579
1.75718
1.75635
1.75744
1.75923
1.78661
1.75144
1.76148
1.70867
1.66271
1.5837
1.4948
1.32888
1.45234
1.42078
1.66821
1.62202
1.66835
1.7605
1.74265
1.75876
1.73195
1.77331
1.77087
1.77077
1.75547
1.73332
1.70369
1.68243
1.63191
1.51694
1.45426
1.26165
1.58171
1.36742
1.3662
1.45141
1.1917
1.13549
1.15036
1.03164
