1.76083
1.75757
1.76445
1.7596
1.73176
1.74375
1.72582
1.76568
1.763
1.7859
1.76497
1.77333
1.72659
1.67005
1.58474
1.2825
0.847792
1.1296
1.32661
1.64835
1.76927
1.7663
1.76047
1.77333
1.75833
1.75443
1.76359
1.76161
1.75674
1.71824
1.70405
1.74224
1.61303
1.75732
1.71716
1.5762
1.76172
1.73008
1.73351
1.75107
1.77781
1.76609
1.78829
1.78574
1.77374
1.76007
1.76039
1.75956
1.62048
1.33763
1.26629
1.28538
1.18325
1.4943
1.67222
1.75384
1.75301
1.76002
1.77936
1.76943
1.74994
1.74885
1.76919
1.76003
1.76987
1.73775
1.72702
1.67637
1.48311
1.46344
1.56318
1.48879
1.48565
1.7098
1.73035
1.74315
1.71877
1.7131
1.7285
1.7627
1.7703
1.79309
1.7017
1.76165
1.73864
1.70116
1.64242
1.55327
1.46673
1.22964
1.60419
1.55107
1.57287
1.56021
1.46759
1.37226
1.11273
1.25816
1.25392
