1.75689
1.77521
1.7651
1.7634
1.72277
1.69555
1.72038
1.59798
1.74762
1.76832
1.7708
1.75972
1.75147
1.69559
1.64552
1.43873
1.27224
1.23968
1.34972
1.58576
1.68976
1.73101
1.77981
1.75126
1.75636
1.75542
1.75938
1.75167
1.75326
1.74591
1.74247
1.77298
1.74999
1.76877
1.75279
1.75117
1.699
1.75771
1.72665
1.74149
1.74612
1.75383
1.73491
1.7644
1.775
1.76008
1.75465
1.73742
1.66984
1.55042
1.1559
1.08451
1.21054
1.30508
1.40795
1.70234
1.74571
1.74175
1.7622
1.76969
1.7575
1.75242
1.75676
1.72726
1.75352
1.77798
1.74853
1.72838
1.59593
1.48915
1.40231
1.21327
1.39206
1.42909
1.5903
1.61199
1.64457
1.66303
1.6964
1.68557
1.7253
1.72575
1.7579
1.75412
1.75142
1.74687
1.69499
1.61935
1.51638
1.41974
1.43347
1.50401
1.48336
1.54354
1.55779
1.52914
1.51957
1.40008
1.24977
