1.7625
1.7725
1.78352
1.7845
1.73209
1.59226
1.75356
1.76985
1.73176
1.78189
1.76359
1.7638
1.63364
1.61227
1.41169
1.02689
1.26691
1.27042
1.55871
1.61295
1.74708
1.78056
1.77359
1.77833
1.76373
1.75833
1.76083
1.78183
1.75917
1.71461
1.73546
1.60957
1.74056
1.60548
1.57248
1.56749
1.55698
1.71399
1.61397
1.77405
1.76343
1.78587
1.75349
1.77635
1.77188
1.77411
1.74995
1.74876
1.64723
1.44123
1.28833
1.00965
1.44116
1.61802
1.69565
1.73027
1.75379
1.76531
1.77135
1.77167
1.76417
1.75598
1.76761
1.76761
1.75777
1.7328
1.72014
1.3882
1.39944
1.42592
1.25466
1.39662
1.54416
1.70628
1.76695
1.59318
1.7547
1.73356
1.7183
1.76301
1.76605
1.76343
1.72588
1.75334
1.72037
1.54646
1.68028
1.62845
1.24814
1.51592
1.44475
1.54093
1.47696
1.3881
1.20382
1.41533
1.38316
1.17288
1.17346
