1.75804
1.75696
1.76886
1.73522
1.70592
1.75326
1.69097
1.72536
1.73967
1.74395
1.77591
1.76855
1.72216
1.69334
1.59604
1.50382
1.23737
1.24139
1.27803
1.48021
1.66384
1.69074
1.73947
1.7625
1.75917
1.75688
1.74174
1.76925
1.76125
1.76693
1.71487
1.73705
1.76401
1.76
1.76399
1.73963
1.75303
1.76146
1.76329
1.75812
1.75864
1.767
1.76383
1.77254
1.76257
1.76323
1.75849
1.75805
1.68472
1.55967
1.19705
1.1174
1.22583
1.30008
1.50173
1.66932
1.72597
1.76864
1.76417
1.75792
1.76125
1.76271
1.77521
1.75074
1.77398
1.76032
1.7691
1.68793
1.66422
1.47413
1.35375
1.37654
1.257
1.46737
1.529
1.38989
1.63941
1.63572
1.69745
1.68706
1.73427
1.64942
1.73692
1.77265
1.75144
1.74171
1.66474
1.66782
1.57671
1.36397
1.37004
1.41055
1.39389
1.48112
1.6311
1.63579
1.35146
1.27128
1.38967
