1.7646
1.765
1.76252
1.7685
1.71427
1.69323
1.65161
1.67694
1.74377
1.76009
1.78605
1.75326
1.741
1.74404
1.60463
1.41732
1.30191
1.16438
1.31306
1.55895
1.67756
1.72341
1.7424
1.76167
1.75054
1.75833
1.73427
1.76573
1.75182
1.77438
1.7229
1.74409
1.75358
1.77877
1.75366
1.74031
1.75978
1.74736
1.76124
1.76647
1.75046
1.76194
1.75994
1.73001
1.77556
1.76536
1.7676
1.75403
1.69773
1.4872
1.08607
1.07505
1.18872
1.32788
1.56746
1.55375
1.73477
1.72513
1.74098
1.75159
1.76125
1.76
1.76312
1.74639
1.75164
1.78478
1.74009
1.69957
1.51766
1.50057
1.45508
1.43612
1.3197
1.44054
1.50448
1.57639
1.69154
1.67631
1.67721
1.68771
1.71938
1.74288
1.75354
1.72798
1.74403
1.7264
1.71169
1.62678
1.43685
1.44572
1.3945
1.46511
1.34976
1.47178
1.61272
1.34548
1.41217
1.33913
1.3386
