1.76355
1.77105
1.75898
1.75479
1.7478
1.69827
1.70679
1.71146
1.72466
1.7693
1.7649
1.76005
1.74963
1.61385
1.5837
1.46706
1.30603
1.27551
1.33089
1.5527
1.60506
1.68341
1.74994
1.75471
1.74909
1.69343
1.75636
1.75283
1.759
1.75468
1.70037
1.74382
1.76459
1.75538
1.76233
1.75913
1.7202
1.73759
1.73278
1.74074
1.72455
1.77246
1.74711
1.75379
1.7574
1.76083
1.74616
1.7332
1.62828
1.50396
1.19543
1.21169
1.096
1.38438
1.5316
1.69643
1.7229
1.75785
1.76211
1.75938
1.75271
1.7599
1.76221
1.73712
1.76981
1.75849
1.75447
1.68729
1.58423
1.48556
1.42796
1.36447
1.26956
1.46507
1.53391
1.57809
1.63607
1.6205
1.65125
1.70122
1.72118
1.72336
1.76262
1.76773
1.75616
1.74372
1.68027
1.68857
1.53358
1.1984
1.3366
1.44903
1.4493
1.53316
1.67225
1.53973
1.35916
1.38273
1.32173
