3.02
3.02
3.02
3.02
2.87851
2.78494
2.30385
2.07014
2.04206
2.15106
2.29503
2.47642
2.35556
2.76863
2.7183
2.87851
3.02
3.02
3.02
3.02
3.02
3.02
3.00389
3.02
3.00389
2.95132
2.89407
2.3972
2.33854
2.25017
2.26688
2.85427
2.61338
2.66938
2.87851
2.87851
2.70219
3.00389
3.02
3.02
3.02
3.02
3.02
2.84609
2.87851
3.02
3.02
3.02
3.02
3.02
3.02
3.02
3.02
3.02
3.02
3.02
3.02
3.02
3.02
2.87851
3.02
3.00389
3.00389
3.02
2.87851
3.02
3.02
3.02
3.02
3.02
3.02
3.02
3.02
3.02
3.02
3.02
3.02
2.87851
2.6295
2.59549
2.80105
2.77681
3.00389
3.02
2.6295
2.9352
2.87851
2.87851
2.40538
2.80105
3.02
2.87851
3.02
3.02
3.02
3.02
3.02
3.02
3.02
