3.02
3.02
3.02
3.02
3.02
2.66938
2.19878
2.10298
2.0021
2.17962
2.22472
2.26688
2.84609
2.97108
2.87851
3.02
3.00389
3.02
3.02
3.02
3.02
3.00389
3.02
3.02
3.02
2.8624
2.8624
2.60526
2.19402
2.39021
2.64424
2.60526
2.66105
2.87048
2.87048
3.01197
2.94328
2.9352
3.02
3.02
3.02
3.02
2.87851
2.80105
3.01197
3.02
3.00389
3.02
3.02
3.02
3.02
3.02
3.02
3.02
3.02
3.02
3.02
3.02
3.02
3.02
2.8624
2.87851
2.8624
2.87851
3.02
3.02
3.02
3.02
3.02
3.02
3.02
3.02
3.02
3.02
3.02
3.02
3.02
3.02
3.01197
2.70219
2.87851
2.95132
2.95132
3.02
2.79302
3.00389
2.84609
2.8624
2.98758
3.00389
2.87851
3.02
3.02
3.02
3.02
3.02
3.02
3.02
3.02
