2.7
2.7
2.7
2.7
2.55447
2.4631
1.90865
1.98785
1.77805
2.02367
2.39105
2.42967
2.40637
2.47821
2.7
2.7
2.7
2.7
2.7
2.7
2.7
2.69502
2.7
2.7
2.7
2.4732
2.16995
2.60589
2.01329
1.97861
2.17528
2.04649
2.20539
2.21436
2.58387
2.46816
2.69001
2.7
2.7
2.7
2.7
2.68497
2.45288
2.67094
2.34295
2.33291
2.69502
2.7
2.7
2.7
2.7
2.7
2.7
2.7
2.7
2.7
2.7
2.7
2.7
2.59889
2.59889
2.67482
2.69502
2.69001
2.69502
2.7
2.7
2.7
2.7
2.7
2.7
2.7
2.7
2.7
2.7
2.7
2.7
2.59889
2.59391
2.32785
2.22469
2.69001
2.67482
2.69502
2.458
2.44255
2.4631
2.44255
2.63542
2.4732
2.69502
2.7
2.7
2.7
2.7
2.7
2.7
2.7
2.69502
