2.7
2.7
2.7
2.69502
2.45288
2.5788
2.21688
1.8981
1.7895
1.98143
2.3724
2.35663
2.27559
2.46816
2.47373
2.7
2.7
2.7
2.7
2.7
2.7
2.69502
2.7
2.7
2.69001
2.46873
2.42684
2.31248
2.21119
2.12148
2.20915
2.22593
2.43211
2.3073
2.65937
2.64649
2.69001
2.69001
2.7
2.7
2.7
2.7
2.57371
2.5788
2.69001
2.68497
2.7
2.7
2.7
2.7
2.7
2.7
2.7
2.7
2.7
2.7
2.7
2.7
2.7
2.46816
2.47821
2.458
2.7
2.47821
2.7
2.7
2.7
2.7
2.7
2.7
2.7
2.7
2.7
2.7
2.7
2.7
2.48319
2.69502
2.67147
2.44391
2.65558
2.67544
2.69502
2.67094
2.6697
2.44255
2.23997
2.44773
2.44255
2.33291
2.59889
2.7
2.7
2.7
2.7
2.7
2.7
2.7
2.7
