3.02
3.02
3.02
3.02
3.02
2.96275
2.434
2.08978
2.02206
2.07014
2.75213
2.62722
2.59708
2.9189
2.95132
3.02
3.02
3.02
3.02
3.02
3.02
3.02
3.02
3.02
3.02
2.8624
2.66938
2.84609
2.14072
2.16116
2.49303
2.70219
2.68589
2.87851
3.00389
3.00389
3.02
2.87851
3.02
3.02
3.02
3.02
2.71027
2.94328
2.95132
2.87851
3.02
3.02
3.02
3.02
3.02
3.02
3.02
3.02
3.02
3.02
3.02
3.02
3.02
3.00389
3.02
2.77681
2.95132
3.02
3.02
3.02
3.02
3.02
3.02
3.02
3.02
3.02
3.02
3.02
3.02
3.02
3.02
2.8624
3.02
2.87048
2.99576
2.87851
3.01197
2.87851
3.01197
2.87851
2.69406
2.78494
2.7604
3.00389
2.87851
2.87851
3.02
3.02
3.02
3.02
3.00389
2.87851
2.87851
