3.02
3.02
3.02
3.02
2.78494
2.61338
2.16682
2.04957
1.89595
2.15106
2.59708
2.46804
2.26688
2.7183
2.87851
3.02
3.02
3.02
3.02
3.02
3.02
3.01197
3.02
3.02
3.02
3.02
2.48475
2.70219
2.51089
2.58057
2.27515
2.3972
2.70219
2.41351
2.68589
2.87851
3.02
3.02
3.02
3.02
3.02
3.01197
2.6295
2.80105
2.87048
3.02
2.80105
3.02
3.02
3.02
3.02
3.02
3.02
3.02
3.02
3.02
3.02
3.02
3.02
3.02
2.9352
2.61338
2.94328
2.87851
2.87851
3.02
3.02
3.02
3.02
3.02
3.02
3.02
3.02
3.02
3.02
3.02
3.02
3.01197
3.02
3.02
2.87048
3.02
3.02
3.02
2.92707
2.6295
2.87851
3.02
2.87851
2.87851
3.02
3.01197
2.87851
3.02
3.02
3.02
3.02
3.02
3.02
