3.02
3.02
3.02
3.02
2.78494
2.87851
2.32995
2.3126
1.96372
2.05703
2.29156
2.70219
2.7438
2.78494
3.01197
3.02
3.02
3.02
3.02
3.02
3.02
3.02
3.02
3.02
3.00389
2.87851
2.67766
2.19402
2.11168
2.14231
2.40538
2.94328
2.80105
2.87048
3.02
2.99576
3.02
3.02
3.02
3.02
3.02
3.00389
3.02
3.02
3.01197
3.02
3.02
3.02
3.02
3.02
3.02
3.02
3.02
3.02
3.02
3.02
3.02
3.02
3.02
3.02
2.87851
3.02
3.02
3.02
3.02
3.02
3.02
3.02
3.02
3.02
3.02
3.02
3.02
3.02
3.02
3.01197
3.02
3.02
3.00389
3.02
2.87048
2.7183
2.8624
3.02
2.78494
2.95132
2.28338
2.7183
3.01197
2.8624
3.02
2.98758
3.02
3.00389
3.02
3.02
3.02
3.02
3.02
