3.02
3.02
3.02
3.02
2.87851
2.70219
2.20748
2.09263
1.95561
2.17334
2.23325
2.36399
2.49303
2.61338
2.87851
3.02
3.02
3.02
3.02
3.02
3.02
3.02
3.02
3.00389
3.02
2.78494
2.3807
2.70997
2.24698
2.21916
2.66938
2.82959
2.8624
2.70219
2.8624
3.01197
2.8624
3.02
3.02
3.02
3.02
3.02
2.87851
2.87851
3.00389
2.7183
3.01197
3.02
3.02
3.02
3.02
3.02
3.02
3.02
3.02
3.02
3.02
3.02
3.02
3.02
3.02
3.02
2.87048
3.02
2.87851
3.02
3.02
3.02
3.02
3.02
3.02
3.02
3.02
3.02
3.02
3.02
3.02
2.87851
2.7183
2.68589
2.59708
2.78494
3.02
3.02
2.53367
2.87851
2.7183
2.8624
3.02
3.02
2.97935
2.87851
3.02
2.8624
3.02
3.02
3.02
3.02
3.02
