3.02
3.02
3.02
3.02
2.8624
2.76863
2.18395
2.15817
1.95561
2.01339
2.434
2.22472
2.29969
2.77681
2.71027
3.02
3.02
3.02
3.02
3.02
3.02
3.02
3.02
3.02
2.87851
3.00389
2.8624
2.76863
2.47642
2.52118
2.3807
2.66105
2.86081
2.8624
2.91067
2.85427
2.71027
3.02
3.02
3.02
3.02
3.01197
2.80105
2.95132
2.8624
3.00389
2.87048
3.02
3.02
3.02
3.02
3.02
3.02
3.02
3.02
3.02
3.02
3.02
3.02
3.02
3.00389
2.7183
2.69406
2.87851
2.87851
3.02
3.02
3.02
3.02
3.02
3.02
3.02
3.02
3.02
3.02
3.00389
3.02
2.78494
2.79302
3.01197
2.83786
2.7183
3.01197
2.87048
2.78494
2.77681
2.78494
2.87048
3.02
2.87048
3.00389
2.87851
3.01197
3.02
3.02
3.02
3.02
3.02
3.02
