2.7
2.7
2.7
2.7
2.458
2.21436
2.13291
2.04553
1.79082
2.05303
2.28629
2.03302
2.6504
2.43808
2.4631
2.7
2.7
2.7
2.7
2.7
2.7
2.7
2.7
2.7
2.7
2.58443
2.07991
2.16915
1.91591
2.09765
2.14638
2.45288
2.65937
2.65416
2.68497
2.69502
2.69001
2.7
2.69502
2.7
2.7
2.7
2.4732
2.5889
2.59889
2.69502
2.7
2.69502
2.7
2.7
2.7
2.7
2.7
2.7
2.7
2.7
2.7
2.7
2.7
2.69001
2.68497
2.68497
2.6805
2.69502
2.69502
2.7
2.7
2.7
2.7
2.7
2.7
2.7
2.7
2.7
2.7
2.7
2.7
2.676
2.69502
2.42684
2.458
2.46816
2.69001
2.69001
2.21057
2.7
2.44773
2.68497
2.65416
2.46816
2.7
2.7
2.7
2.7
2.7
2.7
2.7
2.7
2.7
