3.02
3.02
3.02
3.00389
2.78494
2.59708
2.35556
2.09765
1.98449
2.13349
2.34708
2.35556
2.55544
2.68589
3.02
3.02
3.02
3.02
3.02
3.02
3.02
2.87851
3.02
3.02
2.87851
2.7183
2.69406
2.7604
2.22425
2.26529
2.50125
2.9352
2.75213
2.68589
2.68589
3.00389
2.8624
3.02
3.02
3.02
3.02
3.02
3.02
2.87851
2.70219
3.00389
2.87851
3.02
3.02
3.02
3.02
3.02
3.02
3.02
3.02
3.02
3.02
3.02
3.02
3.02
2.87851
2.53367
3.01197
3.00389
3.02
3.02
3.02
3.02
3.02
3.02
3.02
3.02
3.02
3.02
3.02
3.02
3.00389
3.02
2.42962
2.6295
3.01197
2.7183
3.02
3.02
2.9352
2.9352
2.71027
2.70219
2.70219
2.84609
3.02
3.01197
3.02
3.02
3.02
3.02
3.02
3.02
3.02
