3.02
3.02
3.02
3.02
3.01197
2.50943
2.35556
2.13626
1.99234
2.20245
2.21613
2.45961
2.35556
2.7006
2.87851
3.02
3.02
3.02
3.02
3.02
3.02
3.02
3.02
3.00389
2.87851
3.02
2.89407
2.80105
2.16841
2.70997
2.34708
2.70219
2.79302
2.82959
2.99576
2.87851
3.02
3.02
3.02
3.02
2.95132
2.95132
3.00389
3.02
3.00389
3.02
3.02
3.02
3.02
3.02
3.02
3.02
3.02
3.02
3.02
3.02
3.02
3.02
3.02
3.02
2.87851
2.87048
3.02
2.80105
3.02
3.02
3.02
3.02
3.02
3.02
3.02
3.02
3.02
3.02
3.02
3.02
3.01197
3.00389
2.99576
2.51756
3.00389
2.85427
3.01197
2.87851
2.77681
2.52564
3.02
2.69406
2.98758
2.87851
3.02
3.02
3.02
3.02
3.02
3.02
3.02
3.02
3.02
