2.7
2.7
2.7
2.7
2.67991
2.29159
1.97461
1.89803
1.77317
1.84654
2.13729
2.57371
2.20018
2.06455
2.46816
2.7
2.7
2.7
2.7
2.7
2.7
2.7
2.7
2.7
2.7
2.68497
2.44773
2.44326
2.00589
1.94957
2.08921
2.18437
2.45413
2.64892
2.67482
2.66585
2.7
2.7
2.7
2.7
2.7
2.69001
2.67482
2.69502
2.69001
2.7
2.7
2.7
2.7
2.69502
2.7
2.7
2.7
2.7
2.7
2.7
2.7
2.7
2.7
2.69001
2.68497
2.68497
2.68497
2.7
2.69502
2.7
2.7
2.7
2.7
2.7
2.7
2.7
2.7
2.7
2.7
2.7
2.7
2.69001
2.44255
2.6697
2.65937
2.21436
2.66073
2.69001
2.56859
2.5889
2.57993
2.58387
2.4732
2.47821
2.7
2.7
2.7
2.7
2.7
2.7
2.7
2.7
2.7
