3.02
3.02
3.02
3.00389
3.02
2.82959
2.67766
2.13349
2.06085
2.01276
2.59708
2.434
2.434
2.69406
2.71027
3.00389
3.02
3.02
3.02
3.02
3.02
3.02
3.02
2.95132
2.95132
2.87851
2.21916
2.50125
2.44259
2.10298
2.67766
2.61338
2.9189
2.7183
2.51756
2.94328
2.87851
3.00389
3.02
3.02
3.02
3.02
3.02
3.02
2.87851
3.02
3.02
3.02
3.02
3.02
3.02
3.02
3.02
3.02
3.02
3.02
3.02
3.02
3.02
3.02
2.87048
3.01197
2.87048
3.02
3.02
3.02
3.02
3.02
3.02
3.02
3.02
3.02
3.02
3.02
3.02
3.02
2.87851
2.7183
2.94328
2.87048
2.59708
2.85427
3.02
3.02
2.95132
2.80105
2.87048
3.01197
2.87851
2.87851
3.01197
3.02
3.02
3.02
3.02
3.02
3.02
2.87851
3.02
