3.02
3.02
3.02
3.02
2.9352
2.94328
2.24174
2.10856
2.07014
2.29503
2.21083
2.177
2.50125
2.9352
2.95132
2.87048
3.02
3.02
3.02
3.02
2.87851
3.01197
3.02
3.02
3.01197
3.02
2.76863
2.53842
2.21613
2.54695
2.59708
2.84609
2.7183
2.76863
2.80105
2.87851
3.00389
3.02
3.02
3.02
3.02
3.02
2.57225
2.78494
3.00389
3.02
3.01197
3.02
3.02
3.02
3.02
3.02
3.02
3.02
3.02
3.02
3.02
3.02
3.02
3.02
2.8624
2.87851
2.87851
2.87048
3.02
3.02
3.02
3.02
3.02
3.02
3.02
3.02
3.02
3.02
3.02
3.01197
2.95132
2.95132
3.00389
2.69247
2.51756
2.9352
2.6295
2.87851
2.53367
3.01197
2.8624
3.02
2.70219
3.01197
3.02
2.7183
3.02
3.02
3.02
3.02
3.02
3.02
3.02
