2.7
2.7
2.7
2.59889
2.4732
2.43734
1.91633
1.9926
1.80873
1.8376
1.97674
2.02938
2.41707
2.458
2.69502
2.7
2.7
2.7
2.7
2.7
2.7
2.7
2.7
2.69502
2.7
2.25001
2.56344
2.53357
1.94594
2.10456
2.30209
2.22981
2.21436
2.5788
2.46423
2.47821
2.58387
2.69502
2.7
2.7
2.7
2.69502
2.69001
2.68497
2.69001
2.47821
2.7
2.7
2.7
2.7
2.7
2.7
2.7
2.7
2.7
2.7
2.7
2.7
2.7
2.7
2.46423
2.7
2.48319
2.69502
2.7
2.7
2.7
2.7
2.7
2.7
2.7
2.7
2.7
2.7
2.7
2.7
2.69001
2.69001
2.67482
2.65416
2.57371
2.08497
2.7
2.69001
2.21436
2.58387
2.31248
2.33795
2.22469
2.47821
2.7
2.7
2.7
2.7
2.7
2.7
2.7
2.69502
2.69001
