3.02
3.02
3.02
3.01197
2.87851
2.51756
2.45961
2.03129
1.9726
2.11786
2.19878
2.70138
2.45802
2.50943
2.87851
3.02
3.02
3.02
3.02
3.02
3.02
2.87851
3.02
3.02
3.02
2.70219
2.90239
2.41351
2.16341
2.19402
2.38898
2.59708
2.80105
2.71027
3.02
2.8624
3.02
3.02
3.02
3.02
3.02
3.02
2.97108
3.01197
2.87851
3.01197
3.02
3.02
3.02
3.02
3.02
3.02
3.02
3.02
3.02
3.02
3.02
3.02
3.02
3.02
2.95132
2.7183
2.9352
3.02
3.02
3.02
3.02
3.02
3.02
3.02
3.02
3.02
3.02
3.02
3.02
3.02
3.02
3.02
3.00389
2.70219
2.62146
2.9352
3.02
3.02
3.02
3.01197
2.87851
2.87048
2.87048
2.70219
3.02
3.02
3.02
3.02
3.02
3.02
3.02
3.02
3.00389
