2.7
2.7
2.7
2.67991
2.66455
2.52655
1.93871
1.97839
1.90444
1.87496
2.09184
2.28262
2.20539
2.47821
2.7
2.7
2.7
2.7
2.7
2.7
2.69502
2.7
2.7
2.7
2.48319
2.47821
2.54254
2.18265
1.97461
2.16039
2.20391
2.43211
2.43734
2.55305
2.33291
2.46816
2.68497
2.7
2.7
2.7
2.7
2.7
2.4732
2.69001
2.4732
2.48319
2.69502
2.69502
2.7
2.7
2.7
2.7
2.7
2.7
2.7
2.7
2.7
2.69502
2.69502
2.34295
2.33291
2.6697
2.69001
2.676
2.69001
2.7
2.7
2.7
2.7
2.7
2.7
2.7
2.7
2.7
2.7
2.7
2.69001
2.67991
2.58387
2.45288
2.58387
2.458
2.67094
2.69502
2.44773
2.43876
2.2349
2.4631
2.21954
2.59391
2.69502
2.69502
2.7
2.7
2.7
2.7
2.7
2.7
2.7
