3.02
3.02
2.95132
3.02
2.87851
2.87851
2.62722
2.13912
1.94085
2.01276
2.19878
2.59708
2.28338
3.02
2.99576
3.02
2.87851
3.02
3.02
3.02
3.02
3.02
3.02
3.00389
2.87851
3.02
2.78494
2.6295
2.44259
2.25855
2.177
3.02
2.7183
2.87851
3.01197
2.78494
3.02
3.02
3.02
3.02
3.02
2.87851
2.85427
3.02
3.01197
3.02
3.02
3.02
3.02
3.02
3.02
3.02
3.02
3.02
3.02
3.02
3.02
3.02
3.02
3.02
2.87851
2.87851
3.02
3.02
3.02
3.02
3.02
3.02
3.02
3.02
3.02
3.02
3.02
3.02
3.02
3.02
2.95132
2.95132
2.79302
2.68589
2.80105
2.87851
3.02
3.00389
2.87851
2.84609
3.00389
2.98758
2.80105
2.80105
3.02
3.02
3.02
3.02
3.02
3.02
3.01197
3.02
3.01197
