2.7
2.7
2.7
2.7
2.68497
2.21954
2.12914
1.84392
1.78465
1.7992
2.33493
2.15538
2.38559
2.45413
2.69502
2.69502
2.7
2.7
2.7
2.7
2.7
2.68605
2.7
2.68605
2.7
2.48319
2.51918
2.22817
2.09765
2.15287
2.41257
2.18265
2.68497
2.46289
2.67564
2.458
2.7
2.7
2.7
2.7
2.7
2.7
2.66073
2.7
2.676
2.7
2.69502
2.7
2.7
2.7
2.7
2.7
2.7
2.7
2.7
2.7
2.7
2.7
2.7
2.7
2.69502
2.65937
2.4732
2.7
2.7
2.69502
2.7
2.7
2.7
2.7
2.7
2.7
2.7
2.7
2.7
2.7
2.59391
2.59391
2.68497
2.58387
2.55962
2.07991
2.5889
2.7
2.47821
2.56344
2.33795
2.5889
2.42764
2.58387
2.7
2.7
2.7
2.7
2.7
2.7
2.7
2.7
2.7
