2.7
2.7
2.7
2.7
2.67482
2.05937
1.90065
1.81218
1.73964
1.84654
2.01684
2.29312
2.28924
2.58387
2.69502
2.7
2.7
2.7
2.7
2.7
2.7
2.7
2.7
2.7
2.7
2.68104
2.21436
2.19334
1.96442
1.97571
2.17183
2.44255
2.67482
2.65937
2.69502
2.47821
2.69502
2.7
2.7
2.7
2.69502
2.69502
2.676
2.69502
2.67991
2.69502
2.69502
2.7
2.7
2.7
2.7
2.7
2.7
2.7
2.7
2.7
2.7
2.7
2.7
2.69502
2.68497
2.69001
2.47821
2.69001
2.7
2.7
2.7
2.7
2.7
2.7
2.7
2.7
2.7
2.7
2.7
2.7
2.7
2.7
2.46816
2.46423
2.4631
2.68497
2.4732
2.69502
2.458
2.45413
2.56859
2.67482
2.46816
2.458
2.7
2.7
2.7
2.7
2.7
2.7
2.7
2.69502
2.7
