2.7
2.7
2.7
2.7
2.32785
2.20391
2.07329
2.05904
1.79116
1.83131
2.27559
2.17528
2.42837
2.69502
2.69001
2.7
2.7
2.7
2.7
2.7
2.69502
2.7
2.7
2.7
2.69502
2.69502
2.26958
2.27198
2.08921
2.12614
2.1574
2.42449
2.4631
2.46816
2.67482
2.69001
2.69001
2.7
2.7
2.7
2.7
2.69001
2.34295
2.59391
2.46816
2.69502
2.7
2.7
2.7
2.7
2.7
2.7
2.7
2.7
2.7
2.7
2.7
2.7
2.7
2.69502
2.34295
2.69001
2.69502
2.7
2.69502
2.7
2.7
2.7
2.7
2.7
2.7
2.7
2.7
2.7
2.7
2.7
2.69502
2.69502
2.5788
2.57371
2.45288
2.4631
2.7
2.68497
2.68497
2.31763
2.46816
2.46816
2.2349
2.69001
2.7
2.7
2.7
2.7
2.7
2.7
2.7
2.7
2.7
