2.7
2.7
2.7
2.69502
2.6697
2.63835
1.98583
1.69713
1.7662
1.90725
2.1574
2.21057
2.30209
2.32785
2.69502
2.7
2.7
2.7
2.7
2.7
2.7
2.7
2.7
2.48319
2.69502
2.5788
2.30209
2.18967
1.97008
2.47913
1.96656
2.54929
2.47821
2.66585
2.4732
2.69502
2.47821
2.69502
2.7
2.7
2.7
2.67991
2.69502
2.25499
2.6697
2.7
2.69502
2.7
2.7
2.7
2.7
2.7
2.7
2.7
2.7
2.7
2.7
2.7
2.7
2.69502
2.68497
2.68497
2.69502
2.69502
2.7
2.7
2.7
2.7
2.7
2.7
2.7
2.7
2.7
2.7
2.7
2.7
2.69502
2.68497
2.69001
2.45353
2.56344
2.2315
2.5788
2.5788
2.32275
2.458
2.32275
2.59391
2.58387
2.68497
2.7
2.69502
2.69502
2.7
2.7
2.7
2.7
2.7
2.7
