3.02
3.02
3.02
3.02
2.92707
2.77681
2.25017
2.14219
2.0992
2.18121
2.69406
2.3807
2.50943
2.71027
3.02
3.02
3.02
3.02
3.02
3.02
3.02
3.02
3.02
3.02
3.02
3.01197
2.42159
2.3158
2.29503
2.20245
2.23325
3.02
2.49303
2.53367
2.53367
2.87048
2.87851
3.02
3.00389
3.02
3.02
3.00389
2.94328
2.78494
2.87851
3.00389
3.02
3.02
3.02
3.02
3.02
3.02
3.02
3.02
3.02
3.02
3.02
3.02
3.02
3.02
2.71027
2.7183
2.7183
2.7183
3.02
3.02
3.02
3.02
3.02
3.02
3.02
3.02
3.02
3.02
3.02
2.87851
3.02
3.02
2.8624
2.7183
2.98758
2.99576
2.8624
3.02
2.87851
2.87851
3.02
2.87851
2.66938
2.87851
2.7183
3.02
3.02
3.02
3.02
3.02
3.02
3.02
3.00389
