2.7
2.7
2.7
2.7
2.34295
2.57371
1.94843
2.13987
1.73278
1.85139
2.12427
2.15535
1.98583
2.30209
2.69502
2.69502
2.7
2.7
2.7
2.7
2.7
2.7
2.7
2.69001
2.7
2.46816
2.22469
2.03468
1.98583
1.99878
2.49028
2.41084
2.21057
2.33291
2.32785
2.5788
2.69502
2.7
2.7
2.7
2.7
2.69502
2.68497
2.67991
2.4732
2.69001
2.69502
2.7
2.7
2.7
2.7
2.7
2.7
2.7
2.7
2.7
2.7
2.7
2.7
2.59391
2.59889
2.69001
2.69001
2.69502
2.68497
2.69502
2.7
2.7
2.7
2.7
2.7
2.7
2.7
2.7
2.7
2.69502
2.68605
2.67991
2.4631
2.69001
2.56859
2.34794
2.69001
2.67991
2.32275
2.69001
2.33291
2.3073
2.6504
2.45919
2.69001
2.7
2.69502
2.7
2.7
2.7
2.7
2.7
2.7
