2.7
2.7
2.7
2.7
2.43358
2.45288
2.0497
1.75013
1.76338
1.97619
2.2702
2.18801
2.41257
2.55447
2.69001
2.7
2.7
2.7
2.7
2.7
2.7
2.7
2.7
2.7
2.69502
2.6697
2.0697
2.19494
1.93556
1.98583
2.20539
2.44391
2.41334
2.45288
2.33795
2.68605
2.4732
2.7
2.7
2.7
2.69502
2.69502
2.66585
2.67035
2.67482
2.46816
2.69001
2.7
2.7
2.7
2.7
2.7
2.7
2.7
2.7
2.7
2.7
2.7
2.7
2.7
2.69502
2.458
2.67482
2.7
2.69001
2.7
2.7
2.7
2.7
2.7
2.7
2.7
2.7
2.7
2.7
2.7
2.7
2.69502
2.4631
2.68497
2.6697
2.458
2.48319
2.54538
2.31828
2.46816
2.67482
2.67035
2.33795
2.34295
2.69502
2.69502
2.69502
2.7
2.7
2.7
2.7
2.7
2.7
