2.7
2.7
2.7
2.7
2.44255
2.30283
1.96552
1.78297
1.79831
1.85483
2.15377
2.19864
2.19334
2.676
2.7
2.69502
2.7
2.7
2.7
2.69502
2.7
2.7
2.7
2.7
2.7
2.46816
2.57371
2.21057
2.16286
1.97115
2.29159
2.55305
2.31763
2.30866
2.22981
2.69502
2.45919
2.7
2.7
2.7
2.7
2.69001
2.68497
2.68497
2.46816
2.7
2.7
2.7
2.7
2.7
2.7
2.7
2.7
2.7
2.7
2.7
2.7
2.7
2.7
2.7
2.69001
2.67482
2.68497
2.7
2.7
2.7
2.7
2.7
2.7
2.7
2.7
2.7
2.7
2.7
2.7
2.7
2.69502
2.59391
2.58387
2.46816
2.45353
2.6697
2.67991
2.69502
2.43358
2.45919
2.65937
2.69001
2.4631
2.69502
2.7
2.68605
2.7
2.7
2.7
2.7
2.7
2.7
2.69001
