2.7
2.7
2.7
2.7
2.67651
2.19334
2.31663
1.75704
1.83303
1.99145
2.2375
2.16637
2.27198
2.42314
2.69502
2.7
2.69502
2.7
2.7
2.7
2.7
2.69502
2.7
2.7
2.7
2.69502
2.22593
2.31763
2.23152
2.11251
2.26477
2.42684
2.22469
2.45288
2.58387
2.58387
2.69001
2.7
2.7
2.7
2.7
2.69502
2.69502
2.5889
2.59889
2.7
2.48319
2.7
2.7
2.7
2.7
2.7
2.7
2.7
2.7
2.7
2.7
2.7
2.7
2.69001
2.45288
2.458
2.59391
2.69502
2.69001
2.7
2.7
2.7
2.7
2.7
2.7
2.7
2.7
2.7
2.7
2.7
2.7
2.69502
2.67991
2.47821
2.5788
2.32275
2.67991
2.69502
2.64519
2.21175
2.43938
2.676
2.45919
2.67991
2.7
2.69001
2.7
2.7
2.7
2.7
2.7
2.7
2.69502
