2.7
2.7
2.7
2.7
2.58387
2.22981
2.1307
1.80217
1.81345
2.10288
2.13174
2.16459
2.19494
2.46816
2.5889
2.34794
2.7
2.7
2.7
2.7
2.7
2.7
2.7
2.69502
2.7
2.69502
2.65558
2.42154
2.22255
2.1592
2.1296
2.53431
2.23997
2.46816
2.458
2.69001
2.69001
2.69502
2.7
2.7
2.7
2.68497
2.69001
2.43938
2.68497
2.68497
2.69001
2.69502
2.7
2.7
2.7
2.7
2.7
2.7
2.7
2.7
2.7
2.7
2.7
2.68497
2.4732
2.67482
2.68104
2.68497
2.7
2.7
2.7
2.7
2.7
2.7
2.7
2.7
2.7
2.7
2.7
2.7
2.7
2.47821
2.676
2.21954
2.57433
2.44903
2.58387
2.68497
2.4631
2.56344
2.57371
2.46816
2.23997
2.67991
2.69502
2.7
2.7
2.7
2.7
2.7
2.7
2.7
2.7
