3.02
3.02
3.02
3.00389
2.8624
2.48475
2.22744
2.34708
2.05384
2.12462
2.24174
2.47642
2.25855
2.71027
3.02
3.02
2.87851
3.02
3.02
3.02
3.02
3.02
3.02
2.87851
3.02
3.00389
2.40538
2.21083
2.3126
2.34708
2.49303
2.69406
3.02
3.02
2.87851
2.7183
2.7183
3.02
3.02
3.02
2.87851
3.02
3.01197
2.99576
2.87851
3.02
3.02
3.01197
3.02
3.02
3.02
3.02
3.02
3.02
3.02
3.02
3.02
3.02
3.02
2.87048
3.02
3.00389
2.87851
3.02
3.00389
3.02
3.02
3.02
3.02
3.02
3.02
3.02
3.02
3.02
3.02
3.02
2.95132
3.02
2.97935
2.84609
3.02
2.87851
2.98758
3.01197
2.96275
2.8624
3.00389
2.87851
2.8624
3.02
3.00389
3.02
3.02
3.02
3.02
3.02
3.02
3.02
2.87048
