3.02
3.02
3.02
3.00389
3.00389
2.38898
2.177
2.05149
2.02206
2.08854
2.82126
2.65267
2.66105
2.87726
2.98758
3.02
3.02
3.02
3.02
3.02
3.02
3.00389
3.02
3.00389
3.02
2.99576
2.22472
2.77522
2.23325
2.25855
2.37237
2.67766
2.79302
2.7183
2.3158
2.9352
3.01197
3.02
3.02
3.02
3.02
3.01197
2.8624
2.79302
2.8624
3.02
3.02
3.02
3.02
3.02
3.02
3.02
3.02
3.02
3.02
3.02
3.02
3.02
3.02
3.02
2.87851
3.02
2.87048
2.99576
3.02
3.02
3.02
3.02
3.02
3.02
3.02
3.02
3.02
3.02
3.02
3.02
3.02
3.02
3.02
3.00389
2.8624
3.02
3.00389
2.8624
2.87851
2.80105
2.9352
2.70219
2.76863
2.79302
3.02
2.95132
2.95132
3.02
3.02
3.02
3.02
3.02
3.01197
