2.7
2.7
2.7
2.7
2.69001
2.45288
2.16385
1.85025
1.78365
1.84556
2.2227
2.57371
2.44773
2.33795
2.69502
2.7
2.7
2.7
2.7
2.7
2.7
2.7
2.7
2.7
2.7
2.69001
2.21436
2.56474
2.11824
2.27559
1.99139
2.63835
2.3073
2.22981
2.34295
2.66585
2.67482
2.7
2.7
2.7
2.69502
2.69001
2.6697
2.67482
2.676
2.69001
2.69502
2.69502
2.7
2.7
2.7
2.7
2.7
2.7
2.7
2.7
2.7
2.7
2.7
2.69001
2.68497
2.68497
2.69001
2.33795
2.5889
2.69502
2.7
2.7
2.7
2.7
2.7
2.7
2.7
2.7
2.7
2.7
2.7
2.69502
2.5788
2.22469
2.458
2.69502
2.66073
2.69502
2.67482
2.23997
2.66455
2.31763
2.29159
2.07991
2.7
2.7
2.7
2.7
2.7
2.7
2.7
2.69001
2.7
