3.02
3.02
2.87851
2.87851
3.00389
2.9352
2.24384
2.1067
1.93601
2.24091
2.34708
2.26005
2.29156
3.02
2.87851
3.02
3.02
3.02
3.02
3.02
3.02
3.02
3.02
3.02
3.01197
2.87851
2.75213
2.177
2.37237
2.41665
2.49303
2.6295
2.84609
2.50943
2.51756
2.84609
3.01197
3.02
3.02
3.02
3.02
3.02
2.8624
3.01197
3.02
2.8624
3.00389
3.02
3.02
3.02
3.02
3.02
3.02
3.02
3.02
3.02
3.02
3.02
3.02
3.02
3.02
2.94328
2.95132
2.87851
3.00389
3.02
3.02
3.02
3.02
3.02
3.02
3.02
3.02
3.02
3.02
3.02
3.02
2.87851
3.02
2.84609
2.87851
2.87851
2.99576
3.02
2.78494
2.95132
2.87851
3.02
2.76863
2.87048
3.01197
3.02
3.02
3.02
3.02
3.02
3.02
3.02
3.01197
