2.7
2.7
2.7
2.7
2.67482
2.27732
1.92829
1.93915
1.81345
1.99253
2.24125
2.44255
2.39456
2.4732
2.69001
2.7
2.7
2.7
2.7
2.7
2.7
2.69502
2.7
2.68104
2.69502
2.69001
2.44255
2.42905
2.0668
2.16637
2.29686
2.44255
2.21954
2.48319
2.69502
2.7
2.69502
2.7
2.7
2.7
2.7
2.7
2.69001
2.68497
2.4732
2.7
2.67991
2.7
2.7
2.7
2.7
2.7
2.7
2.7
2.7
2.7
2.7
2.7
2.7
2.69502
2.458
2.69502
2.47821
2.69502
2.7
2.7
2.7
2.7
2.7
2.7
2.7
2.7
2.7
2.7
2.7
2.7
2.69502
2.69502
2.66455
2.68497
2.458
2.05937
2.59889
2.25499
2.5788
2.5794
2.44773
2.68497
2.66455
2.4732
2.47821
2.7
2.7
2.7
2.7
2.7
2.7
2.59391
2.59889
