2.7
2.7
2.7
2.69502
2.66455
2.42684
1.94266
1.94938
1.81697
1.85185
2.2702
2.26477
2.28262
2.31763
2.7
2.7
2.69502
2.7
2.7
2.7
2.7
2.69502
2.69502
2.7
2.7
2.47821
2.20915
2.15191
2.33735
2.09421
2.1296
2.22469
2.57371
2.66455
2.676
2.47821
2.48319
2.7
2.7
2.7
2.7
2.69001
2.68497
2.69502
2.45919
2.7
2.7
2.7
2.7
2.7
2.7
2.7
2.7
2.7
2.7
2.7
2.7
2.7
2.59391
2.59391
2.43358
2.69001
2.67482
2.69502
2.7
2.7
2.7
2.7
2.7
2.7
2.7
2.7
2.7
2.7
2.7
2.7
2.7
2.7
2.458
2.33795
2.45863
2.458
2.69502
2.67991
2.458
2.69001
2.458
2.67991
2.44773
2.68497
2.69502
2.69502
2.7
2.7
2.7
2.7
2.7
2.7
2.7
