3.02
3.02
3.02
3.02
2.7183
2.80105
2.15976
2.15976
2.04479
2.12303
2.37237
2.78494
2.20245
2.48475
2.87851
3.02
3.02
3.02
3.02
3.02
3.02
2.87048
3.02
3.02
2.87851
3.02
2.69406
2.69406
2.37237
2.30385
2.69088
2.8624
2.87851
2.28338
2.87851
2.87851
3.00389
3.02
3.02
3.02
3.02
2.95132
2.80105
2.98758
3.02
2.87851
3.02
3.02
3.02
3.02
3.02
3.02
3.02
3.02
3.02
3.02
3.02
3.02
3.02
2.87851
3.02
3.02
3.02
2.7183
3.02
3.02
3.02
3.02
3.02
3.02
3.02
3.02
3.02
3.02
3.02
3.02
3.01197
2.87851
2.84609
2.83786
2.7183
2.57225
3.02
3.02
2.85427
2.66105
2.95132
2.6295
2.79302
2.95132
2.94328
3.02
3.02
3.02
3.02
3.02
3.02
3.00389
3.02
