3.02
3.02
3.02
3.02
2.8624
2.40538
2.22153
2.1067
1.9726
2.04046
2.177
2.57225
2.21083
2.70219
3.00389
3.02
3.02
3.02
3.02
3.02
3.02
2.87851
3.02
3.00389
3.02
2.87048
2.61338
2.72699
2.14594
2.32995
2.38898
3.01197
2.58057
2.78494
2.8624
2.87851
3.02
3.02
3.02
3.02
3.02
3.02
2.69406
3.02
2.80105
3.02
3.02
3.02
3.02
3.02
3.02
3.02
3.02
3.02
3.02
3.02
3.02
3.02
3.02
3.00389
2.7183
2.87851
2.8624
2.87851
3.02
3.02
3.02
3.02
3.02
3.02
3.02
3.02
3.02
3.02
3.02
3.02
2.87851
3.00389
2.71027
2.87851
2.87851
3.00389
2.87851
3.02
2.87851
2.87851
2.85427
2.95132
2.70219
3.02
2.87851
3.01197
3.02
3.02
3.02
3.02
3.02
2.87851
3.00389
