3.02
3.02
3.02
3.02
2.70219
3.00389
2.19402
2.11569
1.9813
2.11009
2.21613
2.21083
2.46804
2.8624
2.95132
3.02
3.02
3.02
3.02
3.02
3.02
3.02
3.02
2.87851
3.02
2.87048
2.50125
2.22472
2.3126
2.57225
2.58885
2.87851
2.97108
2.82959
2.80105
2.80105
3.02
3.02
3.02
3.02
3.02
3.00389
3.01197
2.87851
2.80105
3.02
3.02
3.02
3.02
3.02
3.02
3.02
3.02
3.02
3.02
3.02
3.02
3.02
3.02
3.02
3.02
3.00389
2.87851
2.87851
3.02
3.02
3.02
3.02
3.02
3.02
3.02
3.02
3.02
3.02
3.02
3.02
3.02
3.02
2.70219
2.67766
2.87048
2.60526
2.87851
3.02
2.83786
2.87851
2.52564
3.00389
2.71027
2.87851
3.02
3.02
2.87851
3.02
3.02
3.02
3.02
3.02
2.87851
