2.7
2.7
2.7
2.69502
2.66585
2.44391
2.086
1.892
1.78122
1.76592
2.15191
2.30209
2.16829
2.33291
2.47821
2.7
2.7
2.7
2.7
2.7
2.7
2.69502
2.7
2.69502
2.69502
2.67991
2.4631
2.19864
2.22016
2.3407
2.21908
2.22022
2.55826
2.44773
2.4732
2.69001
2.69001
2.69502
2.7
2.7
2.69502
2.7
2.69502
2.48319
2.4631
2.69502
2.69502
2.7
2.7
2.7
2.7
2.7
2.7
2.7
2.7
2.7
2.7
2.7
2.7
2.69001
2.45288
2.67094
2.4631
2.69001
2.69001
2.7
2.7
2.7
2.7
2.7
2.7
2.7
2.7
2.7
2.7
2.7
2.7
2.48319
2.45413
2.64587
2.6697
2.67991
2.46816
2.59391
2.59391
2.68497
2.5788
2.56859
2.4631
2.34295
2.59391
2.69001
2.7
2.7
2.7
2.7
2.7
2.7
2.7
