3.02
3.02
3.02
3.02
2.87851
2.62146
2.26688
2.14231
2.07014
2.08854
2.49303
2.37237
2.66938
2.68589
2.87851
3.02
3.02
3.02
3.02
3.02
3.02
3.02
3.02
3.00389
3.02
3.00389
2.47642
2.19576
2.23325
2.25696
2.66105
2.72699
2.98758
2.6295
2.7183
2.87851
3.02
3.02
3.02
3.02
3.02
3.02
3.02
3.00389
2.80105
2.78494
3.02
3.02
3.02
3.02
3.02
3.02
3.02
3.02
3.02
3.02
3.02
3.02
3.02
3.02
2.87851
2.95132
2.94328
2.87851
3.02
3.02
3.02
3.02
3.02
3.02
3.02
3.02
3.02
3.02
3.02
3.02
3.00389
3.02
3.00389
2.66938
2.70219
2.8624
3.02
3.02
2.87851
2.98758
2.98758
3.01197
3.01197
3.02
2.87851
2.9352
3.02
3.02
3.02
3.02
3.02
3.02
2.87851
