3.02
3.02
3.02
3.02
2.52564
2.53367
2.3213
2.08854
2.04206
2.07937
2.55544
2.47642
2.08541
2.8624
2.87851
3.02
3.02
3.02
3.02
3.02
3.02
3.02
3.02
3.02
2.8624
2.6295
2.81288
2.67766
2.47642
2.15976
2.66105
2.51756
2.87851
2.8624
2.3158
3.02
2.7183
3.02
3.02
3.02
3.02
3.02
2.84609
2.7183
2.87048
3.00389
3.00389
3.02
3.02
3.02
3.02
3.02
3.02
3.02
3.02
3.02
3.02
3.02
3.02
3.01197
2.8624
2.87048
3.01197
3.00389
3.02
3.02
3.02
3.02
3.02
3.02
3.02
3.02
3.02
3.02
3.02
3.02
3.01197
3.00389
2.8624
2.7183
2.66938
3.02
2.7183
2.7183
3.00389
2.9189
2.87851
2.76863
2.87851
2.87048
2.8624
3.02
3.02
3.02
3.02
3.02
3.02
3.02
2.87851
