3.02
3.02
3.02
3.02
3.00389
2.68589
2.42535
2.13031
1.88416
2.15976
2.45961
2.58057
2.49303
2.98758
2.87048
3.02
3.02
3.02
3.02
3.02
3.02
3.02
3.02
3.02
3.01841
2.91067
2.58726
2.3624
2.30225
2.35556
2.64949
2.79302
2.87851
2.71027
2.52564
3.02
3.00389
3.00389
3.02
3.02
3.02
3.02
2.87851
3.02
2.87851
3.02
2.87048
3.02
3.02
3.02
3.02
3.02
3.02
3.02
3.02
3.02
3.02
3.02
3.02
2.87851
3.01197
2.84609
3.00389
3.02
3.02
3.02
3.01197
3.02
3.02
3.02
3.02
3.02
3.02
3.02
3.02
3.02
3.02
3.02
3.00389
2.8624
2.87851
2.70219
3.00389
2.87851
2.98758
2.7183
2.97108
2.87851
3.00389
2.87851
3.00389
3.02
3.02
3.02
3.02
3.02
3.02
3.02
3.02
