2.7
2.7
2.7
2.69001
2.68497
2.43734
1.98783
1.80894
1.75625
2.1815
2.02405
2.16829
2.15191
2.7
2.7
2.7
2.7
2.7
2.7
2.7
2.7
2.7
2.7
2.69502
2.7
2.7
2.32275
2.41084
1.9192
1.99239
2.41621
2.54781
2.32275
2.69502
2.69001
2.4631
2.676
2.7
2.7
2.7
2.7
2.69502
2.69001
2.69001
2.7
2.7
2.69001
2.69001
2.7
2.7
2.7
2.7
2.7
2.7
2.7
2.7
2.7
2.7
2.7
2.69502
2.45288
2.67482
2.68497
2.68104
2.7
2.7
2.7
2.7
2.7
2.7
2.7
2.7
2.7
2.7
2.7
2.48319
2.69502
2.69502
2.47821
2.65558
2.68497
2.5788
2.4732
2.48319
2.33398
2.45413
2.31763
2.4631
2.42967
2.676
2.69502
2.7
2.7
2.7
2.7
2.7
2.7
2.69502
2.48319
