3.02857
3.10841
3.03366
3.05007
2.84784
3.01129
2.97033
3.03399
2.93767
2.93433
2.97945
3.07207
2.88451
3.03457
2.80519
2.88933
2.9477
3.15811
2.97387
3.03206
2.96544
2.94091
2.96849
2.99308
2.92511
2.92506
2.90168
2.7662
2.79209
2.73801
2.72686
2.73055
2.6717
2.69305
2.76755
2.88099
2.81074
2.93831
2.89413
3.01125
2.83796
2.80801
2.92132
2.74582
2.77341
2.8882
2.75096
2.82105
2.9727
3.00814
2.85133
2.92771
2.86197
3.08653
3.02322
2.91411
2.95111
2.79758
2.80656
2.93759
2.75025
2.97798
2.56696
2.54879
2.61815
2.64308
2.73578
2.81081
2.76498
2.93029
2.7814
3.05934
2.96231
3.16028
3.04906
3.16825
3.04964
3.05588
2.99669
2.89786
3.04332
3.11517
2.99069
3.06114
2.98421
3.05139
3.07433
2.89026
2.7998
2.58762
2.82927
2.83608
2.73778
2.86269
2.64311
2.86645
2.764
2.78506
2.87201
