3.06548
3.11955
3.00554
2.97132
2.93563
2.89328
2.98923
3.02496
2.94674
2.99559
2.99531
2.91509
2.74514
2.96216
2.92964
3.10808
3.04262
3.09632
2.8691
2.97856
2.93482
3.01717
2.8347
2.98618
2.9402
2.91721
2.83283
2.85337
2.6901
2.73167
2.63417
2.6685
2.69093
2.78657
2.72823
2.74445
2.81545
2.92874
2.9659
3.02375
2.8443
3.07045
2.74987
2.79134
2.83319
2.96537
2.87244
2.8795
2.88729
3.01262
2.86151
2.96596
2.7994
3.00087
2.74186
2.74877
3.01422
2.8523
2.78399
2.9593
2.85315
2.8836
2.54815
2.63036
2.52843
2.64837
2.4257
2.84402
2.68026
3.00665
2.89244
2.99865
2.93512
2.99205
3.12876
3.15081
2.86875
3.09336
3.15515
3.07866
3.06686
3.0613
3.03006
3.08536
3.03999
3.08199
3.01745
2.99383
2.92076
2.85974
2.74436
2.75354
2.64077
2.69333
2.67247
2.8337
2.76078
3.00217
2.81001
