0.45
0.46
0.59
0.72
0.90
0.94
1.24
1.33
1.47
1.41
1.14
1.09
1.10
0.93
0.86
0.71
0.58
0.45
0.45
0.49
0.63
0.75
0.64
0.74
0.87
0.87
1.00
1.08
1.17
1.18
1.09
0.99
0.96
0.91
0.90
0.92
0.86
0.72
0.57
0.56
0.66
0.76
0.82
0.90
0.91
0.84
0.74
0.64
0.58
0.54
0.43
0.38
0.34
0.30
0.28
0.30
0.35
0.39
0.57
0.79
0.85
0.90
0.83
0.82
0.68
0.61
0.54
0.49
0.41
0.33
0.31
0.40
0.47
0.53
0.50
0.61
0.78
0.78
0.88
0.90
0.93
0.95
0.83
0.78
0.98
0.96
0.94
0.90
0.96
0.90
0.83
0.69
0.73
0.59
0.46
0.45
0.61
0.73
0.72
0.76
