0.41
0.47
0.50
0.74
0.95
1.06
1.17
1.35
1.45
1.36
1.15
1.19
1.06
0.97
0.73
0.73
0.63
0.54
0.44
0.48
0.57
0.69
0.59
0.71
0.82
0.80
0.99
1.02
1.23
1.18
1.10
1.04
0.98
1.06
0.88
0.86
0.80
0.69
0.53
0.56
0.65
0.78
0.86
0.84
0.89
0.81
0.82
0.65
0.58
0.57
0.44
0.37
0.35
0.29
0.30
0.31
0.37
0.47
0.61
0.81
0.84
0.91
0.76
0.83
0.72
0.56
0.59
0.47
0.43
0.30
0.33
0.37
0.42
0.45
0.53
0.64
0.70
0.83
0.90
0.91
0.91
0.87
0.82
0.82
0.96
0.95
0.94
0.87
0.88
0.85
0.75
0.79
0.66
0.58
0.44
0.45
0.59
0.69
0.75
0.68
