0.42
0.52
0.60
0.85
1.00
1.07
1.31
1.41
1.53
1.36
1.25
1.18
1.14
0.93
0.81
0.69
0.55
0.52
0.49
0.48
0.60
0.70
0.66
0.69
0.78
0.96
1.10
1.09
1.30
1.18
1.17
1.03
1.04
0.99
0.95
0.93
0.94
0.83
0.59
0.58
0.77
0.84
1.03
0.88
0.90
0.91
0.83
0.77
0.63
0.63
0.49
0.41
0.38
0.30
0.32
0.31
0.35
0.45
0.63
0.92
0.94
0.89
0.91
0.85
0.77
0.69
0.62
0.46
0.41
0.33
0.34
0.39
0.46
0.48
0.55
0.72
0.79
0.81
1.01
1.04
1.03
1.00
0.85
0.86
1.02
0.95
1.02
0.92
0.98
0.93
0.82
0.75
0.66
0.59
0.46
0.51
0.68
0.75
0.70
0.69
