0.42
0.48
0.59
0.76
1.00
0.97
1.33
1.45
1.41
1.36
1.23
1.09
1.17
0.89
0.83
0.75
0.64
0.52
0.47
0.51
0.58
0.70
0.66
0.85
0.88
0.93
1.18
1.11
1.20
1.16
1.17
1.05
1.02
1.07
0.93
0.90
0.93
0.73
0.61
0.48
0.68
0.75
0.89
0.92
0.88
0.91
0.83
0.72
0.73
0.65
0.45
0.45
0.34
0.29
0.30
0.31
0.34
0.42
0.69
0.85
0.86
0.93
0.90
0.83
0.82
0.68
0.60
0.47
0.44
0.33
0.33
0.42
0.45
0.49
0.51
0.68
0.81
0.87
1.00
1.06
1.11
1.03
1.00
0.88
0.97
1.01
0.92
0.89
1.11
1.05
0.81
0.74
0.75
0.60
0.45
0.41
0.58
0.78
0.73
0.75
