0.40
0.56
0.62
0.74
1.01
0.99
1.13
1.37
1.42
1.27
1.21
1.12
1.09
0.96
0.81
0.63
0.50
0.52
0.48
0.51
0.54
0.66
0.58
0.75
0.70
0.89
1.10
1.11
1.19
1.22
1.17
1.02
0.96
0.94
0.93
0.93
0.90
0.63
0.53
0.51
0.65
0.73
0.93
0.89
0.83
0.79
0.74
0.66
0.56
0.59
0.44
0.39
0.38
0.28
0.29
0.32
0.34
0.42
0.52
0.85
0.82
0.92
0.87
0.83
0.69
0.67
0.65
0.49
0.46
0.32
0.33
0.38
0.43
0.57
0.55
0.59
0.73
0.80
0.90
0.94
0.96
0.93
0.84
0.85
0.90
0.91
0.97
0.92
0.92
0.82
0.79
0.69
0.72
0.64
0.46
0.44
0.61
0.80
0.77
0.76
