16,-15,272.25461654742065
16,-14,100.0
16,-13,132.34710591629698
16,-12,100.0
16,-11,100.0
15,-11,202.32560478849052
14,-11,136.98760792487593
15,-11,234.424926759496
14,-11,100.0
14,-10,100.0
13,-10,100.0
12,-10,100.0
11,-10,126.43224700847112
11,-9,342.6448447764087
12,-9,100.0
12,-8,100.0
11,-8,450.0346775005391
11,-7,100.0
10,-7,332.6423010013713
9,-7,280.4830035907281
8,-7,186.93794194886013
8,-6,404.6655497854704
8,-5,513.6200826241326
8,-4,294.32835246593555
7,-4,483.13043135609576
7,-5,213.4752696421648
7,-4,188.8494811617212
8,-4,100.0
7,-4,514.5527218231173
6,-4,100.0
6,-3,364.29016973814345
5,-3,617.1823828083151
4,-3,1156.640314049277
4,-2,567.6310446304176
4,-1,265.8398377220594
5,-1,670.0094566511864
4,-1,611.4512579828289
3,-1,740.2607319530453
2,-1,691.1338859592244
2,0,323.4247213769071
2,1,666.6749057677671
2,2,413.8470492477745
1,2,252.03826931996457
0,2,429.76565928374896
0,3,984.4773592187627
-1,3,766.4614755233399
0,3,275.60147099331624
-1,3,344.054942244378
-2,3,726.3887421198783
-2,4,372.5593787041421
-2,5,850.1795952016257
-2,6,141.35168068012734
-1,6,228.12812105364182
0,6,625.8509601362081
-1,6,634.9867420228359
-2,6,188.14382867925934
-1,6,100.0
-2,6,355.17606057149914
-2,7,618.9375230859747
-1,7,162.48917543390854
-2,7,409.7567982808095
-1,7,287.69390147329005
-2,7,805.6708418283316
-2,6,310.26243785686063
-3,6,493.97608598260945
-3,7,215.74989035212607
-4,7,227.19707266590612
-4,8,158.54719552209173
-5,8,240.29018208161392
-5,9,108.22564490829012
-6,9,165.44586632916366
-5,9,322.05971569658425
-5,10,243.87338708980653
-6,10,205.25066530646072
-7,10,275.8211267777881
-8,10,100.0
-9,10,687.0081917331706
-10,10,106.14586185986522
-11,10,411.84567589880845
-12,10,383.1955146016006
-13,10,510.5498331219124
-13,9,389.94812466646215
-13,10,368.74952461359806
-12,10,119.76423243589589
-12,11,144.07364217411117
-13,11,100.0
-13,10,100.0
-13,11,292.45146014074635
-14,11,245.0072645231714
-15,11,100.0
-15,12,323.39105683928557
-16,12,100.0
-16,11,100.0
-15,11,119.70819508698968
-16,11,207.691956038524
-15,11,296.91233868002723
-15,10,163.56751409199597
-14,10,146.33862660857096
-14,11,100.0
-14,12,192.2114318546148
-14,11,100.0
-13,11,114.73192714630352
-12,11,350.1638708909329
-12,10,195.56502145499593
-12,9,308.6360146048248
-11,9,100.0
-11,8,402.0561747161622
-11,7,215.41623310816243
-11,8,100.0
-11,7,390.007288314383
-12,7,270.7283725726339
-12,8,100.0
-13,8,100.0
-12,8,287.22502765369177
-12,9,100.0
-11,9,816.7080739300151
-11,8,100.0
-10,8,726.8003495307969
-10,7,341.37698964177156
-9,7,138.91073034389402
-9,8,917.4264961772187
-10,8,358.17604488437877
-10,7,100.0
-9,7,419.74624767823855
-10,7,340.4816151784222
-10,6,526.146708733972
-10,5,112.86622750337318
-9,5,295.5765223571656
-8,5,458.8885906652824
-8,4,324.55030706806605
-8,3,663.9292528229583
-8,2,191.06831310523614
-8,1,319.4508640361803
-7,1,856.6670430762899
-7,0,993.9431062645825
-7,-1,350.643631607135
-7,-2,341.71071138677667
-6,-2,581.2921484339504
-6,-3,623.5295409903985
-6,-4,253.0567099396267
-5,-4,448.7504163955682
-4,-4,281.51924989968444
-3,-4,406.28027759434997
-3,-3,726.6261408577552
-3,-4,264.65155968229885
-3,-3,235.73120986119915
-3,-4,308.4824808084397
-3,-5,196.43613120533718
-4,-5,310.11046352974074
-3,-5,336.62306471508657
-2,-5,327.19226670535363
-2,-6,833.4288615975431
-1,-6,480.00145007429967
-1,-7,412.18827161850083
0,-7,327.83839035303504
0,-8,591.4303296584515
-1,-8,100.0
-2,-8,322.3201049487416
-3,-8,347.2660907329523
-2,-8,352.2137608766685
-1,-8,100.0
-2,-8,311.90506610015905
-3,-8,659.5973882613409
-4,-8,476.8170763297526
-3,-8,416.27230615069845
-4,-8,430.23040906571885
-3,-8,576.5773981464826
-4,-8,616.6038226590525
-3,-8,305.03811226866196
-2,-8,502.0585619746636
-3,-8,310.1090417693398
-4,-8,127.59450516164183
-5,-8,174.1103035826826
-6,-8,175.0584023837513
-5,-8,107.64420074909401
-6,-8,563.2690285625392
-5,-8,192.3240741895832
-6,-8,117.37162660649102
-7,-8,279.6198716831973
-6,-8,230.50845064113145
-5,-8,283.4369607170137
-6,-8,420.6502823816455
-7,-8,100.0
-8,-8,773.7605276882789
-9,-8,171.0112338956569
-10,-8,682.6824300514195
-11,-8,212.2271361795967
-12,-8,100.0
-11,-8,100.0
-12,-8,178.86717639568434
-13,-8,378.04051645770664
-14,-8,568.9002237900668
-15,-8,100.0
-16,-8,332.9301267557871
-17,-8,100.0
-16,-8,103.82660505143843
-15,-8,100.0
-15,-7,100.0
-14,-7,100.0
-14,-8,100.0
-13,-8,344.9079132985481
-12,-8,406.1711650016253
-11,-8,100.0
-11,-7,100.0
-10,-7,122.49810995984217
-9,-7,100.0
-10,-7,108.028856183269
-9,-7,265.7539960820304
-9,-8,148.6066160206687
-9,-7,150.5322110314252
-8,-7,227.84218397003423
-7,-7,625.1084572265759
-7,-8,253.3107487219638
-6,-8,100.0
-5,-8,318.9786892043318
-5,-9,703.8477367708592
-6,-9,100.0
-5,-9,166.88377764817358
-4,-9,197.52155540466325
-5,-9,202.28910272495034
-4,-9,318.04170648118924
-3,-9,156.76028255630698
-3,-10,761.0422717662414
-3,-11,164.91024018619072
-2,-11,173.00240082851113
-1,-11,824.4346975979178
0,-11,100.0
1,-11,281.0875569515951
0,-11,597.2410785132615
1,-11,102.60403968606157
1,-12,100.0
0,-12,527.9923820154717
-1,-12,943.3177788761838
0,-12,259.188296704187
0,-13,184.9220282509281
1,-13,265.7049934538291
2,-13,100.0
2,-14,222.245750471412
3,-14,291.0566804848654
4,-14,188.61619954608818
5,-14,553.7326539457695
6,-14,731.4994892325934
6,-15,272.73475260393303
7,-15,181.68736975245648
7,-14,663.3096142572203
6,-14,597.2983025963267
7,-14,261.142598337827
8,-14,100.0
9,-14,538.1061633450358
10,-14,163.18936789889275
11,-14,100.0
12,-14,112.34978933173807
13,-14,100.0
14,-14,100.0
14,-15,100.0
15,-15,100.0
14,-15,109.92172046942133
14,-16,100.0
14,-17,321.30731960827615
14,-16,619.1626570370521
15,-16,100.0
16,-16,100.0
16,-17,100.0
16,-18,100.0
16,-19,100.0
16,-20,100.0
17,-20,100.0
18,-20,106.94696920723791
19,-20,100.0
20,-20,100.0
20,-19,100.0
20,-18,100.0
20,-17,100.0
20,-16,100.0
20,-17,100.0
20,-18,100.0
20,-17,100.0
20,-16,100.0
20,-15,100.69780129592743
20,-14,100.0
20,-13,100.0
20,-12,100.0
20,-11,100.0
20,-10,100.0
20,-9,100.0
20,-8,100.0
19,-8,100.0
18,-8,167.2452019407794
17,-8,100.0
16,-8,196.23193580318969
15,-8,100.0
14,-8,749.694174170291
13,-8,159.47013157414608
12,-8,442.02705365546825
11,-8,100.0
10,-8,100.0
10,-7,153.6496680155642
9,-7,500.1175855993411
8,-7,100.0
7,-7,704.6366387667975
7,-8,221.18300950049468
6,-8,326.38108073271167
5,-8,149.22764880155677
6,-8,265.7086018841638
6,-9,238.80176729932344
5,-9,493.78698364369285
4,-9,105.62100599949552
3,-9,540.2638246041943
4,-9,187.1071187943155
5,-9,270.06707015381005
4,-9,392.8757814574526
4,-10,232.23463544191037
3,-10,445.82374782911677
4,-10,100.0
4,-11,662.168361795908
3,-11,144.19801647108144
2,-11,100.0
1,-11,668.1374854367086
0,-11,149.4254962465318
-1,-11,184.7382628832611
-1,-12,100.0
-2,-12,421.91379825949264
-3,-12,517.2526993236011
-3,-13,581.3413157477694
-4,-13,325.1140890999319
-5,-13,798.4049096012643
-6,-13,119.55384757154
-5,-13,265.6375464746655
-6,-13,100.0
-6,-14,100.0
-7,-14,397.0805392219356
-6,-14,152.23932863492183
-7,-14,223.76527077989005
-7,-15,100.0
-8,-15,100.0
-9,-15,194.50555165272755
-10,-15,100.0
-11,-15,100.0
-10,-15,130.60946650100868
-11,-15,130.0360117061049
-12,-15,271.79890724937536
-13,-15,100.0
-14,-15,357.6706791321956
-15,-15,100.0
-15,-16,100.0
-16,-16,100.0
-17,-16,100.0
-18,-16,100.0
-19,-16,100.0
-20,-16,100.0
-19,-16,100.0
-19,-17,100.0
-18,-17,100.0
-18,-16,100.0
-17,-16,100.0
-16,-16,199.1636554130757
-15,-16,245.65159512076187
-15,-15,160.00902234470271
-14,-15,100.0
-13,-15,100.0
-12,-15,100.0
-12,-16,100.0
-12,-15,158.97542936604174
-13,-15,100.0
-12,-15,307.7900713314105
-11,-15,100.0
-10,-15,100.0
-9,-15,290.94929937378686
-8,-15,177.4424509256176
-9,-15,100.0
-9,-16,100.0
-9,-15,242.36567885269204
-8,-15,184.38069698416035
-8,-14,100.0
-7,-14,159.82713026363166
-6,-14,204.57925805375692
-5,-14,510.4271255069768
-5,-13,169.4576420573743
-4,-13,228.75479037658582
-3,-13,100.0
-2,-13,100.0
-1,-13,294.74973743136934
-1,-12,100.0
-2,-12,426.9078327380387
-1,-12,603.721622516973
-1,-11,469.3791814812895
-1,-12,505.0795294110699
-2,-12,100.0
-1,-12,253.55616576428434
-1,-11,539.729012553197
0,-11,491.8409551212368
0,-10,294.45213054166396
0,-9,325.6572608459392
-1,-9,480.1790623725812
0,-9,553.4424771325364
1,-9,452.7995207950375
0,-9,857.2611716814197
-1,-9,250.16753179516104
0,-9,602.4808775824771
-1,-9,204.4234128721023
0,-9,288.6913566137855
1,-9,756.3864269813959
2,-9,586.3036953130496
2,-8,315.45605730855186
3,-8,566.276097371848
4,-8,342.72077701470903
4,-9,375.1025972205912
3,-9,369.0017890389379
2,-9,252.44113840700498
1,-9,866.5087962627676
1,-10,412.4954412688121
0,-10,837.2496278224405
0,-11,409.13152874675603
0,-12,117.88994270866044
0,-11,750.9598585746518
1,-11,465.87759796278317
1,-12,415.52520520788744
2,-12,100.0
2,-11,403.57985178308036
2,-10,204.24746196869145
2,-9,508.1652130162126
3,-9,268.28059932649137
2,-9,182.9197572521475
2,-8,383.3155674711581
2,-9,277.7075202931389
3,-9,100.0
3,-8,208.50878553159993
4,-8,529.1313321423827
5,-8,760.7771402770309
6,-8,437.4785804990497
6,-7,137.38681799966193
6,-6,250.2190109618643
7,-6,435.84071312711944
7,-7,100.0
6,-7,100.0
7,-7,100.0
8,-7,100.0
8,-6,100.0
7,-6,292.07153470660575
7,-5,516.3800652956688
7,-4,259.38465497744653
8,-4,720.8017544999275
9,-4,682.9504093582633
9,-3,145.15563010925484
9,-2,1106.9293974255927
10,-2,266.25643778426496
9,-2,100.0670787172705
10,-2,545.4154716281042
10,-1,939.5319722556497
11,-1,743.3911952344622
11,0,254.17933015998048
12,0,288.8673570251621
12,1,357.0751620004794
12,2,314.98966295747255
13,2,337.26449224537754
13,3,233.9242624775805
12,3,100.0
12,4,229.7546388940381
13,4,366.4302290714046
12,4,137.05381269024673
12,5,144.28000141101043
13,5,100.0
14,5,598.410946850827
13,5,322.3932767755256
13,4,499.4601153147528
14,4,221.1853282461588
14,5,100.0
15,5,368.27402320470884
16,5,175.60117174515756
17,5,320.04877275811145
18,5,293.1657356506082
18,6,165.3853522821799
18,7,100.0
18,8,100.0
19,8,100.0
20,8,104.27550610472113
19,8,100.0
18,8,100.0
17,8,100.0
16,8,100.0
15,8,100.0
14,8,316.43062957973984
13,8,160.97851703609106
12,8,100.0
12,9,119.32564372680716
12,8,528.7063785522796
12,7,100.0
12,6,376.09323131857366
12,5,187.500710130348
12,4,416.2901990235339
12,3,229.97664631371595
13,3,389.1611703035744
12,3,100.0
13,3,100.0
14,3,655.0284408776236
13,3,100.0
14,3,260.53991499514325
13,3,619.8069234141228
13,2,482.4550866785673
13,1,100.0
