16,-15,50.0
16,-15,50.0
16,-14,50.0
16,-14,50.0
16,-13,50.0
16,-13,50.0
16,-12,402.51795683299804
16,-12,112.22115023821783
16,-11,64.92388009046081
16,-11,50.0
15,-11,50.0
15,-11,72.02255651971424
14,-11,50.0
14,-11,50.0
15,-11,50.0
15,-11,191.0728763915579
14,-11,50.0
14,-11,50.0
14,-10,88.33481191126567
14,-10,264.5988452673963
13,-10,50.0
13,-10,171.58356318940272
12,-10,323.8881909507856
12,-10,160.58573602957267
11,-10,50.0
11,-10,218.02038948166538
11,-9,238.97685070550781
11,-9,400.3192396700547
12,-9,50.0
12,-9,50.0
12,-8,50.760204931429
12,-8,50.0
11,-8,50.0
11,-8,53.54374300487967
11,-7,96.20607889962601
11,-7,50.0
10,-7,50.0
10,-7,152.1105339633043
9,-7,614.3899452430394
9,-7,257.0118706258839
8,-7,137.90152495245957
8,-7,50.0
8,-6,64.01418381754716
8,-6,221.602530752474
8,-5,50.0
8,-5,127.22653480428761
8,-4,50.0
8,-4,357.7370116068487
7,-4,310.9388723144409
7,-4,212.21312581394488
7,-5,50.0
7,-5,214.56896804482065
7,-4,399.95998515121164
7,-4,133.75226660227577
8,-4,76.71394838181288
8,-4,230.01195128935072
7,-4,376.5572868781457
7,-4,404.20006578631217
6,-4,50.0
6,-4,270.2104217359188
6,-3,176.37131475766415
6,-3,195.80730217903997
5,-3,150.5468730274354
5,-3,166.45368665656162
4,-3,131.52754997163214
4,-3,366.182244626571
4,-2,277.8518093851638
4,-2,486.90722811481334
4,-1,540.7886890326746
4,-1,173.87760919923684
5,-1,219.07562284146363
5,-1,173.18170600733808
4,-1,496.9926387703757
4,-1,351.88442011142365
3,-1,232.40542946565313
3,-1,447.68020383100406
2,-1,344.8948411981515
2,-1,491.29483144310154
2,0,355.23544239272724
2,0,317.3365662886764
2,1,285.99793367395694
2,1,315.91121887532927
2,2,486.9997376725229
2,2,691.0037337410879
1,2,384.14520053294484
1,2,193.62676935173386
0,2,332.04004659460134
0,2,618.9414085519936
0,3,610.3285128881304
0,3,363.91848951337863
-1,3,386.62114980481334
-1,3,302.60418322063936
0,3,332.12372771604055
0,3,455.4304121393236
-1,3,383.0319002135516
-1,3,345.30033480613946
-2,3,278.6320450178479
-2,3,106.69067683350085
-2,4,320.2859444750969
-2,4,177.03585988484235
-2,5,158.45392737886533
-2,5,369.41408055127704
-2,6,350.29687392450177
-2,6,316.8966133247256
-1,6,171.7373360561808
-1,6,523.8709367719415
0,6,393.7338580738538
0,6,221.53250878767778
-1,6,166.190702502855
-1,6,343.35835910986054
-2,6,325.73525309054025
-2,6,412.1793538325234
-1,6,243.6365906834195
-1,6,191.8437904618389
-2,6,285.17854564949806
-2,6,522.1937480116512
-2,7,116.77608394823756
-2,7,100.5748500268947
-1,7,300.5222826033038
-1,7,467.67610808673555
-2,7,183.5587211927541
-2,7,292.50624502051164
-1,7,255.70169287739404
-1,7,343.53904706201627
-2,7,183.9814222998305
-2,7,526.389949000263
-2,6,303.8746084284595
-2,6,278.65916950001736
-3,6,205.3754987831491
-3,6,365.35532174923327
-3,7,307.3264716297745
-3,7,191.03533071043668
-4,7,265.08759063365943
-4,7,415.11351071348525
-4,8,468.6066966965678
-4,8,109.56924865320907
-5,8,243.3489973571609
-5,8,134.06003482532614
-5,9,504.7819826310282
-5,9,456.75410221975665
-6,9,315.27146940346626
-6,9,376.065814710213
-5,9,237.34693211366553
-5,9,307.02177767356136
-5,10,232.10486669842092
-5,10,50.0
-6,10,237.04528930740025
-6,10,487.0692543033621
-7,10,331.5338849509801
-7,10,140.51957484652493
-8,10,285.5603179852644
-8,10,50.0
-9,10,57.11365518528183
-9,10,170.74303773254294
-10,10,50.0
-10,10,139.64380424747003
-11,10,154.4732415004816
-11,10,88.71281955213828
-12,10,50.0
-12,10,50.0
-13,10,187.52997954072538
-13,10,50.0
-13,9,50.0
-13,9,146.91517926906695
-13,10,296.16736122502755
-13,10,251.0129096139999
-12,10,50.0
-12,10,50.0
-12,11,65.67711792284231
-12,11,262.7628268697947
-13,11,50.0
-13,11,50.0
-13,10,93.29785690362105
-13,10,80.27025000243141
-13,11,50.0
-13,11,50.0
-14,11,119.86858338191655
-14,11,185.25198588812657
-15,11,217.0722327431039
-15,11,50.0
-15,12,62.42469441032114
-15,12,50.0
-16,12,205.79952325082598
-16,12,289.9386411253746
-16,11,153.24727995077768
-16,11,129.30625565185926
-15,11,50.0
-15,11,50.0
-16,11,84.54365672846572
-16,11,98.64828596720307
-15,11,81.67475028570364
-15,11,75.31048179718105
-15,10,50.0
-15,10,50.0
-14,10,50.0
-14,10,157.41269176740195
-14,11,105.95670348184413
-14,11,50.0
-14,12,50.0
-14,12,50.0
-14,11,205.00723844038623
-14,11,50.0
-13,11,50.0
-13,11,50.0
-12,11,259.51797005313927
-12,11,77.92455126240623
-12,10,114.35599073185685
-12,10,54.37548412178268
-12,9,209.57255387709432
-12,9,50.0
-11,9,217.06280967220138
-11,9,194.88127864501888
-11,8,155.72101508888997
-11,8,50.0
-11,7,209.24970513064693
-11,7,214.72090111160531
-11,8,181.9429552580249
-11,8,414.77200276709834
-11,7,342.33932542483706
-11,7,50.0
-12,7,243.1421896121343
-12,7,245.93153993518303
-12,8,279.97338972356715
-12,8,161.37270194360607
-13,8,50.0
-13,8,50.0
-12,8,223.37278974158346
-12,8,211.26108774747746
-12,9,50.0
-12,9,65.33579634679626
-11,9,138.34003678689504
-11,9,165.2786373039867
-11,8,68.84091106567716
-11,8,50.0
-10,8,121.5420011754511
-10,8,138.75960984271575
-10,7,50.0
-10,7,149.47181872649804
-9,7,147.16880927592328
-9,7,50.0
-9,8,396.19027086491735
-9,8,50.0
-10,8,189.08027295081982
-10,8,182.69814196942684
-10,7,105.38175524567059
-10,7,184.31255084017508
-9,7,193.82139135734903
-9,7,174.61004168913672
-10,7,221.40396816636937
-10,7,252.38439809056166
-10,6,143.0628695143527
-10,6,83.39490232919178
-10,5,110.02164929477917
-10,5,421.7424472959246
-9,5,129.93372920231235
-9,5,317.8568530247229
-8,5,232.692283840192
-8,5,283.02238395038296
-8,4,59.741138849235114
-8,4,367.2085540832478
-8,3,219.00662847130383
-8,3,50.0
-8,2,106.23806165190382
-8,2,589.6205512257332
-8,1,136.7223525306857
-8,1,229.6961363935428
-7,1,253.1023770593568
-7,1,88.3341753514967
-7,0,256.2006923493957
-7,0,277.94094221541275
-7,-1,204.54029872316718
-7,-1,92.6531739659267
-7,-2,219.85469462415816
-7,-2,555.5394987812663
-6,-2,329.1187958546953
-6,-2,199.59186230015706
-6,-3,303.62489567946267
-6,-3,379.0492911636519
-6,-4,117.73954957667797
-6,-4,376.4778488129833
-5,-4,209.9538147436092
-5,-4,248.36958952135998
-4,-4,387.72709023893793
-4,-4,581.7424142157548
-3,-4,310.2839621030004
-3,-4,463.9322392961778
-3,-3,323.5803641113062
-3,-3,188.1194369111966
-3,-4,313.85223708116735
-3,-4,345.98267381987904
-3,-3,567.3623059227755
-3,-3,357.7907421631789
-3,-4,534.7069013096316
-3,-4,181.64034477836157
-3,-5,484.51722758892674
-3,-5,356.1477248445133
-4,-5,288.51145042736556
-4,-5,305.44514807073966
-3,-5,382.0387857549191
-3,-5,123.74584467452934
-2,-5,138.48309202636915
-2,-5,220.4463046729563
-2,-6,292.4994540656628
-2,-6,188.5769027913202
-1,-6,504.8343230643368
-1,-6,314.62187095203524
-1,-7,88.96203024685758
-1,-7,184.4517474196108
0,-7,50.0
0,-7,322.85003082591106
0,-8,359.91797327748543
0,-8,141.71875655450367
-1,-8,128.31727482254223
-1,-8,208.89465267957846
-2,-8,122.00800074208743
-2,-8,211.95157003597546
-3,-8,112.01388226984619
-3,-8,358.6974117794236
-2,-8,308.4827625496944
-2,-8,283.64289126004934
-1,-8,392.2105072624039
-1,-8,342.94539475086026
-2,-8,442.3922277001071
-2,-8,327.0675416230789
-3,-8,404.7202675250346
-3,-8,121.30247799818852
-4,-8,250.4590255172658
-4,-8,216.53636489360832
-3,-8,182.0578055967173
-3,-8,374.6346847479469
-4,-8,50.0
-4,-8,536.748218030338
-3,-8,277.67795904226864
-3,-8,94.86104870139265
-4,-8,256.5607056336644
-4,-8,398.75304370740804
-3,-8,225.14839467623838
-3,-8,315.4382862299048
-2,-8,131.48942230393772
-2,-8,160.5353612543094
-3,-8,244.05464370763244
-3,-8,364.4885275967301
-4,-8,277.31452135573926
-4,-8,313.3075967666476
-5,-8,140.0325786244722
-5,-8,484.4992349805773
-6,-8,219.29963904721797
-6,-8,58.74298020043909
-5,-8,74.57694425172974
-5,-8,50.0
-6,-8,119.79205988550044
-6,-8,333.65027545934606
-5,-8,170.77466508015374
-5,-8,206.75832430183291
-6,-8,117.604829201442
-6,-8,552.649113382627
-7,-8,128.8737108617304
-7,-8,313.5290090860781
-6,-8,50.0
-6,-8,143.44298883062754
-5,-8,50.0
-5,-8,293.2668467833859
-6,-8,50.0
-6,-8,309.0616214167045
-7,-8,267.3731819565505
-7,-8,50.0
-8,-8,276.45587778978813
-8,-8,536.9491649282513
-9,-8,435.09728004951654
-9,-8,84.89973947193616
-10,-8,280.60086342389377
-10,-8,429.19911869389216
-11,-8,50.0
-11,-8,161.1736101468291
-12,-8,340.1479898757864
-12,-8,132.0221435274359
-11,-8,50.0
-11,-8,93.76943528417443
-12,-8,99.30656468769557
-12,-8,50.0
-13,-8,163.85414179071245
-13,-8,307.2357846897558
-14,-8,115.58314344748486
-14,-8,50.0
-15,-8,50.0
-15,-8,176.39035882311597
-16,-8,50.0
-16,-8,247.13170923157546
-17,-8,50.0
-17,-8,348.47121611396716
-16,-8,50.0
-16,-8,50.0
-15,-8,58.07985440343529
-15,-8,236.32284032199948
-15,-7,78.05277583356755
-15,-7,50.0
-14,-7,94.04325288539381
-14,-7,53.3751633215129
-14,-8,50.0
-14,-8,319.0286772579368
-13,-8,61.8025317434916
-13,-8,105.38234201529912
-12,-8,222.355866245183
-12,-8,106.0340023714121
-11,-8,86.68091363282964
-11,-8,92.67732060317081
-11,-7,243.06580341818807
-11,-7,83.05981252036823
-10,-7,165.60786234222883
-10,-7,165.18263688724315
-9,-7,315.57737861805276
-9,-7,73.01980826545886
-10,-7,437.96073035774174
-10,-7,375.6574874047136
-9,-7,354.62266998166353
-9,-7,283.4909239248391
-9,-8,225.15314336481265
-9,-8,254.46244752681628
-9,-7,282.72733058029524
-9,-7,138.88544494261635
-8,-7,226.0339640070758
-8,-7,121.46460884421523
-7,-7,380.92056533947493
-7,-7,174.36574232324747
-7,-8,461.1825499934183
-7,-8,277.71168538713914
-6,-8,318.0971000850993
-6,-8,240.22918299937785
-5,-8,233.578193061408
-5,-8,266.8078419490422
-5,-9,146.71193939252933
-5,-9,149.14352762387935
-6,-9,216.9273846345448
-6,-9,50.0
-5,-9,367.5072353592454
-5,-9,526.2294872729092
-4,-9,50.0
-4,-9,180.04880922407085
-5,-9,201.63073305631374
-5,-9,116.412668681925
-4,-9,180.24546793512167
-4,-9,50.0
-3,-9,120.63327950196906
-3,-9,305.5191443190975
-3,-10,162.68370263168808
-3,-10,162.28144378826454
-3,-11,123.57009262188953
-3,-11,294.91457020494965
-2,-11,290.9351940195669
-2,-11,138.46179987361649
-1,-11,321.08202572396897
-1,-11,71.65323796045263
0,-11,50.904431703925894
0,-11,188.73973447024832
1,-11,234.07866620478097
1,-11,232.10774313063013
0,-11,50.0
0,-11,296.89649390443003
1,-11,227.7965114795756
1,-11,114.61329457853749
1,-12,203.79067206057184
1,-12,250.93697295510825
0,-12,196.65234251958842
0,-12,109.86465103049022
-1,-12,135.60984432113355
-1,-12,50.0
0,-12,335.7354120508909
0,-12,95.6406139970708
0,-13,50.0
0,-13,50.0
1,-13,282.2100191096781
1,-13,253.31904985130097
2,-13,50.0
2,-13,156.53214852919587
2,-14,105.4773394948141
2,-14,124.56982820645476
3,-14,113.39425225143452
3,-14,50.0
4,-14,356.50971869135185
4,-14,119.54640527132838
5,-14,50.0
5,-14,97.48609014028474
6,-14,231.7252142898028
6,-14,116.55710171226947
6,-15,317.212562276477
6,-15,50.0
7,-15,50.0
7,-15,62.947778360983854
7,-14,111.4259558687365
7,-14,177.83128819080218
6,-14,50.0
6,-14,246.64114798201882
7,-14,50.0
7,-14,128.2412068428945
8,-14,50.0
8,-14,50.0
9,-14,56.22070736641897
9,-14,128.11876575837388
10,-14,50.0
10,-14,50.0
11,-14,416.7149915525351
11,-14,91.13995174864564
12,-14,269.37658845957196
12,-14,51.26042996651232
13,-14,328.38603830601664
13,-14,50.0
14,-14,58.03785873141561
14,-14,114.44101031802838
14,-15,255.15953933595011
14,-15,50.0
15,-15,80.99523743556718
15,-15,50.0
14,-15,64.98330727998156
14,-15,84.98062975317296
14,-16,50.0
14,-16,59.36691642993581
14,-17,50.0
14,-17,241.42276788089632
14,-16,50.0
14,-16,50.0
15,-16,50.0
15,-16,50.0
16,-16,50.0
16,-16,188.80064417883742
16,-17,50.0
16,-17,50.0
16,-18,50.0
16,-18,50.0
16,-19,50.0
16,-19,159.5460414185845
16,-20,50.0
16,-20,50.0
17,-20,50.0
17,-20,50.0
18,-20,50.0
18,-20,50.0
19,-20,401.4175625678973
19,-20,50.0
20,-20,50.0
20,-20,50.0
20,-19,50.0
20,-19,50.0
20,-18,50.0
20,-18,50.0
20,-17,50.0
20,-17,50.0
20,-16,50.0
20,-16,50.0
20,-17,50.0
20,-17,111.53571649695138
20,-18,50.0
20,-18,50.0
20,-17,50.0
20,-17,50.0
20,-16,50.0
20,-16,50.0
20,-15,50.0
20,-15,59.64699618618246
20,-14,50.0
20,-14,50.0
20,-13,50.0
20,-13,50.0
20,-12,246.69213531699927
20,-12,50.0
20,-11,50.0
20,-11,50.0
20,-10,50.0
20,-10,50.0
20,-9,50.0
20,-9,63.46258929853144
20,-8,197.09651037462373
20,-8,74.6874155946104
19,-8,50.0
19,-8,50.0
18,-8,74.51616695354961
18,-8,50.0
17,-8,111.74969521282071
17,-8,77.5092730534412
16,-8,189.99516343337825
16,-8,50.0
15,-8,167.7502034241649
15,-8,100.59587998023508
14,-8,111.10349628300636
14,-8,178.46192400793706
13,-8,210.2933106861953
13,-8,50.0
12,-8,186.5599381810556
12,-8,50.0
11,-8,50.0
11,-8,275.95491280601925
10,-8,50.0
10,-8,56.505674131843946
10,-7,56.42650984049692
10,-7,151.73353236757063
9,-7,233.88370850629042
9,-7,337.8614467341489
8,-7,192.94503034605927
8,-7,382.1429030772382
7,-7,199.72100514733464
7,-7,50.0
7,-8,184.96395254200888
7,-8,50.0
6,-8,368.5835975336185
6,-8,530.2086005156664
5,-8,164.69900537641917
5,-8,215.8975577385487
6,-8,425.2279693907865
6,-8,123.89024554534558
6,-9,173.92658898048506
6,-9,51.76650358093943
5,-9,50.0
5,-9,188.53918546491587
4,-9,208.912348017457
4,-9,177.11137032817192
3,-9,136.06289886301795
3,-9,369.67372912033943
4,-9,349.755104325471
4,-9,50.0
5,-9,181.26799272438154
5,-9,217.77126309275843
4,-9,331.38087678828236
4,-9,261.59567103874235
4,-10,310.01907337516394
4,-10,236.6043853848825
3,-10,50.0
3,-10,334.5592000567666
4,-10,467.908999857445
4,-10,73.8186673697895
4,-11,385.36433548915716
4,-11,52.93694218766066
3,-11,50.0
3,-11,65.73405378467565
2,-11,372.8263075870065
2,-11,330.0415500640132
1,-11,245.04247420693434
1,-11,227.20563693443145
0,-11,198.46301757098394
0,-11,63.39423228974621
-1,-11,365.4429331904926
-1,-11,170.85971253672716
-1,-12,382.14774938891776
-1,-12,446.40487260791826
-2,-12,222.48236012241898
-2,-12,342.9534493453224
-3,-12,255.933729251348
-3,-12,50.0
-3,-13,50.0
-3,-13,59.070866551889566
-4,-13,247.52450759507627
-4,-13,50.0
-5,-13,231.32575003831124
-5,-13,117.90582870305445
-6,-13,115.27104888981377
-6,-13,50.0
-5,-13,230.5728804792954
-5,-13,275.8610401918635
-6,-13,358.4926230791343
-6,-13,50.0
-6,-14,156.2805539610527
-6,-14,261.1238933222395
-7,-14,347.0181312086078
-7,-14,384.9027232878002
-6,-14,141.40786204903443
-6,-14,50.0
-7,-14,67.90409449162398
-7,-14,251.75252365727547
-7,-15,455.5765131352441
-7,-15,50.0
-8,-15,64.29925550852522
-8,-15,50.0
-9,-15,260.97370560429556
-9,-15,61.24574452961237
-10,-15,163.6164712878596
-10,-15,50.0
-11,-15,167.61762739539748
-11,-15,197.47262753961706
-10,-15,129.89375107845007
-10,-15,141.27422385857034
-11,-15,247.14237058295515
-11,-15,50.0
-12,-15,50.0
-12,-15,50.0
-13,-15,50.0
-13,-15,50.0
-14,-15,50.0
-14,-15,155.28020648385314
-15,-15,50.0
-15,-15,50.0
-15,-16,50.0
-15,-16,50.0
-16,-16,78.89678021669283
-16,-16,95.10744664724032
-17,-16,50.0
-17,-16,50.0
-18,-16,50.0
-18,-16,50.0
-19,-16,138.79524963789135
-19,-16,50.0
-20,-16,204.03143788915565
-20,-16,50.0
-19,-16,236.1957969326249
-19,-16,50.0
-19,-17,50.0
-19,-17,50.0
-18,-17,50.0
-18,-17,50.0
-18,-16,50.0
-18,-16,50.0
-17,-16,50.0
-17,-16,50.0
-16,-16,72.86911713457017
-16,-16,50.0
-15,-16,50.0
-15,-16,79.89155622930737
-15,-15,50.0
-15,-15,50.0
-14,-15,50.0
-14,-15,198.97848283457222
-13,-15,50.0
-13,-15,177.33810016963892
-12,-15,50.0
-12,-15,51.3380095043365
-12,-16,50.0
-12,-16,50.0
-12,-15,50.0
-12,-15,50.0
-13,-15,165.61366277728553
-13,-15,50.0
-12,-15,89.1613550693219
-12,-15,50.0
-11,-15,323.1102039800035
-11,-15,50.0
-10,-15,50.0
-10,-15,156.79076111964827
-9,-15,81.36568350295641
-9,-15,50.0
-8,-15,50.0
-8,-15,50.0
-9,-15,50.0
-9,-15,210.41815188804836
-9,-16,50.0
-9,-16,50.0
-9,-15,50.0
-9,-15,150.886824473769
-8,-15,50.0
-8,-15,172.01685203362337
-8,-14,116.18235898706695
-8,-14,181.53142308769952
-7,-14,50.0
-7,-14,50.0
-6,-14,218.35483644431653
-6,-14,50.0
-5,-14,257.4745436586021
-5,-14,50.0
-5,-13,50.0
-5,-13,284.4385832069923
-4,-13,345.0737896772545
-4,-13,50.0
-3,-13,233.92201635919622
-3,-13,50.0
-2,-13,72.95871487697872
-2,-13,68.09673051971629
-1,-13,122.68102620372488
-1,-13,188.06501669907766
-1,-12,270.24477218903564
-1,-12,50.0
-2,-12,330.484628478105
-2,-12,215.53416926858242
-1,-12,156.87966236415392
-1,-12,50.0
-1,-11,157.19203307858072
-1,-11,180.1231647633259
-1,-12,147.48631996627964
-1,-12,50.0
-2,-12,185.2227302996152
-2,-12,186.95939772041172
-1,-12,51.6839466482613
-1,-12,147.12704805886884
-1,-11,193.19151374561005
-1,-11,303.51023726728147
0,-11,417.16552301995023
0,-11,542.6769102393818
0,-10,156.96425146186328
0,-10,199.7843540952801
0,-9,121.5940008079916
0,-9,183.414836004471
-1,-9,195.28631127476382
-1,-9,272.98828992557185
0,-9,259.2391659759152
0,-9,50.0
1,-9,180.31144202535623
1,-9,219.9654191925945
0,-9,439.9397783101126
0,-9,344.8243614946209
-1,-9,318.5357839014866
-1,-9,482.4696815817815
0,-9,50.0
0,-9,213.97969297017085
-1,-9,146.29111138049183
-1,-9,216.23289449998776
0,-9,211.46440958953315
0,-9,50.0
1,-9,491.90467521345454
1,-9,285.86188915055294
2,-9,81.46355452647147
2,-9,266.5176765695163
2,-8,218.28888646357478
2,-8,318.1766982495805
3,-8,357.41963693482546
3,-8,159.41270486999144
4,-8,79.56487066067115
4,-8,401.2296942276055
4,-9,286.2720884247852
4,-9,246.3654432492255
3,-9,399.7332254361183
3,-9,629.9807964369309
2,-9,150.52073355302053
2,-9,479.2015223313953
1,-9,50.0
1,-9,166.5300117666935
1,-10,241.03334958992815
1,-10,173.1666924654481
0,-10,127.67817695976294
0,-10,416.1480193530524
0,-11,128.87618503200332
0,-11,302.53681996797695
0,-12,228.7383084957393
0,-12,225.830501065116
0,-11,432.5145230499687
0,-11,50.0
1,-11,153.13204903154914
1,-11,108.31632169615125
1,-12,368.5881410272502
1,-12,400.7069973642591
2,-12,552.9594680885345
2,-12,107.66912966492063
2,-11,240.50398369289076
2,-11,81.13023278962996
2,-10,311.96099665099126
2,-10,145.26720481462246
2,-9,217.7159221773333
2,-9,283.63088944564447
3,-9,145.04344269182866
3,-9,50.0
2,-9,110.00253553147888
2,-9,177.4227072335164
2,-8,138.16674450877895
2,-8,516.5444981946789
2,-9,219.1202299920543
2,-9,422.65583606601314
3,-9,178.43105435192606
3,-9,345.23001823963097
3,-8,118.47939013462967
3,-8,317.2752589489629
4,-8,269.6206877292159
4,-8,186.8062675388784
5,-8,140.75187333077182
5,-8,168.29266527788178
6,-8,167.6103231269414
6,-8,259.25150221336406
6,-7,50.0
6,-7,197.5338353221279
6,-6,228.06887996834524
6,-6,333.73027880086556
7,-6,257.7398922453243
7,-6,50.0
7,-7,644.4099223017442
7,-7,288.51803546078713
6,-7,99.15250132764521
6,-7,231.59152323074335
7,-7,371.50539257366006
7,-7,50.0
8,-7,273.6713720319456
8,-7,50.0
8,-6,211.15786894888325
8,-6,179.4486157304459
7,-6,437.1560248217298
7,-6,50.0
7,-5,50.0
7,-5,404.70604540081007
7,-4,110.75942641456402
7,-4,74.48251739686901
8,-4,146.6775506978057
8,-4,142.53427912750746
9,-4,127.79962903705677
9,-4,255.71037281561098
9,-3,343.3467990812929
9,-3,267.6829796702902
9,-2,182.4199051645231
9,-2,349.2695891675317
10,-2,185.51390668173764
10,-2,188.65413671786462
9,-2,267.7563194484133
9,-2,65.78924601344924
10,-2,292.50662870418864
10,-2,294.2549361001415
10,-1,133.91604372222764
10,-1,271.1146530459424
11,-1,50.0
11,-1,50.0
11,0,50.0
11,0,118.59979054630874
12,0,50.0
12,0,102.97549087434602
12,1,50.0
12,1,655.9802874728409
12,2,88.23279603172122
12,2,271.80178289176325
13,2,177.76171719695347
13,2,280.800228858988
13,3,454.6250622172816
13,3,124.67864526377343
12,3,50.0
12,3,248.6358998882532
12,4,141.98833900723008
12,4,50.0
13,4,398.5703912173837
13,4,50.0
12,4,236.0856713526882
12,4,289.1973291899908
12,5,165.29575143753567
12,5,285.1797188552261
13,5,53.30684036677842
13,5,321.1511025955915
14,5,216.2108805825209
14,5,50.0
13,5,88.80447764711668
13,5,106.11096035447989
13,4,50.0
13,4,50.0
14,4,130.5510140846486
14,4,252.54965671031366
14,5,50.0
14,5,355.18024368497424
15,5,50.0
15,5,50.0
16,5,141.5150075697959
16,5,50.0
17,5,50.0
17,5,333.3167186845218
18,5,50.0
18,5,50.0
18,6,134.92438853364177
18,6,75.80072817514699
18,7,50.0
18,7,154.32080171927277
18,8,50.0
18,8,50.0
19,8,50.0
19,8,50.0
20,8,107.00188513537475
20,8,97.3061921977748
19,8,63.6285984121822
19,8,50.0
18,8,55.56707398541908
18,8,339.2058332091598
17,8,275.2261371389312
17,8,50.0
16,8,316.21468125415436
16,8,178.05925726990267
15,8,169.2666943316037
15,8,50.0
14,8,50.0
14,8,81.55067532066501
13,8,50.0
13,8,238.4982846094335
12,8,244.18672047015892
12,8,50.0
12,9,371.5335563587492
12,9,450.33593872860445
12,8,270.859825044231
12,8,75.37397421483305
12,7,50.0
12,7,168.59249920083892
12,6,271.2016678031121
12,6,309.6039626594464
12,5,211.3664284906871
12,5,50.0
12,4,325.3814959408717
12,4,296.94212006986265
12,3,98.28849743305146
12,3,50.0
13,3,273.9425864359795
13,3,223.38238616811807
12,3,144.16888491956763
12,3,502.6822855036487
13,3,281.9935635221238
13,3,311.8034303516107
14,3,265.11673458678507
14,3,50.531574813123825
13,3,106.01446662673602
13,3,367.0956962281697
14,3,193.23007227658437
14,3,174.3944218458103
13,3,431.80862636657787
13,3,217.4013898315403
13,2,239.91857092874034
13,2,350.417919877643
13,1,78.31325583919367
13,1,267.82875303379177
