16,-15,100.0
16,-14,134.25440936145216
16,-13,100.0
16,-12,100.0
16,-11,109.90927766288715
15,-11,200.0712671129351
14,-11,120.42677979903205
15,-11,107.59417836617463
14,-11,347.437485694747
14,-10,296.11395775622
13,-10,129.4233130873684
12,-10,432.7154016646997
11,-10,100.0
11,-9,100.0
12,-9,100.0
12,-8,196.28345399475694
11,-8,833.8352068057491
11,-7,115.34228025244101
10,-7,553.1962885529169
9,-7,270.93840010849647
8,-7,329.01523925736547
8,-6,100.0
8,-5,303.3746780035947
8,-4,101.97816731765866
7,-4,805.7155325986674
7,-5,785.1943684068634
7,-4,127.86808157085818
8,-4,358.44400794129825
7,-4,322.5464172298204
6,-4,602.4979762849134
6,-3,930.1219284421506
5,-3,536.7231359126889
4,-3,389.70492136080026
4,-2,214.28521755865927
4,-1,613.2913147773912
5,-1,889.065776821033
4,-1,332.593969273305
3,-1,272.05045725896304
2,-1,239.95642180388256
2,0,759.1039311479146
2,1,908.1435950448375
2,2,1006.8779031383028
1,2,1087.9805089571846
0,2,636.601053845007
0,3,267.77057591985863
-1,3,100.0
0,3,627.5275135771622
-1,3,593.8396028304479
-2,3,223.28867308372008
-2,4,804.4010117239759
-2,5,725.8350537962474
-2,6,426.2096838225361
-1,6,490.45136466270674
0,6,794.7780370919622
-1,6,225.44271390713925
-2,6,338.20480349240347
-1,6,613.0574518706383
-2,6,684.6693073324366
-2,7,334.51224372197254
-1,7,270.08314283760774
-2,7,539.5992717343587
-1,7,255.04352705920516
-2,7,407.3766926938215
-2,6,258.1587239902581
-3,6,687.33680582389
-3,7,441.4432968356386
-4,7,100.0
-4,8,183.95371808652254
-5,8,219.39653136149408
-5,9,100.0
-6,9,345.0243506978145
-5,9,326.02913330404556
-5,10,208.92802633609392
-6,10,196.36415850558285
-7,10,100.0
-8,10,173.36377863229586
-9,10,307.30888966729367
-10,10,673.7851884584593
-11,10,100.0
-12,10,100.0
-13,10,100.0
-13,9,220.3755449141413
-13,10,100.0
-12,10,109.37025503063003
-12,11,100.0
-13,11,149.89306279758046
-13,10,281.1752140622396
-13,11,100.0
-14,11,137.32008748727907
-15,11,100.0
-15,12,524.1329788506123
-16,12,212.87013072571574
-16,11,101.49366825655594
-15,11,105.6596819824246
-16,11,100.0
-15,11,100.0
-15,10,100.0
-14,10,100.0
-14,11,182.07587750456963
-14,12,100.0
-14,11,445.88225287104007
-13,11,100.0
-12,11,100.0
-12,10,249.06066908468028
-12,9,411.9772273553326
-11,9,287.832839215103
-11,8,316.1436824596592
-11,7,100.0
-11,8,100.0
-11,7,331.6534113048575
-12,7,212.19081826449533
-12,8,600.2133830880139
-13,8,123.33418650431594
-12,8,245.57043605861386
-12,9,141.39467208499758
-11,9,342.3420110393603
-11,8,237.05282740390544
-10,8,100.0
-10,7,119.13593460778198
-9,7,132.50101598079985
-9,8,246.93032356458093
-10,8,867.1006458969202
-10,7,100.0
-9,7,100.0
-10,7,100.0
-10,6,254.86299786397302
-10,5,167.49703231951742
-9,5,538.7724878855871
-8,5,380.46261529407946
-8,4,609.8446246521249
-8,3,648.172836912747
-8,2,297.9948935522282
-8,1,412.1831242192643
-7,1,209.3198933674256
-7,0,332.0038694024582
-7,-1,425.5573600554054
-7,-2,518.5072056811414
-6,-2,430.2152063172414
-6,-3,229.46192241309132
-6,-4,100.0
-5,-4,257.05787663740784
-4,-4,881.9933060098401
-3,-4,609.3450307973785
-3,-3,661.5058471160208
-3,-4,449.5484215576496
-3,-3,386.9695751848561
-3,-4,422.2247315333542
-3,-5,100.0
-4,-5,294.3452995587976
-3,-5,224.04543417390428
-2,-5,415.97940218713035
-2,-6,292.1127975839941
-1,-6,306.3812650484885
-1,-7,462.51579402180266
0,-7,624.1151703943477
0,-8,389.8182176997729
-1,-8,355.87437741783106
-2,-8,313.44308644153756
-3,-8,621.4824997027614
-2,-8,118.27870663653468
-1,-8,264.80349257833444
-2,-8,161.15208945190022
-3,-8,350.57648306443383
-4,-8,116.71607751885185
-3,-8,775.3595774879175
-4,-8,249.01095725134945
-3,-8,430.0668036090409
-4,-8,103.10619575782204
-3,-8,144.84592103596339
-2,-8,501.4662418262379
-3,-8,533.8619255798852
-4,-8,167.49354727006244
-5,-8,183.49120964143162
-6,-8,530.3358699627672
-5,-8,170.14087602363801
-6,-8,554.8963743304265
-5,-8,327.50678364612327
-6,-8,138.7759199510906
-7,-8,519.1962746101065
-6,-8,163.79467426884335
-5,-8,269.9768154241674
-6,-8,517.3309809037812
-7,-8,251.3346841071952
-8,-8,712.392675608415
-9,-8,315.6067632471641
-10,-8,589.9638957469153
-11,-8,604.0644522936011
-12,-8,581.5785422365866
-11,-8,421.5097595070896
-12,-8,254.69044421713554
-13,-8,494.577554081973
-14,-8,100.0
-15,-8,450.8598159467826
-16,-8,100.0
-17,-8,100.0
-16,-8,118.1337360214568
-15,-8,100.0
-15,-7,100.0
-14,-7,100.0
-14,-8,394.9888458105152
-13,-8,375.4253332525932
-12,-8,100.0
-11,-8,158.81871219284517
-11,-7,542.6876089338466
-10,-7,678.7595692051937
-9,-7,857.2227951458523
-10,-7,329.50851626198465
-9,-7,201.76453159830623
-9,-8,125.38229584016747
-9,-7,261.43890962446466
-8,-7,584.8688415821695
-7,-7,953.7713519820336
-7,-8,400.66165144091804
-6,-8,700.0912175783684
-5,-8,100.0
-5,-9,100.0
-6,-9,675.0421182153524
-5,-9,402.7095103162276
-4,-9,100.0
-5,-9,100.0
-4,-9,324.82981916300184
-3,-9,400.1773220462401
-3,-10,183.64397094761452
-3,-11,363.53424010774665
-2,-11,162.2380862787391
-1,-11,483.16731030667614
0,-11,615.212012785065
1,-11,116.4318538172698
0,-11,413.3201881533864
1,-11,194.77857754096027
1,-12,100.0
0,-12,445.07021948715555
-1,-12,617.6363325571873
0,-12,100.0
0,-13,100.0
1,-13,335.54018073832566
2,-13,352.04245611135445
2,-14,500.32438389383924
3,-14,222.23280695307253
4,-14,185.59661685837327
5,-14,352.97557930377866
6,-14,100.0
6,-15,166.26757375623697
7,-15,322.7606897118492
7,-14,370.8597867636955
6,-14,555.8949110379265
7,-14,343.2156357755482
8,-14,100.0
9,-14,182.1526115033701
10,-14,274.0001405872986
11,-14,190.17941898330844
12,-14,100.0
13,-14,100.0
14,-14,163.67910018084024
14,-15,100.0
15,-15,369.4400849584762
14,-15,100.0
14,-16,100.0
14,-17,100.0
14,-16,100.0
15,-16,213.56668495746027
16,-16,100.0
16,-17,128.43702887053132
16,-18,100.0
16,-19,232.8036022578122
16,-20,100.0
17,-20,100.0
18,-20,100.0
19,-20,126.68316058640892
20,-20,100.0
20,-19,100.0
20,-18,100.0
20,-17,100.0
20,-16,291.68521573416035
20,-17,100.0
20,-18,100.0
20,-17,100.0
20,-16,100.0
20,-15,100.0
20,-14,100.0
20,-13,100.0
20,-12,100.0
20,-11,100.0
20,-10,100.0
20,-9,100.0
20,-8,128.61438650089173
19,-8,375.5262554230835
18,-8,110.30590184324282
17,-8,100.0
16,-8,168.9722176253426
15,-8,404.18770441910215
14,-8,192.7921646435387
13,-8,108.29704089475769
12,-8,100.0
11,-8,110.3646934235658
10,-8,567.7769634857968
10,-7,190.74513990632397
9,-7,1024.9922621580495
8,-7,134.44698383224312
7,-7,192.84264736883011
7,-8,100.0
6,-8,100.0
5,-8,673.9163821416928
6,-8,357.57798022111575
6,-9,677.5956533321016
5,-9,465.3565051433666
4,-9,136.03722945266173
3,-9,159.90375981497198
4,-9,245.81144695656235
5,-9,100.0
4,-9,282.4364832208612
4,-10,423.0394165206911
3,-10,303.81461530274646
4,-10,197.62820515150037
4,-11,693.333333012689
3,-11,149.22179671265522
2,-11,200.87173477810524
1,-11,178.4358532682567
0,-11,210.01079345433388
-1,-11,523.4378266156032
-1,-12,100.0
-2,-12,100.0
-3,-12,491.69269260351655
-3,-13,201.65141958892826
-4,-13,164.18240795166065
-5,-13,481.45358546322353
-6,-13,100.0
-5,-13,155.76186389435318
-6,-13,109.10290550319394
-6,-14,124.05709599044634
-7,-14,494.89474509005845
-6,-14,210.02726873385654
-7,-14,100.0
-7,-15,100.0
-8,-15,227.1705460257296
-9,-15,100.0
-10,-15,236.397039875639
-11,-15,100.0
-10,-15,100.0
-11,-15,117.1437732580224
-12,-15,100.0
-13,-15,100.0
-14,-15,217.66405703801556
-15,-15,100.0
-15,-16,129.78168241133574
-16,-16,100.0
-17,-16,100.0
-18,-16,100.0
-19,-16,100.0
-20,-16,100.0
-19,-16,100.0
-19,-17,154.1454336825501
-18,-17,100.0
-18,-16,100.0
-17,-16,196.38903999228458
-16,-16,100.0
-15,-16,100.0
-15,-15,165.5379762586534
-14,-15,171.67244826539854
-13,-15,100.0
-12,-15,245.63871790753979
-12,-16,265.59029402141573
-12,-15,100.0
-13,-15,100.0
-12,-15,100.0
-11,-15,100.0
-10,-15,128.96888261578454
-9,-15,100.0
-8,-15,100.0
-9,-15,114.94853784494936
-9,-16,100.0
-9,-15,123.84916734374814
-8,-15,284.3505178376431
-8,-14,100.0
-7,-14,248.73758019993898
-6,-14,100.0
-5,-14,248.29174904686624
-5,-13,224.42826612899032
-4,-13,461.98906727458717
-3,-13,422.2147550983981
-2,-13,100.0
-1,-13,217.71064648774615
-1,-12,418.7618362660986
-2,-12,375.1150562600153
-1,-12,178.552840034288
-1,-11,129.24502690389244
-1,-12,446.2851168166577
-2,-12,155.919890012467
-1,-12,142.714754840332
-1,-11,317.07295592876756
0,-11,191.62505298367975
0,-10,289.08987066235557
0,-9,566.5526889912205
-1,-9,427.2421000222991
0,-9,750.3401912822875
1,-9,213.54566669966175
0,-9,568.9164806309225
-1,-9,582.3916549393168
0,-9,354.20418183902507
-1,-9,728.0471967225055
0,-9,219.39675178058835
1,-9,127.72543932016899
2,-9,772.6584795947836
2,-8,459.27104641832227
3,-8,313.7060167672966
4,-8,222.44033893530442
4,-9,362.3019628821944
3,-9,742.9636783178314
2,-9,359.42255102968954
1,-9,130.73933353966828
1,-10,157.92046867717747
0,-10,251.12146117511213
0,-11,100.0
0,-12,297.75464369916915
0,-11,380.3437287391801
1,-11,261.6296560293786
1,-12,312.3668342564004
2,-12,286.67813653912503
2,-11,544.7133027513253
2,-10,234.48420479257337
2,-9,274.85453768312567
3,-9,549.9307416051638
2,-9,336.3707126608337
2,-8,423.0182709480476
2,-9,423.7402812544472
3,-9,285.19245459123056
3,-8,216.18082945763487
4,-8,229.61430830697122
5,-8,644.9471144231077
6,-8,332.05827271715384
6,-7,225.43184653434542
6,-6,294.0822272528836
7,-6,576.7994194197805
7,-7,387.2734348099094
6,-7,621.896966744487
7,-7,594.7584731235055
8,-7,100.0
8,-6,168.30086359331554
7,-6,251.2046052379328
7,-5,204.72015451433543
7,-4,135.1233875689545
8,-4,302.65570704146836
9,-4,556.9361687959374
9,-3,841.3898623054971
9,-2,100.0
10,-2,636.5998442727314
9,-2,100.0
10,-2,319.87018038556425
10,-1,354.37020611311084
11,-1,371.7305830323204
11,0,182.68935910529166
12,0,257.8166967032764
12,1,473.473024895829
12,2,136.61552776685616
13,2,592.5915653016872
13,3,441.29599737963815
12,3,221.9534043924295
12,4,244.87598448948313
13,4,123.23544789679029
12,4,146.0933932487579
12,5,143.3972513549151
13,5,296.40231116201744
14,5,150.1889582866379
13,5,100.0
13,4,166.1736957343728
14,4,281.41427197399946
14,5,309.9607883273195
15,5,124.06877295267876
16,5,210.66821577575885
17,5,100.0
18,5,100.0
18,6,129.7466972775393
18,7,100.0
18,8,388.32875380527514
19,8,100.0
20,8,123.68136465692858
19,8,100.0
18,8,100.0
17,8,100.0
16,8,815.6905976661437
15,8,507.6649754175493
14,8,483.6469154062928
13,8,395.8014750633595
12,8,292.9199893244954
12,9,100.0
12,8,178.2251936979134
12,7,164.97194470299925
12,6,163.72874331154532
12,5,683.5935934501267
12,4,312.2701375595572
12,3,100.16112628057992
13,3,172.0441533244612
12,3,117.68946166056344
13,3,116.6936617986891
14,3,511.03622987502024
13,3,260.9585349584122
14,3,100.0
13,3,151.07075517078465
13,2,255.5757938066903
13,1,402.1487776221593
