16,-15,100.0
16,-14,100.0
16,-13,100.0
16,-12,100.0
16,-11,196.6468880995591
15,-11,241.47330446033072
14,-11,100.0
15,-11,325.65068381973845
14,-11,108.0087795019083
14,-10,243.26654275752782
13,-10,100.0
12,-10,187.20731091535535
11,-10,100.0
11,-9,166.52784518793553
12,-9,310.39182357057865
12,-8,333.8630747837137
11,-8,241.75652008818068
11,-7,360.1158635080859
10,-7,240.66370745765397
9,-7,454.3978451202024
8,-7,158.3157708484627
8,-6,361.1162178318573
8,-5,378.8241279634521
8,-4,356.11674745337655
7,-4,159.67656986329985
7,-5,351.8553855841084
7,-4,372.8488185577682
8,-4,351.46821614706795
7,-4,842.7442200932805
6,-4,729.6168425326337
6,-3,388.96629646874015
5,-3,199.633666452727
4,-3,384.66298539553406
4,-2,252.34523077206285
4,-1,387.64604280946094
5,-1,816.0253472812418
4,-1,234.89256435917602
3,-1,558.1034942900757
2,-1,430.0537166756003
2,0,811.8605851060153
2,1,427.996209448522
2,2,467.53849441517576
1,2,359.72102344137477
0,2,465.8964481567261
0,3,426.3456324829044
-1,3,439.4748681297268
0,3,163.21840251792185
-1,3,874.8638151184614
-2,3,463.3920712433354
-2,4,875.24056536025
-2,5,211.9795397105104
-2,6,703.6314947706798
-1,6,795.5940654302137
0,6,217.50853925295297
-1,6,419.36020079124427
-2,6,601.8708738401313
-1,6,686.5190187637095
-2,6,366.0485938464693
-2,7,544.2539909009371
-1,7,1043.2819797271527
-2,7,853.4335852513416
-1,7,202.78912153406935
-2,7,548.7551031938393
-2,6,298.73830680399595
-3,6,323.1151704724172
-3,7,253.66974594032564
-4,7,449.7509763557968
-4,8,100.0
-5,8,100.0
-5,9,229.90448345186635
-6,9,183.42642708359017
-5,9,311.3079874539885
-5,10,532.0581982464824
-6,10,306.2352959639016
-7,10,390.98513299323525
-8,10,277.5511426365131
-9,10,533.2078014045013
-10,10,129.35902803283165
-11,10,174.3210943702166
-12,10,147.42567656591865
-13,10,260.5477686309064
-13,9,338.73234022768344
-13,10,159.69941624885016
-12,10,402.149960354691
-12,11,409.7099735365062
-13,11,464.46652223189324
-13,10,208.0078364805659
-13,11,100.0
-14,11,213.05012166568656
-15,11,100.0
-15,12,100.0
-16,12,100.0
-16,11,130.96535085657536
-15,11,100.0
-16,11,100.0
-15,11,100.0
-15,10,100.0
-14,10,212.94668183116596
-14,11,100.0
-14,12,152.38164623551793
-14,11,175.5076213392699
-13,11,624.7003543728913
-12,11,100.0
-12,10,100.0
-12,9,303.70857743737076
-11,9,100.0
-11,8,100.0
-11,7,527.2056706726573
-11,8,211.74273806097153
-11,7,765.8191461239742
-12,7,408.3532695571512
-12,8,100.0
-13,8,148.1632990315397
-12,8,100.0
-12,9,100.0
-11,9,100.0
-11,8,100.0
-10,8,100.0
-10,7,100.0
-9,7,484.60138785237564
-9,8,308.0928388465625
-10,8,100.0
-10,7,216.38126041642334
-9,7,247.5450195850126
-10,7,100.0
-10,6,326.38588333519857
-10,5,100.0
-9,5,470.5339587561655
-8,5,236.61480756684747
-8,4,446.47327899773495
-8,3,314.1263011786949
-8,2,397.44053101884424
-8,1,178.55435323530867
-7,1,232.99442366386603
-7,0,178.46959967661184
-7,-1,211.03084317764473
-7,-2,334.951737521317
-6,-2,476.3926772556527
-6,-3,428.78795260831623
-6,-4,422.7503518824917
-5,-4,424.3737348550105
-4,-4,576.3160384246494
-3,-4,566.0696074033799
-3,-3,1226.7057243069753
-3,-4,390.08977623533053
-3,-3,356.8881340352763
-3,-4,646.5674790738416
-3,-5,318.61711115034046
-4,-5,312.59355067769195
-3,-5,352.13399684332944
-2,-5,802.9275368293261
-2,-6,258.9063426675075
-1,-6,282.7681517783339
-1,-7,137.04469217686608
0,-7,408.9831614094995
0,-8,321.55721875771894
-1,-8,506.12788403421786
-2,-8,514.3283767629214
-3,-8,142.37773494118977
-2,-8,349.1177999922503
-1,-8,546.6557232597968
-2,-8,397.69257508898636
-3,-8,905.7616308263908
-4,-8,161.8435683181948
-3,-8,156.8644176926148
-4,-8,100.0
-3,-8,212.61869935620388
-4,-8,682.9624891086075
-3,-8,311.6871906820346
-2,-8,317.2277097245292
-3,-8,333.6992056197698
-4,-8,243.76495933340814
-5,-8,100.0
-6,-8,503.36724819361143
-5,-8,781.4184115659951
-6,-8,100.0
-5,-8,235.82460589392284
-6,-8,624.7513119983668
-7,-8,100.0
-6,-8,526.6947690237139
-5,-8,266.0569957861866
-6,-8,782.5204292041042
-7,-8,390.38904391541865
-8,-8,167.93490431204998
-9,-8,350.1915763557261
-10,-8,550.8421916290022
-11,-8,379.93529136564604
-12,-8,229.01284116244375
-11,-8,119.29780845172809
-12,-8,497.6762268639355
-13,-8,307.04911448282706
-14,-8,448.3886177621691
-15,-8,194.92110526978993
-16,-8,100.0
-17,-8,190.29993685448358
-16,-8,100.0
-15,-8,100.0
-15,-7,100.0
-14,-7,100.0
-14,-8,411.65641325839874
-13,-8,153.09880683558288
-12,-8,446.3561061549766
-11,-8,100.0
-11,-7,524.8884896019129
-10,-7,222.80807751967473
-9,-7,182.3063813778783
-10,-7,493.4359273843745
-9,-7,227.71842690203587
-9,-8,163.49629094040642
-9,-7,703.8476478192492
-8,-7,208.2141208671753
-7,-7,167.4220522671316
-7,-8,450.6374786664868
-6,-8,497.262500862985
-5,-8,305.15894528647016
-5,-9,235.901654053402
-6,-9,311.3618539809743
-5,-9,100.0
-4,-9,301.0617662009356
-5,-9,377.82730854125026
-4,-9,227.1345200434532
-3,-9,141.49200739371028
-3,-10,386.8985344767375
-3,-11,123.56290430625603
-2,-11,664.8382696528072
-1,-11,551.6993705829033
0,-11,766.3279658379786
1,-11,574.3733245863327
0,-11,351.4184238520653
1,-11,197.65310352376687
1,-12,183.09252264557924
0,-12,310.80494306396105
-1,-12,290.0035484242348
0,-12,648.1364591867955
0,-13,242.71398039182574
1,-13,383.18579294062044
2,-13,947.5542999382849
2,-14,464.0913060963061
3,-14,927.4179565653122
4,-14,200.089471372214
5,-14,122.47746399369161
6,-14,100.0
6,-15,100.0
7,-15,254.56554209243933
7,-14,170.39177797415564
6,-14,409.99358847516635
7,-14,393.8218932943913
8,-14,402.2834921281713
9,-14,100.0
10,-14,121.69077311706118
11,-14,161.4272369030391
12,-14,100.0
13,-14,225.41842599795913
14,-14,254.6783552682543
14,-15,100.0
15,-15,100.0
14,-15,105.56783995069432
14,-16,113.405587804306
14,-17,100.0
14,-16,100.0
15,-16,604.96747127645
16,-16,100.0
16,-17,100.0
16,-18,100.0
16,-19,100.0
16,-20,100.0
17,-20,139.64790815079024
18,-20,100.0
19,-20,100.0
20,-20,100.0
20,-19,100.0
20,-18,100.0
20,-17,100.0
20,-16,100.0
20,-17,100.0
20,-18,100.0
20,-17,100.0
20,-16,100.0
20,-15,538.7991963503869
20,-14,100.0
20,-13,100.0
20,-12,100.0
20,-11,100.0
20,-10,100.0
20,-9,100.0
20,-8,100.0
19,-8,100.0
18,-8,100.0
17,-8,160.70647487552833
16,-8,100.0
15,-8,179.31035556519342
14,-8,100.0
13,-8,287.1493934724846
12,-8,130.23188088703608
11,-8,500.7186826856238
10,-8,158.2877368519878
10,-7,233.99282945091787
9,-7,277.2736614896529
8,-7,449.99831453995887
7,-7,593.1999728329376
7,-8,100.0
6,-8,307.11114477056645
5,-8,343.87923928756146
6,-8,592.3086003908261
6,-9,100.0
5,-9,187.03764532086547
4,-9,539.904979454416
3,-9,100.0
4,-9,705.0593605184149
5,-9,944.6539392717956
4,-9,178.4584993706908
4,-10,304.6027138279094
3,-10,345.13229115586853
4,-10,274.1995310036054
4,-11,434.602703248461
3,-11,383.0145950988756
2,-11,276.78850988792516
1,-11,280.56155894584845
0,-11,607.9015035211005
-1,-11,157.5031522589859
-1,-12,211.6563157041016
-2,-12,589.9754247440424
-3,-12,100.0
-3,-13,184.22489099719192
-4,-13,338.69592828184517
-5,-13,189.90269575720333
-6,-13,278.4426877264228
-5,-13,250.90883632780924
-6,-13,100.0
-6,-14,100.0
-7,-14,455.32263363624594
-6,-14,410.39057858834946
-7,-14,100.0
-7,-15,100.0
-8,-15,420.74581497508495
-9,-15,116.66059388324524
-10,-15,100.0
-11,-15,112.41705345120036
-10,-15,143.68169495916783
-11,-15,100.0
-12,-15,278.8938459414295
-13,-15,100.0
-14,-15,100.0
-15,-15,100.0
-15,-16,100.0
-16,-16,100.0
-17,-16,100.0
-18,-16,100.0
-19,-16,100.0
-20,-16,100.0
-19,-16,100.0
-19,-17,100.0
-18,-17,100.0
-18,-16,162.26879352010985
-17,-16,100.0
-16,-16,134.61230193570242
-15,-16,100.0
-15,-15,138.9776484690573
-14,-15,100.0
-13,-15,120.50991008282425
-12,-15,234.11427837454352
-12,-16,260.70150395742525
-12,-15,100.0
-13,-15,313.52530595752773
-12,-15,223.77652769606186
-11,-15,227.72001318778428
-10,-15,156.8933618037448
-9,-15,100.0
-8,-15,100.0
-9,-15,237.28567838088134
-9,-16,100.0
-9,-15,100.0
-8,-15,146.04575425874447
-8,-14,100.0
-7,-14,144.7890229416323
-6,-14,100.0
-5,-14,196.95087741688644
-5,-13,234.364903916339
-4,-13,296.5402421459347
-3,-13,358.9311036797084
-2,-13,262.3123855550046
-1,-13,393.3757553424278
-1,-12,259.05600768678335
-2,-12,100.0
-1,-12,100.0
-1,-11,191.6059278639354
-1,-12,245.60214405925828
-2,-12,663.6411902484169
-1,-12,111.25194781716533
-1,-11,115.42737083725767
0,-11,458.1634475417725
0,-10,507.0668636344335
0,-9,708.5608159821945
-1,-9,339.1792201769739
0,-9,100.0
1,-9,388.540175146176
0,-9,254.14255106359033
-1,-9,272.7794245240624
0,-9,603.6589668468081
-1,-9,135.53270958254154
0,-9,100.0
1,-9,453.1785684938984
2,-9,457.4936397069847
2,-8,370.84095242891556
3,-8,428.5088017496602
4,-8,530.0477452494936
4,-9,694.709880698112
3,-9,861.0157696785777
2,-9,655.6118273051178
1,-9,649.1382823435932
1,-10,266.3659486094324
0,-10,100.0
0,-11,100.0
0,-12,275.0579676101969
0,-11,258.972430294836
1,-11,100.0
1,-12,189.12941444706644
2,-12,200.52875995438836
2,-11,145.66309775162796
2,-10,252.6806343900485
2,-9,228.64867213861677
3,-9,308.38867031420324
2,-9,542.7442984801174
2,-8,563.6192177768855
2,-9,100.0
3,-9,549.4658758061123
3,-8,514.4082315103365
4,-8,244.5515843764185
5,-8,377.50734516650823
6,-8,296.566618761899
6,-7,521.02696224375
6,-6,110.57151271536742
7,-6,588.0146008675982
7,-7,170.9059184338579
6,-7,268.8531482331909
7,-7,426.2593400278954
8,-7,249.35695078709512
8,-6,226.82140380590369
7,-6,372.2644352594301
7,-5,212.19264945873687
7,-4,557.1060865637005
8,-4,1074.2601763186972
9,-4,316.19383732631593
9,-3,149.09035837465603
9,-2,405.8845102445249
10,-2,715.703378583913
9,-2,546.9772325196086
10,-2,301.1702810923185
10,-1,160.64933758157156
11,-1,177.73167100789877
11,0,141.13913172747377
12,0,136.4592374879008
12,1,354.7467527743708
12,2,507.5029270376888
13,2,112.06277482904767
13,3,221.04253509195726
12,3,100.0
12,4,100.0
13,4,140.87838181788996
12,4,100.0
12,5,303.7279717776709
13,5,211.74602710579168
14,5,100.0
13,5,272.38796452337414
13,4,107.6314402511091
14,4,128.72083479257594
14,5,100.0
15,5,100.0
16,5,338.69223699871367
17,5,100.0
18,5,100.0
18,6,129.31237064011532
18,7,309.72387586478226
18,8,145.5542541462579
19,8,422.0456117572995
20,8,350.4023899576573
19,8,100.0
18,8,100.0
17,8,115.93206421134667
16,8,300.3998188840889
15,8,100.0
14,8,115.98688476145472
13,8,230.67963190470107
12,8,378.50240332465876
12,9,218.72286240345144
12,8,507.9522937729791
12,7,171.36870969811477
12,6,899.4689855235338
12,5,100.0
12,4,100.0
12,3,100.0
13,3,108.88063932843625
12,3,635.230334287844
13,3,100.0
14,3,100.0
13,3,284.1657051855011
14,3,419.63101584618687
13,3,100.0
13,2,316.88315483818616
13,1,133.14976328212856
