16,-15,50.0
16,-15,50.0
16,-14,159.6873975394961
16,-14,50.0
16,-13,79.84579613183635
16,-13,184.7794288950924
16,-12,50.0
16,-12,79.11552372699376
16,-11,144.29257908767903
16,-11,50.0
15,-11,50.0
15,-11,176.62674174252228
14,-11,252.78244577809065
14,-11,508.4831309693718
15,-11,132.68157940708505
15,-11,50.0
14,-11,50.0
14,-11,229.81569921582724
14,-10,62.473376422996495
14,-10,317.7579659278604
13,-10,50.0
13,-10,50.0
12,-10,163.57679448423033
12,-10,50.0
11,-10,312.4888617817729
11,-10,272.43151984338215
11,-9,80.2288109522215
11,-9,367.4677307545736
12,-9,196.92550967491417
12,-9,62.976151675224315
12,-8,50.0
12,-8,152.52771857099046
11,-8,61.68513734868688
11,-8,443.49259697151535
11,-7,73.97678344685674
11,-7,50.0
10,-7,176.4871189778756
10,-7,230.89533368246418
9,-7,516.139758768423
9,-7,424.8716332401318
8,-7,687.3001623760048
8,-7,196.11390364519028
8,-6,304.79501932399853
8,-6,335.6745292477133
8,-5,359.8154518929853
8,-5,375.71115741253027
8,-4,344.2514228774312
8,-4,145.31864206301736
7,-4,145.53370257299238
7,-4,364.5354934076712
7,-5,276.4382325049496
7,-5,50.0
7,-4,255.22585855754025
7,-4,112.08451256569127
8,-4,216.19484081771907
8,-4,165.4918243137055
7,-4,405.1657383381902
7,-4,307.32406390942424
6,-4,160.07742594015528
6,-4,582.2248121570734
6,-3,415.306912238108
6,-3,161.94144295424132
5,-3,71.87162188532224
5,-3,138.10030601223403
4,-3,428.37583323305626
4,-3,207.06845095955757
4,-2,283.37991524880795
4,-2,101.42174895107155
4,-1,279.37125367546383
4,-1,354.00605698035986
5,-1,270.8438736508674
5,-1,77.62646397997062
4,-1,454.0705833161846
4,-1,435.42820756096745
3,-1,177.02687557938305
3,-1,314.8170044889377
2,-1,305.6198757188289
2,-1,425.77958211980604
2,0,619.0523537346935
2,0,469.13097238929277
2,1,234.8456427750235
2,1,260.0274759162436
2,2,641.444329204825
2,2,427.66102491167646
1,2,133.10431028510072
1,2,627.2230570615197
0,2,445.3147630929844
0,2,388.64215983508194
0,3,522.2703847224615
0,3,363.56722283105046
-1,3,263.3845639074569
-1,3,313.1491140743831
0,3,188.27237993859382
0,3,389.7529427575029
-1,3,400.70293095349746
-1,3,317.26736339460547
-2,3,248.21739518459702
-2,3,254.86391453253316
-2,4,299.49330208560315
-2,4,262.04326903946753
-2,5,272.5999623288456
-2,5,351.97059601148504
-2,6,360.9512357533494
-2,6,496.57755704797535
-1,6,141.51314370851932
-1,6,370.01694476631417
0,6,495.0866313750481
0,6,459.7676041299161
-1,6,326.9363764701417
-1,6,298.79852194971306
-2,6,400.1942659759581
-2,6,191.97188546581157
-1,6,382.6239029680811
-1,6,288.12786688744745
-2,6,340.68830707412263
-2,6,290.8660075917936
-2,7,368.0351984582474
-2,7,104.47956073770823
-1,7,180.36804442203447
-1,7,244.04194930634483
-2,7,222.71539136754996
-2,7,165.70662513045522
-1,7,223.10832422318282
-1,7,139.7599063716156
-2,7,398.24840053096887
-2,7,124.38894257566838
-2,6,337.2681083071092
-2,6,432.7903913171756
-3,6,263.51442805934784
-3,6,339.8138539130473
-3,7,486.18664358053945
-3,7,50.0
-4,7,82.21209931987639
-4,7,245.40889756827838
-4,8,104.34559990700967
-4,8,343.01104427452606
-5,8,276.0733681770541
-5,8,342.1773933373232
-5,9,261.75954850045474
-5,9,257.010831528266
-6,9,50.0
-6,9,104.68137782306923
-5,9,54.544662535429524
-5,9,79.19672513972554
-5,10,300.45593299535057
-5,10,558.0696232368289
-6,10,67.39271436179715
-6,10,188.98670781174485
-7,10,152.3980977866599
-7,10,365.23281991491547
-8,10,210.02832202557417
-8,10,50.0
-9,10,50.0
-9,10,76.0515927089538
-10,10,372.5489448147814
-10,10,191.50906057041595
-11,10,50.0
-11,10,235.589064696445
-12,10,198.27548515810878
-12,10,50.0
-13,10,93.41855017531489
-13,10,50.0
-13,9,50.0
-13,9,50.0
-13,10,50.0
-13,10,50.0
-12,10,67.60686114015266
-12,10,50.0
-12,11,50.0
-12,11,149.3170595919554
-13,11,141.02244009305988
-13,11,57.794971149679206
-13,10,81.70385231256407
-13,10,181.40089026739554
-13,11,260.54000980146077
-13,11,518.1550477857213
-14,11,50.0
-14,11,50.0
-15,11,50.0
-15,11,50.0
-15,12,50.0
-15,12,50.0
-16,12,152.29378713241573
-16,12,243.02595610688613
-16,11,53.22733925655912
-16,11,233.06988370274937
-15,11,269.2113000525502
-15,11,223.54707522486297
-16,11,50.0
-16,11,50.0
-15,11,149.42359213124632
-15,11,97.4317129060606
-15,10,81.06861787586246
-15,10,328.50382317843287
-14,10,191.41975340834856
-14,10,270.1455602527491
-14,11,50.0
-14,11,50.0
-14,12,62.34166430092161
-14,12,50.0
-14,11,82.93146993489347
-14,11,50.0
-13,11,327.68434881436974
-13,11,55.12427923585797
-12,11,118.94938960054918
-12,11,50.0
-12,10,196.4616062186021
-12,10,50.0
-12,9,124.71644833336298
-12,9,171.54726837052
-11,9,50.0
-11,9,98.61701133948691
-11,8,101.48115971752858
-11,8,210.93864282587452
-11,7,142.97100767766773
-11,7,50.0
-11,8,178.8303460092748
-11,8,153.2550190880418
-11,7,142.12254468047627
-11,7,140.621494711445
-12,7,363.12433939488193
-12,7,50.0
-12,8,78.20804904634828
-12,8,71.38247628584413
-13,8,50.0
-13,8,132.0915750856577
-12,8,142.75110645381065
-12,8,50.0
-12,9,50.0
-12,9,50.0
-11,9,295.4267683529202
-11,9,209.48387784640272
-11,8,147.6671731403425
-11,8,241.86323770439458
-10,8,145.71801296653734
-10,8,208.38206478307532
-10,7,312.4297067128753
-10,7,172.31328684593382
-9,7,50.0
-9,7,156.2087459066615
-9,8,50.0
-9,8,115.22356887472658
-10,8,105.47872320863462
-10,8,118.18572649974762
-10,7,165.91359471872272
-10,7,322.49766989711907
-9,7,114.85218656723339
-9,7,50.0
-10,7,343.7487461250114
-10,7,50.0
-10,6,206.4676600017377
-10,6,121.54083702931337
-10,5,123.59209973518624
-10,5,147.70313910044058
-9,5,209.5167086419275
-9,5,494.6151843656483
-8,5,131.66920140814221
-8,5,295.66511446301234
-8,4,290.97025586682037
-8,4,92.22583204495083
-8,3,299.1775393049584
-8,3,180.48409857329662
-8,2,50.0
-8,2,508.92451793386056
-8,1,268.1974569107079
-8,1,477.9628805657534
-7,1,705.2900390817922
-7,1,486.3729792934325
-7,0,341.3970042215297
-7,0,377.2383331864483
-7,-1,298.36938518246143
-7,-1,412.35397595373155
-7,-2,124.33670863433966
-7,-2,414.7436500311464
-6,-2,157.02785294279386
-6,-2,334.3432986900554
-6,-3,331.0140930006977
-6,-3,92.02122926594643
-6,-4,273.3974662516728
-6,-4,179.71916798430266
-5,-4,293.30111620653315
-5,-4,203.3805945043045
-4,-4,348.5782454049119
-4,-4,303.82255541970073
-3,-4,279.8992162147826
-3,-4,313.3611509711815
-3,-3,313.6018651108101
-3,-3,195.96299192998575
-3,-4,585.340568772544
-3,-4,169.35871786817253
-3,-3,351.36590966735776
-3,-3,360.94123953367927
-3,-4,468.2856238232882
-3,-4,214.80307016804278
-3,-5,252.28961288365053
-3,-5,537.5535914685616
-4,-5,288.16820158456767
-4,-5,301.61240876727487
-3,-5,340.920440365512
-3,-5,110.38575898497717
-2,-5,425.14474442295506
-2,-5,182.6869469955457
-2,-6,295.45633469005963
-2,-6,411.8391282779475
-1,-6,205.2588480825056
-1,-6,83.35755355866763
-1,-7,128.86341552803336
-1,-7,396.9920943428367
0,-7,292.7122136842006
0,-7,506.3740896858768
0,-8,233.78283572282814
0,-8,344.403012097511
-1,-8,203.7881443773253
-1,-8,194.76614066940482
-2,-8,169.82638008070109
-2,-8,462.7663752511512
-3,-8,207.19539482603574
-3,-8,158.56907359053187
-2,-8,364.81722723925
-2,-8,476.8245143795074
-1,-8,223.37169984107695
-1,-8,119.48406846979236
-2,-8,267.87346850287565
-2,-8,105.97947536985544
-3,-8,199.72871184563607
-3,-8,50.0
-4,-8,123.66672490894196
-4,-8,446.6377936203986
-3,-8,289.6466170648836
-3,-8,333.3225045482619
-4,-8,389.1517768881972
-4,-8,127.77660368360335
-3,-8,276.47642943811167
-3,-8,50.0
-4,-8,137.56654868462076
-4,-8,398.0934963501652
-3,-8,175.98027684884758
-3,-8,187.3431258780597
-2,-8,50.0
-2,-8,247.2742863081606
-3,-8,511.2694104970181
-3,-8,254.2762975874382
-4,-8,163.67012901687255
-4,-8,143.23203176890982
-5,-8,311.1039453289402
-5,-8,364.07365811581496
-6,-8,254.9386437271524
-6,-8,202.10215398204414
-5,-8,109.28044475568964
-5,-8,146.9738591395292
-6,-8,270.208524315567
-6,-8,50.0
-5,-8,50.0
-5,-8,263.8821103250548
-6,-8,311.75580624627304
-6,-8,563.2280207068774
-7,-8,420.00108425473024
-7,-8,181.13846517063223
-6,-8,222.67567777562292
-6,-8,50.0
-5,-8,236.78023821337416
-5,-8,454.6150923818568
-6,-8,262.86982987469275
-6,-8,132.66941886830102
-7,-8,202.8098374385193
-7,-8,438.2754611735471
-8,-8,241.38059197321255
-8,-8,189.367298276285
-9,-8,436.4174918721109
-9,-8,199.45645041087874
-10,-8,50.0
-10,-8,374.204459980778
-11,-8,50.0
-11,-8,50.0
-12,-8,50.0
-12,-8,50.0
-11,-8,342.99047328426786
-11,-8,210.2781625811669
-12,-8,91.38485849220791
-12,-8,119.34160771420301
-13,-8,120.02976722023227
-13,-8,201.82762234685538
-14,-8,50.0
-14,-8,50.0
-15,-8,50.0
-15,-8,189.11933206154123
-16,-8,167.67724126376373
-16,-8,56.91835676611713
-17,-8,84.60918860706686
-17,-8,51.70602001719368
-16,-8,50.0
-16,-8,82.19292252409328
-15,-8,251.92671903162247
-15,-8,50.0
-15,-7,50.0
-15,-7,91.21386735689094
-14,-7,131.1228161969598
-14,-7,50.0
-14,-8,50.0
-14,-8,147.6848674786203
-13,-8,50.0
-13,-8,397.52339943496577
-12,-8,62.64740546344888
-12,-8,167.85832209353464
-11,-8,124.59524684979608
-11,-8,221.18844558261148
-11,-7,132.4380753172749
-11,-7,273.5563309317313
-10,-7,50.0
-10,-7,50.0
-9,-7,166.82173266507294
-9,-7,50.0
-10,-7,176.7465564388373
-10,-7,140.30054704898004
-9,-7,50.0
-9,-7,50.0
-9,-8,332.01956531138774
-9,-8,132.7867589319582
-9,-7,264.67869220692364
-9,-7,60.9278913167484
-8,-7,276.43726887076616
-8,-7,108.21106744688325
-7,-7,50.0
-7,-7,351.6502613808517
-7,-8,273.23138965011844
-7,-8,446.68639267898493
-6,-8,339.289715202972
-6,-8,278.9254225847333
-5,-8,117.19938887437979
-5,-8,265.7251953572793
-5,-9,587.1572650201188
-5,-9,196.35963276161215
-6,-9,233.501922605065
-6,-9,132.94874496473415
-5,-9,372.9036337931718
-5,-9,336.7572733062428
-4,-9,62.996568453046194
-4,-9,123.82607253294235
-5,-9,161.65411692854076
-5,-9,267.87770627147114
-4,-9,263.30799288683124
-4,-9,159.51736006137764
-3,-9,294.70579585821673
-3,-9,378.439181895695
-3,-10,238.28538351493927
-3,-10,140.23940042173413
-3,-11,102.25275695579664
-3,-11,66.52558963579695
-2,-11,54.17372772742834
-2,-11,299.1057047133031
-1,-11,338.66181223850936
-1,-11,59.92624132218397
0,-11,216.29768545851238
0,-11,232.89211699326074
1,-11,89.21666737980527
1,-11,50.0
0,-11,377.827295267184
0,-11,66.57695812866709
1,-11,307.76282035239086
1,-11,189.6740218035006
1,-12,50.0
1,-12,297.6490620869795
0,-12,287.7200618042067
0,-12,284.87246302651084
-1,-12,126.3937098102291
-1,-12,132.72770440148028
0,-12,50.0
0,-12,194.05379142026743
0,-13,70.3721927147671
0,-13,341.7495898118464
1,-13,141.3720711531489
1,-13,159.38462053751843
2,-13,99.33545010437223
2,-13,427.94894910922767
2,-14,155.14834094969842
2,-14,276.0325390157086
3,-14,170.95300742822616
3,-14,88.20275105611296
4,-14,115.87037918901936
4,-14,108.01788656188451
5,-14,143.79270561008065
5,-14,158.55820256025842
6,-14,50.0
6,-14,108.81583113726568
6,-15,50.0
6,-15,50.0
7,-15,182.36387938453723
7,-15,95.67745244178923
7,-14,158.43944854124214
7,-14,151.72559072874014
6,-14,104.38093450109969
6,-14,239.40385637671264
7,-14,256.821579921131
7,-14,185.7047361653826
8,-14,50.0
8,-14,375.7417271161439
9,-14,71.95617197340063
9,-14,120.64392818185314
10,-14,258.8008973980413
10,-14,99.79733005443046
11,-14,153.90693816531672
11,-14,152.7362603366156
12,-14,66.45609632893957
12,-14,50.0
13,-14,50.0
13,-14,124.82251022804542
14,-14,155.180692379577
14,-14,50.0
14,-15,50.0
14,-15,50.0
15,-15,86.5047039221508
15,-15,50.0
14,-15,50.0
14,-15,252.6815381674628
14,-16,50.0
14,-16,140.7329681320855
14,-17,51.05497321922874
14,-17,122.03650210327366
14,-16,50.0
14,-16,50.0
15,-16,50.0
15,-16,50.0
16,-16,104.03455816608519
16,-16,321.33005660629107
16,-17,58.39457366581125
16,-17,121.51798761968557
16,-18,50.0
16,-18,203.88825189735908
16,-19,50.0
16,-19,50.0
16,-20,50.0
16,-20,50.0
17,-20,50.0
17,-20,50.0
18,-20,50.0
18,-20,50.0
19,-20,50.0
19,-20,143.12412676814805
20,-20,50.0
20,-20,50.0
20,-19,50.0
20,-19,50.0
20,-18,50.0
20,-18,50.0
20,-17,50.0
20,-17,50.0
20,-16,50.0
20,-16,50.0
20,-17,50.0
20,-17,50.0
20,-18,50.0
20,-18,50.0
20,-17,50.0
20,-17,50.0
20,-16,50.0
20,-16,301.6217704316095
20,-15,50.0
20,-15,50.0
20,-14,147.9007745877353
20,-14,50.0
20,-13,50.0
20,-13,146.984251740711
20,-12,50.0
20,-12,50.0
20,-11,96.62111405283105
20,-11,50.0
20,-10,50.0
20,-10,50.0
20,-9,50.0
20,-9,50.0
20,-8,115.1913204818343
20,-8,50.0
19,-8,88.58421209447414
19,-8,50.0
18,-8,50.0
18,-8,50.0
17,-8,180.01775195922124
17,-8,77.37362058816771
16,-8,165.89572870995528
16,-8,50.0
15,-8,50.0
15,-8,147.20927354379418
14,-8,103.25840852997842
14,-8,60.118485673011214
13,-8,55.809168187257846
13,-8,153.55028960095936
12,-8,50.0
12,-8,92.34651202958557
11,-8,50.0
11,-8,128.489112619094
10,-8,213.76554565235787
10,-8,218.92931747488896
10,-7,166.79303172803208
10,-7,222.37421776366565
9,-7,312.02415719718715
9,-7,167.5446162589728
8,-7,165.12376432512949
8,-7,388.41796292542585
7,-7,398.8552333711673
7,-7,423.3337312570769
7,-8,182.64200726889771
7,-8,169.11163771803064
6,-8,50.0
6,-8,278.36789949091354
5,-8,108.407845919261
5,-8,99.92672574359233
6,-8,397.9457245798261
6,-8,119.9106653426447
6,-9,287.4401692913151
6,-9,108.33392067896108
5,-9,310.69727413508315
5,-9,257.96634616818744
4,-9,199.8987550204132
4,-9,172.42588215625887
3,-9,259.81513225786495
3,-9,341.36140195599387
4,-9,492.9398104293399
4,-9,171.5631737970935
5,-9,290.28804134276743
5,-9,165.1200035516752
4,-9,221.18061472677033
4,-9,187.3637731082047
4,-10,50.0
4,-10,207.95576150065614
3,-10,454.0649546861573
3,-10,228.18369376746736
4,-10,512.5825824197059
4,-10,86.31181911961232
4,-11,343.8124346936429
4,-11,173.22888752492202
3,-11,301.4855667013811
3,-11,50.0
2,-11,235.9461903378555
2,-11,186.74961378345483
1,-11,140.6871464339614
1,-11,136.58038142854025
0,-11,318.2685957184451
0,-11,260.61626737130405
-1,-11,193.22076786455506
-1,-11,177.2059220029254
-1,-12,50.0
-1,-12,114.56219487680343
-2,-12,148.4338662385606
-2,-12,224.38851189487616
-3,-12,163.6677367669111
-3,-12,225.9401436344526
-3,-13,175.2006517476047
-3,-13,54.39826468967844
-4,-13,185.885593237743
-4,-13,160.3216844927772
-5,-13,246.93536545326296
-5,-13,214.84384298466054
-6,-13,224.50262680682465
-6,-13,207.84702749705724
-5,-13,50.0
-5,-13,50.0
-6,-13,143.57916585501414
-6,-13,50.0
-6,-14,394.5397315065429
-6,-14,196.98169306529672
-7,-14,50.0
-7,-14,153.39549622651296
-6,-14,413.1885590890398
-6,-14,214.89396602230823
-7,-14,494.192714910712
-7,-14,147.55980542162388
-7,-15,50.0
-7,-15,300.1205558327931
-8,-15,202.59563813326614
-8,-15,175.43559317713562
-9,-15,90.19914925311603
-9,-15,50.0
-10,-15,50.0
-10,-15,135.8049078494526
-11,-15,64.75402109526974
-11,-15,188.6025913946974
-10,-15,153.56395234432674
-10,-15,305.5733248427821
-11,-15,50.0
-11,-15,146.21339381166865
-12,-15,173.31406750466502
-12,-15,285.5455888135871
-13,-15,50.0
-13,-15,117.19683618086961
-14,-15,50.0
-14,-15,50.0
-15,-15,114.65912216657465
-15,-15,50.0
-15,-16,294.73204791974143
-15,-16,261.20998261208376
-16,-16,224.48831828002827
-16,-16,90.10325208589657
-17,-16,50.0
-17,-16,50.0
-18,-16,50.0
-18,-16,50.0
-19,-16,50.0
-19,-16,50.0
-20,-16,50.0
-20,-16,50.0
-19,-16,50.0
-19,-16,50.0
-19,-17,50.0
-19,-17,249.65501238150722
-18,-17,50.0
-18,-17,76.46353378993345
-18,-16,50.0
-18,-16,50.0
-17,-16,50.0
-17,-16,50.0
-16,-16,50.0
-16,-16,50.0
-15,-16,169.40701950568712
-15,-16,50.0
-15,-15,50.0
-15,-15,50.0
-14,-15,50.0
-14,-15,50.0
-13,-15,181.5353377966266
-13,-15,193.03112929343007
-12,-15,315.3689231330303
-12,-15,104.46047856505587
-12,-16,50.0
-12,-16,77.16781603254029
-12,-15,50.0
-12,-15,92.01350611591522
-13,-15,50.0
-13,-15,56.7969676391069
-12,-15,50.0
-12,-15,50.0
-11,-15,71.10532928453839
-11,-15,532.1424887483371
-10,-15,407.3257325292599
-10,-15,144.9760005954942
-9,-15,50.0
-9,-15,50.0
-8,-15,50.0
-8,-15,248.29637731589148
-9,-15,158.67899057048203
-9,-15,136.13142975510326
-9,-16,103.77008580311903
-9,-16,182.12004276648744
-9,-15,50.0
-9,-15,169.29083369618226
-8,-15,342.85328331113743
-8,-15,50.0
-8,-14,50.0
-8,-14,279.7407401221415
-7,-14,80.37666920800486
-7,-14,50.0
-6,-14,247.5997436339366
-6,-14,50.0
-5,-14,78.77636514726242
-5,-14,140.09839715163957
-5,-13,151.96201733231823
-5,-13,122.9438210729316
-4,-13,50.0
-4,-13,50.0
-3,-13,232.629112247853
-3,-13,50.0
-2,-13,50.0
-2,-13,50.0
-1,-13,209.66467618544704
-1,-13,174.927255824228
-1,-12,50.0
-1,-12,308.7390460660586
-2,-12,150.42560237402213
-2,-12,457.4044925276663
-1,-12,50.0
-1,-12,50.0
-1,-11,343.0227324475055
-1,-11,159.58967110459727
-1,-12,50.0
-1,-12,277.07621812263693
-2,-12,191.06902505400458
-2,-12,230.73226710585294
-1,-12,179.36809521576873
-1,-12,513.7268402899239
-1,-11,50.0
-1,-11,131.19592204684545
0,-11,129.56637584050355
0,-11,167.20059813232885
0,-10,289.13094724192933
0,-10,246.18036422069488
0,-9,120.45921357759455
0,-9,263.8740052084212
-1,-9,85.1271751168898
-1,-9,372.43271474590745
0,-9,158.76913543679927
0,-9,290.586744094514
1,-9,249.16245458724075
1,-9,277.2361437991499
0,-9,304.19174639945356
0,-9,112.28648162195614
-1,-9,345.9575953609834
-1,-9,245.67872423173077
0,-9,322.95979268247595
0,-9,276.91262876082374
-1,-9,209.71054606721702
-1,-9,333.2141851698798
0,-9,267.601228935022
0,-9,171.49047279902288
1,-9,200.35244134487255
1,-9,170.8926598874552
2,-9,50.0
2,-9,118.76388367645735
2,-8,392.64139703827146
2,-8,257.2225627200705
3,-8,643.032718487395
3,-8,204.71411205732903
4,-8,415.94791779224806
4,-8,74.20742721031576
4,-9,50.0
4,-9,195.6791487785585
3,-9,421.290065032431
3,-9,102.84367123643639
2,-9,63.641314423617274
2,-9,396.9701138328836
1,-9,414.2339473230013
1,-9,274.74057908550003
1,-10,375.17917263173945
1,-10,263.1870314865247
0,-10,133.2350374498152
0,-10,324.6348398626883
0,-11,108.13276053532678
0,-11,176.47421097203852
0,-12,50.0
0,-12,318.3418148759274
0,-11,50.0
0,-11,287.3704505079223
1,-11,341.67421465182497
1,-11,310.5685693295221
1,-12,137.66198139618527
1,-12,189.201231548031
2,-12,230.02372490025698
2,-12,527.3620242904994
2,-11,210.01026296470846
2,-11,253.70612166266815
2,-10,85.8148091233407
2,-10,310.81979684477756
2,-9,50.0
2,-9,422.7510587743067
3,-9,205.71114542020572
3,-9,225.62418743061423
2,-9,50.0
2,-9,132.5892331669578
2,-8,234.15709328926312
2,-8,309.321444043663
2,-9,145.51778694300793
2,-9,386.7028693355628
3,-9,92.0668334486333
3,-9,280.68028044362114
3,-8,184.76249922658084
3,-8,221.78131828556073
4,-8,476.38739250143107
4,-8,90.05140943081437
5,-8,205.88667358377003
5,-8,288.5158389584699
6,-8,338.3152904470595
6,-8,50.0
6,-7,240.81658369788457
6,-7,337.30536969794866
6,-6,226.712069084566
6,-6,524.3283916462462
7,-6,72.61389660805811
7,-6,372.5302759390271
7,-7,426.0382144385243
7,-7,372.9039412854192
6,-7,89.76720712528973
6,-7,82.47752400119938
7,-7,484.7286956979691
7,-7,130.7289446114311
8,-7,290.16318623812055
8,-7,223.5100794247299
8,-6,234.24949779242587
8,-6,50.0
7,-6,368.3527889748842
7,-6,318.03875830485197
7,-5,152.9373430528572
7,-5,268.09844884886814
7,-4,283.4328027719187
7,-4,129.31012024975078
8,-4,360.0354922739076
8,-4,212.13256131516778
9,-4,343.0300478597668
9,-4,180.047823149973
9,-3,334.09640051728917
9,-3,206.76441262693197
9,-2,218.11359898422268
9,-2,310.0543482321993
10,-2,57.66086636389835
10,-2,128.31816994383996
9,-2,142.70289813853415
9,-2,213.41968868278212
10,-2,93.42389088339333
10,-2,172.58951658202065
10,-1,52.51894869860334
10,-1,50.0
11,-1,374.0244468273948
11,-1,305.78766374831275
11,0,88.03392592995041
11,0,210.04918381551917
12,0,171.21317072418924
12,0,323.753618707569
12,1,167.14083505137108
12,1,50.0
12,2,300.0262200894682
12,2,77.50337895727314
13,2,448.73767090091485
13,2,160.58485343874668
13,3,153.47082944497186
13,3,140.5854168491955
12,3,132.16584634457348
12,3,117.03470687417247
12,4,50.0
12,4,266.5633019599986
13,4,222.93494767586918
13,4,153.36317814640873
12,4,219.37132662976038
12,4,50.0
12,5,260.78090013786107
12,5,276.04165574701125
13,5,115.3581349517841
13,5,109.83334776794621
14,5,496.1041342977466
14,5,117.81548698668173
13,5,262.527354446147
13,5,50.0
13,4,347.55170237423414
13,4,96.423963522483
14,4,143.35773080362708
14,4,134.348256864142
14,5,79.60290884896204
14,5,181.1033634482282
15,5,195.61299094903688
15,5,370.07485180893514
16,5,443.52906876196096
16,5,50.0
17,5,230.51935900357887
17,5,50.0
18,5,59.24150838599088
18,5,194.22578489402193
18,6,50.0
18,6,429.21723042835697
18,7,50.0
18,7,114.99065656525178
18,8,121.36696626941226
18,8,67.21476068343057
19,8,50.0
19,8,50.0
20,8,50.0
20,8,50.0
19,8,164.648808947802
19,8,50.0
18,8,255.16088024412116
18,8,50.0
17,8,50.0
17,8,167.35872464063084
16,8,50.0
16,8,50.0
15,8,53.57802680524614
15,8,82.12980848237514
14,8,209.73026348270855
14,8,83.2734518252085
13,8,197.6824048759944
13,8,50.0
12,8,444.06753546104255
12,8,123.32610138593766
12,9,180.79437693151968
12,9,50.0
12,8,50.0
12,8,361.7149183551462
12,7,222.1188733354236
12,7,277.6231851562393
12,6,213.00736183191452
12,6,484.77345831429807
12,5,368.15513733151454
12,5,108.77359150595765
12,4,237.52824713251744
12,4,50.0
12,3,359.8984996525516
12,3,50.0
13,3,50.0
13,3,341.21995484671413
12,3,215.4882434188271
12,3,89.53669964484622
13,3,272.1034108975296
13,3,263.2837761768849
14,3,50.0
14,3,292.95371040413204
13,3,88.40936923520599
13,3,260.94347230715164
14,3,341.6860871146393
14,3,500.0360853719478
13,3,244.2132151910207
13,3,250.2922902579689
13,2,169.16205389466464
13,2,114.85567032117994
13,1,50.0
13,1,81.65971571335353
