16,-15,100.0
16,-14,100.0
16,-13,100.0
16,-12,100.0
16,-11,149.22148318316349
15,-11,355.14113488253145
14,-11,120.13546097147359
15,-11,100.0
14,-11,204.8477787079882
14,-10,100.0
13,-10,297.5729857075959
12,-10,100.0
11,-10,100.0
11,-9,137.38430764084487
12,-9,135.8280591649316
12,-8,199.97170757373848
11,-8,640.7963058951125
11,-7,570.2611237888194
10,-7,195.92237155949869
9,-7,600.819028762887
8,-7,100.0
8,-6,302.3595562446202
8,-5,411.34578205385566
8,-4,440.9788867060688
7,-4,100.0
7,-5,379.2264707351035
7,-4,353.6342081709601
8,-4,264.7583216923592
7,-4,119.28629303745936
6,-4,283.52591951248087
6,-3,100.0
5,-3,357.7411146280263
4,-3,536.0742476080495
4,-2,1035.1110584180062
4,-1,823.9955066679588
5,-1,1441.8089491098995
4,-1,470.11215011808906
3,-1,682.1819372841362
2,-1,567.2111682729123
2,0,431.00706886795035
2,1,646.4456667569109
2,2,192.26750884326057
1,2,607.3195860306392
0,2,382.1669773789929
0,3,404.5285441969606
-1,3,712.3850994448462
0,3,310.6606725339555
-1,3,793.2900319149262
-2,3,741.7372722383027
-2,4,744.3557494768679
-2,5,764.0990233690401
-2,6,153.50798047722998
-1,6,213.67982839533727
0,6,708.1965910915019
-1,6,528.7464820158362
-2,6,391.8940685067474
-1,6,958.6179791672794
-2,6,611.1093477913254
-2,7,772.878630600749
-1,7,426.46562359377435
-2,7,631.8621386587336
-1,7,706.1947338953449
-2,7,204.22529741413626
-2,6,580.302026596051
-3,6,654.7830117479276
-3,7,388.02481237954134
-4,7,208.02831045673588
-4,8,429.5294588502826
-5,8,125.88772475936015
-5,9,368.617662092101
-6,9,100.0
-5,9,100.0
-5,10,450.88038042482833
-6,10,232.56186882495962
-7,10,692.1327470753438
-8,10,208.89287329138028
-9,10,165.43576868093848
-10,10,352.78379521090284
-11,10,116.41298288832209
-12,10,143.26100060210635
-13,10,147.94122158354156
-13,9,100.0
-13,10,100.0
-12,10,170.76950675566
-12,11,100.0
-13,11,321.2954907288057
-13,10,244.9733552249447
-13,11,344.6694464014944
-14,11,100.0
-15,11,100.0
-15,12,268.70556050945197
-16,12,100.0
-16,11,131.63056200738274
-15,11,100.0
-16,11,100.0
-15,11,197.06365024549916
-15,10,100.0
-14,10,317.38862821338336
-14,11,186.65783205773465
-14,12,227.8161513675185
-14,11,100.0
-13,11,603.2323612478592
-12,11,149.22400302936094
-12,10,169.02290258456674
-12,9,100.0
-11,9,275.47268087976755
-11,8,226.40046666328954
-11,7,151.95873788127298
-11,8,127.80491654441607
-11,7,205.7729217230131
-12,7,140.8940057258017
-12,8,523.8919102664868
-13,8,655.341177073187
-12,8,155.62097699916708
-12,9,100.0
-11,9,198.7294433575484
-11,8,100.0
-10,8,229.9895404657712
-10,7,266.9279087844278
-9,7,460.64469520594383
-9,8,100.0
-10,8,375.9788822683195
-10,7,100.0
-9,7,175.9845625404159
-10,7,100.0
-10,6,128.5321005793967
-10,5,100.0
-9,5,153.43049653305988
-8,5,631.0781476816078
-8,4,532.5559671031624
-8,3,448.7763735209912
-8,2,237.633809111677
-8,1,426.7486801865808
-7,1,207.8275583453862
-7,0,177.72184224827555
-7,-1,721.9666722277136
-7,-2,100.0
-6,-2,734.7956855246815
-6,-3,284.30344975012605
-6,-4,435.45137971049746
-5,-4,438.4437282031547
-4,-4,356.0611831184525
-3,-4,968.0449250138934
-3,-3,329.1439365999318
-3,-4,316.9194467155011
-3,-3,197.49209869521184
-3,-4,259.47434729610285
-3,-5,726.3526494601095
-4,-5,353.34686877907933
-3,-5,432.8733837071003
-2,-5,397.4317183634194
-2,-6,824.2796007481292
-1,-6,528.2971974644322
-1,-7,121.51755144179009
0,-7,261.0783443981935
0,-8,181.61079191997965
-1,-8,100.0
-2,-8,432.963842790348
-3,-8,353.22810722494495
-2,-8,554.6754543939657
-1,-8,250.1789094076056
-2,-8,474.6417778048165
-3,-8,561.6920553076156
-4,-8,114.35916816480398
-3,-8,715.6473466550614
-4,-8,537.6789789680256
-3,-8,649.5543133726535
-4,-8,209.8635720020181
-3,-8,653.406540405481
-2,-8,338.5440901900417
-3,-8,475.35581923387235
-4,-8,380.55512269757685
-5,-8,210.01511324567733
-6,-8,125.92145752514051
-5,-8,478.9538486483833
-6,-8,143.7923308925282
-5,-8,417.67026964826596
-6,-8,591.7799862321539
-7,-8,211.95524527972452
-6,-8,308.909379271225
-5,-8,159.850103718698
-6,-8,383.02185929455396
-7,-8,322.18439737584265
-8,-8,193.90230936642206
-9,-8,522.0923918134881
-10,-8,100.0
-11,-8,100.0
-12,-8,227.3490428717364
-11,-8,251.81484511582198
-12,-8,100.0
-13,-8,545.0060571423678
-14,-8,193.16526858413667
-15,-8,100.0
-16,-8,588.7207671027527
-17,-8,100.0
-16,-8,100.0
-15,-8,100.0
-15,-7,144.58772209450512
-14,-7,100.0
-14,-8,100.0
-13,-8,466.89217318087185
-12,-8,226.58643224360915
-11,-8,100.0
-11,-7,842.9617861680217
-10,-7,100.0
-9,-7,244.9534712705228
-10,-7,529.8776583477966
-9,-7,100.0
-9,-8,100.0
-9,-7,100.0
-8,-7,250.4960345862046
-7,-7,641.9213320124613
-7,-8,381.8722788336403
-6,-8,109.5086933516578
-5,-8,430.2045988400977
-5,-9,164.19780482173854
-6,-9,365.0238365722156
-5,-9,749.0266925934866
-4,-9,399.29806544877215
-5,-9,259.1642205008098
-4,-9,523.7662133500613
-3,-9,100.0
-3,-10,283.9858220376223
-3,-11,265.2111237005043
-2,-11,303.4021132298175
-1,-11,477.2522020230575
0,-11,130.1268084163762
1,-11,174.5274101800747
0,-11,157.63578608252695
1,-11,437.24023530700254
1,-12,862.6360729075648
0,-12,218.44393933642695
-1,-12,533.5824905218221
0,-12,638.8010755863892
0,-13,253.29482311577505
1,-13,643.8209520591042
2,-13,415.99433205400453
2,-14,870.237899101395
3,-14,548.4023970375532
4,-14,100.0
5,-14,100.0
6,-14,318.5000592246492
6,-15,180.9597103365872
7,-15,192.24966316687937
7,-14,180.20216344847205
6,-14,329.8351504104007
7,-14,464.445991416806
8,-14,334.7353684966389
9,-14,451.2830458929529
10,-14,296.5345104888033
11,-14,111.0241040687963
12,-14,100.0
13,-14,100.0
14,-14,100.0
14,-15,100.0
15,-15,100.0
14,-15,100.0
14,-16,100.0
14,-17,100.0
14,-16,100.0
15,-16,100.0
16,-16,100.0
16,-17,100.0
16,-18,100.0
16,-19,105.55326299629851
16,-20,100.0
17,-20,275.97160187264683
18,-20,100.0
19,-20,100.0
20,-20,100.0
20,-19,100.0
20,-18,100.0
20,-17,305.13518830590635
20,-16,100.0
20,-17,100.0
20,-18,100.0
20,-17,100.0
20,-16,100.0
20,-15,100.0
20,-14,300.1295634685103
20,-13,100.0
20,-12,100.0
20,-11,100.0
20,-10,165.42315145831063
20,-9,100.0
20,-8,100.0
19,-8,100.0
18,-8,100.0
17,-8,100.0
16,-8,398.9697046651875
15,-8,181.11213685477236
14,-8,614.3450722139626
13,-8,206.7524844782107
12,-8,270.5633056732557
11,-8,122.980787920758
10,-8,561.2642320646477
10,-7,289.0395106958574
9,-7,437.11395827744514
8,-7,209.44265822635992
7,-7,432.13470053054493
7,-8,321.1198593317629
6,-8,491.75601530176965
5,-8,496.07796902175716
6,-8,177.29638640025547
6,-9,588.4683619355447
5,-9,451.8949987379131
4,-9,528.1159511875454
3,-9,787.6013299461733
4,-9,242.34945790684338
5,-9,100.0
4,-9,125.81453310444851
4,-10,267.55001043344987
3,-10,316.2751756444277
4,-10,154.29545218858703
4,-11,872.4509246543432
3,-11,436.78406069913945
2,-11,114.25782719960914
1,-11,151.24426739272158
0,-11,289.41878964214516
-1,-11,436.23720994849583
-1,-12,355.3395766727743
-2,-12,456.6667170238212
-3,-12,100.0
-3,-13,100.0
-4,-13,100.0
-5,-13,202.92622421806328
-6,-13,205.25296234409709
-5,-13,100.0
-6,-13,297.3895729439908
-6,-14,274.6195896785735
-7,-14,173.8331552778415
-6,-14,100.0
-7,-14,310.2245030832715
-7,-15,100.0
-8,-15,100.0
-9,-15,413.32546104004655
-10,-15,100.0
-11,-15,194.4683532526418
-10,-15,173.9407232205293
-11,-15,174.66017404274032
-12,-15,100.0
-13,-15,170.58952229192892
-14,-15,100.0
-15,-15,281.5764775603842
-15,-16,100.0
-16,-16,100.0
-17,-16,100.0
-18,-16,171.66860408734377
-19,-16,130.69293719315525
-20,-16,100.0
-19,-16,100.0
-19,-17,100.0
-18,-17,100.0
-18,-16,100.0
-17,-16,100.0
-16,-16,100.0
-15,-16,264.6995470195052
-15,-15,156.6491184286822
-14,-15,175.50546370899895
-13,-15,100.0
-12,-15,100.0
-12,-16,100.0
-12,-15,258.0239816217768
-13,-15,100.0
-12,-15,100.0
-11,-15,121.91167269253033
-10,-15,228.21894617782226
-9,-15,246.5194735605328
-8,-15,100.0
-9,-15,538.9582887310436
-9,-16,100.0
-9,-15,100.0
-8,-15,100.0
-8,-14,625.6584659645961
-7,-14,133.11333290802273
-6,-14,100.0
-5,-14,160.91298205565585
-5,-13,100.0
-4,-13,258.2373701157977
-3,-13,301.7098579293185
-2,-13,218.68223903782246
-1,-13,395.21348293661816
-1,-12,513.8881770913237
-2,-12,100.0
-1,-12,334.70051572254056
-1,-11,315.0768525071799
-1,-12,152.98015129676355
-2,-12,188.60533024758024
-1,-12,572.9417257253477
-1,-11,273.5084069538871
0,-11,387.0435052762446
0,-10,115.76556760871165
0,-9,330.4111887627918
-1,-9,347.66554212053455
0,-9,253.5158860340464
1,-9,317.77309520559174
0,-9,292.60724507075884
-1,-9,218.6933840863972
0,-9,758.723662258014
-1,-9,446.88361816526907
0,-9,100.0
1,-9,505.4485160950337
2,-9,442.8667377286291
2,-8,444.4454444008222
3,-8,318.6220983490075
4,-8,540.3153210200983
4,-9,394.59040088691734
3,-9,383.83234436449703
2,-9,312.6802804451191
1,-9,100.0
1,-10,100.0
0,-10,100.0
0,-11,151.2847832115778
0,-12,139.20265791164206
0,-11,353.35195893629424
1,-11,100.0
1,-12,119.37421749409897
2,-12,735.1086999000161
2,-11,254.13212141290285
2,-10,660.9804290022695
2,-9,136.09885081807604
3,-9,341.7346928787942
2,-9,430.99023623508674
2,-8,507.40004460958494
2,-9,730.6873936732702
3,-9,492.6175793105974
3,-8,224.83182819008823
4,-8,268.06787908340846
5,-8,441.08015742051793
6,-8,373.652465389261
6,-7,451.6444832629279
6,-6,309.8171819981776
7,-6,304.90910983577777
7,-7,119.99285763374957
6,-7,223.2747473549897
7,-7,137.1807216442116
8,-7,331.5520883962058
8,-6,263.53058357018637
7,-6,592.4756354276662
7,-5,289.44023622444007
7,-4,153.33685875483218
8,-4,123.64712800972868
9,-4,158.79625667797504
9,-3,423.79283206683755
9,-2,525.4062419848258
10,-2,126.65633627956132
9,-2,487.86197111978504
10,-2,448.38991595108837
10,-1,384.3560984872039
11,-1,184.20557486085843
11,0,372.96537071950087
12,0,563.0162171024822
12,1,413.1898831492086
12,2,100.0
13,2,100.0
13,3,156.26840389147267
12,3,181.4730081124422
12,4,373.83999567923195
13,4,248.49329431123908
12,4,503.6232405850127
12,5,324.1514037410755
13,5,174.35248639649535
14,5,156.8234040767789
13,5,100.0
13,4,100.0
14,4,100.0
14,5,390.71470083467557
15,5,129.16129996254284
16,5,329.42353742805653
17,5,215.3357326044036
18,5,164.73072047148008
18,6,100.0
18,7,176.70365784465397
18,8,348.18504214210816
19,8,100.0
20,8,100.0
19,8,100.0
18,8,146.44135067499707
17,8,100.0
16,8,130.92953853779824
15,8,199.51031211896333
14,8,124.85050062478797
13,8,168.69887102647613
12,8,100.0
12,9,223.8124390371677
12,8,328.0243767361969
12,7,100.0
12,6,169.15805234618426
12,5,152.8118108973268
12,4,357.98251249312807
12,3,464.3089402190013
13,3,485.4468119873528
12,3,500.34302467555096
13,3,486.09997241256974
14,3,567.0801704066625
13,3,109.78816308143067
14,3,145.51416563072337
13,3,100.0
13,2,315.81454153972845
13,1,282.09983774994487
