0.42
0.49
0.60
0.70
0.87
1.03
1.13
1.32
1.35
1.28
1.22
1.17
1.07
0.98
0.79
0.72
0.57
0.59
0.44
0.47
0.59
0.70
0.62
0.79
0.78
0.89
1.02
1.08
1.25
1.16
1.04
1.04
0.94
0.91
0.91
0.84
0.82
0.70
0.49
0.53
0.73
0.72
0.91
0.90
0.80
0.84
0.73
0.68
0.53
0.53
0.48
0.37
0.35
0.30
0.31
0.28
0.34
0.42
0.60
0.85
0.83
0.80
0.78
0.82
0.71
0.61
0.55
0.51
0.40
0.33
0.32
0.35
0.48
0.51
0.58
0.66
0.67
0.81
0.87
1.03
0.93
0.94
0.83
0.78
0.92
0.90
0.87
0.96
0.97
0.82
0.83
0.72
0.67
0.59
0.47
0.44
0.70
0.73
0.70
0.68
