0.38
0.51
0.62
0.66
0.84
0.96
1.12
1.38
1.40
1.31
1.27
1.05
1.06
0.93
0.86
0.68
0.55
0.48
0.44
0.50
0.53
0.71
0.60
0.75
0.77
0.93
0.99
1.07
1.14
1.10
1.05
0.98
1.00
0.97
0.94
0.86
0.90
0.76
0.55
0.57
0.73
0.82
0.80
0.92
0.86
0.84
0.71
0.66
0.57
0.53
0.45
0.39
0.32
0.29
0.29
0.31
0.33
0.41
0.59
0.89
0.91
0.83
0.78
0.86
0.71
0.64
0.56
0.41
0.39
0.32
0.34
0.36
0.43
0.53
0.49
0.61
0.73
0.76
0.90
1.01
0.95
0.96
0.85
0.80
0.89
0.86
0.92
0.96
0.89
0.84
0.81
0.72
0.68
0.59
0.44
0.47
0.58
0.77
0.74
0.73
