0.44
0.52
0.62
0.70
0.86
0.95
1.18
1.30
1.38
1.36
1.19
1.12
1.12
0.82
0.88
0.64
0.63
0.56
0.44
0.52
0.57
0.74
0.66
0.74
0.79
0.84
1.07
1.08
1.24
1.17
1.08
0.93
0.92
0.99
0.93
0.90
0.85
0.67
0.50
0.55
0.65
0.78
0.89
0.85
0.93
0.81
0.75
0.65
0.64
0.52
0.50
0.46
0.34
0.32
0.30
0.34
0.32
0.46
0.63
0.83
0.87
0.93
0.85
0.75
0.69
0.64
0.52
0.47
0.37
0.32
0.35
0.41
0.43
0.55
0.52
0.65
0.71
0.85
0.90
0.92
0.92
1.02
0.92
0.81
0.92
1.03
0.92
0.92
0.89
0.86
0.73
0.67
0.70
0.58
0.50
0.45
0.61
0.69
0.71
0.73
