0.43
0.50
0.61
0.83
1.07
1.15
1.31
1.56
1.51
1.39
1.13
1.24
1.15
1.02
0.94
0.73
0.59
0.48
0.45
0.48
0.59
0.67
0.68
0.78
0.78
0.93
1.17
1.15
1.34
1.33
1.26
1.13
1.04
0.93
0.94
0.94
0.84
0.69
0.57
0.58
0.75
0.82
0.92
0.92
0.96
0.87
0.80
0.69
0.57
0.62
0.52
0.38
0.35
0.31
0.30
0.32
0.37
0.46
0.63
0.87
0.98
0.97
0.89
0.79
0.72
0.69
0.58
0.48
0.41
0.34
0.33
0.39
0.45
0.59
0.52
0.69
0.81
0.85
1.05
1.09
1.03
0.88
0.86
0.86
1.04
1.03
0.96
0.92
1.03
0.97
0.75
0.77
0.64
0.61
0.43
0.49
0.57
0.74
0.73
0.70
