0.40
0.48
0.56
0.68
0.84
1.03
1.19
1.27
1.46
1.27
1.21
1.11
1.06
0.91
0.86
0.72
0.54
0.49
0.41
0.49
0.50
0.70
0.64
0.73
0.83
0.98
1.02
1.10
1.20
1.25
1.17
0.99
1.04
0.94
0.93
0.92
0.87
0.67
0.56
0.55
0.76
0.82
0.87
0.89
0.87
0.79
0.74
0.65
0.55
0.51
0.45
0.39
0.36
0.28
0.31
0.29
0.35
0.43
0.64
0.84
0.91
0.90
0.89
0.82
0.71
0.63
0.51
0.44
0.42
0.33
0.31
0.37
0.39
0.48
0.57
0.67
0.84
0.75
0.97
0.91
1.02
0.89
0.84
0.81
1.04
0.85
0.95
0.91
0.89
0.80
0.81
0.75
0.66
0.60
0.45
0.48
0.61
0.67
0.71
0.74
