0.40
0.51
0.74
0.72
1.03
1.06
1.17
1.36
1.49
1.38
1.29
1.21
1.25
1.08
0.82
0.75
0.59
0.55
0.44
0.52
0.57
0.68
0.67
0.75
0.83
0.92
1.05
1.03
1.29
1.19
1.19
1.06
1.07
1.07
0.96
0.96
0.92
0.74
0.54
0.54
0.74
0.91
0.92
0.98
0.87
0.91
0.86
0.70
0.59
0.61
0.45
0.39
0.37
0.29
0.30
0.34
0.36
0.51
0.71
0.92
1.01
0.95
0.95
0.86
0.77
0.70
0.61
0.51
0.46
0.36
0.33
0.41
0.44
0.51
0.59
0.69
0.74
0.83
0.98
1.03
1.03
1.03
0.86
0.90
0.93
1.05
0.99
1.06
1.03
0.90
0.78
0.75
0.68
0.58
0.43
0.42
0.67
0.77
0.76
0.72
