0.43
0.49
0.59
0.87
1.03
1.05
1.31
1.44
1.46
1.35
1.19
1.15
1.17
0.93
0.93
0.68
0.61
0.50
0.46
0.57
0.56
0.75
0.66
0.76
0.85
1.01
1.11
1.16
1.38
1.25
1.13
1.06
1.00
1.03
0.97
1.02
0.89
0.70
0.51
0.56
0.81
0.79
0.91
0.87
0.87
0.87
0.76
0.74
0.58
0.58
0.45
0.40
0.35
0.30
0.30
0.30
0.38
0.45
0.63
0.80
0.98
0.94
0.93
0.97
0.79
0.70
0.63
0.51
0.42
0.32
0.33
0.41
0.46
0.48
0.56
0.71
0.76
0.81
1.09
1.03
1.19
0.89
0.92
0.90
1.13
1.00
0.99
0.91
0.96
0.85
0.80
0.76
0.68
0.55
0.44
0.43
0.64
0.76
0.76
0.71
