0.40
0.52
0.65
0.75
1.03
1.03
1.32
1.42
1.43
1.43
1.10
1.14
1.25
0.96
0.97
0.68
0.58
0.54
0.43
0.48
0.57
0.68
0.61
0.73
0.85
0.92
1.13
1.15
1.28
1.25
1.22
1.06
1.04
1.00
0.88
1.00
0.91
0.73
0.64
0.54
0.69
0.89
0.93
0.98
0.93
0.83
0.88
0.72
0.65
0.61
0.50
0.46
0.36
0.30
0.29
0.31
0.35
0.47
0.66
0.89
0.94
0.98
0.86
0.95
0.72
0.62
0.62
0.48
0.40
0.34
0.33
0.40
0.49
0.50
0.62
0.67
0.79
0.84
1.04
0.95
1.09
1.04
0.95
0.84
1.11
1.06
1.00
0.98
0.95
0.93
0.81
0.69
0.69
0.55
0.45
0.45
0.54
0.79
0.68
0.71
