0.44
0.53
0.63
0.77
1.08
1.00
1.21
1.47
1.35
1.31
1.23
1.22
1.07
1.09
0.82
0.69
0.58
0.56
0.46
0.52
0.54
0.75
0.68
0.76
0.78
0.94
1.17
1.09
1.28
1.20
1.21
0.99
1.11
1.05
0.94
0.89
0.89
0.73
0.56
0.56
0.70
0.75
0.84
0.86
0.96
0.83
0.83
0.74
0.65
0.63
0.49
0.38
0.34
0.30
0.30
0.31
0.37
0.45
0.68
0.92
0.92
0.93
0.86
0.79
0.83
0.70
0.57
0.52
0.41
0.33
0.31
0.39
0.44
0.52
0.56
0.68
0.73
0.78
0.99
0.95
1.08
0.95
0.91
0.86
0.97
0.95
0.96
0.95
1.04
0.96
0.77
0.74
0.74
0.64
0.43
0.41
0.60
0.74
0.64
0.69
