0.40
0.47
0.57
0.71
0.85
0.98
1.18
1.37
1.42
1.23
1.17
1.12
1.11
0.94
0.82
0.68
0.57
0.49
0.43
0.50
0.58
0.66
0.67
0.80
0.71
0.82
0.98
1.06
1.18
1.20
1.03
0.88
1.00
0.92
0.89
0.87
0.82
0.71
0.52
0.53
0.65
0.80
0.92
0.86
0.85
0.86
0.69
0.66
0.53
0.51
0.45
0.39
0.33
0.30
0.32
0.30
0.36
0.44
0.59
0.86
0.89
0.89
0.78
0.82
0.76
0.72
0.53
0.45
0.44
0.32
0.32
0.45
0.47
0.52
0.51
0.69
0.70
0.86
0.89
0.85
0.98
0.93
0.85
0.78
0.90
0.97
1.01
0.94
0.87
0.85
0.87
0.72
0.70
0.67
0.46
0.48
0.66
0.71
0.69
0.71
