0.44
0.46
0.60
0.74
0.89
1.05
1.05
1.34
1.40
1.31
1.12
1.18
1.14
1.01
0.85
0.68
0.56
0.47
0.43
0.50
0.56
0.72
0.66
0.82
0.75
0.86
1.04
1.11
1.25
1.14
1.08
0.93
0.93
0.94
0.94
0.93
0.95
0.68
0.52
0.58
0.66
0.76
0.81
0.86
0.85
0.77
0.76
0.64
0.59
0.55
0.44
0.36
0.33
0.29
0.30
0.31
0.33
0.39
0.63
0.83
0.84
0.86
0.83
0.80
0.76
0.64
0.56
0.42
0.39
0.31
0.31
0.39
0.43
0.48
0.51
0.71
0.76
0.84
0.97
0.93
0.97
0.95
0.85
0.88
0.91
1.02
0.93
0.88
0.96
0.86
0.78
0.77
0.68
0.61
0.46
0.43
0.61
0.75
0.63
0.67
