0.42
0.46
0.62
0.68
0.90
1.01
1.14
1.35
1.41
1.28
1.20
1.20
1.11
0.96
0.77
0.65
0.62
0.53
0.46
0.46
0.60
0.70
0.63
0.74
0.79
0.85
0.97
1.04
1.12
1.19
1.15
0.95
1.09
1.04
0.89
0.84
0.82
0.71
0.53
0.52
0.71
0.83
0.92
0.83
0.82
0.83
0.70
0.66
0.57
0.54
0.46
0.37
0.33
0.30
0.28
0.32
0.33
0.44
0.63
0.77
0.95
0.90
0.82
0.80
0.69
0.64
0.56
0.52
0.39
0.34
0.34
0.36
0.42
0.49
0.53
0.64
0.76
0.79
0.95
0.96
0.96
0.93
0.87
0.80
1.03
0.89
1.05
0.87
0.95
0.80
0.81
0.75
0.62
0.63
0.43
0.47
0.65
0.73
0.71
0.73
