0.40
0.45
0.59
0.71
0.84
0.98
1.25
1.31
1.39
1.40
1.17
1.07
1.04
0.90
0.84
0.65
0.58
0.46
0.43
0.44
0.52
0.65
0.66
0.68
0.76
0.84
0.99
1.16
1.19
1.18
1.14
0.95
1.03
0.92
0.86
0.83
0.88
0.69
0.58
0.58
0.69
0.73
0.93
0.82
0.86
0.79
0.73
0.65
0.51
0.61
0.41
0.41
0.36
0.29
0.31
0.29
0.33
0.40
0.63
0.77
0.88
0.81
0.80
0.79
0.80
0.62
0.57
0.51
0.38
0.31
0.33
0.43
0.44
0.51
0.52
0.68
0.71
0.76
0.97
0.94
0.94
0.88
0.85
0.82
0.93
0.94
0.86
0.90
0.91
0.89
0.83
0.75
0.67
0.56
0.46
0.39
0.56
0.76
0.73
0.69
