0.47
0.49
0.68
0.78
0.97
1.03
1.31
1.46
1.48
1.34
1.30
1.25
1.25
1.01
0.80
0.70
0.58
0.52
0.45
0.51
0.65
0.76
0.66
0.72
0.88
0.95
1.07
1.24
1.19
1.25
1.24
1.12
1.02
1.08
0.99
0.91
0.92
0.73
0.56
0.55
0.75
0.80
0.92
1.01
0.87
0.97
0.80
0.70
0.69
0.65
0.45
0.40
0.36
0.32
0.32
0.31
0.34
0.42
0.65
0.88
1.04
1.02
0.99
0.85
0.79
0.67
0.65
0.56
0.45
0.34
0.31
0.41
0.42
0.61
0.57
0.79
0.78
0.79
0.98
0.98
0.93
1.08
0.87
0.84
1.05
1.04
0.93
1.08
1.01
1.00
0.84
0.78
0.73
0.60
0.49
0.43
0.59
0.70
0.67
0.69
