0.41
0.42
0.55
0.63
0.85
0.95
1.15
1.30
1.42
1.33
1.12
1.14
1.09
0.97
0.80
0.69
0.58
0.52
0.43
0.52
0.57
0.71
0.65
0.76
0.78
0.95
1.07
1.09
1.26
1.14
1.06
0.96
0.94
0.95
0.83
0.93
0.86
0.71
0.48
0.54
0.70
0.78
0.90
0.83
0.85
0.82
0.69
0.69
0.54
0.55
0.45
0.38
0.34
0.29
0.28
0.30
0.36
0.45
0.70
0.74
0.91
0.84
0.83
0.81
0.77
0.64
0.68
0.52
0.39
0.35
0.33
0.37
0.42
0.54
0.51
0.76
0.76
0.79
0.86
1.02
1.00
0.96
0.80
0.85
0.88
0.94
0.90
0.92
0.93
0.91
0.79
0.65
0.68
0.62
0.45
0.39
0.62
0.73
0.69
0.71
