0.39
0.43
0.60
0.71
0.91
0.94
1.17
1.31
1.43
1.25
1.19
1.17
1.14
0.92
0.87
0.63
0.56
0.47
0.43
0.45
0.62
0.69
0.63
0.73
0.81
0.84
0.98
1.03
1.21
1.09
1.08
0.92
0.97
0.98
0.96
0.88
0.87
0.62
0.53
0.54
0.67
0.83
0.99
0.89
0.88
0.81
0.73
0.72
0.59
0.52
0.47
0.39
0.33
0.29
0.29
0.31
0.34
0.45
0.67
0.76
0.94
0.90
0.75
0.84
0.68
0.59
0.55
0.54
0.40
0.33
0.31
0.36
0.46
0.45
0.53
0.61
0.86
0.79
0.90
1.01
1.04
0.95
0.86
0.85
1.05
0.87
0.92
0.82
0.96
0.87
0.84
0.89
0.67
0.59
0.43
0.51
0.62
0.70
0.72
0.77
