0.42
0.49
0.62
0.76
0.92
1.09
1.16
1.36
1.47
1.38
1.23
1.09
1.07
1.02
0.82
0.72
0.57
0.54
0.46
0.49
0.56
0.70
0.66
0.74
0.77
0.92
1.10
1.17
1.28
1.35
1.26
1.01
1.05
0.95
0.90
0.98
0.98
0.71
0.54
0.59
0.76
0.77
0.96
0.92
0.96
0.83
0.81
0.73
0.66
0.64
0.51
0.38
0.35
0.30
0.30
0.33
0.38
0.44
0.64
0.90
0.94
0.89
0.95
0.86
0.84
0.70
0.64
0.53
0.45
0.32
0.32
0.41
0.44
0.51
0.60
0.73
0.78
0.78
0.98
0.96
0.95
0.91
0.91
0.86
0.97
1.11
1.10
1.01
1.03
0.90
0.76
0.73
0.73
0.61
0.45
0.42
0.62
0.73
0.67
0.67
