0.39
0.51
0.62
0.66
1.01
1.01
1.16
1.39
1.28
1.33
1.22
1.13
1.11
0.98
0.86
0.62
0.53
0.50
0.46
0.52
0.55
0.62
0.63
0.76
0.81
0.97
1.01
1.01
1.21
1.22
1.14
1.04
0.98
1.00
0.97
0.87
0.90
0.64
0.54
0.55
0.66
0.81
0.83
0.80
0.93
0.78
0.73
0.64
0.54
0.53
0.40
0.36
0.36
0.29
0.29
0.29
0.33
0.40
0.56
0.73
0.85
0.79
0.80
0.73
0.73
0.68
0.60
0.48
0.40
0.33
0.35
0.38
0.44
0.51
0.51
0.63
0.74
0.79
0.95
0.96
0.93
0.89
0.80
0.81
0.99
0.85
0.95
0.86
1.01
0.88
0.81
0.71
0.73
0.60
0.44
0.45
0.60
0.77
0.70
0.71
