0.43
0.50
0.63
0.74
0.87
1.02
1.19
1.16
1.38
1.37
1.20
1.21
1.11
1.06
0.81
0.69
0.63
0.46
0.42
0.52
0.57
0.61
0.63
0.75
0.80
0.82
1.19
1.07
1.17
1.24
1.16
1.07
1.02
0.96
0.96
0.88
0.82
0.63
0.59
0.56
0.70
0.72
0.88
0.83
0.92
0.81
0.74
0.72
0.52
0.56
0.44
0.39
0.34
0.29
0.28
0.32
0.35
0.43
0.60
0.86
0.88
0.89
0.89
0.86
0.66
0.62
0.67
0.46
0.41
0.35
0.32
0.40
0.40
0.51
0.54
0.67
0.76
0.74
0.91
0.96
0.94
0.89
0.86
0.81
0.90
0.89
0.90
0.87
0.94
0.90
0.74
0.76
0.64
0.59
0.43
0.44
0.68
0.66
0.69
0.78
