0.40
0.49
0.61
0.77
0.98
0.93
1.17
1.29
1.43
1.22
1.17
1.14
1.08
0.96
0.85
0.70
0.57
0.55
0.41
0.49
0.53
0.79
0.60
0.68
0.80
0.91
1.05
1.17
1.21
1.16
1.09
1.04
0.98
0.98
0.96
0.92
0.87
0.69
0.53
0.53
0.68
0.77
0.87
0.87
0.80
0.85
0.74
0.74
0.56
0.54
0.43
0.35
0.38
0.29
0.29
0.30
0.31
0.41
0.61
0.83
0.84
0.85
0.94
0.81
0.69
0.61
0.54
0.51
0.42
0.32
0.31
0.41
0.48
0.57
0.58
0.70
0.73
0.80
0.84
0.89
0.88
0.91
0.78
0.82
1.01
0.92
0.98
0.89
1.00
0.88
0.83
0.77
0.67
0.62
0.45
0.42
0.61
0.70
0.68
0.71
