0.37
0.49
0.60
0.74
0.95
1.09
1.25
1.36
1.43
1.35
1.14
1.22
1.09
1.02
0.85
0.68
0.53
0.59
0.45
0.51
0.59
0.66
0.60
0.73
0.80
0.93
1.03
1.16
1.20
1.15
1.09
1.02
0.96
1.02
0.92
0.84
0.82
0.68
0.51
0.58
0.76
0.86
0.94
0.79
0.88
0.89
0.73
0.63
0.54
0.57
0.48
0.37
0.32
0.30
0.30
0.30
0.37
0.37
0.57
0.82
0.89
0.86
0.81
0.79
0.73
0.63
0.56
0.45
0.44
0.31
0.33
0.36
0.41
0.46
0.50
0.69
0.71
0.79
0.98
0.89
0.98
0.88
0.94
0.79
0.92
0.92
1.03
0.92
0.94
0.91
0.82
0.72
0.67
0.61
0.43
0.43
0.64
0.77
0.66
0.70
