0.43
0.47
0.56
0.76
0.93
0.94
1.11
1.29
1.41
1.31
1.18
1.14
1.03
0.97
0.86
0.65
0.61
0.56
0.41
0.52
0.53
0.68
0.64
0.73
0.75
0.93
1.02
1.12
1.23
1.17
1.05
1.04
1.01
0.91
0.90
0.83
0.85
0.69
0.52
0.52
0.63
0.82
0.91
0.78
0.91
0.87
0.80
0.66
0.56
0.50
0.41
0.37
0.32
0.29
0.28
0.33
0.37
0.41
0.54
0.78
0.86
0.91
0.88
0.87
0.75
0.66
0.54
0.44
0.38
0.33
0.31
0.35
0.43
0.46
0.49
0.67
0.77
0.75
0.93
0.91
0.95
0.84
0.90
0.80
0.94
0.91
0.89
0.90
0.86
0.84
0.79
0.74
0.75
0.65
0.44
0.42
0.58
0.78
0.76
0.73
