0.43
0.49
0.68
0.82
1.00
1.03
1.34
1.25
1.43
1.42
1.29
1.15
1.10
1.03
0.84
0.67
0.54
0.49
0.48
0.48
0.56
0.79
0.62
0.75
0.74
0.92
1.12
1.20
1.33
1.30
1.20
1.07
1.05
1.05
0.92
0.96
0.88
0.67
0.52
0.55
0.67
0.83
0.90
0.87
0.82
0.94
0.77
0.64
0.74
0.59
0.46
0.39
0.33
0.33
0.31
0.31
0.37
0.47
0.66
0.87
0.95
0.88
0.91
0.87
0.80
0.72
0.63
0.51
0.42
0.34
0.34
0.44
0.48
0.53
0.62
0.63
0.78
0.72
0.94
0.89
0.95
1.05
0.90
0.90
1.00
1.05
0.99
1.03
1.04
0.93
0.82
0.72
0.69
0.55
0.44
0.44
0.68
0.66
0.81
0.65
