0.37
0.49
0.53
0.74
0.98
0.93
1.16
1.35
1.30
1.38
1.23
1.16
1.10
1.08
0.78
0.63
0.56
0.53
0.44
0.53
0.53
0.75
0.67
0.74
0.70
0.87
1.07
1.01
1.23
1.24
1.08
0.98
1.02
1.02
0.94
0.85
0.82
0.71
0.56
0.55
0.65
0.76
0.96
0.87
0.78
0.79
0.75
0.63
0.59
0.54
0.43
0.39
0.32
0.28
0.31
0.33
0.32
0.42
0.61
0.77
0.87
0.85
0.87
0.77
0.65
0.63
0.64
0.45
0.41
0.35
0.33
0.37
0.48
0.47
0.44
0.64
0.72
0.78
0.90
0.91
0.86
0.91
0.83
0.82
0.94
0.81
0.90
0.90
0.96
0.88
0.78
0.71
0.73
0.57
0.44
0.45
0.55
0.71
0.71
0.70
