0.43
0.51
0.64
0.72
1.09
1.18
1.37
1.45
1.48
1.39
1.17
1.12
1.14
1.00
0.84
0.72
0.57
0.58
0.43
0.53
0.61
0.62
0.66
0.69
0.91
0.95
1.11
1.14
1.21
1.35
1.26
0.98
1.04
1.01
1.03
0.95
0.93
0.77
0.59
0.59
0.67
0.87
0.90
0.91
1.00
0.85
0.79
0.77
0.61
0.58
0.46
0.41
0.39
0.34
0.30
0.33
0.35
0.48
0.62
0.83
1.06
0.95
0.90
0.86
0.84
0.68
0.58
0.47
0.45
0.32
0.37
0.46
0.44
0.51
0.53
0.65
0.77
0.78
0.99
0.90
1.03
1.01
0.87
0.86
1.01
0.94
0.92
1.00
1.05
0.97
0.81
0.70
0.66
0.62
0.51
0.40
0.61
0.73
0.68
0.66
