0.42
0.53
0.65
0.80
1.10
1.15
1.19
1.46
1.50
1.39
1.26
1.26
1.06
1.00
0.84
0.72
0.60
0.53
0.48
0.50
0.55
0.77
0.60
0.78
0.75
0.93
1.09
1.10
1.32
1.34
1.23
1.03
1.11
1.13
0.94
0.91
0.94
0.74
0.53
0.56
0.72
0.85
0.92
0.85
0.89
0.86
0.80
0.72
0.63
0.62
0.47
0.40
0.34
0.30
0.30
0.30
0.37
0.46
0.66
0.88
1.01
0.94
0.93
0.94
0.81
0.73
0.70
0.49
0.47
0.32
0.38
0.39
0.45
0.52
0.56
0.71
0.77
0.88
0.91
0.97
1.04
0.97
0.87
0.90
1.04
0.96
0.92
0.94
1.04
0.96
0.79
0.75
0.63
0.57
0.43
0.47
0.57
0.72
0.72
0.72
