0.45
0.53
0.67
0.76
1.03
1.05
1.23
1.39
1.46
1.35
1.14
1.23
1.08
0.99
0.82
0.64
0.53
0.48
0.46
0.48
0.59
0.73
0.68
0.76
0.85
0.83
1.07
1.15
1.36
1.28
1.09
1.04
1.07
1.01
0.96
0.90
0.99
0.74
0.54
0.61
0.69
0.93
0.94
0.95
0.85
0.88
0.83
0.74
0.63
0.57
0.50
0.45
0.33
0.29
0.31
0.31
0.38
0.50
0.74
0.81
1.00
0.95
1.00
0.87
0.75
0.68
0.61
0.52
0.43
0.37
0.31
0.40
0.45
0.58
0.53
0.69
0.84
0.86
0.95
1.02
1.00
0.99
0.85
0.91
1.02
0.99
0.94
0.93
1.04
0.91
0.78
0.77
0.73
0.67
0.42
0.43
0.63
0.78
0.69
0.72
