0.45
0.50
0.68
0.82
0.94
1.05
1.31
1.32
1.45
1.30
1.26
1.17
1.07
0.93
0.83
0.70
0.54
0.58
0.42
0.50
0.57
0.74
0.70
0.75
0.80
1.00
1.00
1.08
1.14
1.22
1.28
1.11
1.00
1.11
0.95
0.90
0.92
0.75
0.52
0.61
0.73
0.80
0.84
1.01
0.87
0.81
0.88
0.73
0.63
0.58
0.47
0.43
0.35
0.30
0.30
0.30
0.34
0.45
0.62
0.89
0.96
0.97
0.97
0.86
0.74
0.64
0.57
0.56
0.39
0.35
0.36
0.40
0.48
0.51
0.55
0.79
0.75
0.89
0.94
0.96
1.02
0.93
0.84
0.85
1.16
0.97
1.07
1.04
0.98
0.94
0.75
0.72
0.63
0.60
0.43
0.43
0.60
0.68
0.78
0.74
