0.38
0.53
0.56
0.72
0.91
0.90
1.18
1.29
1.41
1.29
1.21
1.13
1.12
0.95
0.88
0.70
0.58
0.52
0.49
0.53
0.57
0.70
0.62
0.73
0.76
0.88
0.99
1.14
1.15
1.16
1.14
0.98
0.91
0.98
0.94
0.86
0.83
0.71
0.60
0.54
0.67
0.78
0.84
0.84
0.86
0.79
0.76
0.56
0.56
0.59
0.47
0.43
0.35
0.30
0.28
0.32
0.37
0.43
0.70
0.77
0.87
0.87
0.87
0.83
0.72
0.58
0.59
0.47
0.39
0.34
0.31
0.39
0.42
0.49
0.52
0.71
0.74
0.82
0.91
0.99
0.97
0.90
0.89
0.80
0.95
0.90
0.91
0.92
0.91
0.85
0.84
0.77
0.72
0.59
0.49
0.48
0.56
0.65
0.71
0.72
