0.40
0.43
0.62
0.70
0.93
1.03
1.15
1.34
1.43
1.28
1.15
1.12
1.09
0.96
0.79
0.65
0.56
0.52
0.43
0.52
0.59
0.69
0.60
0.71
0.72
0.89
1.00
1.05
1.08
1.13
1.11
0.98
0.96
0.99
0.82
0.85
0.82
0.71
0.50
0.48
0.65
0.81
0.95
0.83
0.85
0.81
0.86
0.61
0.55
0.54
0.46
0.42
0.36
0.28
0.29
0.29
0.35
0.43
0.58
0.85
0.89
0.90
0.76
0.81
0.71
0.67
0.52
0.46
0.43
0.31
0.32
0.39
0.41
0.49
0.53
0.64
0.74
0.78
0.91
0.98
0.99
0.94
0.82
0.81
0.91
0.90
0.94
0.88
0.94
0.89
0.78
0.73
0.66
0.64
0.47
0.45
0.60
0.69
0.68
0.71
