0.40
0.55
0.61
0.76
0.98
1.00
1.21
1.28
1.43
1.29
1.15
1.19
1.10
1.00
0.79
0.65
0.54
0.50
0.40
0.55
0.53
0.73
0.63
0.72
0.85
0.82
1.02
1.00
1.25
1.11
1.09
0.99
0.92
0.93
0.97
0.84
0.87
0.64
0.53
0.60
0.63
0.72
0.93
0.91
0.89
0.82
0.83
0.66
0.62
0.55
0.44
0.37
0.32
0.28
0.28
0.33
0.39
0.41
0.56
0.79
0.83
0.93
0.82
0.76
0.68
0.63
0.54
0.49
0.38
0.33
0.31
0.39
0.40
0.47
0.55
0.65
0.69
0.82
1.02
1.00
0.91
0.96
0.83
0.77
0.94
0.83
0.94
0.93
0.98
0.90
0.80
0.75
0.73
0.54
0.44
0.44
0.56
0.73
0.64
0.75
