0.37
0.47
0.59
0.69
0.94
1.07
1.20
1.26
1.35
1.36
1.18
1.13
1.09
1.01
0.86
0.63
0.52
0.54
0.45
0.49
0.56
0.73
0.68
0.76
0.69
0.91
1.02
1.14
1.21
1.23
1.11
1.03
0.86
0.96
0.94
0.83
0.85
0.72
0.55
0.55
0.71
0.76
0.91
0.83
0.90
0.84
0.66
0.66
0.61
0.55
0.42
0.37
0.35
0.30
0.30
0.29
0.33
0.45
0.60
0.82
0.86
0.89
0.81
0.82
0.69
0.62
0.55
0.46
0.40
0.31
0.31
0.39
0.47
0.53
0.52
0.69
0.68
0.76
0.98
0.99
0.95
0.90
0.77
0.83
0.91
0.85
0.90
0.83
0.85
0.78
0.79
0.79
0.67
0.58
0.48
0.43
0.59
0.70
0.80
0.69
