0.41
0.52
0.61
0.77
1.00
1.04
1.25
1.37
1.42
1.42
1.16
1.13
1.01
1.00
0.88
0.64
0.61
0.59
0.43
0.52
0.59
0.69
0.64
0.84
0.81
0.89
1.14
1.12
1.32
1.18
1.11
1.04
1.09
0.97
1.08
0.94
0.92
0.68
0.58
0.55
0.81
0.90
0.93
1.01
0.91
0.95
0.71
0.70
0.64
0.58
0.48
0.43
0.36
0.30
0.30
0.32
0.35
0.44
0.59
0.83
0.95
0.95
0.94
0.86
0.77
0.73
0.62
0.49
0.43
0.36
0.32
0.44
0.47
0.49
0.54
0.74
0.73
0.87
0.97
1.07
1.09
0.93
0.83
0.93
0.98
0.92
1.05
1.05
1.01
0.90
0.76
0.68
0.67
0.54
0.43
0.46
0.65
0.72
0.71
0.70
