0.39
0.50
0.57
0.71
0.95
1.07
1.17
1.34
1.47
1.31
1.16
1.14
1.05
0.99
0.84
0.70
0.58
0.52
0.45
0.44
0.56
0.69
0.63
0.73
0.82
0.83
0.94
1.14
1.23
1.15
1.10
0.93
0.94
0.97
0.89
0.83
0.82
0.75
0.58
0.53
0.69
0.83
0.87
0.82
0.88
0.85
0.69
0.57
0.57
0.56
0.46
0.37
0.36
0.29
0.30
0.31
0.38
0.42
0.56
0.86
0.88
0.90
0.79
0.88
0.70
0.65
0.52
0.46
0.40
0.33
0.31
0.38
0.45
0.47
0.50
0.67
0.70
0.83
1.02
0.92
0.97
0.95
0.83
0.77
0.97
0.95
0.88
0.90
0.95
0.98
0.81
0.66
0.77
0.68
0.44
0.44
0.65
0.71
0.78
0.68
