0.39
0.50
0.64
0.76
1.04
1.07
1.30
1.27
1.51
1.42
1.23
1.20
1.22
1.09
0.92
0.74
0.59
0.55
0.44
0.53
0.60
0.74
0.66
0.77
0.77
0.93
1.20
1.32
1.25
1.18
1.13
1.09
1.21
1.09
1.05
0.96
0.83
0.63
0.59
0.60
0.70
0.92
0.96
0.91
0.94
0.90
0.78
0.68
0.64
0.58
0.46
0.42
0.34
0.30
0.30
0.30
0.35
0.50
0.66
0.88
0.89
0.96
0.88
0.80
0.80
0.79
0.56
0.48
0.40
0.37
0.32
0.42
0.49
0.55
0.52
0.73
0.78
0.86
0.98
0.96
1.03
0.88
0.87
0.85
1.04
0.96
0.99
0.99
1.03
1.00
0.78
0.73
0.72
0.61
0.45
0.44
0.62
0.73
0.66
0.75
