0.42
0.50
0.60
0.80
0.98
1.13
1.29
1.37
1.47
1.28
1.10
1.26
1.07
0.97
0.87
0.70
0.65
0.55
0.44
0.53
0.57
0.70
0.76
0.77
0.82
0.95
1.15
1.23
1.31
1.35
1.20
1.06
1.04
1.02
0.97
0.89
0.85
0.68
0.56
0.60
0.65
0.78
1.01
0.96
0.91
0.78
0.78
0.68
0.69
0.55
0.44
0.45
0.36
0.30
0.32
0.32
0.36
0.53
0.66
0.83
0.93
0.91
0.94
0.87
0.78
0.63
0.60
0.51
0.43
0.35
0.32
0.37
0.42
0.50
0.59
0.73
0.81
0.85
0.88
1.13
1.08
0.98
0.89
0.81
1.09
0.97
1.01
0.96
0.98
0.98
0.78
0.77
0.72
0.60
0.46
0.43
0.67
0.76
0.77
0.70
