0.42
0.43
0.61
0.68
0.91
0.92
1.15
1.33
1.42
1.31
1.22
1.13
1.14
0.91
0.83
0.64
0.63
0.46
0.51
0.49
0.48
0.68
0.67
0.73
0.78
0.85
1.08
1.04
1.15
1.19
1.13
1.01
0.84
0.97
0.91
0.92
0.82
0.65
0.51
0.51
0.59
0.81
0.88
0.94
0.75
0.86
0.73
0.67
0.58
0.60
0.44
0.41
0.34
0.32
0.30
0.30
0.32
0.45
0.54
0.80
0.87
0.87
0.78
0.76
0.77
0.68
0.55
0.46
0.42
0.32
0.34
0.38
0.45
0.48
0.54
0.64
0.69
0.85
0.92
0.89
0.97
0.91
0.81
0.78
0.89
0.95
0.89
0.90
0.92
0.88
0.84
0.73
0.67
0.58
0.49
0.44
0.67
0.71
0.75
0.68
