0.40
0.49
0.58
0.72
0.89
1.02
1.24
1.33
1.40
1.31
1.20
1.06
1.04
1.03
0.83
0.66
0.62
0.51
0.44
0.55
0.61
0.73
0.61
0.75
0.78
0.84
1.18
1.10
1.11
1.15
1.08
0.99
0.92
0.95
0.93
0.94
0.83
0.68
0.54
0.51
0.66
0.77
0.87
0.88
0.86
0.82
0.75
0.63
0.63
0.53
0.48
0.41
0.34
0.28
0.33
0.31
0.33
0.37
0.63
0.81
0.78
0.84
0.79
0.77
0.74
0.66
0.55
0.51
0.38
0.32
0.32
0.38
0.42
0.52
0.50
0.57
0.78
0.78
0.90
1.01
1.05
0.88
0.83
0.88
0.91
0.91
0.83
0.96
0.94
0.77
0.76
0.76
0.69
0.55
0.45
0.46
0.62
0.64
0.74
0.76
