0.48
0.48
0.59
0.86
0.97
1.08
1.16
1.43
1.47
1.30
1.23
1.15
1.24
0.99
0.84
0.77
0.52
0.54
0.42
0.50
0.61
0.71
0.69
0.78
0.73
0.92
1.13
1.05
1.31
1.26
1.19
1.05
1.01
1.15
0.95
0.90
0.93
0.68
0.53
0.53
0.76
0.87
0.94
0.91
0.94
0.96
0.90
0.69
0.63
0.64
0.55
0.38
0.35
0.29
0.29
0.30
0.39
0.49
0.66
0.91
0.98
0.92
0.92
0.98
0.83
0.71
0.56
0.48
0.38
0.38
0.32
0.39
0.42
0.50
0.61
0.73
0.76
0.86
0.88
1.04
1.07
0.96
0.84
0.96
0.92
0.94
1.09
0.96
1.10
0.93
0.77
0.76
0.67
0.62
0.45
0.42
0.66
0.77
0.68
0.72
