0.42
0.53
0.69
0.72
0.96
1.07
1.29
1.49
1.42
1.41
1.17
1.13
1.29
1.07
0.85
0.67
0.55
0.51
0.43
0.44
0.59
0.72
0.64
0.74
0.83
0.85
1.09
1.06
1.22
1.25
1.16
1.07
1.07
1.12
1.00
0.99
0.88
0.72
0.57
0.56
0.71
0.84
0.99
0.84
0.89
0.81
0.83
0.74
0.62
0.61
0.46
0.40
0.38
0.30
0.30
0.30
0.35
0.45
0.62
0.83
0.90
1.00
0.87
0.87
0.75
0.77
0.58
0.57
0.43
0.40
0.32
0.38
0.43
0.49
0.52
0.63
0.87
0.93
0.97
0.99
1.00
0.97
0.94
0.89
0.99
0.95
0.98
0.98
1.07
0.88
0.88
0.66
0.68
0.58
0.46
0.43
0.60
0.77
0.72
0.69
