0.39
0.52
0.68
0.77
1.03
1.03
1.31
1.39
1.43
1.45
1.16
1.22
1.18
1.03
0.81
0.73
0.59
0.49
0.45
0.53
0.54
0.68
0.66
0.86
0.85
0.93
1.11
1.10
1.19
1.24
1.22
1.09
1.00
1.05
1.02
0.92
0.89
0.71
0.53
0.61
0.73
0.87
0.90
0.96
0.95
0.89
0.86
0.72
0.61
0.62
0.47
0.40
0.35
0.30
0.30
0.31
0.34
0.43
0.68
0.81
0.89
0.95
0.89
0.87
0.75
0.70
0.70
0.50
0.42
0.36
0.33
0.40
0.43
0.51
0.54
0.65
0.78
0.84
1.04
1.11
1.01
1.01
0.96
0.90
0.94
0.94
0.99
0.93
1.05
0.88
0.71
0.78
0.67
0.62
0.48
0.44
0.62
0.70
0.73
0.73
