0.45
0.51
0.67
0.80
0.95
1.13
1.22
1.38
1.43
1.33
1.19
1.10
1.07
1.06
0.83
0.66
0.64
0.61
0.49
0.53
0.57
0.75
0.74
0.79
0.72
0.95
1.11
1.20
1.22
1.10
1.27
1.20
0.99
1.09
0.99
0.91
0.85
0.75
0.54
0.56
0.76
0.88
0.94
0.92
0.92
0.91
0.80
0.64
0.66
0.64
0.46
0.44
0.39
0.29
0.30
0.37
0.37
0.51
0.65
0.86
0.88
0.93
0.98
0.93
0.79
0.67
0.60
0.51
0.40
0.33
0.33
0.39
0.47
0.51
0.50
0.67
0.82
0.87
1.06
1.00
1.07
1.04
0.94
0.87
1.08
0.98
1.03
1.01
1.02
1.04
0.79
0.72
0.65
0.56
0.45
0.44
0.62
0.72
0.68
0.71
