0.37
0.45
0.57
0.73
0.92
1.01
1.16
1.44
1.38
1.37
1.16
1.13
1.04
1.05
0.80
0.64
0.63
0.57
0.44
0.51
0.52
0.66
0.64
0.79
0.74
0.87
0.98
1.01
1.19
1.14
1.05
0.99
0.92
0.94
0.97
0.80
0.84
0.65
0.50
0.57
0.64
0.78
0.86
0.87
0.86
0.82
0.72
0.65
0.57
0.53
0.47
0.37
0.36
0.28
0.30
0.30
0.32
0.44
0.59
0.78
0.90
0.89
0.87
0.80
0.75
0.64
0.58
0.50
0.44
0.33
0.33
0.38
0.42
0.46
0.54
0.66
0.68
0.78
0.88
0.99
0.89
0.89
0.84
0.87
0.93
0.88
0.87
0.85
0.93
0.83
0.84
0.77
0.74
0.56
0.43
0.47
0.65
0.78
0.72
0.70
