0.37
0.47
0.60
0.70
0.93
0.97
1.20
1.31
1.49
1.34
1.19
1.12
1.08
1.01
0.83
0.68
0.53
0.53
0.39
0.50
0.50
0.62
0.66
0.76
0.78
0.87
1.17
1.12
1.25
1.27
1.17
1.00
1.08
1.05
0.95
0.89
0.92
0.76
0.50
0.52
0.69
0.80
0.86
0.94
0.81
0.78
0.72
0.64
0.58
0.51
0.47
0.36
0.32
0.31
0.29
0.29
0.33
0.40
0.55
0.84
0.87
0.92
0.83
0.81
0.75
0.67
0.61
0.44
0.41
0.32
0.32
0.38
0.45
0.54
0.47
0.62
0.74
0.86
0.92
1.01
0.94
0.97
0.75
0.82
1.01
0.95
0.83
0.87
0.87
0.82
0.75
0.72
0.69
0.60
0.41
0.48
0.64
0.79
0.75
0.71
