0.37
0.49
0.62
0.78
0.96
0.90
1.17
1.31
1.38
1.31
1.13
1.08
1.10
1.06
0.81
0.67
0.58
0.56
0.46
0.49
0.58
0.64
0.62
0.70
0.79
0.86
1.04
1.06
1.21
1.15
1.16
0.90
0.94
0.93
0.94
0.91
0.75
0.65
0.49
0.54
0.67
0.78
0.87
0.91
0.86
0.89
0.76
0.74
0.58
0.54
0.49
0.43
0.33
0.30
0.30
0.30
0.35
0.44
0.58
0.79
0.84
0.81
0.90
0.84
0.79
0.65
0.57
0.44
0.43
0.36
0.33
0.41
0.44
0.48
0.56
0.70
0.71
0.78
1.03
0.90
0.94
0.89
0.88
0.79
0.89
0.89
0.93
0.88
0.92
0.90
0.77
0.84
0.68
0.54
0.44
0.42
0.58
0.68
0.66
0.62
