0.45
0.53
0.65
0.70
1.00
1.00
1.27
1.37
1.49
1.40
1.11
1.09
1.05
0.98
0.82
0.70
0.62
0.56
0.44
0.51
0.58
0.77
0.61
0.75
0.83
0.90
1.17
1.06
1.29
1.25
1.20
1.15
1.07
1.15
1.00
1.00
0.83
0.74
0.60
0.53
0.72
0.82
0.93
0.89
0.98
0.95
0.87
0.72
0.58
0.62
0.46
0.41
0.35
0.30
0.31
0.33
0.36
0.46
0.75
0.95
0.88
0.93
0.92
0.84
0.80
0.67
0.60
0.53
0.42
0.32
0.32
0.43
0.44
0.52
0.53
0.80
0.80
0.88
0.97
1.02
1.09
0.96
0.91
0.76
1.09
1.05
0.99
0.98
1.01
0.93
0.83
0.76
0.76
0.58
0.44
0.47
0.61
0.70
0.74
0.70
