0.39
0.52
0.63
0.75
1.01
1.10
1.25
1.51
1.57
1.44
1.12
1.10
1.13
0.96
0.91
0.65
0.61
0.51
0.47
0.55
0.54
0.72
0.60
0.76
0.76
0.97
1.14
1.15
1.25
1.33
1.12
0.95
0.97
1.12
0.98
0.96
0.92
0.63
0.51
0.53
0.70
0.79
0.89
0.94
0.94
0.87
0.79
0.86
0.72
0.57
0.46
0.37
0.37
0.32
0.31
0.31
0.35
0.45
0.62
0.91
0.94
0.87
0.96
0.91
0.77
0.65
0.64
0.52
0.40
0.33
0.34
0.42
0.46
0.53
0.57
0.66
0.84
0.96
0.88
1.06
1.06
0.91
0.90
0.82
1.01
0.99
0.95
0.94
1.00
1.04
0.80
0.70
0.73
0.58
0.45
0.44
0.59
0.78
0.73
0.74
