0.43
0.54
0.57
0.72
0.92
1.10
1.20
1.46
1.47
1.46
1.19
1.21
1.14
1.02
0.84
0.64
0.60
0.51
0.45
0.51
0.65
0.77
0.63
0.81
0.82
0.86
1.05
1.11
1.28
1.31
1.14
1.02
1.04
1.07
1.06
0.92
0.89
0.71
0.54
0.62
0.69
0.87
0.95
0.83
0.91
0.85
0.81
0.79
0.59
0.56
0.46
0.41
0.35
0.30
0.33
0.32
0.37
0.47
0.65
0.86
0.91
1.01
0.89
0.86
0.72
0.67
0.65
0.53
0.42
0.35
0.32
0.40
0.46
0.50
0.59
0.68
0.83
0.78
0.99
1.01
1.01
1.09
0.85
0.90
1.01
1.07
0.96
0.98
0.98
1.01
0.77
0.80
0.68
0.60
0.42
0.50
0.60
0.66
0.71
0.73
