0.40
0.50
0.60
0.79
0.99
1.08
1.25
1.42
1.38
1.39
1.21
1.11
1.11
1.01
0.76
0.70
0.55
0.51
0.44
0.52
0.61
0.75
0.66
0.82
0.82
0.92
1.14
1.09
1.31
1.21
1.13
1.02
1.07
1.01
0.96
0.99
0.87
0.72
0.56
0.57
0.75
0.82
0.95
0.93
0.90
0.89
0.80
0.69
0.58
0.59
0.50
0.46
0.37
0.30
0.31
0.32
0.36
0.46
0.64
0.88
0.99
0.89
0.95
0.86
0.74
0.72
0.59
0.50
0.41
0.35
0.32
0.39
0.54
0.54
0.60
0.67
0.79
0.83
0.93
1.01
1.00
1.09
0.89
0.93
1.00
0.96
1.08
0.97
0.98
0.99
0.82
0.77
0.68
0.59
0.46
0.42
0.59
0.74
0.71
0.72
