0.41
0.51
0.65
0.82
1.00
1.11
1.28
1.33
1.52
1.45
1.23
1.20
1.13
1.01
0.83
0.61
0.64
0.56
0.44
0.51
0.56
0.67
0.66
0.85
0.95
0.89
1.11
1.26
1.17
1.25
1.08
1.05
1.13
1.13
1.01
0.94
0.99
0.72
0.54
0.59
0.67
0.91
0.88
0.92
0.93
0.91
0.85
0.65
0.58
0.60
0.45
0.39
0.35
0.30
0.30
0.31
0.40
0.48
0.66
0.81
0.92
0.95
0.87
0.88
0.80
0.69
0.63
0.55
0.42
0.32
0.34
0.43
0.43
0.48
0.56
0.69
0.88
0.84
0.94
1.04
1.09
0.99
0.86
0.88
1.00
0.98
1.06
0.99
1.02
0.92
0.78
0.73
0.70
0.56
0.48
0.43
0.57
0.70
0.76
0.69
