0.43
0.51
0.70
0.75
0.95
1.10
1.28
1.37
1.49
1.51
1.14
1.06
1.22
1.01
0.89
0.76
0.58
0.56
0.46
0.49
0.66
0.70
0.63
0.74
0.85
0.97
1.12
1.12
1.21
1.28
1.23
1.03
1.04
1.06
0.97
1.00
0.85
0.78
0.54
0.57
0.80
0.76
0.90
0.90
0.95
0.87
0.73
0.74
0.58
0.65
0.47
0.39
0.34
0.31
0.31
0.31
0.37
0.49
0.66
0.90
0.94
0.88
0.94
0.86
0.81
0.71
0.58
0.56
0.43
0.34
0.35
0.42
0.47
0.52
0.57
0.68
0.77
0.80
0.91
1.06
1.08
0.96
0.86
0.85
1.02
1.03
0.99
0.97
1.09
0.92
0.77
0.81
0.73
0.60
0.45
0.43
0.60
0.75
0.73
0.64
