0.46
0.56
0.76
0.83
1.00
1.03
1.28
1.42
1.45
1.33
1.23
1.13
1.12
1.05
0.92
0.65
0.63
0.53
0.45
0.57
0.56
0.75
0.65
0.72
0.88
0.88
1.10
1.19
1.32
1.36
1.25
1.04
1.05
1.10
1.04
0.90
0.94
0.72
0.52
0.54
0.82
0.84
0.96
0.92
0.94
0.94
0.83
0.70
0.63
0.64
0.48
0.39
0.35
0.30
0.31
0.34
0.37
0.46
0.65
0.85
0.99
0.97
0.83
0.95
0.81
0.67
0.56
0.50
0.46
0.33
0.33
0.45
0.43
0.52
0.64
0.73
0.76
0.86
1.04
1.00
1.03
0.96
0.90
0.87
1.06
1.01
0.97
1.04
1.03
1.00
0.75
0.78
0.69
0.55
0.43
0.48
0.61
0.79
0.70
0.77
