0.44
0.56
0.65
0.81
0.94
1.07
1.30
1.52
1.31
1.39
1.21
1.16
1.24
0.94
0.81
0.62
0.59
0.53
0.45
0.51
0.55
0.74
0.61
0.73
0.82
0.83
1.05
1.14
1.24
1.22
1.18
1.08
1.05
1.06
1.06
0.95
0.84
0.69
0.60
0.54
0.69
0.83
0.93
0.99
0.89
0.84
0.82
0.72
0.60
0.56
0.51
0.41
0.35
0.28
0.30
0.31
0.39
0.45
0.67
0.83
1.06
0.96
0.91
0.93
0.74
0.72
0.56
0.48
0.41
0.40
0.36
0.40
0.47
0.52
0.54
0.68
0.80
0.94
1.01
0.99
1.09
1.05
1.04
0.90
1.03
0.96
0.93
1.05
0.96
0.86
0.74
0.81
0.68
0.57
0.46
0.48
0.62
0.69
0.71
0.67
