0.43
0.51
0.60
0.77
0.92
1.05
1.18
1.43
1.38
1.40
1.15
1.10
1.08
0.95
0.75
0.68
0.56
0.52
0.45
0.56
0.59
0.82
0.68
0.80
0.87
0.86
1.11
1.11
1.41
1.21
1.16
1.16
1.08
1.01
1.00
0.95
0.90
0.67
0.63
0.56
0.67
0.80
0.85
0.93
0.88
0.89
0.77
0.69
0.59
0.58
0.47
0.39
0.36
0.29
0.31
0.31
0.37
0.43
0.69
0.93
1.04
0.94
0.94
0.85
0.76
0.73
0.58
0.51
0.40
0.34
0.32
0.40
0.46
0.51
0.55
0.69
0.78
0.83
1.04
1.12
0.99
0.98
0.87
0.85
1.09
1.04
1.01
1.03
1.01
0.90
0.76
0.76
0.73
0.61
0.46
0.43
0.59
0.73
0.70
0.76
