0.42
0.49
0.62
0.72
0.87
1.05
1.09
1.32
1.31
1.46
1.11
1.17
1.10
0.95
0.88
0.68
0.57
0.55
0.42
0.47
0.53
0.80
0.60
0.78
0.81
0.91
0.97
1.11
1.20
1.20
1.12
1.02
0.88
0.99
0.89
0.84
0.86
0.71
0.51
0.58
0.70
0.75
0.89
0.85
0.85
0.83
0.77
0.71
0.54
0.53
0.45
0.39
0.34
0.28
0.29
0.32
0.34
0.40
0.60
0.74
0.88
0.88
0.88
0.75
0.81
0.65
0.62
0.47
0.42
0.32
0.33
0.40
0.42
0.53
0.47
0.68
0.74
0.76
1.00
0.96
0.95
0.93
0.81
0.78
0.91
0.89
0.95
0.89
0.88
0.85
0.76
0.74
0.75
0.60
0.50
0.44
0.61
0.67
0.76
0.74
