0.38
0.47
0.55
0.67
0.91
0.97
1.17
1.32
1.52
1.27
1.12
1.15
1.09
0.99
0.79
0.63
0.59
0.54
0.45
0.50
0.59
0.63
0.69
0.74
0.78
0.87
0.96
1.11
1.22
1.15
1.11
0.93
1.04
0.89
0.95
0.97
0.76
0.66
0.51
0.54
0.63
0.77
0.88
0.88
0.82
0.78
0.72
0.63
0.58
0.56
0.45
0.38
0.33
0.29
0.30
0.32
0.38
0.44
0.57
0.79
0.89
0.91
0.82
0.84
0.80
0.65
0.57
0.49
0.39
0.33
0.32
0.36
0.48
0.49
0.53
0.69
0.73
0.84
0.84
0.97
0.89
0.95
0.89
0.83
0.94
0.91
0.89
0.91
1.03
0.86
0.82
0.73
0.73
0.66
0.48
0.46
0.64
0.70
0.74
0.70
