0.37
0.50
0.57
0.74
0.91
0.91
1.12
1.29
1.45
1.33
1.22
1.12
1.10
1.02
0.79
0.63
0.65
0.54
0.46
0.48
0.56
0.70
0.69
0.64
0.78
0.89
1.06
1.09
1.21
1.13
1.01
0.99
0.98
0.92
0.95
0.91
0.76
0.68
0.62
0.56
0.66
0.71
0.84
0.86
0.86
0.86
0.74
0.64
0.55
0.49
0.41
0.37
0.36
0.28
0.32
0.30
0.34
0.42
0.59
0.84
0.91
0.94
0.88
0.79
0.72
0.65
0.58
0.51
0.40
0.31
0.34
0.41
0.46
0.46
0.58
0.74
0.66
0.76
0.86
0.92
0.93
0.89
0.78
0.80
0.89
0.85
0.92
0.91
1.02
0.85
0.98
0.68
0.75
0.56
0.46
0.38
0.58
0.73
0.73
0.72
