0.43
0.48
0.55
0.73
0.90
1.04
1.14
1.28
1.36
1.32
1.08
1.14
1.12
0.95
0.85
0.66
0.55
0.49
0.44
0.49
0.56
0.67
0.57
0.71
0.78
0.88
1.04
1.06
1.20
1.33
1.11
1.02
0.99
0.92
0.91
0.87
0.82
0.73
0.55
0.51
0.64
0.70
0.90
0.91
0.81
0.78
0.76
0.62
0.54
0.52
0.47
0.39
0.34
0.28
0.30
0.31
0.35
0.46
0.64
0.82
0.88
0.90
0.87
0.79
0.71
0.67
0.57
0.47
0.39
0.33
0.34
0.38
0.42
0.49
0.47
0.59
0.76
0.80
0.91
1.02
0.85
0.88
0.83
0.85
0.89
0.94
1.00
0.90
0.90
0.83
0.75
0.69
0.70
0.59
0.47
0.44
0.66
0.65
0.80
0.73
