0.44
0.52
0.58
0.80
1.05
1.05
1.26
1.45
1.47
1.42
1.18
1.18
1.10
1.04
0.86
0.64
0.64
0.57
0.48
0.48
0.56
0.72
0.68
0.72
0.87
0.90
1.14
1.16
1.23
1.24
1.09
1.00
1.02
1.07
1.00
0.94
0.95
0.69
0.54
0.63
0.73
0.79
0.85
0.93
0.91
0.98
0.85
0.67
0.58
0.64
0.47
0.41
0.35
0.29
0.31
0.31
0.37
0.49
0.60
0.89
0.84
0.94
0.88
0.89
0.76
0.81
0.65
0.53
0.42
0.32
0.33
0.39
0.48
0.48
0.55
0.72
0.75
0.82
0.95
0.94
1.07
0.95
0.96
0.94
1.10
0.94
1.00
1.03
0.99
0.91
0.85
0.70
0.67
0.58
0.46
0.46
0.59
0.77
0.75
0.76
