0.43
0.53
0.63
0.85
0.97
0.96
1.25
1.51
1.52
1.36
1.11
1.20
1.12
0.98
0.91
0.68
0.60
0.57
0.47
0.47
0.63
0.72
0.65
0.77
0.82
0.93
1.06
1.17
1.32
1.24
1.17
1.03
1.08
1.06
0.98
0.94
0.97
0.77
0.56
0.58
0.76
0.79
1.03
0.96
0.88
0.84
0.82
0.68
0.64
0.63
0.44
0.40
0.34
0.29
0.29
0.33
0.36
0.49
0.66
0.90
1.00
0.89
0.91
0.86
0.75
0.72
0.66
0.50
0.45
0.37
0.32
0.40
0.45
0.51
0.52
0.67
0.91
0.87
0.94
0.96
1.00
0.98
0.84
0.91
1.05
0.98
0.91
1.10
1.05
0.91
0.76
0.77
0.70
0.60
0.54
0.42
0.65
0.77
0.74
0.73
