0.37
0.46
0.62
0.71
0.87
1.00
1.22
1.28
1.33
1.29
1.13
1.13
1.08
0.95
0.84
0.65
0.61
0.53
0.44
0.49
0.60
0.66
0.71
0.86
0.70
0.85
1.03
1.17
1.15
1.15
1.14
1.01
0.93
1.00
0.96
0.87
0.87
0.66
0.54
0.52
0.69
0.75
0.89
0.80
0.85
0.80
0.72
0.60
0.57
0.53
0.44
0.40
0.32
0.28
0.29
0.33
0.35
0.42
0.55
0.78
0.85
0.85
0.78
0.86
0.75
0.65
0.54
0.41
0.41
0.35
0.31
0.38
0.41
0.50
0.50
0.65
0.76
0.77
0.90
0.95
0.91
0.93
0.82
0.85
0.89
0.94
0.90
0.90
0.97
0.86
0.82
0.74
0.68
0.59
0.45
0.46
0.62
0.74
0.76
0.72
