0.43
0.49
0.68
0.89
0.95
1.05
1.28
1.43
1.49
1.45
1.24
1.16
1.22
1.00
0.89
0.65
0.59
0.51
0.47
0.47
0.56
0.68
0.67
0.77
0.79
0.93
0.99
1.17
1.31
1.16
1.17
1.02
1.04
1.00
1.03
0.88
0.97
0.78
0.51
0.57
0.79
0.83
0.89
0.88
0.94
0.80
0.82
0.68
0.65
0.57
0.49
0.39
0.36
0.30
0.29
0.30
0.36
0.49
0.65
0.95
0.95
1.00
0.91
0.84
0.77
0.71
0.58
0.52
0.43
0.33
0.33
0.41
0.43
0.50
0.55
0.72
0.80
0.84
0.87
1.00
1.10
1.04
0.82
0.83
0.99
1.00
0.98
0.93
0.92
0.91
0.75
0.74
0.73
0.55
0.44
0.44
0.63
0.73
0.71
0.72
