0.41
0.48
0.57
0.71
0.92
0.99
1.25
1.32
1.42
1.33
1.19
1.11
1.14
0.94
0.81
0.63
0.60
0.51
0.48
0.51
0.54
0.68
0.59
0.72
0.71
0.87
1.08
1.07
1.13
1.09
1.22
0.99
1.02
0.97
0.92
0.90
0.80
0.68
0.52
0.51
0.70
0.79
0.90
0.88
0.78
0.77
0.69
0.66
0.57
0.60
0.44
0.39
0.35
0.28
0.29
0.34
0.35
0.41
0.59
0.91
0.94
0.88
0.89
0.81
0.67
0.66
0.50
0.50
0.42
0.31
0.32
0.39
0.45
0.49
0.51
0.64
0.74
0.82
0.90
0.98
0.92
0.94
0.88
0.78
1.09
0.95
0.93
0.86
0.92
0.82
0.79
0.70
0.65
0.60
0.48
0.50
0.57
0.72
0.72
0.68
