0.39
0.54
0.59
0.81
0.99
1.10
1.31
1.32
1.42
1.37
1.22
1.18
1.13
1.01
0.88
0.72
0.62
0.54
0.45
0.51
0.56
0.68
0.68
0.74
0.81
0.87
1.17
1.10
1.25
1.19
1.08
1.10
1.08
1.08
0.91
0.93
0.92
0.67
0.54
0.63
0.77
0.83
1.00
0.89
0.92
0.93
0.88
0.68
0.66
0.60
0.46
0.42
0.35
0.31
0.30
0.31
0.37
0.47
0.65
0.84
0.90
0.94
0.93
0.88
0.82
0.71
0.62
0.50
0.43
0.33
0.33
0.42
0.45
0.52
0.59
0.74
0.79
0.81
0.96
1.05
1.06
0.96
0.87
0.90
1.17
0.98
1.00
0.95
1.04
0.90
0.83
0.75
0.72
0.59
0.42
0.41
0.63
0.75
0.80
0.74
