0.38
0.45
0.64
0.64
0.94
1.01
1.24
1.31
1.35
1.36
1.23
1.08
1.13
0.88
0.79
0.67
0.55
0.52
0.45
0.48
0.58
0.69
0.59
0.69
0.79
0.96
0.93
1.07
1.23
1.25
1.10
0.97
0.89
0.88
0.94
0.95
0.87
0.70
0.49
0.53
0.66
0.83
0.87
0.84
0.88
0.89
0.78
0.71
0.61
0.55
0.41
0.37
0.34
0.29
0.28
0.31
0.34
0.46
0.59
0.77
0.92
0.92
0.88
0.82
0.72
0.75
0.54
0.46
0.44
0.31
0.31
0.37
0.39
0.46
0.53
0.64
0.67
0.77
0.94
0.93
0.94
0.93
0.77
0.79
0.98
0.93
0.99
0.84
0.90
0.95
0.80
0.78
0.69
0.64
0.45
0.43
0.60
0.73
0.74
0.76
