16,-15,135.94112457334938
16,-14,100.0
16,-13,100.0
16,-12,100.0
16,-11,100.0
15,-11,100.0
14,-11,314.021927170681
15,-11,100.0
14,-11,434.96159580876576
14,-10,113.97411759676748
13,-10,204.80229836113938
12,-10,224.15557063981885
11,-10,110.12407832221163
11,-9,588.6149704775273
12,-9,100.0
12,-8,836.3652849279542
11,-8,100.0
11,-7,100.0
10,-7,100.0
9,-7,409.755950937638
8,-7,392.3301291485466
8,-6,308.89735690728503
8,-5,533.9061554284648
8,-4,677.424604224096
7,-4,173.39877764995418
7,-5,100.0
7,-4,886.9644680086471
8,-4,238.21603394829896
7,-4,289.79898408039367
6,-4,360.6372338779426
6,-3,768.5552657577465
5,-3,581.5189475852019
4,-3,567.2767162919805
4,-2,601.1938454882041
4,-1,270.1951185192605
5,-1,381.97902125839147
4,-1,511.89930338436113
3,-1,294.57780672534034
2,-1,796.9613492213615
2,0,712.38008156161
2,1,662.0940171114537
2,2,277.69023178480575
1,2,444.7258151409787
0,2,302.55389911279735
0,3,766.1418008048028
-1,3,715.4095479158213
0,3,100.0
-1,3,765.2709110832108
-2,3,787.7615106623387
-2,4,754.3887006398244
-2,5,320.52500507391835
-2,6,537.5656451671266
-1,6,689.1024405935665
0,6,181.52111765537748
-1,6,206.65436829920787
-2,6,657.6080088314193
-1,6,557.1674945657329
-2,6,848.7497228750807
-2,7,466.4887623359551
-1,7,353.0954528498121
-2,7,377.70361618923863
-1,7,698.9782214092037
-2,7,730.5245423789968
-2,6,373.92833733010593
-3,6,100.0
-3,7,391.75559105577065
-4,7,324.5905959401289
-4,8,545.5947285393478
-5,8,561.6429489100104
-5,9,185.19501573803063
-6,9,342.87053554381816
-5,9,342.4858133352142
-5,10,227.9929325022618
-6,10,166.64077195744008
-7,10,362.17119910044806
-8,10,296.0699736194348
-9,10,100.0
-10,10,100.0
-11,10,293.6923492223538
-12,10,759.0301998222476
-13,10,232.9224303264602
-13,9,100.0
-13,10,173.78072548390065
-12,10,315.2774248425657
-12,11,100.0
-13,11,100.0
-13,10,100.0
-13,11,100.0
-14,11,205.08594726793822
-15,11,116.77683813858087
-15,12,100.0
-16,12,143.26559402490196
-16,11,100.0
-15,11,350.9413727448591
-16,11,100.0
-15,11,230.70740361004096
-15,10,475.8206832257748
-14,10,100.0
-14,11,180.14070660757758
-14,12,131.12559891261236
-14,11,100.0
-13,11,129.44530219271462
-12,11,109.41772670603557
-12,10,227.38721460500932
-12,9,100.0
-11,9,100.0
-11,8,256.7658014912073
-11,7,170.0850030775665
-11,8,162.25334407993498
-11,7,467.272028243464
-12,7,368.0639768725293
-12,8,467.40000577689426
-13,8,271.1581908802257
-12,8,106.90776189820312
-12,9,100.0
-11,9,354.70528625513305
-11,8,721.081421152852
-10,8,698.2919430725142
-10,7,161.33291161288554
-9,7,459.5313491174866
-9,8,325.23717233536934
-10,8,792.6260352837953
-10,7,238.7583606944001
-9,7,126.02118093244323
-10,7,610.2472623702524
-10,6,560.666589236113
-10,5,452.11789542105396
-9,5,207.94067290226033
-8,5,272.6211312250738
-8,4,680.4964640798962
-8,3,200.29476292459208
-8,2,578.9204164505063
-8,1,359.418209835992
-7,1,334.4905094241213
-7,0,678.1809325191535
-7,-1,347.80376593999034
-7,-2,332.4315080647867
-6,-2,479.5814765899316
-6,-3,431.2967566809484
-6,-4,267.3761769558509
-5,-4,100.0
-4,-4,167.39615080701685
-3,-4,635.2999761971068
-3,-3,219.99221290226043
-3,-4,508.2931007426677
-3,-3,289.4604120725903
-3,-4,442.2570209069713
-3,-5,557.1879151001721
-4,-5,341.0175809884287
-3,-5,697.8681009959589
-2,-5,658.6832040443572
-2,-6,212.15845770608078
-1,-6,444.13934209358666
-1,-7,697.2973791882871
0,-7,297.0905174171166
0,-8,779.3247056313796
-1,-8,261.21904588215773
-2,-8,615.8038076029476
-3,-8,100.0
-2,-8,552.4865654530337
-1,-8,100.0
-2,-8,277.1351266547475
-3,-8,678.6749930901908
-4,-8,482.5554451872192
-3,-8,325.2846158751958
-4,-8,231.62782655195096
-3,-8,640.0954616718109
-4,-8,307.0891377934853
-3,-8,300.9246752178105
-2,-8,577.9738047387702
-3,-8,295.68067020605565
-4,-8,799.6876974627355
-5,-8,561.8843036235273
-6,-8,237.74687822334823
-5,-8,188.96222800578641
-6,-8,100.0
-5,-8,836.7208500118471
-6,-8,100.0
-7,-8,203.63399852297465
-6,-8,100.0
-5,-8,431.8273848193472
-6,-8,100.0
-7,-8,457.0413089989434
-8,-8,248.99639288820026
-9,-8,315.9173449841893
-10,-8,125.48200659340205
-11,-8,399.4019739749454
-12,-8,372.33124704779146
-11,-8,285.57508694525205
-12,-8,208.57919929588977
-13,-8,235.9541895026301
-14,-8,100.0
-15,-8,247.01755820341054
-16,-8,100.0
-17,-8,100.0
-16,-8,169.06104668276308
-15,-8,477.3910580786306
-15,-7,100.0
-14,-7,354.7544428069703
-14,-8,439.49005265194853
-13,-8,404.5372938810304
-12,-8,100.0
-11,-8,100.0
-11,-7,100.0
-10,-7,641.0595403264706
-9,-7,335.0127179022549
-10,-7,335.2332863878396
-9,-7,327.50076442610066
-9,-8,733.6178726300378
-9,-7,111.8244958684489
-8,-7,100.0
-7,-7,256.1533260967754
-7,-8,281.9512878457191
-6,-8,384.7017351122438
-5,-8,258.0660623406741
-5,-9,400.6923804900462
-6,-9,512.1710535227447
-5,-9,328.1631322689276
-4,-9,100.0
-5,-9,585.3521141964386
-4,-9,463.2410686244681
-3,-9,431.5736168652104
-3,-10,494.1707989916203
-3,-11,333.0356179318306
-2,-11,305.5941545422196
-1,-11,201.02022684976436
0,-11,494.6269924213766
1,-11,154.31058253915384
0,-11,101.67566054960064
1,-11,845.6137681956654
1,-12,281.1657621995429
0,-12,747.6321028823928
-1,-12,436.5542572516756
0,-12,284.9077536492497
0,-13,219.99349159300795
1,-13,100.0
2,-13,100.0
2,-14,196.20646524492304
3,-14,656.2074840792748
4,-14,466.8428597630027
5,-14,496.8918808380432
6,-14,100.0
6,-15,137.65717841577793
7,-15,100.0
7,-14,206.53078829229844
6,-14,100.0
7,-14,212.0472881031383
8,-14,100.0
9,-14,470.5447263750557
10,-14,197.88957214857828
11,-14,100.0
12,-14,100.0
13,-14,254.09525493416717
14,-14,221.91580571806944
14,-15,100.0
15,-15,146.6222654583217
14,-15,268.02710550397717
14,-16,100.0
14,-17,100.0
14,-16,100.0
15,-16,135.930741736295
16,-16,192.5699995868003
16,-17,100.0
16,-18,100.0
16,-19,100.0
16,-20,100.0
17,-20,100.0
18,-20,210.707643255086
19,-20,100.0
20,-20,100.0
20,-19,100.0
20,-18,100.0
20,-17,100.0
20,-16,100.0
20,-17,100.0
20,-18,100.0
20,-17,100.0
20,-16,110.45482100547721
20,-15,100.0
20,-14,100.0
20,-13,100.0
20,-12,100.0
20,-11,100.0
20,-10,100.0
20,-9,100.0
20,-8,100.0
19,-8,100.0
18,-8,100.0
17,-8,100.0
16,-8,118.14377892493984
15,-8,327.64386539556926
14,-8,276.88530983841184
13,-8,648.1439486085296
12,-8,131.67053209554683
11,-8,100.0
10,-8,100.0
10,-7,161.13038275220586
9,-7,444.3244434065021
8,-7,147.68366514775573
7,-7,370.3137463108326
7,-8,406.5402066117741
6,-8,204.79662379722822
5,-8,100.0
6,-8,458.57957612538814
6,-9,129.26398038517908
5,-9,229.23670511927588
4,-9,668.6370558666381
3,-9,100.0
4,-9,263.9519260150969
5,-9,677.0988100873678
4,-9,522.4954026559494
4,-10,150.84737498060093
3,-10,336.701073524821
4,-10,100.0
4,-11,257.8136350483984
3,-11,104.42557900392853
2,-11,311.6855414366365
1,-11,593.3316335409658
0,-11,259.33239154396443
-1,-11,317.3964234556906
-1,-12,331.180389797056
-2,-12,100.0
-3,-12,263.5844726944536
-3,-13,114.03484387013856
-4,-13,211.56014813655918
-5,-13,100.0
-6,-13,627.93385455304
-5,-13,500.06169738697406
-6,-13,100.0
-6,-14,100.0
-7,-14,284.394724555464
-6,-14,441.1092381380745
-7,-14,707.4976487536767
-7,-15,100.0
-8,-15,347.76985993970874
-9,-15,100.0
-10,-15,100.0
-11,-15,359.68169882786043
-10,-15,100.0
-11,-15,440.4784269258858
-12,-15,100.0
-13,-15,178.69344329017565
-14,-15,187.1878125663878
-15,-15,105.14460686471487
-15,-16,100.0
-16,-16,165.20253623592936
-17,-16,100.0
-18,-16,103.46991103791738
-19,-16,253.5584463949075
-20,-16,100.0
-19,-16,100.0
-19,-17,100.0
-18,-17,100.0
-18,-16,100.0
-17,-16,100.0
-16,-16,100.0
-15,-16,100.0
-15,-15,181.67176895022695
-14,-15,100.0
-13,-15,100.0
-12,-15,100.0
-12,-16,100.0
-12,-15,100.0
-13,-15,100.0
-12,-15,100.0
-11,-15,122.66204841905923
-10,-15,100.0
-9,-15,274.2720062837045
-8,-15,227.4464347410431
-9,-15,100.0
-9,-16,100.0
-9,-15,100.0
-8,-15,100.0
-8,-14,264.1063286434521
-7,-14,323.18330145930736
-6,-14,100.0
-5,-14,100.0
-5,-13,211.5040551017143
-4,-13,194.87092849382935
-3,-13,100.0
-2,-13,100.0
-1,-13,589.2191844410768
-1,-12,121.28965431035951
-2,-12,269.89292106236667
-1,-12,136.28493843947652
-1,-11,100.0
-1,-12,236.27485448215413
-2,-12,245.4505451144071
-1,-12,545.8889683836052
-1,-11,412.16354725882036
0,-11,739.2253129393887
0,-10,485.94607051754144
0,-9,231.91390531344797
-1,-9,543.2870898630786
0,-9,543.6014949254919
1,-9,568.6072602776185
0,-9,256.55004256637255
-1,-9,302.5182288198172
0,-9,1015.2538933820098
-1,-9,512.3818829410585
0,-9,163.12921916760865
1,-9,157.12009514923437
2,-9,445.16766649647025
2,-8,703.9208706320583
3,-8,389.57119986303974
4,-8,496.53260762818803
4,-9,105.17719763432603
3,-9,415.8848103718969
2,-9,646.5469492792395
1,-9,153.04228375060381
1,-10,652.8672791748893
0,-10,497.6084765650112
0,-11,680.975743178078
0,-12,271.5216785284982
0,-11,306.1646826420672
1,-11,317.72182909423856
1,-12,249.0884350667583
2,-12,277.7415259484233
2,-11,302.6230833962856
2,-10,640.3012403944451
2,-9,446.13660881624133
3,-9,147.08673679983627
2,-9,290.89016080733404
2,-8,100.0
2,-9,484.12956910340426
3,-9,376.21253818808975
3,-8,313.83179969261937
4,-8,604.6823859149865
5,-8,200.9331050023164
6,-8,120.01255727822544
6,-7,222.76145265140838
6,-6,309.06694741209157
7,-6,235.7807226117009
7,-7,206.59486383804168
6,-7,982.3688355116301
7,-7,322.8301418549744
8,-7,379.0539426399895
8,-6,475.2357193881556
7,-6,254.90469625819628
7,-5,516.4576280468963
7,-4,687.1463815933431
8,-4,100.0
9,-4,551.3684748702622
9,-3,337.42213818763014
9,-2,410.3294589607425
10,-2,197.33255040639986
9,-2,100.0
10,-2,247.88677364116114
10,-1,100.0
11,-1,414.7711409219704
11,0,131.0484608748925
12,0,100.0
12,1,141.89883126570936
12,2,176.05087133603473
13,2,376.2188750709017
13,3,413.05602697706547
12,3,443.2815357812467
12,4,241.9553470805346
13,4,246.98429070665622
12,4,100.0
12,5,100.0
13,5,100.0
14,5,328.3101660481087
13,5,274.5968115872416
13,4,262.81998588480303
14,4,255.0227394742409
14,5,220.85892199387055
15,5,100.0
16,5,134.03088513397864
17,5,137.5654256978348
18,5,429.2148367015798
18,6,100.0
18,7,100.0
18,8,100.0
19,8,208.20891499981178
20,8,100.0
19,8,100.0
18,8,171.53148982563286
17,8,217.30572042063804
16,8,100.0
15,8,330.0725927950225
14,8,450.66482874638234
13,8,100.0
12,8,100.0
12,9,100.0
12,8,207.3168768788678
12,7,100.0
12,6,308.75501715327107
12,5,247.30205154020035
12,4,546.1864395964113
12,3,256.97389507061416
13,3,467.05653567897224
12,3,335.8048222106792
13,3,100.0
14,3,260.47366029419845
13,3,281.2503114361229
14,3,120.13543305713148
13,3,160.19990947999844
13,2,311.9750447085536
13,1,500.9559885978802
