16,-15,50.0
16,-15,129.2016629184041
16,-14,238.69772631821917
16,-14,50.0
16,-13,50.0
16,-13,86.69972208481593
16,-12,50.0
16,-12,50.0
16,-11,50.0
16,-11,206.8683918841143
15,-11,50.0
15,-11,50.0
14,-11,50.0
14,-11,193.59975642059715
15,-11,50.0
15,-11,293.6778083468521
14,-11,326.6525940083346
14,-11,166.89887085622695
14,-10,380.85038482273706
14,-10,98.96345877101314
13,-10,50.0
13,-10,50.0
12,-10,362.49631752585793
12,-10,50.0
11,-10,179.51117058101505
11,-10,187.88310535334233
11,-9,433.8085980233623
11,-9,246.42281184731291
12,-9,50.0
12,-9,225.4550535578438
12,-8,298.57624160332944
12,-8,153.43195034900927
11,-8,58.94045951454382
11,-8,370.6422845075245
11,-7,285.90469387972075
11,-7,187.81088933883274
10,-7,450.4939116589993
10,-7,86.49447775018555
9,-7,257.25123268439916
9,-7,165.98800150786363
8,-7,118.50115811385268
8,-7,120.31712726730089
8,-6,340.49038164018714
8,-6,238.0092840011853
8,-5,108.5544952223455
8,-5,466.7509288673764
8,-4,332.7191597398921
8,-4,454.17144540328366
7,-4,524.8122744217272
7,-4,305.7623692292739
7,-5,223.54778132838112
7,-5,50.0
7,-4,372.4898662378729
7,-4,325.301439782207
8,-4,291.9284849914491
8,-4,207.82969830723218
7,-4,274.03917689648296
7,-4,172.33149109147567
6,-4,248.5243264223811
6,-4,233.80378003412147
6,-3,165.8921018917439
6,-3,352.98377137801117
5,-3,451.0583390905708
5,-3,132.95381032286298
4,-3,206.3621256143344
4,-3,247.38953227057263
4,-2,273.43430575475486
4,-2,210.00514416634257
4,-1,254.9345701805669
4,-1,460.3268234997122
5,-1,386.67264304217326
5,-1,820.0148998536422
4,-1,378.2488271892933
4,-1,678.2295650972726
3,-1,252.47088364833445
3,-1,335.34852672425103
2,-1,266.052129859058
2,-1,375.3116326505211
2,0,50.0
2,0,387.93591615133425
2,1,368.03493489690675
2,1,303.20969320340316
2,2,402.64865626909955
2,2,210.8836326082636
1,2,323.4671181868044
1,2,226.1043876311726
0,2,377.7284131549256
0,2,458.09823063051016
0,3,264.3653736115753
0,3,384.7831685055099
-1,3,325.7504312463125
-1,3,90.02731162289325
0,3,301.65101081458374
0,3,513.0639791733788
-1,3,197.436650554881
-1,3,334.92947791384495
-2,3,199.47766997812752
-2,3,238.82856019135448
-2,4,196.4899892660856
-2,4,149.99557217548568
-2,5,258.1911498171221
-2,5,284.33356020943967
-2,6,133.61312317714496
-2,6,360.9756297394139
-1,6,341.212068998259
-1,6,450.1756622308599
0,6,252.42258832237232
0,6,129.5461025332534
-1,6,136.60811416808576
-1,6,382.22434437218686
-2,6,499.0142960934538
-2,6,314.00708317792635
-1,6,357.7193924685848
-1,6,50.0
-2,6,385.0949059551163
-2,6,149.71863584402402
-2,7,86.36810968251939
-2,7,411.5865418038639
-1,7,257.44326111814286
-1,7,323.9719850260967
-2,7,439.37671396698454
-2,7,302.89542564633905
-1,7,345.1805867797861
-1,7,207.61839905324032
-2,7,319.6688888556261
-2,7,66.26035134156956
-2,6,427.4364813515565
-2,6,417.6618917332297
-3,6,260.92328882815525
-3,6,169.88185964146064
-3,7,186.47569342406928
-3,7,85.6381792084052
-4,7,186.97005566379644
-4,7,298.29906230116313
-4,8,226.9374407175889
-4,8,50.0
-5,8,364.5000819457318
-5,8,312.31611448918585
-5,9,225.45128159716253
-5,9,421.69300115381736
-6,9,225.92013804737314
-6,9,323.71653470022864
-5,9,453.5681408461868
-5,9,375.80219153609914
-5,10,230.20632804648375
-5,10,231.45256854090346
-6,10,494.65100527037725
-6,10,253.07361168899297
-7,10,172.98678666035744
-7,10,156.3438026719629
-8,10,307.0122884288651
-8,10,62.68865724120049
-9,10,50.0
-9,10,50.0
-10,10,116.05848999349004
-10,10,133.2066070325893
-11,10,154.48182678244814
-11,10,50.0
-12,10,50.0
-12,10,190.00261462227536
-13,10,50.0
-13,10,225.7224882620298
-13,9,50.0
-13,9,265.5354406526743
-13,10,50.0
-13,10,50.0
-12,10,63.6048884912615
-12,10,98.56920315433734
-12,11,50.0
-12,11,214.08914463218275
-13,11,167.7794883289055
-13,11,50.0
-13,10,312.70878687621723
-13,10,50.0
-13,11,50.0
-13,11,50.0
-14,11,50.0
-14,11,50.0
-15,11,127.14804102328114
-15,11,50.0
-15,12,50.0
-15,12,50.0
-16,12,263.2645522087083
-16,12,120.48132127065618
-16,11,248.03144129177696
-16,11,54.33117290563743
-15,11,50.0
-15,11,55.15815628962092
-16,11,50.0
-16,11,84.32738228833384
-15,11,50.0
-15,11,50.0
-15,10,50.0
-15,10,174.5062819917098
-14,10,71.8193900138639
-14,10,231.99068688105646
-14,11,50.0
-14,11,72.68923862791043
-14,12,50.0
-14,12,180.40281769434569
-14,11,333.74590828664816
-14,11,288.2572618085038
-13,11,256.19544902970523
-13,11,50.0
-12,11,162.88429537226722
-12,11,50.0
-12,10,75.88026635560126
-12,10,338.01206638675706
-12,9,59.829533255384895
-12,9,114.60560725833479
-11,9,50.0
-11,9,176.65223686276425
-11,8,250.3482581381313
-11,8,50.0
-11,7,50.0
-11,7,50.0
-11,8,50.0
-11,8,521.6348909968399
-11,7,149.146861013028
-11,7,98.24897215356543
-12,7,50.0
-12,7,423.4552962059427
-12,8,50.0
-12,8,50.0
-13,8,179.35934693096652
-13,8,50.0
-12,8,294.4024839561532
-12,8,88.26779909373394
-12,9,253.2362897392684
-12,9,228.75229145801052
-11,9,50.0
-11,9,50.0
-11,8,50.0
-11,8,60.099269035299415
-10,8,50.0
-10,8,273.8772430704122
-10,7,285.28978000630946
-10,7,50.0
-9,7,173.75474167516646
-9,7,426.16102849293713
-9,8,83.37214896897733
-9,8,50.0
-10,8,291.8418904116725
-10,8,380.68853016654987
-10,7,227.01129307851977
-10,7,364.281556189189
-9,7,50.0
-9,7,135.20082637095862
-10,7,50.0
-10,7,264.43709872286774
-10,6,50.0
-10,6,332.6796559212371
-10,5,63.31434284258165
-10,5,59.32201449947338
-9,5,147.68468338448082
-9,5,316.2315305689034
-8,5,258.77883076023204
-8,5,434.09484264081834
-8,4,356.598034526848
-8,4,253.5945725635171
-8,3,329.90389769125017
-8,3,163.40291637998808
-8,2,416.64433822170906
-8,2,139.11415659101596
-8,1,68.60399650205412
-8,1,342.7366450796647
-7,1,181.7864560435366
-7,1,169.869182630179
-7,0,366.3004983085365
-7,0,343.088582053915
-7,-1,114.14064950168179
-7,-1,291.08012291722525
-7,-2,249.713873520132
-7,-2,84.49127429545234
-6,-2,237.88843651848086
-6,-2,468.11383420481513
-6,-3,317.98638148429166
-6,-3,331.139717822638
-6,-4,406.1017172690697
-6,-4,321.2583393766553
-5,-4,267.41192961134004
-5,-4,148.50192669342093
-4,-4,114.4099357195727
-4,-4,328.44701876392367
-3,-4,602.6749200616282
-3,-4,325.1415163762341
-3,-3,50.0
-3,-3,549.4033487224458
-3,-4,187.4955820118703
-3,-4,281.2054850068582
-3,-3,262.00733163031106
-3,-3,301.34778075675575
-3,-4,364.9959886701308
-3,-4,464.3402352258097
-3,-5,246.91503432369308
-3,-5,110.68738994645443
-4,-5,444.41196887812146
-4,-5,430.8490469906768
-3,-5,83.5768055628044
-3,-5,455.1400295755948
-2,-5,168.50894249394986
-2,-5,333.7885328066933
-2,-6,223.4891239285797
-2,-6,220.98279167343372
-1,-6,479.0342473684102
-1,-6,50.0
-1,-7,289.3856808831013
-1,-7,190.55393891016362
0,-7,525.1280822666291
0,-7,149.15506709981108
0,-8,401.7891944460763
0,-8,64.73928759211299
-1,-8,247.67497838250668
-1,-8,95.40764282218038
-2,-8,255.90201683097857
-2,-8,271.3015625066878
-3,-8,341.43272257499905
-3,-8,273.49003670587166
-2,-8,236.636479649519
-2,-8,178.25604922380074
-1,-8,228.9715019233163
-1,-8,215.20241780952674
-2,-8,432.73470861475596
-2,-8,334.6555569920956
-3,-8,236.6543948128494
-3,-8,359.3371030476642
-4,-8,312.92105368833063
-4,-8,250.64581938811384
-3,-8,327.46444832898624
-3,-8,249.92453371991556
-4,-8,259.4797470764882
-4,-8,51.873359745730966
-3,-8,243.8105194076308
-3,-8,498.21729988332896
-4,-8,113.37501022362409
-4,-8,140.9591821610386
-3,-8,298.1903958639282
-3,-8,80.85465020057356
-2,-8,294.6898792804407
-2,-8,130.73544427916931
-3,-8,370.23374802537046
-3,-8,240.4261131178808
-4,-8,140.23384100102282
-4,-8,87.27671230165166
-5,-8,577.4633279630239
-5,-8,169.35312476406577
-6,-8,328.1470699924212
-6,-8,262.5466449011841
-5,-8,50.0
-5,-8,347.8078027332434
-6,-8,391.3907479171264
-6,-8,215.13615098450674
-5,-8,213.63418000940828
-5,-8,161.0900358130678
-6,-8,273.8948782183658
-6,-8,432.26973576750197
-7,-8,254.2279914544478
-7,-8,342.4959384612492
-6,-8,340.6555201122583
-6,-8,53.44834888412677
-5,-8,146.72276592843778
-5,-8,285.4262379261594
-6,-8,373.66528188148993
-6,-8,135.06706262543855
-7,-8,262.626287984466
-7,-8,192.57861546588404
-8,-8,293.3521626602521
-8,-8,50.0
-9,-8,50.0
-9,-8,421.3115356035109
-10,-8,50.0
-10,-8,310.88713007646265
-11,-8,50.0
-11,-8,136.4522728417202
-12,-8,285.3478410650989
-12,-8,206.30113394228258
-11,-8,50.0
-11,-8,51.38513937623976
-12,-8,55.60269651281064
-12,-8,50.0
-13,-8,366.30672451247614
-13,-8,50.0
-14,-8,128.81820788392486
-14,-8,75.44631035001456
-15,-8,50.0
-15,-8,50.0
-16,-8,174.79180703038935
-16,-8,50.0
-17,-8,234.96503433838615
-17,-8,122.29613047696952
-16,-8,105.26407789255663
-16,-8,62.02880101838517
-15,-8,126.60398627267932
-15,-8,292.8334181478559
-15,-7,66.24159567069134
-15,-7,170.71955879429177
-14,-7,50.0
-14,-7,50.0
-14,-8,140.11204968832544
-14,-8,119.7686352534632
-13,-8,126.57703311749555
-13,-8,265.742042784959
-12,-8,175.56476770433758
-12,-8,207.3698829214881
-11,-8,382.29714379840175
-11,-8,223.75016895928306
-11,-7,231.09908215305666
-11,-7,252.61465338158976
-10,-7,115.83991044952246
-10,-7,513.3852112700555
-9,-7,283.2026518430097
-9,-7,223.08920207181734
-10,-7,177.94002922788965
-10,-7,357.8127954031203
-9,-7,75.1855942103071
-9,-7,78.56393698614002
-9,-8,397.37402871386433
-9,-8,159.18591804519014
-9,-7,50.0
-9,-7,102.23934998311591
-8,-7,381.6851647091813
-8,-7,50.0
-7,-7,196.7757371820585
-7,-7,80.02092101832918
-7,-8,408.68176987546553
-7,-8,194.9693986504483
-6,-8,289.8249418808042
-6,-8,294.0117028903981
-5,-8,241.80377392598214
-5,-8,410.66539451015024
-5,-9,294.2710368085752
-5,-9,324.12803316054243
-6,-9,50.0
-6,-9,50.0
-5,-9,172.39296416075598
-5,-9,570.1010889955094
-4,-9,292.14664773907754
-4,-9,204.12187206507076
-5,-9,208.82364925233588
-5,-9,149.5762954809717
-4,-9,156.2648584441795
-4,-9,387.6139083209683
-3,-9,277.8788045021907
-3,-9,410.8767418337576
-3,-10,210.3937330401196
-3,-10,359.24537511577705
-3,-11,224.64370927651004
-3,-11,50.0
-2,-11,431.6682492824418
-2,-11,50.0
-1,-11,477.0997427896717
-1,-11,384.5412267821238
0,-11,292.9489524744548
0,-11,308.86462626383513
1,-11,50.0
1,-11,208.20591109233288
0,-11,120.27469652954203
0,-11,73.06318926421301
1,-11,309.00762103559657
1,-11,186.7188868320561
1,-12,50.0
1,-12,170.41588881783383
0,-12,100.309665507782
0,-12,192.091250848587
-1,-12,262.7955977091546
-1,-12,185.64748633185792
0,-12,180.14167062595953
0,-12,54.94666567344993
0,-13,241.81094545286697
0,-13,133.18666742330467
1,-13,144.583152440817
1,-13,327.625655827453
2,-13,355.24542782632443
2,-13,222.54571238213168
2,-14,80.56733304019815
2,-14,124.22670781417405
3,-14,134.8402992138811
3,-14,221.35389842367192
4,-14,102.17136018998691
4,-14,127.88160345725694
5,-14,308.3390185173378
5,-14,50.0
6,-14,163.53208340474595
6,-14,50.0
6,-15,253.7633339155619
6,-15,260.75034373933045
7,-15,65.20850926939244
7,-15,50.0
7,-14,184.94484180500518
7,-14,244.40722071232184
6,-14,154.00838233248072
6,-14,194.76812302447797
7,-14,79.87299284733561
7,-14,50.0
8,-14,50.0
8,-14,50.0
9,-14,50.0
9,-14,236.05663836157828
10,-14,50.0
10,-14,109.21894741124365
11,-14,189.4777724639872
11,-14,50.0
12,-14,50.0
12,-14,50.0
13,-14,160.26720428081978
13,-14,50.0
14,-14,66.66829080036071
14,-14,104.6668648122406
14,-15,271.844145893618
14,-15,50.0
15,-15,50.0
15,-15,50.0
14,-15,138.79371530500293
14,-15,50.0
14,-16,225.0656642460521
14,-16,50.0
14,-17,110.1738746402139
14,-17,50.0
14,-16,118.15443583487435
14,-16,50.0
15,-16,148.79014552189506
15,-16,172.8333344742376
16,-16,50.0
16,-16,50.0
16,-17,50.0
16,-17,188.49114842579144
16,-18,50.0
16,-18,205.00189700808573
16,-19,50.0
16,-19,50.0
16,-20,50.0
16,-20,50.0
17,-20,50.0
17,-20,50.0
18,-20,50.0
18,-20,50.0
19,-20,50.0
19,-20,50.0
20,-20,50.0
20,-20,50.0
20,-19,50.0
20,-19,50.0
20,-18,50.0
20,-18,50.0
20,-17,50.0
20,-17,50.0
20,-16,50.0
20,-16,50.0
20,-17,50.0
20,-17,50.0
20,-18,50.0
20,-18,50.0
20,-17,50.0
20,-17,50.0
20,-16,50.0
20,-16,50.0
20,-15,50.0
20,-15,50.0
20,-14,50.0
20,-14,50.0
20,-13,50.0
20,-13,50.0
20,-12,61.38860619875318
20,-12,50.0
20,-11,50.0
20,-11,74.11568562388601
20,-10,50.0
20,-10,50.0
20,-9,50.0
20,-9,50.0
20,-8,65.83810244936825
20,-8,50.0
19,-8,50.0
19,-8,50.0
18,-8,50.0
18,-8,160.85481808074132
17,-8,55.00685835880087
17,-8,179.36087753096487
16,-8,61.7144671286957
16,-8,50.0
15,-8,69.07153982589972
15,-8,211.86043495205132
14,-8,246.43904989157735
14,-8,245.46484443982965
13,-8,111.42591372776661
13,-8,153.67562202723383
12,-8,289.0614152893995
12,-8,76.14037500853274
11,-8,238.13510776055924
11,-8,147.4111860484939
10,-8,344.1214393671339
10,-8,51.56088289577666
10,-7,318.2544239938322
10,-7,148.29168351459091
9,-7,50.0
9,-7,83.35925546906248
8,-7,311.08249583330246
8,-7,378.18905685443195
7,-7,138.2589847277781
7,-7,217.0907623299748
7,-8,50.0
7,-8,50.0
6,-8,50.0
6,-8,191.9952347120283
5,-8,333.58389799929387
5,-8,135.3712434996967
6,-8,379.98685339322697
6,-8,433.5298265443747
6,-9,172.70395547360636
6,-9,337.6050354175718
5,-9,211.99620427492187
5,-9,50.0
4,-9,275.49088738516497
4,-9,159.02619652566986
3,-9,179.39085573541357
3,-9,50.0
4,-9,274.71260937172497
4,-9,252.46675263267431
5,-9,369.3196180130474
5,-9,215.30961363885908
4,-9,338.98065987140575
4,-9,66.3830658788655
4,-10,461.68186380103765
4,-10,221.9038384169271
3,-10,462.23481216479024
3,-10,141.54098074581913
4,-10,441.9884044930029
4,-10,347.33806444431656
4,-11,50.0
4,-11,50.0
3,-11,60.79977828518081
3,-11,171.24327512148798
2,-11,50.0
2,-11,218.55739312578376
1,-11,204.91981409796344
1,-11,315.99748884227165
0,-11,56.6010239204073
0,-11,109.53080520854178
-1,-11,50.0
-1,-11,50.0
-1,-12,292.16042547159276
-1,-12,55.058266444787165
-2,-12,393.4716707965347
-2,-12,313.0704466876322
-3,-12,328.0387480811296
-3,-12,476.797553587473
-3,-13,378.97300599641267
-3,-13,73.8119647872288
-4,-13,76.24753487175263
-4,-13,303.69368956078705
-5,-13,59.312316098561155
-5,-13,386.51490744385575
-6,-13,136.25900594228455
-6,-13,78.8172783921307
-5,-13,122.9517945676521
-5,-13,50.0
-6,-13,374.64753965229016
-6,-13,237.3236402107462
-6,-14,286.71893106447646
-6,-14,269.323930943577
-7,-14,50.0
-7,-14,57.14279807488221
-6,-14,241.0341066460502
-6,-14,252.72234813016712
-7,-14,50.0
-7,-14,162.51344805057175
-7,-15,50.0
-7,-15,153.65222408948188
-8,-15,50.0
-8,-15,50.0
-9,-15,50.0
-9,-15,211.08674788407612
-10,-15,50.0
-10,-15,50.0
-11,-15,147.0550513390038
-11,-15,50.0
-10,-15,50.0
-10,-15,105.71745694782041
-11,-15,141.71284725941746
-11,-15,81.3524771559449
-12,-15,168.88942506893352
-12,-15,168.38958746304843
-13,-15,50.0
-13,-15,360.20240701916873
-14,-15,375.8803183351142
-14,-15,154.56108040683532
-15,-15,50.0
-15,-15,50.0
-15,-16,50.0
-15,-16,50.0
-16,-16,54.95708484083332
-16,-16,50.0
-17,-16,50.0
-17,-16,50.0
-18,-16,50.0
-18,-16,50.0
-19,-16,50.0
-19,-16,50.0
-20,-16,50.0
-20,-16,85.46360615361714
-19,-16,50.0
-19,-16,50.0
-19,-17,62.9406302693823
-19,-17,50.0
-18,-17,50.0
-18,-17,50.0
-18,-16,50.0
-18,-16,50.0
-17,-16,50.0
-17,-16,50.0
-16,-16,50.0
-16,-16,50.0
-15,-16,50.0
-15,-16,50.0
-15,-15,93.41660271625041
-15,-15,341.91221450756086
-14,-15,50.0
-14,-15,50.0
-13,-15,50.0
-13,-15,289.11375774343065
-12,-15,63.23826326127279
-12,-15,80.57741598226274
-12,-16,50.0
-12,-16,50.0
-12,-15,163.25285193042362
-12,-15,99.69280181069429
-13,-15,105.31460655021483
-13,-15,50.0
-12,-15,198.73403148613
-12,-15,50.0
-11,-15,50.0
-11,-15,50.0
-10,-15,137.15917969847828
-10,-15,221.92867699574737
-9,-15,210.62220778119666
-9,-15,50.0
-8,-15,50.745125181111725
-8,-15,50.0
-9,-15,122.3804610269732
-9,-15,50.0
-9,-16,50.0
-9,-16,146.43753400123887
-9,-15,50.0
-9,-15,50.0
-8,-15,162.56773792300126
-8,-15,368.3039913356398
-8,-14,50.87804952245122
-8,-14,50.0
-7,-14,209.2947641551185
-7,-14,288.40305208309246
-6,-14,252.94697601976867
-6,-14,50.0
-5,-14,50.0
-5,-14,93.40533245388337
-5,-13,84.78425289579641
-5,-13,50.0
-4,-13,285.4036900115482
-4,-13,387.0306787650399
-3,-13,90.06616423003058
-3,-13,108.4149559315909
-2,-13,145.9733029464884
-2,-13,101.47610731658878
-1,-13,380.4409062952344
-1,-13,50.0
-1,-12,257.8877125182103
-1,-12,168.86443193315398
-2,-12,150.6292901033255
-2,-12,380.58875030163153
-1,-12,238.29660785666886
-1,-12,201.94054481110123
-1,-11,341.5676658984406
-1,-11,131.62883635312275
-1,-12,50.0
-1,-12,100.7800992036171
-2,-12,295.2962871737457
-2,-12,74.92363001594155
-1,-12,361.82181615639115
-1,-12,133.71365845022305
-1,-11,50.0
-1,-11,180.62586984333896
0,-11,75.58196475503655
0,-11,226.22023458399366
0,-10,338.0020806432192
0,-10,246.86204568567717
0,-9,329.73147774661425
0,-9,266.6926195406105
-1,-9,312.7485222233922
-1,-9,106.800414135072
0,-9,50.0
0,-9,67.68851310491777
1,-9,149.8136088347811
1,-9,164.72267441563986
0,-9,252.09599823390622
0,-9,201.67615074046134
-1,-9,261.6381604873691
-1,-9,236.79937326664063
0,-9,317.259868169819
0,-9,51.81755936916875
-1,-9,234.7016446155316
-1,-9,212.61716259850976
0,-9,148.39394268538763
0,-9,168.16602109901413
1,-9,576.5696736647058
1,-9,128.00472809188335
2,-9,50.0
2,-9,231.2718374963443
2,-8,311.47248451752415
2,-8,413.5691419488204
3,-8,416.37655816587574
3,-8,113.06010829320584
4,-8,271.23615824926947
4,-8,50.0
4,-9,134.65475664172845
4,-9,248.2886635194834
3,-9,103.20731447272117
3,-9,176.8695567015314
2,-9,141.70639487902207
2,-9,345.7497391888993
1,-9,280.26935028178593
1,-9,230.10439866051072
1,-10,80.84030705155229
1,-10,189.7303422695403
0,-10,104.8919314919479
0,-10,240.90073023450805
0,-11,237.60928685555825
0,-11,275.76218996715437
0,-12,222.4230961876537
0,-12,243.43884277526698
0,-11,50.0
0,-11,213.28288043469806
1,-11,120.81154091203213
1,-11,241.0876427772975
1,-12,405.68855884025186
1,-12,50.0
2,-12,334.68249885540575
2,-12,178.79815075138464
2,-11,279.2325852717944
2,-11,368.87738520166977
2,-10,191.7673519376039
2,-10,50.0
2,-9,237.33795606449286
2,-9,205.39437274942105
3,-9,327.5505549052036
3,-9,291.6125988919129
2,-9,310.9141629005071
2,-9,353.66757879064846
2,-8,290.4944189682768
2,-8,162.58019183233836
2,-9,186.2052431122919
2,-9,229.0054888264922
3,-9,232.3336876789388
3,-9,89.81158625394248
3,-8,211.45877859646305
3,-8,334.4983809747089
4,-8,306.13370233430555
4,-8,100.4791934643671
5,-8,167.98517683257722
5,-8,268.67758452126577
6,-8,546.2268453975025
6,-8,264.31856406801614
6,-7,50.0
6,-7,168.13330809329958
6,-6,281.0331142867124
6,-6,223.66520481885448
7,-6,164.3217073695717
7,-6,340.93836884458926
7,-7,265.6913955100868
7,-7,511.13406571412816
6,-7,229.26635289034033
6,-7,65.8086185054122
7,-7,174.78097615219252
7,-7,452.1916941916338
8,-7,182.3978034855328
8,-7,228.74768512297032
8,-6,380.73740488182307
8,-6,132.84771341895822
7,-6,249.0387905605774
7,-6,210.41749827875606
7,-5,266.50262664157
7,-5,393.32034027988857
7,-4,268.4264315529076
7,-4,103.59166926699453
8,-4,438.4127818903767
8,-4,131.61782193285407
9,-4,260.16351568864417
9,-4,92.47944819732146
9,-3,225.6806857294184
9,-3,113.6252679774357
9,-2,332.3477868329739
9,-2,387.7434055944492
10,-2,452.80606665009606
10,-2,99.83744131340896
9,-2,231.70226746955422
9,-2,50.0
10,-2,112.69208782733571
10,-2,414.88584046252106
10,-1,90.97238366971119
10,-1,82.03370334366066
11,-1,121.48011902236063
11,-1,319.8531149117287
11,0,358.8349381665813
11,0,195.18550859970185
12,0,238.68056281539074
12,0,189.67426922738954
12,1,383.7102819819669
12,1,59.196785847456454
12,2,404.806960944575
12,2,186.32182953618909
13,2,50.0
13,2,102.29958762184609
13,3,337.07876063039294
13,3,50.0
12,3,174.36315181864254
12,3,50.0
12,4,54.97820629100312
12,4,50.0
13,4,93.32535244952679
13,4,232.62026527052407
12,4,398.89615443393126
12,4,50.0
12,5,212.07512506308123
12,5,123.04574445525151
13,5,50.0
13,5,88.12188317058605
14,5,50.0
14,5,269.33455640120934
13,5,81.9448558122574
13,5,402.32632063719586
13,4,591.9002854415222
13,4,493.38035568408424
14,4,174.97928611734812
14,4,305.5375854697032
14,5,207.2778074984295
14,5,383.9742250321832
15,5,50.0
15,5,50.0
16,5,50.0
16,5,180.3284250201633
17,5,50.0
17,5,50.0
18,5,111.67020393620221
18,5,86.07785879762918
18,6,50.0
18,6,169.80788932681517
18,7,50.0
18,7,157.5313866007405
18,8,82.55476394724319
18,8,264.31028093232555
19,8,50.0
19,8,157.7900353385116
20,8,50.0
20,8,50.0
19,8,61.07691897376528
19,8,170.548346115129
18,8,50.0
18,8,50.0
17,8,50.0
17,8,228.6262866090046
16,8,50.0
16,8,130.06117821505728
15,8,154.814398895688
15,8,511.7109268551387
14,8,50.0
14,8,310.4115507701365
13,8,50.0
13,8,260.3336389993539
12,8,50.0
12,8,82.7220184469591
12,9,50.0
12,9,172.33066332873108
12,8,64.02089416980907
12,8,156.01066740590102
12,7,369.79993719923425
12,7,317.5329202424555
12,6,197.6405548652433
12,6,187.68768952357385
12,5,187.8483476293664
12,5,290.799005075035
12,4,324.8314416483969
12,4,386.9090989018198
12,3,50.0
12,3,224.8564455729246
13,3,50.0
13,3,57.78285288906471
12,3,148.87800088273647
12,3,186.4038429097896
13,3,407.40227138046725
13,3,171.9807753482851
14,3,277.17518577410914
14,3,121.45807081956889
13,3,212.89435258944627
13,3,132.58823337267125
14,3,157.7014201417653
14,3,204.27484197862867
13,3,50.0
13,3,50.0
13,2,50.0
13,2,160.62202211254865
13,1,116.74838026385208
13,1,50.0
