16,-15,100.0
16,-14,100.0
16,-13,100.0
16,-12,100.0
16,-11,116.27819989968563
15,-11,100.0
14,-11,100.0
15,-11,100.0
14,-11,100.0
14,-10,836.5117266110009
13,-10,375.7937526753494
12,-10,295.4997409641044
11,-10,810.501579508669
11,-9,100.0
12,-9,100.0
12,-8,100.0
11,-8,100.0
11,-7,241.62725104648135
10,-7,731.4230883232956
9,-7,256.8056032691403
8,-7,349.3377159078891
8,-6,476.87838964175336
8,-5,480.45645541249075
8,-4,553.1557500000001
7,-4,952.4795678010772
7,-5,759.01883431382
7,-4,389.26099850198574
8,-4,455.3551402118188
7,-4,114.93160756199137
6,-4,640.2391075568374
6,-3,688.2495360565983
5,-3,399.78302741151873
4,-3,1076.1048786137692
4,-2,813.2139284358947
4,-1,527.4750880669012
5,-1,328.63683370278113
4,-1,618.2522995617455
3,-1,664.7876242224736
2,-1,665.5687090366762
2,0,309.6490237791008
2,1,680.4909611252752
2,2,465.925573004387
1,2,454.56231129333355
0,2,516.4984202493123
0,3,151.32043092107136
-1,3,950.237769597678
0,3,210.52716026786538
-1,3,250.77698947370578
-2,3,793.2710268274274
-2,4,623.5054096871947
-2,5,806.3064775812642
-2,6,406.42005774998677
-1,6,981.7405859431706
0,6,375.5194142547524
-1,6,359.67625729052975
-2,6,527.4527430704335
-1,6,398.9840118796823
-2,6,641.9635733673422
-2,7,261.86350718485716
-1,7,211.26388206333093
-2,7,411.9612510722504
-1,7,952.4288216260186
-2,7,286.6516968521622
-2,6,751.1361642293524
-3,6,331.6227188563999
-3,7,279.7951801268152
-4,7,387.1192990673762
-4,8,303.4933285231951
-5,8,311.6186439877779
-5,9,249.13568995550656
-6,9,100.0
-5,9,241.07683421596826
-5,10,309.2804961182676
-6,10,342.37119932210453
-7,10,100.0
-8,10,375.6662822814014
-9,10,100.0
-10,10,554.7022203656818
-11,10,263.9638721883106
-12,10,140.2270218768669
-13,10,100.0
-13,9,100.0
-13,10,143.6743834931416
-12,10,503.06027921987794
-12,11,167.71850189659938
-13,11,126.77958486177539
-13,10,108.99556976318908
-13,11,100.0
-14,11,171.24263933846635
-15,11,100.0
-15,12,436.0376444075699
-16,12,100.0
-16,11,100.0
-15,11,100.0
-16,11,157.52637495576172
-15,11,209.7676337059253
-15,10,208.6895763327069
-14,10,117.943403113671
-14,11,100.0
-14,12,100.0
-14,11,100.0
-13,11,320.8288957056005
-12,11,373.5438177153227
-12,10,172.83247039438433
-12,9,100.0
-11,9,100.0
-11,8,100.0
-11,7,100.0
-11,8,200.22257864908764
-11,7,100.0
-12,7,735.2221280976436
-12,8,465.24389506659764
-13,8,100.0
-12,8,446.78101563808934
-12,9,393.7884065798214
-11,9,333.29238042029374
-11,8,242.8307899675514
-10,8,100.0
-10,7,438.75127872445347
-9,7,294.66172548556153
-9,8,100.0
-10,8,164.90001934024937
-10,7,664.3671853504155
-9,7,261.0054949314151
-10,7,420.831046666672
-10,6,357.93460950204707
-10,5,611.7014392999587
-9,5,279.7248693693431
-8,5,632.1533004910883
-8,4,298.92740029095745
-8,3,444.98678229714335
-8,2,202.4209927415088
-8,1,445.76792958376956
-7,1,300.52549029746274
-7,0,812.0493407104437
-7,-1,560.5218385847362
-7,-2,140.49325882871602
-6,-2,801.8525181906775
-6,-3,359.8229913737318
-6,-4,726.1856956771616
-5,-4,522.3023593802542
-4,-4,238.62442620070445
-3,-4,1040.0186878472807
-3,-3,289.2924259255835
-3,-4,708.8271162213745
-3,-3,704.4828035064585
-3,-4,313.69785563237207
-3,-5,156.79658100751544
-4,-5,625.3255298248318
-3,-5,704.8942142390455
-2,-5,751.4334216000354
-2,-6,873.7424177849159
-1,-6,100.0
-1,-7,165.9011571301033
0,-7,731.2070331643023
0,-8,477.5987793182864
-1,-8,266.34403233565433
-2,-8,459.7781469726762
-3,-8,502.5730173527754
-2,-8,519.7194409000438
-1,-8,147.49599914859226
-2,-8,100.0
-3,-8,562.8709661349136
-4,-8,287.9565903888427
-3,-8,709.2571780424424
-4,-8,347.91810578201057
-3,-8,487.65725036047854
-4,-8,408.81181999723213
-3,-8,896.2056169351506
-2,-8,529.2699412036984
-3,-8,250.3413899699674
-4,-8,694.5835478891191
-5,-8,100.0
-6,-8,955.0136767871554
-5,-8,100.0
-6,-8,385.4381378807323
-5,-8,100.0
-6,-8,423.16241878015285
-7,-8,203.23205653207845
-6,-8,228.04927023348176
-5,-8,694.7960897365099
-6,-8,100.0
-7,-8,100.0
-8,-8,176.25856973619938
-9,-8,207.03869253438228
-10,-8,100.0
-11,-8,265.7670581173131
-12,-8,173.10075367511692
-11,-8,685.4681661280381
-12,-8,380.91605689844147
-13,-8,346.7603277702391
-14,-8,240.45551479181802
-15,-8,296.3761177750697
-16,-8,100.0
-17,-8,107.34424381870124
-16,-8,443.7565957608697
-15,-8,648.8577149992178
-15,-7,100.0
-14,-7,440.9592757191011
-14,-8,196.34946460630405
-13,-8,554.454492635301
-12,-8,514.7334189725352
-11,-8,432.68190419206195
-11,-7,241.30915339990477
-10,-7,273.60579920396174
-9,-7,366.85580092670625
-10,-7,611.7023055502091
-9,-7,287.31494222773466
-9,-8,686.106005882665
-9,-7,137.4930143418381
-8,-7,451.31270258521147
-7,-7,427.46864566877895
-7,-8,576.6323839646052
-6,-8,460.68392020032627
-5,-8,483.799745971308
-5,-9,193.83027323090073
-6,-9,214.6586284627914
-5,-9,100.0
-4,-9,192.78305460869825
-5,-9,379.0680458784742
-4,-9,1124.670055026058
-3,-9,100.0
-3,-10,191.84390664102943
-3,-11,436.31337008662473
-2,-11,127.12163357836113
-1,-11,304.50576941781424
0,-11,479.1416249519655
1,-11,670.088050978112
0,-11,395.5211137944533
1,-11,405.19596475781805
1,-12,412.078051700901
0,-12,299.92402880976414
-1,-12,764.2293025115137
0,-12,411.4893087901826
0,-13,225.54099800290172
1,-13,118.99828801698555
2,-13,642.7595681502031
2,-14,270.17428000355744
3,-14,100.0
4,-14,100.0
5,-14,100.0
6,-14,277.54596162392625
6,-15,100.0
7,-15,110.52241316875728
7,-14,100.0
6,-14,193.4227622243769
7,-14,212.48900056298373
8,-14,248.28033596730006
9,-14,201.31737990569187
10,-14,109.50681868292847
11,-14,188.03992107685616
12,-14,100.0
13,-14,241.85136687802782
14,-14,516.447763759179
14,-15,100.0
15,-15,100.0
14,-15,100.0
14,-16,100.0
14,-17,100.0
14,-16,100.0
15,-16,100.0
16,-16,121.19578748591073
16,-17,100.0
16,-18,229.63227593959482
16,-19,100.0
16,-20,100.0
17,-20,100.0
18,-20,187.51164693797648
19,-20,100.0
20,-20,100.0
20,-19,130.0369589169748
20,-18,100.0
20,-17,100.0
20,-16,100.0
20,-17,100.0
20,-18,100.0
20,-17,100.0
20,-16,100.0
20,-15,100.0
20,-14,132.2248850766009
20,-13,100.0
20,-12,100.0
20,-11,287.7395774589934
20,-10,100.0
20,-9,100.0
20,-8,100.0
19,-8,100.0
18,-8,100.0
17,-8,150.3081592975256
16,-8,100.0
15,-8,473.17150130496583
14,-8,287.7646045278334
13,-8,442.0844598566014
12,-8,100.43841809355845
11,-8,512.5525053539278
10,-8,146.8259820303633
10,-7,100.0
9,-7,446.2344627805377
8,-7,158.32637048090893
7,-7,388.70678237690197
7,-8,381.1058936791109
6,-8,514.4986757182338
5,-8,442.5084468981741
6,-8,239.31656460449344
6,-9,100.0
5,-9,294.15605284629225
4,-9,440.8644866702012
3,-9,100.0
4,-9,105.11195874035174
5,-9,315.93194241246806
4,-9,138.78321925159207
4,-10,349.07212005175643
3,-10,117.89407900594176
4,-10,448.88543701384526
4,-11,552.1618184872138
3,-11,146.00248067084752
2,-11,428.40674980132303
1,-11,147.94069268827917
0,-11,118.27177050264964
-1,-11,112.08957514733842
-1,-12,277.4121027740193
-2,-12,275.8310451254056
-3,-12,100.0
-3,-13,275.5981971458552
-4,-13,288.20521323143237
-5,-13,100.0
-6,-13,110.98290026196264
-5,-13,240.52289820585588
-6,-13,286.339388569931
-6,-14,157.59961854217494
-7,-14,608.6192298767602
-6,-14,167.60118174638984
-7,-14,100.0
-7,-15,479.9504516716467
-8,-15,230.8251825295348
-9,-15,464.8161719841177
-10,-15,100.0
-11,-15,142.2375218972077
-10,-15,102.72804833030841
-11,-15,100.47956258014929
-12,-15,100.0
-13,-15,159.84000015609584
-14,-15,100.0
-15,-15,100.0
-15,-16,100.0
-16,-16,100.0
-17,-16,100.0
-18,-16,100.0
-19,-16,100.0
-20,-16,506.45002618336514
-19,-16,100.0
-19,-17,100.0
-18,-17,100.0
-18,-16,100.0
-17,-16,100.0
-16,-16,100.0
-15,-16,100.0
-15,-15,100.0
-14,-15,205.27927248211302
-13,-15,231.41558843695788
-12,-15,100.0
-12,-16,168.40866957240246
-12,-15,237.8253701459429
-13,-15,100.0
-12,-15,100.0
-11,-15,100.0
-10,-15,142.0870778413123
-9,-15,100.0
-8,-15,287.195648318912
-9,-15,233.1538218377489
-9,-16,100.0
-9,-15,100.0
-8,-15,100.0
-8,-14,100.0
-7,-14,100.0
-6,-14,220.4356876078199
-5,-14,254.3754654957923
-5,-13,100.0
-4,-13,544.3337193777736
-3,-13,104.7489099387583
-2,-13,286.1104037075763
-1,-13,423.0036511614526
-1,-12,204.07903196859604
-2,-12,626.4212793875358
-1,-12,100.0
-1,-11,447.2246079022127
-1,-12,196.20306331279772
-2,-12,228.2154526772299
-1,-12,627.4330546929184
-1,-11,930.6191067221814
0,-11,100.0
0,-10,245.1970993644013
0,-9,314.2448056851417
-1,-9,159.65865720591196
0,-9,579.6239220207087
1,-9,174.23387764413337
0,-9,240.5674856720494
-1,-9,100.0
0,-9,716.6401303008179
-1,-9,514.9392477519708
0,-9,585.049625946851
1,-9,846.5679772812125
2,-9,126.04267376564866
2,-8,100.0
3,-8,100.0
4,-8,376.04719628409777
4,-9,169.4479314355015
3,-9,347.60430206793063
2,-9,627.6609071501314
1,-9,477.2371844779026
1,-10,108.10871180447545
0,-10,246.58903962262394
0,-11,618.9023655116164
0,-12,408.45553844007367
0,-11,140.93941541240804
1,-11,197.4562072557082
1,-12,100.0
2,-12,303.88423294219143
2,-11,100.0
2,-10,100.0
2,-9,208.81715946400135
3,-9,182.17936588921995
2,-9,335.8337955642805
2,-8,631.4891939886584
2,-9,278.3778666799656
3,-9,593.6163039240446
3,-8,100.0
4,-8,589.1592446354332
5,-8,415.0595368274907
6,-8,517.1068753858965
6,-7,259.7940171552699
6,-6,405.79743099031407
7,-6,220.00478896286083
7,-7,385.11891508549735
6,-7,364.2968885605142
7,-7,408.72927908919235
8,-7,528.683900199674
8,-6,364.1565881500752
7,-6,100.0
7,-5,298.85567288847705
7,-4,418.77433656622566
8,-4,237.9638658575617
9,-4,213.46115519781839
9,-3,601.4960078164052
9,-2,310.61408414563743
10,-2,276.8714443038589
9,-2,383.88605330194156
10,-2,346.42590483591243
10,-1,290.2532300700841
11,-1,431.7513821401322
11,0,258.93541220091015
12,0,464.7621392677137
12,1,161.9231227937289
12,2,775.1121223427175
13,2,798.0872054885714
13,3,142.57508189813382
12,3,278.42155775608177
12,4,100.0
13,4,161.19418631832008
12,4,278.9074405559367
12,5,331.0726876226861
13,5,100.0
14,5,100.0
13,5,559.3698605216437
13,4,150.90624455605152
14,4,298.1505254984865
14,5,211.8214197087688
15,5,100.0
16,5,156.24057760566916
17,5,100.0
18,5,100.0
18,6,341.1410819517599
18,7,262.9458784931933
18,8,100.0
19,8,100.0
20,8,100.0
19,8,118.46087593460729
18,8,188.53737705691643
17,8,219.30641648341714
16,8,100.0
15,8,100.0
14,8,100.0
13,8,100.0
12,8,193.05850818315574
12,9,333.45666599643164
12,8,100.0
12,7,102.88484934664137
12,6,406.26023908216
12,5,345.655957977361
12,4,100.0
12,3,262.29485365371795
13,3,507.22622458300833
12,3,111.8021122698384
13,3,111.99218262448906
14,3,100.0
13,3,384.04319920118934
14,3,100.0
13,3,290.92956239729824
13,2,452.4288302311499
13,1,100.0
