16,-15,100.0
16,-14,100.0
16,-13,357.4325069086116
16,-12,123.0354152621548
16,-11,165.21091811149392
15,-11,309.15149090274906
14,-11,212.449798193211
15,-11,249.00322560425565
14,-11,176.17987060626803
14,-10,100.0
13,-10,105.13033724853975
12,-10,453.84176359627395
11,-10,212.22293182103252
11,-9,100.0
12,-9,247.58211346357095
12,-8,391.3827640062974
11,-8,420.93068504244883
11,-7,221.08769150232678
10,-7,140.69968508140698
9,-7,446.4524788148616
8,-7,135.72117390408442
8,-6,202.3020476031705
8,-5,840.7134502362346
8,-4,204.54606838016971
7,-4,100.0
7,-5,420.54738052591085
7,-4,556.6010034811361
8,-4,100.0
7,-4,720.8440766779364
6,-4,274.9160400876069
6,-3,194.2451174981544
5,-3,750.3758465924785
4,-3,162.10734294263912
4,-2,670.5226056963047
4,-1,842.3206400521117
5,-1,306.54767375273053
4,-1,906.4524163990046
3,-1,433.30069505791107
2,-1,292.8152639487148
2,0,729.7123323179576
2,1,293.39439965063366
2,2,618.2111935619615
1,2,463.592591706209
0,2,768.5253440423297
0,3,325.09083670775493
-1,3,663.3824689174695
0,3,370.4130861292789
-1,3,973.0762589605322
-2,3,603.782525667535
-2,4,523.9019394113798
-2,5,290.3600630946089
-2,6,545.1061893385922
-1,6,239.9219642805503
0,6,221.45345397165767
-1,6,440.52734830304746
-2,6,466.0903912544517
-1,6,893.1020044468787
-2,6,462.00833135452274
-2,7,100.0
-1,7,576.6196422404633
-2,7,162.48983187990808
-1,7,333.1787024699489
-2,7,248.8092293166161
-2,6,118.41273176805615
-3,6,701.3395245418028
-3,7,445.88831504151716
-4,7,444.411350525734
-4,8,421.2122293625269
-5,8,100.0
-5,9,100.0
-6,9,125.30355164881708
-5,9,278.8975005852109
-5,10,370.7284627812662
-6,10,100.0
-7,10,153.71027231744878
-8,10,273.87941111116385
-9,10,100.0
-10,10,100.0
-11,10,290.04253259901884
-12,10,324.4223117631133
-13,10,509.55075208369743
-13,9,100.0
-13,10,100.0
-12,10,173.8645157166835
-12,11,169.64790474124507
-13,11,458.6554899934721
-13,10,100.0
-13,11,100.0
-14,11,162.00007068563224
-15,11,194.8057812542001
-15,12,274.0006550097925
-16,12,100.0
-16,11,100.0
-15,11,100.0
-16,11,100.0
-15,11,159.80163183737645
-15,10,100.0
-14,10,176.66205100694174
-14,11,101.94478405477395
-14,12,100.0
-14,11,360.6109339914093
-13,11,100.0
-12,11,378.88215865336474
-12,10,100.0
-12,9,131.3446435979103
-11,9,373.4491194696046
-11,8,164.75929527808216
-11,7,100.0
-11,8,209.07644054065338
-11,7,556.5021473566953
-12,7,100.0
-12,8,100.0
-13,8,373.98415250235837
-12,8,100.0
-12,9,340.8382647059352
-11,9,227.32451214348302
-11,8,100.0
-10,8,417.2114342839342
-10,7,101.00190824570305
-9,7,587.2937216571765
-9,8,438.3334084017489
-10,8,100.0
-10,7,231.11255124543538
-9,7,470.6351669163549
-10,7,292.8023305324791
-10,6,100.0
-10,5,112.33596104697517
-9,5,343.7016618219284
-8,5,331.9851073608296
-8,4,100.0
-8,3,752.016611180122
-8,2,705.752709401949
-8,1,704.0130900523335
-7,1,591.4399640318893
-7,0,642.7132228281358
-7,-1,936.2619527625036
-7,-2,395.89102470147384
-6,-2,842.7765858476124
-6,-3,296.70606821272645
-6,-4,610.8334701970367
-5,-4,1014.0041648491219
-4,-4,177.79163860131308
-3,-4,964.5620564405845
-3,-3,268.44365990183127
-3,-4,580.6134355972615
-3,-3,658.4742952521381
-3,-4,162.8115638762588
-3,-5,724.8240558001306
-4,-5,623.4629612672096
-3,-5,597.5905313283419
-2,-5,383.5322526772087
-2,-6,257.9263791152155
-1,-6,833.3645685302291
-1,-7,589.7957683932864
0,-7,382.5236771791399
0,-8,457.68162685988113
-1,-8,225.98186952859805
-2,-8,284.0880950499318
-3,-8,858.5784814885188
-2,-8,887.4271843249289
-1,-8,582.0443261469554
-2,-8,469.24513254579165
-3,-8,243.23770311777167
-4,-8,233.79398393559708
-3,-8,278.81857141091905
-4,-8,403.9512237633512
-3,-8,494.5800666657493
-4,-8,523.3568234675529
-3,-8,960.844210796541
-2,-8,504.6008104428626
-3,-8,1172.0444761528634
-4,-8,424.22948267563646
-5,-8,356.55852298937305
-6,-8,199.4540531089487
-5,-8,393.82967489503983
-6,-8,483.74747338991654
-5,-8,361.9342331291007
-6,-8,100.0
-7,-8,100.0
-6,-8,294.61688440480754
-5,-8,917.0401706384482
-6,-8,492.5370905264785
-7,-8,255.36367550204912
-8,-8,317.7280435830215
-9,-8,464.75862865729397
-10,-8,454.0372454638177
-11,-8,489.446027323005
-12,-8,100.0
-11,-8,100.0
-12,-8,512.4091332787293
-13,-8,100.0
-14,-8,239.3486149355293
-15,-8,215.45995215527995
-16,-8,187.7684607643522
-17,-8,584.1321885580658
-16,-8,109.4690975522448
-15,-8,276.195617083716
-15,-7,117.45524518928026
-14,-7,265.6912258359274
-14,-8,117.24430126967614
-13,-8,805.2952740087194
-12,-8,100.0
-11,-8,100.0
-11,-7,211.2287137519428
-10,-7,262.5474271610144
-9,-7,364.03921545539436
-10,-7,224.57169398281255
-9,-7,306.68017873643475
-9,-8,338.5136532655066
-9,-7,128.72387293574283
-8,-7,334.82298300787875
-7,-7,359.89119043761303
-7,-8,139.1155590592482
-6,-8,218.0191371972812
-5,-8,252.7183695228608
-5,-9,130.49373386919876
-6,-9,316.9447038976158
-5,-9,335.6249926848176
-4,-9,509.536711174865
-5,-9,119.4505865315687
-4,-9,166.19976022871822
-3,-9,378.48346518191977
-3,-10,381.62139594558647
-3,-11,371.8068228524506
-2,-11,398.6504081900342
-1,-11,886.772229254982
0,-11,100.0
1,-11,337.6886920302808
0,-11,316.3695867950875
1,-11,395.2431287031642
1,-12,507.98934484959034
0,-12,105.89399079801464
-1,-12,190.06258980024606
0,-12,100.0
0,-13,395.01681049236413
1,-13,640.5550587048017
2,-13,100.0
2,-14,100.0
3,-14,674.3754220355934
4,-14,165.80738088138358
5,-14,636.4698101326677
6,-14,232.33756442171926
6,-15,127.14603835545611
7,-15,401.3990285826874
7,-14,387.6439902049179
6,-14,477.9319651976745
7,-14,103.45795031989856
8,-14,243.3231946399607
9,-14,100.0
10,-14,100.0
11,-14,100.0
12,-14,331.1803699024638
13,-14,217.918138752271
14,-14,328.0057168477835
14,-15,100.0
15,-15,100.0
14,-15,100.0
14,-16,100.0
14,-17,100.0
14,-16,100.0
15,-16,100.0
16,-16,100.0
16,-17,189.30410195829356
16,-18,100.0
16,-19,100.0
16,-20,100.0
17,-20,100.0
18,-20,100.0
19,-20,100.0
20,-20,100.0
20,-19,100.0
20,-18,100.0
20,-17,100.0
20,-16,100.0
20,-17,100.0
20,-18,100.0
20,-17,100.0
20,-16,100.0
20,-15,100.0
20,-14,100.0
20,-13,113.7457326073208
20,-12,126.1002114417704
20,-11,116.99043157249491
20,-10,100.0
20,-9,100.0
20,-8,323.32091938359247
19,-8,100.0
18,-8,100.0
17,-8,100.0
16,-8,100.0
15,-8,346.9509073197432
14,-8,100.0
13,-8,102.74566179029667
12,-8,357.1534758009498
11,-8,641.3571161352215
10,-8,489.7930240976029
10,-7,232.60507206699248
9,-7,332.96525956690317
8,-7,100.0
7,-7,190.06164154267086
7,-8,363.34273418267674
6,-8,370.46189592506244
5,-8,501.25683548609226
6,-8,473.29458464512993
6,-9,197.4989739893361
5,-9,216.48210033832618
4,-9,372.9518397692265
3,-9,100.36266779510709
4,-9,838.911716979616
5,-9,336.78954107880736
4,-9,381.669044442168
4,-10,292.74977503561064
3,-10,476.1360367711318
4,-10,187.11787260378958
4,-11,100.0
3,-11,172.69533362470162
2,-11,166.17054030542465
1,-11,418.01950873218436
0,-11,112.03911160145502
-1,-11,100.0
-1,-12,686.7632555741563
-2,-12,344.77935362847063
-3,-12,248.8615543899521
-3,-13,322.2235582050955
-4,-13,288.14722214001085
-5,-13,473.6899952697331
-6,-13,465.7830023833479
-5,-13,311.04656479064556
-6,-13,393.9069231929768
-6,-14,344.4765539716653
-7,-14,185.73592025898836
-6,-14,100.0
-7,-14,250.56222082840256
-7,-15,168.0074355601832
-8,-15,238.2894836611668
-9,-15,100.0
-10,-15,100.0
-11,-15,100.0
-10,-15,173.52929658061225
-11,-15,100.0
-12,-15,100.0
-13,-15,100.0
-14,-15,100.0
-15,-15,100.0
-15,-16,100.0
-16,-16,100.0
-17,-16,100.0
-18,-16,422.75004352707066
-19,-16,221.09453509602974
-20,-16,100.0
-19,-16,100.0
-19,-17,100.0
-18,-17,100.0
-18,-16,100.0
-17,-16,100.0
-16,-16,100.0
-15,-16,100.0
-15,-15,363.62299329705775
-14,-15,100.0
-13,-15,100.0
-12,-15,100.0
-12,-16,175.16175171755663
-12,-15,193.2706755455851
-13,-15,204.84313933930952
-12,-15,100.0
-11,-15,100.0
-10,-15,278.6857790599571
-9,-15,323.7017904744238
-8,-15,100.0
-9,-15,100.0
-9,-16,654.2012069249156
-9,-15,146.33388167349327
-8,-15,100.0
-8,-14,354.0872752205263
-7,-14,213.39805794167518
-6,-14,353.3845742127766
-5,-14,222.31549208005939
-5,-13,100.0
-4,-13,193.4488879352512
-3,-13,318.3673060162966
-2,-13,124.59026469706797
-1,-13,218.6777171367776
-1,-12,112.4299401717742
-2,-12,100.0
-1,-12,190.38876983158715
-1,-11,153.6091986606907
-1,-12,100.0
-2,-12,267.8617421131207
-1,-12,353.0722652557039
-1,-11,245.73804295134536
0,-11,358.7206947604365
0,-10,416.7936945241051
0,-9,323.17998816683337
-1,-9,572.5013345274572
0,-9,210.85953622358707
1,-9,362.75284361532624
0,-9,332.3417519852676
-1,-9,345.82530640728055
0,-9,100.0
-1,-9,289.8269901547295
0,-9,472.4153697824272
1,-9,468.3474132492512
2,-9,490.759754894802
2,-8,279.44327413636535
3,-8,142.00965902232917
4,-8,283.1149679629497
4,-9,723.6185757250229
3,-9,452.17351254832806
2,-9,221.08982430653418
1,-9,366.4375328687893
1,-10,513.7200096517035
0,-10,802.0623044034432
0,-11,1031.3563009642212
0,-12,389.23480438537325
0,-11,226.89980791474306
1,-11,420.66852087626626
1,-12,378.79968065727564
2,-12,375.9476295737737
2,-11,397.72112557336146
2,-10,742.0534488791916
2,-9,527.0396025930769
3,-9,293.0940021175956
2,-9,121.89161111108439
2,-8,585.6955778868669
2,-9,726.5900625408426
3,-9,564.8564145307341
3,-8,701.7169906976515
4,-8,647.1033860931622
5,-8,428.1497359547713
6,-8,100.0
6,-7,379.55592629843704
6,-6,100.0
7,-6,349.76950273794307
7,-7,232.43844700087186
6,-7,365.9922762525883
7,-7,292.20409180288954
8,-7,162.67010036867748
8,-6,229.0785375122586
7,-6,266.5827894159683
7,-5,132.24117499515336
7,-4,380.46520210946017
8,-4,815.4348592129702
9,-4,100.0
9,-3,383.09613467868604
9,-2,616.3649162729591
10,-2,341.85824053979445
9,-2,100.0
10,-2,262.6980116987646
10,-1,1137.9133705672434
11,-1,223.98786664899154
11,0,378.0706998495879
12,0,224.47445683861503
12,1,416.63688891424476
12,2,396.20460085070397
13,2,424.47392888888385
13,3,204.3351838089072
12,3,631.1238126075376
12,4,486.8980791470449
13,4,373.2786331794264
12,4,132.50798474537788
12,5,328.34407288492224
13,5,100.0
14,5,241.50880707405128
13,5,186.76753049247048
13,4,272.5225093423276
14,4,197.7310224376018
14,5,100.0
15,5,211.699671203545
16,5,100.0
17,5,441.4819859987005
18,5,100.0
18,6,319.0031788086643
18,7,100.0
18,8,100.0
19,8,110.00993221653869
20,8,100.0
19,8,100.0
18,8,100.0
17,8,440.2122078747542
16,8,100.0
15,8,100.0
14,8,449.35330217988945
13,8,100.0
12,8,100.0
12,9,100.0
12,8,120.82514901807215
12,7,103.65152060498428
12,6,334.1035055752203
12,5,356.1649503997546
12,4,338.09314796549234
12,3,333.3409520941518
13,3,151.60405931920062
12,3,100.0
13,3,412.9977509620873
14,3,307.31843819625743
13,3,452.49744350499816
14,3,100.0
13,3,176.24458584573728
13,2,210.90507253299745
13,1,137.425859273534
