16,-15,276.6349063817083
16,-15,101.376201192518
16,-14,205.57455202148046
16,-14,50.0
16,-13,152.42080715128026
16,-13,75.31608284163485
16,-12,52.4050285585079
16,-12,50.0
16,-11,50.0
16,-11,50.0
15,-11,50.0
15,-11,50.0
14,-11,396.04016483611156
14,-11,50.0
15,-11,50.0
15,-11,52.53062225334463
14,-11,60.30724741111693
14,-11,53.74168096617694
14,-10,50.0
14,-10,205.20086160252924
13,-10,58.79527325952304
13,-10,56.513472020700064
12,-10,199.76412407185984
12,-10,98.609324332088
11,-10,92.60791782387469
11,-10,50.0
11,-9,50.0
11,-9,106.97593354677907
12,-9,153.81540264335962
12,-9,315.12714700348056
12,-8,174.1633052342036
12,-8,50.0
11,-8,206.07779505916287
11,-8,148.1246467282313
11,-7,50.0
11,-7,271.883821489553
10,-7,205.3694037537032
10,-7,210.00479252402158
9,-7,120.1543952786296
9,-7,165.2994184572124
8,-7,192.86556524527654
8,-7,201.8616010053326
8,-6,53.920288618404015
8,-6,198.88530410578065
8,-5,72.88518169975029
8,-5,300.9861828784972
8,-4,265.13554222677595
8,-4,91.7248690335115
7,-4,123.22306363956588
7,-4,315.06888455389725
7,-5,285.2701217055257
7,-5,285.9783489750737
7,-4,50.0
7,-4,147.4244503434428
8,-4,144.1968679374994
8,-4,286.33251081440477
7,-4,50.0
7,-4,50.0
6,-4,264.4819866379039
6,-4,269.84814939877344
6,-3,241.67494275744377
6,-3,362.88899682879605
5,-3,484.66683480980225
5,-3,366.27028275158335
4,-3,53.34544245693684
4,-3,468.4694785709679
4,-2,420.3689291203824
4,-2,176.6853672392017
4,-1,131.3708615787636
4,-1,243.145735527743
5,-1,400.7648422856562
5,-1,88.78973184805952
4,-1,212.31957178083655
4,-1,204.80786893362128
3,-1,234.23672394610298
3,-1,259.0619935681508
2,-1,50.0
2,-1,199.75502306053437
2,0,340.4523246773012
2,0,677.7018326010052
2,1,199.6818238733332
2,1,453.6452296922528
2,2,271.9605543268032
2,2,262.2605490772984
1,2,368.7419343418357
1,2,385.5807967458603
0,2,310.3992217744283
0,2,409.3568776849786
0,3,272.7108408524598
0,3,311.4976367061504
-1,3,198.46904136104848
-1,3,560.0853982107963
0,3,286.40311843581725
0,3,462.80593482787265
-1,3,461.9889281320178
-1,3,539.6599673591343
-2,3,313.4721231313934
-2,3,358.31965049467607
-2,4,301.8947596580671
-2,4,449.11507567552906
-2,5,214.88128682174025
-2,5,334.10710445433585
-2,6,133.2261367331837
-2,6,152.38372397511077
-1,6,236.50588994115313
-1,6,150.67474276413964
0,6,53.13685941153943
0,6,50.0
-1,6,146.650976619066
-1,6,125.1334225552915
-2,6,345.0139333618763
-2,6,350.89015835062094
-1,6,288.19365304412986
-1,6,210.95081773560108
-2,6,178.7234326013982
-2,6,158.85001255284556
-2,7,247.84342328170453
-2,7,427.7997000349292
-1,7,50.0
-1,7,111.19948812414401
-2,7,438.3991722217294
-2,7,256.9966899687472
-1,7,262.3382351716778
-1,7,224.7866569507146
-2,7,201.3199597283564
-2,7,245.0641780700578
-2,6,324.5968076653734
-2,6,307.3469248329865
-3,6,292.68038599278947
-3,6,181.057686056501
-3,7,279.15806368319204
-3,7,291.8279349596809
-4,7,129.5233802697243
-4,7,50.0
-4,8,331.34494296597893
-4,8,173.8562969728202
-5,8,293.243774211653
-5,8,383.6740521093012
-5,9,67.93339709892061
-5,9,328.4306569549116
-6,9,401.35468096238844
-6,9,241.7436421131777
-5,9,50.0
-5,9,150.2544527788774
-5,10,261.07596827329957
-5,10,162.7040359675135
-6,10,258.031874527958
-6,10,231.46356280843722
-7,10,377.4447777996169
-7,10,183.4222067517207
-8,10,56.115946749364696
-8,10,320.4317494803954
-9,10,215.9465990775775
-9,10,92.08598822334481
-10,10,50.0
-10,10,139.49219670057943
-11,10,373.08601975693546
-11,10,50.0
-12,10,267.89607757696746
-12,10,170.6564228384524
-13,10,50.0
-13,10,193.21498720941335
-13,9,187.1787514833356
-13,9,291.1313286062241
-13,10,175.02202223605804
-13,10,50.0
-12,10,253.79161386505393
-12,10,125.66521117016237
-12,11,70.33640353085839
-12,11,197.8385060232503
-13,11,50.0
-13,11,188.7041973743218
-13,10,100.59615412560163
-13,10,226.4252390941758
-13,11,50.0
-13,11,366.4014872340522
-14,11,50.0
-14,11,50.0
-15,11,88.32609463601817
-15,11,50.0
-15,12,50.0
-15,12,125.12767020634105
-16,12,83.33301045115059
-16,12,50.0
-16,11,62.448351660231864
-16,11,98.36981228957804
-15,11,230.7941922576767
-15,11,89.59294561050092
-16,11,63.21327741153192
-16,11,58.77661641173575
-15,11,311.3245116602094
-15,11,66.8931644724685
-15,10,50.0
-15,10,50.0
-14,10,50.0
-14,10,137.708881106834
-14,11,68.8528480649036
-14,11,72.42991624753284
-14,12,50.0
-14,12,50.0
-14,11,50.0
-14,11,54.61709279719676
-13,11,50.0
-13,11,297.2404051645261
-12,11,117.92370841170853
-12,11,273.4735909564512
-12,10,178.6327267136744
-12,10,50.0
-12,9,315.36734183345027
-12,9,60.27102760344491
-11,9,50.0
-11,9,229.6031310444988
-11,8,225.59019292667008
-11,8,160.57094580435216
-11,7,50.0
-11,7,50.0
-11,8,294.7179010857544
-11,8,218.78399638937373
-11,7,99.76232429520576
-11,7,323.4167691637572
-12,7,216.8695820806034
-12,7,172.780321615348
-12,8,282.883804215939
-12,8,336.1285817797706
-13,8,144.98356365436558
-13,8,273.6400557058921
-12,8,185.527945342726
-12,8,200.99918586807382
-12,9,338.8322915784021
-12,9,203.46412970163937
-11,9,50.0
-11,9,394.1512833214007
-11,8,138.99280270190366
-11,8,108.39755770392553
-10,8,234.65198512180785
-10,8,50.0
-10,7,196.51400556018197
-10,7,249.38743848810887
-9,7,147.57600408604443
-9,7,321.81834319400883
-9,8,53.309515474882005
-9,8,329.8524500658577
-10,8,254.3383918009051
-10,8,108.76879678388337
-10,7,68.99946292368179
-10,7,368.1992512020281
-9,7,130.8682038361687
-9,7,242.84614720141695
-10,7,283.2555668229037
-10,7,413.8969393828871
-10,6,141.75792942274185
-10,6,209.12413320310566
-10,5,83.33932928347676
-10,5,243.26777845673706
-9,5,283.5663326966509
-9,5,356.30552069916143
-8,5,327.22953880617746
-8,5,453.01720393681484
-8,4,250.9144920543575
-8,4,245.35209816430879
-8,3,175.07729425401527
-8,3,77.11965069955025
-8,2,50.0
-8,2,322.08882444120127
-8,1,522.3411925664691
-8,1,319.07256474221526
-7,1,175.67032898211198
-7,1,50.0
-7,0,340.3101575143088
-7,0,465.01456526967195
-7,-1,129.56260546443147
-7,-1,274.3687264856008
-7,-2,737.6853887558839
-7,-2,304.55863668473
-6,-2,104.3745256177123
-6,-2,218.8963340323542
-6,-3,113.89078280769041
-6,-3,197.10495667607302
-6,-4,326.86337618606785
-6,-4,280.580417313422
-5,-4,309.21613776622894
-5,-4,598.6906343778845
-4,-4,466.0313238233899
-4,-4,598.7333839417752
-3,-4,371.85221142119894
-3,-4,448.2888773418122
-3,-3,115.05982749475461
-3,-3,740.6595842529948
-3,-4,154.57177692478922
-3,-4,181.51054286832783
-3,-3,366.54672920293365
-3,-3,280.58135189267307
-3,-4,464.2132898904219
-3,-4,370.7608320345091
-3,-5,315.5630111239824
-3,-5,233.876498572893
-4,-5,356.3418249830288
-4,-5,396.7735784509808
-3,-5,556.7895148804405
-3,-5,403.85681836998884
-2,-5,337.3904011914467
-2,-5,149.0481079057935
-2,-6,280.39554454440145
-2,-6,217.39262338218185
-1,-6,223.91353128895395
-1,-6,179.87228541977734
-1,-7,409.0208891058812
-1,-7,288.17420029904235
0,-7,352.022713542647
0,-7,231.91813585270225
0,-8,102.49234278863022
0,-8,579.7625996711524
-1,-8,241.69451715326892
-1,-8,332.88029050975547
-2,-8,198.6295534808362
-2,-8,342.5986398866006
-3,-8,293.54822912607153
-3,-8,504.9511196333235
-2,-8,197.32272170916315
-2,-8,287.9281981979782
-1,-8,140.75343295384133
-1,-8,434.823221874236
-2,-8,296.76640077860907
-2,-8,388.1864956557581
-3,-8,218.74765793323382
-3,-8,107.52437647484365
-4,-8,341.37920074887984
-4,-8,410.0031793141942
-3,-8,120.98611814213783
-3,-8,133.4078365177919
-4,-8,238.01077006624257
-4,-8,149.49660862841316
-3,-8,256.08258345912344
-3,-8,231.09138177606013
-4,-8,372.9782274082424
-4,-8,360.4875965020972
-3,-8,193.74045749585537
-3,-8,156.1533079780297
-2,-8,319.7113103666094
-2,-8,226.0476699106538
-3,-8,203.6119828463789
-3,-8,225.18767019262648
-4,-8,162.21656620752304
-4,-8,268.5798790283587
-5,-8,99.39884235507617
-5,-8,328.63130004183404
-6,-8,134.321463426472
-6,-8,227.36503053965055
-5,-8,341.13324301398615
-5,-8,74.9584722130545
-6,-8,276.8373670930868
-6,-8,311.30203605757055
-5,-8,254.83700364883902
-5,-8,96.40486624216769
-6,-8,79.24545246454916
-6,-8,128.27811818647842
-7,-8,220.91316454499307
-7,-8,299.89052698286844
-6,-8,363.37115476754946
-6,-8,171.67061417917918
-5,-8,176.9624724890444
-5,-8,353.1969940166399
-6,-8,182.20940299138098
-6,-8,188.714966038541
-7,-8,422.4820964489187
-7,-8,274.45671005214683
-8,-8,223.5933403579309
-8,-8,50.0
-9,-8,209.23284058365016
-9,-8,50.0
-10,-8,377.4690134567344
-10,-8,157.83270283039087
-11,-8,128.3612199628636
-11,-8,259.0336184483084
-12,-8,360.07970439804797
-12,-8,50.0
-11,-8,59.38260643522645
-11,-8,506.446565769694
-12,-8,158.03604843017953
-12,-8,50.0
-13,-8,361.10572653736665
-13,-8,229.96931404930032
-14,-8,291.4241155910164
-14,-8,63.33390267701391
-15,-8,50.0
-15,-8,50.0
-16,-8,50.0
-16,-8,64.1909764172095
-17,-8,50.0
-17,-8,56.336098167754294
-16,-8,50.0
-16,-8,50.0
-15,-8,179.20294277226384
-15,-8,417.7307390378461
-15,-7,50.0
-15,-7,92.41431284052055
-14,-7,199.65132990228818
-14,-7,50.0
-14,-8,50.0
-14,-8,212.75180921790252
-13,-8,159.3322723347085
-13,-8,111.62408576059904
-12,-8,415.7492301330012
-12,-8,227.10719704005365
-11,-8,231.11728489398314
-11,-8,99.23908387314978
-11,-7,50.0
-11,-7,95.05621935046489
-10,-7,247.14351285056605
-10,-7,382.7231373726373
-9,-7,50.0
-9,-7,50.0
-10,-7,244.69729474436275
-10,-7,134.4034110730798
-9,-7,149.98228256289244
-9,-7,230.28672026972822
-9,-8,83.05196986587062
-9,-8,397.287251857151
-9,-7,50.0
-9,-7,169.41498704238288
-8,-7,50.0
-8,-7,286.3294690778806
-7,-7,310.65795842250594
-7,-7,527.3122217687071
-7,-8,51.40713007306144
-7,-8,533.0039967532795
-6,-8,269.9663431096809
-6,-8,71.44318295730531
-5,-8,200.1671959220187
-5,-8,218.47936937762285
-5,-9,138.77063330920674
-5,-9,167.16473221222455
-6,-9,202.40653998552122
-6,-9,101.7116515623074
-5,-9,285.1016150933991
-5,-9,381.8195496533506
-4,-9,306.9306051635502
-4,-9,328.18167682937576
-5,-9,123.09328927669578
-5,-9,455.83863660759164
-4,-9,227.4437334345261
-4,-9,200.55507457382757
-3,-9,338.4497572043923
-3,-9,274.80869427325797
-3,-10,216.2501313275487
-3,-10,328.9956816331084
-3,-11,88.70732197962424
-3,-11,272.348975362992
-2,-11,133.02150340164195
-2,-11,272.4837197754704
-1,-11,207.93739095310326
-1,-11,268.8042424262662
0,-11,330.70218429773337
0,-11,473.68398038439227
1,-11,205.80342441488713
1,-11,50.0
0,-11,155.86140980752538
0,-11,50.0
1,-11,171.5850758150474
1,-11,218.82838228377835
1,-12,414.3139073162888
1,-12,91.46018710764291
0,-12,389.40055897557664
0,-12,249.5140413850966
-1,-12,50.0
-1,-12,199.1725576645805
0,-12,50.0
0,-12,370.94726660319907
0,-13,131.5433758687332
0,-13,50.0
1,-13,50.0
1,-13,84.21698713245078
2,-13,191.01434769001827
2,-13,216.06715952177632
2,-14,80.52911936799816
2,-14,192.79925994992584
3,-14,50.0
3,-14,164.09742269642598
4,-14,50.0
4,-14,174.88224913690283
5,-14,50.0
5,-14,116.6019157317556
6,-14,101.76290781183715
6,-14,50.0
6,-15,219.504874967555
6,-15,50.0
7,-15,180.80176454262616
7,-15,197.4337133447604
7,-14,502.5924740260162
7,-14,275.0353778319484
6,-14,50.0
6,-14,92.55483440532086
7,-14,418.55800893841877
7,-14,330.1510249849949
8,-14,256.54157001781243
8,-14,204.5494152407282
9,-14,147.19739995355948
9,-14,50.0
10,-14,97.84464930099382
10,-14,50.0
11,-14,94.12131470608858
11,-14,125.29923805913751
12,-14,168.5629577517852
12,-14,80.06603374646963
13,-14,102.93812664641595
13,-14,50.0
14,-14,50.0
14,-14,50.0
14,-15,50.0
14,-15,96.9449712746914
15,-15,50.0
15,-15,50.0
14,-15,50.0
14,-15,50.0
14,-16,162.55823364203897
14,-16,50.0
14,-17,50.0
14,-17,50.0
14,-16,50.0
14,-16,131.3769518119871
15,-16,101.44748336855274
15,-16,136.69893650180416
16,-16,50.0
16,-16,64.48710060846372
16,-17,50.0
16,-17,233.16630993691163
16,-18,50.0
16,-18,50.0
16,-19,100.17911838828263
16,-19,50.0
16,-20,50.0
16,-20,50.0
17,-20,50.0
17,-20,353.1073475291297
18,-20,50.0
18,-20,50.0
19,-20,50.0
19,-20,50.0
20,-20,50.0
20,-20,50.0
20,-19,210.60985510829448
20,-19,50.0
20,-18,50.0
20,-18,123.71793882342772
20,-17,50.0
20,-17,50.0
20,-16,97.64560046460764
20,-16,64.2888018845233
20,-17,50.0
20,-17,50.0
20,-18,50.0
20,-18,60.0138557074263
20,-17,50.0
20,-17,50.0
20,-16,50.0
20,-16,50.0
20,-15,50.0
20,-15,56.75991254569588
20,-14,50.0
20,-14,50.0
20,-13,50.0
20,-13,50.0
20,-12,50.0
20,-12,122.10463410393982
20,-11,50.0
20,-11,50.0
20,-10,50.0
20,-10,168.82560391287922
20,-9,50.0
20,-9,95.26694217828593
20,-8,50.0
20,-8,50.0
19,-8,50.0
19,-8,50.0
18,-8,177.3960612917193
18,-8,50.0
17,-8,188.776371028465
17,-8,237.47644568105508
16,-8,224.3361639650724
16,-8,50.0
15,-8,50.0
15,-8,181.0865904409091
14,-8,203.7161237408564
14,-8,121.70232566734994
13,-8,50.0
13,-8,77.78227969413557
12,-8,105.30632757572384
12,-8,176.4994888802317
11,-8,420.69638354059657
11,-8,226.94677545012212
10,-8,86.80700804831571
10,-8,400.96158933595825
10,-7,189.03246821595616
10,-7,248.05104722249698
9,-7,50.0
9,-7,341.25493164648213
8,-7,148.33003459268667
8,-7,254.81958762082107
7,-7,215.68032996922807
7,-7,190.69729724534517
7,-8,62.3769436823286
7,-8,206.6977038438498
6,-8,352.5974864628912
6,-8,50.0
5,-8,50.0
5,-8,217.0477140062855
6,-8,262.6160700958329
6,-8,224.93332357100556
6,-9,406.68375541102455
6,-9,261.80195022699434
5,-9,164.69912888218175
5,-9,177.60004783496277
4,-9,371.12805342798794
4,-9,243.098721698532
3,-9,196.84874550356858
3,-9,496.5076228860262
4,-9,277.2068488034569
4,-9,240.2177140474258
5,-9,372.36183725466236
5,-9,439.07194223259285
4,-9,422.14751747576713
4,-9,300.40864368819086
4,-10,324.05764926915504
4,-10,418.18871674624495
3,-10,177.32247198365064
3,-10,50.0
4,-10,223.95459105996164
4,-10,318.94170374418786
4,-11,394.148358453025
4,-11,50.0
3,-11,273.71472843474805
3,-11,138.63445547719317
2,-11,113.52950862800381
2,-11,103.0769024833642
1,-11,255.8924091367287
1,-11,210.4988762436121
0,-11,50.0
0,-11,399.5574411970444
-1,-11,205.6864338711877
-1,-11,412.3143818442401
-1,-12,173.41866508796326
-1,-12,82.83038116575742
-2,-12,183.3813009322384
-2,-12,243.76263141507172
-3,-12,241.30028099032194
-3,-12,54.38471159836814
-3,-13,50.0
-3,-13,50.0
-4,-13,174.53710611512676
-4,-13,98.24497531790783
-5,-13,81.11498339094696
-5,-13,307.6484584244531
-6,-13,295.5574242838654
-6,-13,86.27008013858412
-5,-13,50.0
-5,-13,50.0
-6,-13,69.42525081750738
-6,-13,50.0
-6,-14,274.7846331662476
-6,-14,177.84736671514904
-7,-14,234.29084237068187
-7,-14,301.2881892156566
-6,-14,62.17318038796054
-6,-14,219.12865593140066
-7,-14,64.08804513059052
-7,-14,262.41807893536986
-7,-15,87.1616516345645
-7,-15,83.90523777374256
-8,-15,95.57913519429856
-8,-15,50.0
-9,-15,74.69606902033107
-9,-15,50.0
-10,-15,70.94328301858762
-10,-15,50.0
-11,-15,216.7774069327661
-11,-15,276.0004459697336
-10,-15,50.0
-10,-15,132.6930372664519
-11,-15,180.5583448963741
-11,-15,50.0
-12,-15,67.08918228469376
-12,-15,72.49670858141647
-13,-15,171.12800525831767
-13,-15,109.94983899917044
-14,-15,50.0
-14,-15,50.0
-15,-15,118.42949804432271
-15,-15,50.0
-15,-16,50.0
-15,-16,50.0
-16,-16,129.05794974321583
-16,-16,50.0
-17,-16,50.0
-17,-16,50.0
-18,-16,50.0
-18,-16,127.80602860230465
-19,-16,50.0
-19,-16,116.16503535112395
-20,-16,50.0
-20,-16,50.0
-19,-16,244.39892183955993
-19,-16,50.0
-19,-17,50.0
-19,-17,363.82855007635175
-18,-17,50.0
-18,-17,50.0
-18,-16,55.9187838442949
-18,-16,114.6977797750825
-17,-16,50.0
-17,-16,50.0
-16,-16,50.0
-16,-16,376.2149936091553
-15,-16,50.0
-15,-16,50.0
-15,-15,50.0
-15,-15,199.1113920828295
-14,-15,155.83700303775814
-14,-15,50.0
-13,-15,50.0
-13,-15,286.2634116438223
-12,-15,102.92327536497571
-12,-15,50.0
-12,-16,221.1408100714338
-12,-16,70.12906756757678
-12,-15,50.0
-12,-15,50.0
-13,-15,75.26041963308117
-13,-15,50.0
-12,-15,171.44470633956865
-12,-15,50.0
-11,-15,115.38343946508914
-11,-15,178.8111125951632
-10,-15,156.5056787906354
-10,-15,173.35304419350072
-9,-15,197.22155108928348
-9,-15,50.0
-8,-15,155.9743880278456
-8,-15,50.0
-9,-15,115.45536426453499
-9,-15,50.0
-9,-16,50.0
-9,-16,50.0
-9,-15,50.0
-9,-15,50.0
-8,-15,122.65149008398171
-8,-15,50.0
-8,-14,333.0201197167402
-8,-14,50.0
-7,-14,50.0
-7,-14,132.84833747379693
-6,-14,190.0549491380145
-6,-14,138.46188334754117
-5,-14,291.72452602474345
-5,-14,96.31471167837643
-5,-13,50.0
-5,-13,357.7616011212341
-4,-13,50.0
-4,-13,85.09147739807764
-3,-13,223.75855517831357
-3,-13,50.0
-2,-13,131.20243277918053
-2,-13,50.0
-1,-13,57.88997451078883
-1,-13,143.61293983632365
-1,-12,350.79372675476895
-1,-12,323.11830939469655
-2,-12,50.0
-2,-12,275.3218162878608
-1,-12,126.05780264843729
-1,-12,362.60870902895385
-1,-11,413.28597520224633
-1,-11,483.97353567015114
-1,-12,201.81770675388242
-1,-12,148.5456031495906
-2,-12,50.0
-2,-12,57.18131309978459
-1,-12,354.7187053063052
-1,-12,327.9326877519916
-1,-11,262.7415143546517
-1,-11,317.1653040008889
0,-11,50.0
0,-11,206.43509203632186
0,-10,50.0
0,-10,292.9493641611204
0,-9,295.95948528301886
0,-9,339.7725386925892
-1,-9,50.0
-1,-9,248.45088138401837
0,-9,143.7343725337969
0,-9,285.471075025826
1,-9,74.2589762310755
1,-9,255.86080107548997
0,-9,285.9678506458664
0,-9,240.65567852355775
-1,-9,415.7349944049472
-1,-9,298.08389979444746
0,-9,235.94937744714235
0,-9,122.58507271785231
-1,-9,84.37598526147099
-1,-9,401.00713371982954
0,-9,50.0
0,-9,349.077216442225
1,-9,250.13308259266063
1,-9,74.66497106685219
2,-9,179.659950663652
2,-9,50.0
2,-8,128.78555640880276
2,-8,231.81026318980605
3,-8,320.0683273814066
3,-8,230.7052005991639
4,-8,255.14256114010163
4,-8,449.71632631542184
4,-9,50.0
4,-9,300.85099861773415
3,-9,294.7917418277166
3,-9,286.66371102028666
2,-9,175.37026031645934
2,-9,171.06424706689893
1,-9,350.4250905641873
1,-9,257.83048791920487
1,-10,192.93517579296565
1,-10,261.1763726127266
0,-10,50.0
0,-10,395.27790858680027
0,-11,52.083631506232564
0,-11,64.1542498674402
0,-12,80.51179752539292
0,-12,275.4694785540073
0,-11,50.740063857506115
0,-11,119.04426187850895
1,-11,283.8306535542919
1,-11,50.0
1,-12,50.0
1,-12,50.0
2,-12,221.35163793948223
2,-12,295.8168298199698
2,-11,105.4717557374181
2,-11,228.34097578797403
2,-10,437.7996323319795
2,-10,50.0
2,-9,302.9719018241576
2,-9,335.56915924611377
3,-9,50.0
3,-9,277.06030641371495
2,-9,229.8903046342865
2,-9,322.73439122640787
2,-8,168.87903514505192
2,-8,247.53054161734943
2,-9,201.78815617939725
2,-9,50.0
3,-9,50.0
3,-9,50.0
3,-8,139.7796647705415
3,-8,50.0
4,-8,338.98742613660727
4,-8,208.29203306442918
5,-8,220.60474063275018
5,-8,184.67496950921299
6,-8,204.12476320161264
6,-8,320.2046795480893
6,-7,71.75648821577252
6,-7,84.31947747199882
6,-6,89.96801116097228
6,-6,320.3645974286173
7,-6,183.6353282959692
7,-6,340.4182331081618
7,-7,105.83653519239871
7,-7,668.5137129107917
6,-7,276.4798978207982
6,-7,112.03461166167833
7,-7,50.0
7,-7,187.0375417865077
8,-7,118.30684004308713
8,-7,164.61485397273248
8,-6,196.9619485726358
8,-6,50.0
7,-6,211.6108934790561
7,-6,583.4119073995346
7,-5,316.12010128095216
7,-5,608.0809973653362
7,-4,212.2508135726628
7,-4,54.19716652300042
8,-4,182.38482191078262
8,-4,79.38933799595601
9,-4,165.0122697256825
9,-4,136.7933575144702
9,-3,184.37229134577836
9,-3,393.7434919198314
9,-2,270.74926026814865
9,-2,202.28213198359316
10,-2,112.31362385149907
10,-2,244.93687595914037
9,-2,313.11517730325215
9,-2,261.7443406432786
10,-2,372.3898229217245
10,-2,147.90346087485577
10,-1,205.90648931094813
10,-1,50.0
11,-1,50.0
11,-1,81.47873237262642
11,0,509.0354141312731
11,0,438.09634735407064
12,0,234.2621199429513
12,0,159.890211463264
12,1,98.73440122071003
12,1,217.14394041624854
12,2,113.11416178122505
12,2,153.07442655684548
13,2,175.18392949464638
13,2,50.0
13,3,54.86885768406003
13,3,226.04544813424366
12,3,208.39425928856133
12,3,376.62753463336423
12,4,50.0
12,4,191.5616043578083
13,4,502.94101295674403
13,4,50.0
12,4,442.0197537469644
12,4,203.06339316433835
12,5,229.32462883324092
12,5,94.54696048494682
13,5,157.17349494350537
13,5,273.53807947229814
14,5,126.06575265849509
14,5,217.4223246002528
13,5,161.15170839786424
13,5,50.0
13,4,163.3148828964319
13,4,313.7783079195828
14,4,357.3676275963782
14,4,143.56583451774716
14,5,163.8410678934604
14,5,50.0
15,5,318.4856405492135
15,5,64.6582656613176
16,5,50.0
16,5,50.0
17,5,59.28353533833334
17,5,266.9582587069777
18,5,50.0
18,5,128.60777286029906
18,6,103.9411075905292
18,6,50.0
18,7,50.0
18,7,169.71000686865926
18,8,50.0
18,8,97.40721070377316
19,8,75.6044886316343
19,8,50.0
20,8,50.0
20,8,50.0
19,8,50.0
19,8,223.97004410954128
18,8,157.42701057265927
18,8,50.0
17,8,50.0
17,8,50.0
16,8,50.0
16,8,50.0
15,8,50.0
15,8,50.0
14,8,50.0
14,8,181.98516910058393
13,8,114.42494018265951
13,8,50.0
12,8,50.0
12,8,50.0
12,9,80.09415782569586
12,9,137.85114347579736
12,8,50.0
12,8,115.4467406642421
12,7,286.6182061571241
12,7,176.52461297057948
12,6,198.95709741651893
12,6,110.3053070951459
12,5,92.05509943500269
12,5,215.51936063684
12,4,538.5786912892742
12,4,50.0
12,3,132.7534351496156
12,3,166.91961028118146
13,3,592.1018292422426
13,3,50.0
12,3,103.71165504919782
12,3,351.6981645249981
13,3,349.5251414697757
13,3,270.3206076908381
14,3,88.61818139019383
14,3,115.56870915988006
13,3,289.29001820506465
13,3,70.25311760760275
14,3,267.51753158986725
14,3,107.7722751232115
13,3,441.22899207620276
13,3,117.05884100950486
13,2,293.5276252079793
13,2,198.751881952867
13,1,168.62741538609245
13,1,359.944686470447
