16,-15,100.0
16,-14,100.0
16,-13,100.0
16,-12,100.0
16,-11,100.0
15,-11,175.50670882582776
14,-11,399.3029121365875
15,-11,100.0
14,-11,316.3657478215099
14,-10,390.3453769400858
13,-10,100.0
12,-10,492.8160235458595
11,-10,579.8067213127458
11,-9,100.0
12,-9,152.89943544748866
12,-8,191.30634682988523
11,-8,103.638038218482
11,-7,100.0
10,-7,252.1324756336278
9,-7,378.3871086301533
8,-7,373.8807435743922
8,-6,171.15939461038062
8,-5,246.1132183785109
8,-4,692.5474266684118
7,-4,641.2087302055422
7,-5,358.2501531508062
7,-4,425.80340740900556
8,-4,615.0585907819025
7,-4,164.1360490641082
6,-4,526.6059746144225
6,-3,1237.4507835767768
5,-3,1020.0740461227904
4,-3,538.2008424696348
4,-2,486.4983569677902
4,-1,350.18620107566255
5,-1,361.1189985999267
4,-1,617.2926932363661
3,-1,214.05365501510786
2,-1,655.8207141280512
2,0,265.9272782016048
2,1,961.6047892323597
2,2,854.2745031786743
1,2,537.2783354144625
0,2,724.7082125064638
0,3,420.70181147497794
-1,3,363.0312670536885
0,3,504.78904297829604
-1,3,661.6550586271387
-2,3,315.37692462987184
-2,4,614.864741642792
-2,5,563.800120164119
-2,6,263.6038240365266
-1,6,676.1387572812037
0,6,100.0
-1,6,565.3810156256902
-2,6,721.5352923718524
-1,6,511.6271221447761
-2,6,589.0946810774177
-2,7,482.68479023564475
-1,7,765.6184259457079
-2,7,149.1437625433661
-1,7,645.0649511494249
-2,7,281.08977304836276
-2,6,284.5587339303295
-3,6,659.9645395310573
-3,7,464.8414341055207
-4,7,406.00950678419014
-4,8,236.41723531310802
-5,8,578.3999294116461
-5,9,649.2580127616409
-6,9,328.76197113384495
-5,9,403.8682822928198
-5,10,368.6056274470162
-6,10,225.91110790191323
-7,10,565.3004496092058
-8,10,358.76450570410054
-9,10,133.5843176238429
-10,10,215.39452288846235
-11,10,211.37568008394527
-12,10,282.8523699532309
-13,10,100.0
-13,9,236.25288598135464
-13,10,192.01467060687315
-12,10,249.63991398039914
-12,11,391.4589554482242
-13,11,206.71082988051933
-13,10,100.0
-13,11,359.3893366826839
-14,11,100.0
-15,11,100.0
-15,12,100.0
-16,12,100.0
-16,11,100.0
-15,11,100.0
-16,11,100.0
-15,11,100.0
-15,10,357.6902629311412
-14,10,100.0
-14,11,100.0
-14,12,100.0
-14,11,379.8031912115812
-13,11,121.37024639626607
-12,11,403.9420058760318
-12,10,106.604916945015
-12,9,375.2062393063077
-11,9,100.0
-11,8,326.12976150504016
-11,7,258.4965753460572
-11,8,214.2923805992037
-11,7,141.40472161845923
-12,7,373.03588522852687
-12,8,290.62728340261293
-13,8,113.3028520356911
-12,8,565.7414148981693
-12,9,100.0
-11,9,100.0
-11,8,385.88013774848184
-10,8,519.3763618050252
-10,7,100.0
-9,7,270.84050721348297
-9,8,469.0763335201884
-10,8,100.0
-10,7,342.77010754840853
-9,7,776.2247631351418
-10,7,347.5238485658594
-10,6,365.54940313871424
-10,5,443.96761606781934
-9,5,350.60373230754453
-8,5,205.86649984565528
-8,4,264.1380834098726
-8,3,329.02767846974484
-8,2,268.38062409372975
-8,1,248.36261908419763
-7,1,299.74879674961034
-7,0,100.0
-7,-1,371.86301671304716
-7,-2,441.7593470164085
-6,-2,768.2532790365912
-6,-3,214.1676215866163
-6,-4,890.0441563691809
-5,-4,604.5767442377082
-4,-4,369.3434479501932
-3,-4,603.4307206560593
-3,-3,346.44788482115507
-3,-4,258.4971864713175
-3,-3,599.0947085840335
-3,-4,883.1032635588548
-3,-5,255.5580975981915
-4,-5,753.5783015214175
-3,-5,341.330550041588
-2,-5,253.8763982674426
-2,-6,410.1061317439412
-1,-6,776.2319476769719
-1,-7,356.5411212273983
0,-7,453.3814758840048
0,-8,719.7903016784118
-1,-8,320.9842408458303
-2,-8,398.8021187914504
-3,-8,189.07282333064632
-2,-8,482.248023329512
-1,-8,686.2702805097633
-2,-8,100.0
-3,-8,288.0890585988135
-4,-8,357.75110469031483
-3,-8,483.5906194413229
-4,-8,114.84160969546264
-3,-8,504.88097580848057
-4,-8,297.01550215175416
-3,-8,554.2196645299729
-2,-8,366.35414680119123
-3,-8,215.49363274534042
-4,-8,372.76294070480844
-5,-8,483.5853549603054
-6,-8,123.78821269384639
-5,-8,338.2315564127006
-6,-8,351.6215390445569
-5,-8,358.8688750740972
-6,-8,395.1307049317096
-7,-8,211.52369455351328
-6,-8,299.7226067968275
-5,-8,598.1699453134974
-6,-8,100.0
-7,-8,214.23010738880643
-8,-8,319.98139208993814
-9,-8,100.0
-10,-8,293.83921929700557
-11,-8,175.8375131148633
-12,-8,254.99676275150202
-11,-8,763.0914674732091
-12,-8,308.3151201970252
-13,-8,550.6598203555918
-14,-8,218.09362321500564
-15,-8,100.0
-16,-8,100.0
-17,-8,100.0
-16,-8,102.05456861531957
-15,-8,255.1465208696171
-15,-7,100.0
-14,-7,118.79450140905573
-14,-8,100.0
-13,-8,253.9214285495603
-12,-8,586.8446838750258
-11,-8,100.0
-11,-7,210.40620321993993
-10,-7,203.78239534235112
-9,-7,216.22961144724508
-10,-7,336.7982640239055
-9,-7,290.69571519702896
-9,-8,324.39784555903856
-9,-7,450.2748866287742
-8,-7,222.48075691646653
-7,-7,391.8984752081012
-7,-8,230.57184317424793
-6,-8,144.46312194183082
-5,-8,178.40183885659127
-5,-9,604.8957898817982
-6,-9,201.27154354128865
-5,-9,615.2198034425294
-4,-9,146.10250696582173
-5,-9,586.222011440399
-4,-9,100.0
-3,-9,727.240476734625
-3,-10,467.6668935766281
-3,-11,122.39977621339548
-2,-11,226.18451658900742
-1,-11,686.6071269188415
0,-11,122.14055929045662
1,-11,164.47718833503606
0,-11,337.9957492260109
1,-11,214.59036744591006
1,-12,695.6588115675256
0,-12,277.0817912918554
-1,-12,472.70920160921787
0,-12,136.07314830532692
0,-13,379.37445518430826
1,-13,213.68879878282632
2,-13,100.0
2,-14,143.03448911445702
3,-14,116.14168435072125
4,-14,323.57020253213364
5,-14,212.63212455156554
6,-14,136.35163273482993
6,-15,685.7938009463561
7,-15,173.89624272103342
7,-14,351.5468879371041
6,-14,532.470179982296
7,-14,282.4440661229704
8,-14,418.2618303366579
9,-14,360.0928941507301
10,-14,287.95620023095057
11,-14,515.9754129665112
12,-14,579.0823472398749
13,-14,100.0
14,-14,112.35640833159242
14,-15,124.6999206141172
15,-15,109.72250723639738
14,-15,100.0
14,-16,100.0
14,-17,100.0
14,-16,100.0
15,-16,100.0
16,-16,100.0
16,-17,100.0
16,-18,100.0
16,-19,100.0
16,-20,100.0
17,-20,100.0
18,-20,100.0
19,-20,100.0
20,-20,100.0
20,-19,100.0
20,-18,100.0
20,-17,100.0
20,-16,100.0
20,-17,100.0
20,-18,100.0
20,-17,105.48798714560061
20,-16,100.0
20,-15,100.0
20,-14,100.0
20,-13,100.0
20,-12,100.0
20,-11,149.69597908980487
20,-10,152.1086175739414
20,-9,250.4200763265806
20,-8,100.0
19,-8,179.00526459397247
18,-8,100.0
17,-8,100.0
16,-8,124.79648973455353
15,-8,119.85564442329814
14,-8,100.0
13,-8,100.0
12,-8,100.0
11,-8,511.0766296162602
10,-8,152.80548129908072
10,-7,501.27449087238375
9,-7,144.07513950902253
8,-7,143.13589295009274
7,-7,447.61078423709796
7,-8,237.7133043067074
6,-8,277.59156744968425
5,-8,372.44901519732707
6,-8,100.0
6,-9,270.40147042784713
5,-9,296.9006204784895
4,-9,409.99839933480325
3,-9,833.8640094306717
4,-9,399.8181638419438
5,-9,303.9989901641751
4,-9,522.1665896578619
4,-10,183.12034543495895
3,-10,555.8711677375147
4,-10,100.0
4,-11,284.37572127455695
3,-11,419.11142006368
2,-11,196.41637919027175
1,-11,272.6635071109589
0,-11,425.3571977030006
-1,-11,583.9343017050425
-1,-12,291.00524822908744
-2,-12,100.0
-3,-12,261.1275075780961
-3,-13,380.04223045703014
-4,-13,374.96069742757106
-5,-13,622.5232673852256
-6,-13,100.0
-5,-13,100.0
-6,-13,252.19976835551657
-6,-14,209.10827523011233
-7,-14,100.0
-6,-14,100.0
-7,-14,312.9338914368765
-7,-15,378.9424651571844
-8,-15,437.8835445515441
-9,-15,272.12847974460135
-10,-15,100.0
-11,-15,392.80246739121105
-10,-15,100.0
-11,-15,171.64474878007
-12,-15,100.0
-13,-15,154.88159605612728
-14,-15,125.84464870798224
-15,-15,162.6418982684226
-15,-16,100.0
-16,-16,100.0
-17,-16,193.71647241427317
-18,-16,100.0
-19,-16,100.0
-20,-16,128.35496961956895
-19,-16,100.0
-19,-17,100.0
-18,-17,100.0
-18,-16,100.0
-17,-16,100.0
-16,-16,100.0
-15,-16,100.0
-15,-15,112.75023009609623
-14,-15,100.0
-13,-15,277.3300859418242
-12,-15,589.9632185291919
-12,-16,402.9451067654837
-12,-15,619.2924862457338
-13,-15,222.89877151554853
-12,-15,298.8962221501631
-11,-15,168.1398309781187
-10,-15,111.31568060619924
-9,-15,334.66396955539125
-8,-15,100.0
-9,-15,100.0
-9,-16,100.0
-9,-15,590.0484262377768
-8,-15,107.67192642890004
-8,-14,143.70161497653734
-7,-14,100.0
-6,-14,100.54499634493581
-5,-14,495.00803414571135
-5,-13,100.0
-4,-13,276.1131663673127
-3,-13,218.39253601972626
-2,-13,127.94856740492597
-1,-13,838.8956683094718
-1,-12,196.6496670290123
-2,-12,502.3290605177443
-1,-12,223.4214300016879
-1,-11,243.868181478497
-1,-12,204.75483429258983
-2,-12,334.2961437869154
-1,-12,413.9574110364637
-1,-11,642.3105510539274
0,-11,100.0
0,-10,100.0
0,-9,563.4563598486095
-1,-9,364.935568630485
0,-9,450.6115189982468
1,-9,100.0
0,-9,843.0204330948795
-1,-9,299.8310411861394
0,-9,855.1971275822458
-1,-9,712.841666687093
0,-9,485.8200669925819
1,-9,152.83576539184605
2,-9,850.0404773355566
2,-8,512.297017895782
3,-8,325.29990646360346
4,-8,541.57825017945
4,-9,775.5527537787145
3,-9,184.98467936136717
2,-9,150.57409487607362
1,-9,1054.8194227222684
1,-10,518.8467248372307
0,-10,246.57123305758842
0,-11,241.8221840194197
0,-12,687.4457052063985
0,-11,119.972916969653
1,-11,100.0
1,-12,508.40586429643236
2,-12,326.3603556089812
2,-11,335.4217848887474
2,-10,537.6142892492888
2,-9,622.3250697277359
3,-9,407.4470309524064
2,-9,264.7714544793972
2,-8,628.8688966943283
2,-9,546.2630734785089
3,-9,335.9044029236126
3,-8,151.01840733740872
4,-8,182.8311683189071
5,-8,121.75106176510445
6,-8,100.0
6,-7,250.73599961200958
6,-6,124.33397603189917
7,-6,150.55172073511693
7,-7,453.4214197136296
6,-7,140.53176098200728
7,-7,584.5828264568283
8,-7,315.67892211805975
8,-6,298.2483628800967
7,-6,281.56218428647645
7,-5,216.56869796487734
7,-4,320.4031183643935
8,-4,204.10889541274605
9,-4,386.65089140709694
9,-3,482.0922873930973
9,-2,783.3936446656671
10,-2,336.24691581550553
9,-2,327.5014756861302
10,-2,106.39977022859972
10,-1,363.93822939496226
11,-1,295.11124198149946
11,0,256.1818865235114
12,0,326.3613923369832
12,1,188.26467656281898
12,2,390.4390817457275
13,2,279.98161330217454
13,3,197.972541731226
12,3,277.55674190094345
12,4,115.78713716266435
13,4,319.5937760751466
12,4,100.0
12,5,130.43239554355046
13,5,236.12278467875257
14,5,100.0
13,5,607.6294847703718
13,4,177.47734708508986
14,4,106.55000601351057
14,5,105.50132126031306
15,5,100.0
16,5,113.42919888116805
17,5,171.68035750390828
18,5,100.0
18,6,437.9360220632385
18,7,100.0
18,8,100.0
19,8,442.79180989323504
20,8,162.04642916138198
19,8,100.0
18,8,100.0
17,8,220.5580318029728
16,8,100.0
15,8,109.77466596566528
14,8,299.0318072173628
13,8,100.0
12,8,144.22919541107493
12,9,137.40227138713698
12,8,247.81115915529176
12,7,568.0476876392026
12,6,282.11197629180754
12,5,100.0
12,4,239.61254797501587
12,3,518.2348647032892
13,3,100.0
12,3,419.6376074919506
13,3,269.50019375799246
14,3,416.65468927463724
13,3,149.31087534618268
14,3,100.0
13,3,146.90553651993287
13,2,100.0
13,1,174.92030735574207
