16,-15,100.0
16,-14,100.0
16,-13,100.0
16,-12,100.0
16,-11,100.0
15,-11,180.55951450707667
14,-11,100.0
15,-11,318.4508850506068
14,-11,100.0
14,-10,192.94242700046976
13,-10,124.21716745273079
12,-10,100.0
11,-10,169.9396171637669
11,-9,577.4124289526342
12,-9,331.09198179488214
12,-8,327.7311845252733
11,-8,312.6378446853765
11,-7,117.32098471355607
10,-7,599.9839234960331
9,-7,286.809010397135
8,-7,341.193184625915
8,-6,235.23465513290392
8,-5,688.3986343291136
8,-4,437.0342580291565
7,-4,216.92323301803924
7,-5,377.5262593722834
7,-4,764.8470598864078
8,-4,100.0
7,-4,477.6224977496298
6,-4,731.9299066107217
6,-3,254.05229434945335
5,-3,219.7956996318103
4,-3,582.3420563094896
4,-2,382.6033888602998
4,-1,825.5392686927837
5,-1,371.62121570858943
4,-1,722.8394285744057
3,-1,287.01100833767396
2,-1,514.5235934084778
2,0,353.34603712091024
2,1,822.266332331059
2,2,373.21789169471793
1,2,977.4713798692983
0,2,913.1100557106745
0,3,632.612621506276
-1,3,826.0861855440551
0,3,798.9891047403288
-1,3,525.1281812327078
-2,3,359.2036675583349
-2,4,643.092116712675
-2,5,903.7944797182514
-2,6,351.74900357135743
-1,6,247.49714159823577
0,6,100.0
-1,6,856.2991280502495
-2,6,499.5199587376419
-1,6,562.2607901819013
-2,6,611.4316831371783
-2,7,475.91563123913716
-1,7,580.4433986216766
-2,7,284.58573607241493
-1,7,676.0225750635152
-2,7,316.2625162710174
-2,6,333.7700663626703
-3,6,372.3544692906862
-3,7,307.9791803723584
-4,7,564.7085487782747
-4,8,653.0357974205356
-5,8,481.06337566329034
-5,9,300.10426029098545
-6,9,100.0
-5,9,504.32677761408917
-5,10,518.4296162242963
-6,10,100.0
-7,10,357.4008845199452
-8,10,200.18829939220947
-9,10,100.0
-10,10,100.0
-11,10,133.1702331005655
-12,10,248.10022907815653
-13,10,468.9461861408078
-13,9,228.69998920584067
-13,10,401.5110861551738
-12,10,160.17712778890865
-12,11,311.607546561221
-13,11,100.0
-13,10,255.567232727189
-13,11,100.0
-14,11,342.28661367755853
-15,11,100.0
-15,12,113.57927768788996
-16,12,100.0
-16,11,277.77858012373014
-15,11,100.0
-16,11,179.4597114399884
-15,11,199.19014481318018
-15,10,200.87443834103715
-14,10,100.0
-14,11,100.0
-14,12,308.31063313061657
-14,11,100.0
-13,11,100.0
-12,11,271.7071064634192
-12,10,223.5767260684984
-12,9,100.0
-11,9,282.6375794383972
-11,8,100.0
-11,7,180.20550142410065
-11,8,258.33352071247236
-11,7,172.5894372169953
-12,7,562.5013646689456
-12,8,100.0
-13,8,100.0
-12,8,100.0
-12,9,332.69080969252707
-11,9,543.5022442172299
-11,8,314.059218684192
-10,8,481.1485692860262
-10,7,487.01300182004195
-9,7,348.5592166697626
-9,8,1088.7400396520552
-10,8,406.41909128331065
-10,7,275.46678558339204
-9,7,515.754562895352
-10,7,546.4127478004539
-10,6,140.7655951724868
-10,5,626.1601772663374
-9,5,198.8041842501275
-8,5,323.53884253886287
-8,4,283.60828099875187
-8,3,1074.3417494433875
-8,2,356.915966901341
-8,1,380.44641636786645
-7,1,175.80576761395957
-7,0,350.44487985482726
-7,-1,822.2018584092832
-7,-2,833.5857575334146
-6,-2,796.8582248248629
-6,-3,486.0285338454771
-6,-4,315.4968627186874
-5,-4,281.2319875223349
-4,-4,837.6987661535168
-3,-4,126.7090338290711
-3,-3,205.75427922905556
-3,-4,273.3202561874427
-3,-3,1013.9218003319978
-3,-4,157.1558759146208
-3,-5,479.68092879015967
-4,-5,491.0644070975656
-3,-5,238.03996183282385
-2,-5,346.6428277984859
-2,-6,100.0
-1,-6,239.35779015052543
-1,-7,113.92107970490838
0,-7,556.615317193094
0,-8,420.81476048225613
-1,-8,242.87129524427584
-2,-8,401.6224668555569
-3,-8,310.097472120872
-2,-8,425.39876892821883
-1,-8,583.4684537582658
-2,-8,1037.0397591807096
-3,-8,131.81006812298523
-4,-8,864.6115386048718
-3,-8,356.9936880735878
-4,-8,755.0994173449642
-3,-8,180.5880930165397
-4,-8,886.8863456292204
-3,-8,501.31206284113944
-2,-8,682.526035769039
-3,-8,573.9228192131209
-4,-8,210.3158750355209
-5,-8,211.33481497588167
-6,-8,465.2337286271159
-5,-8,360.7056456201488
-6,-8,175.69241266326335
-5,-8,333.60934617363193
-6,-8,637.8697815828274
-7,-8,266.3669369707776
-6,-8,145.65240381633848
-5,-8,810.167173918303
-6,-8,477.2170699055454
-7,-8,513.6371757776166
-8,-8,278.48116605287294
-9,-8,574.955717410789
-10,-8,617.7685543211921
-11,-8,100.0
-12,-8,375.2291919265948
-11,-8,100.0
-12,-8,174.8948980774741
-13,-8,288.6443026598738
-14,-8,100.0
-15,-8,100.0
-16,-8,100.0
-17,-8,100.0
-16,-8,293.3351011308713
-15,-8,100.0
-15,-7,100.0
-14,-7,248.31455260250544
-14,-8,432.97707108379143
-13,-8,100.0
-12,-8,393.54759477771603
-11,-8,100.0
-11,-7,349.63487271006744
-10,-7,169.72847299202118
-9,-7,179.0866729892271
-10,-7,752.8133109048367
-9,-7,391.2377997966079
-9,-8,585.7112020481339
-9,-7,371.87604126591884
-8,-7,287.55575736020074
-7,-7,333.3687048147392
-7,-8,162.10274788892497
-6,-8,132.05600664280178
-5,-8,333.68736140094444
-5,-9,462.5510606899789
-6,-9,226.98935638378762
-5,-9,449.21193925734246
-4,-9,521.312447514967
-5,-9,279.68893646127947
-4,-9,388.2128234921805
-3,-9,375.26709325493584
-3,-10,321.537600777654
-3,-11,100.0
-2,-11,273.2477278427791
-1,-11,330.39302311916015
0,-11,337.24290668407065
1,-11,379.31397950516407
0,-11,321.3359151141612
1,-11,597.022525750255
1,-12,524.9939328949253
0,-12,136.04767451124985
-1,-12,229.79938550629782
0,-12,517.2218771755004
0,-13,570.8585864248837
1,-13,100.0
2,-13,163.90798641831802
2,-14,224.0250468368938
3,-14,100.0
4,-14,142.88741668335462
5,-14,166.21134263200295
6,-14,442.90553231968
6,-15,100.0
7,-15,108.60524879712212
7,-14,185.93286312725533
6,-14,121.11174205733045
7,-14,100.0
8,-14,337.7972856153482
9,-14,100.0
10,-14,346.22739471467105
11,-14,276.98021928749847
12,-14,100.0
13,-14,100.0
14,-14,100.0
14,-15,103.6961813179604
15,-15,100.0
14,-15,139.18955012125934
14,-16,100.0
14,-17,100.0
14,-16,100.0
15,-16,100.0
16,-16,100.0
16,-17,100.0
16,-18,229.24300983723853
16,-19,100.0
16,-20,100.0
17,-20,100.0
18,-20,202.69456823764062
19,-20,100.0
20,-20,100.0
20,-19,100.0
20,-18,100.0
20,-17,100.0
20,-16,100.0
20,-17,100.0
20,-18,100.0
20,-17,100.0
20,-16,100.0
20,-15,100.0
20,-14,100.0
20,-13,100.0
20,-12,100.0
20,-11,339.31777525831126
20,-10,100.0
20,-9,216.5773219857643
20,-8,100.0
19,-8,345.3562609395045
18,-8,100.0
17,-8,160.40444169995124
16,-8,367.86269832356567
15,-8,100.0
14,-8,341.01433150492824
13,-8,253.13119180828187
12,-8,355.630663027811
11,-8,172.6366183945545
10,-8,306.80285910857685
10,-7,188.1432061832711
9,-7,188.6700702924197
8,-7,100.0
7,-7,115.02882144640222
7,-8,296.97943193388596
6,-8,589.6889012026295
5,-8,241.1147834057342
6,-8,134.54263155908728
6,-9,336.0865384076894
5,-9,207.85654072291794
4,-9,391.17317326486256
3,-9,245.24119157622846
4,-9,294.07783464956765
5,-9,629.4545559346526
4,-9,274.0700983039607
4,-10,255.3365256167267
3,-10,407.4811468415786
4,-10,493.02028800645047
4,-11,215.3680828360696
3,-11,195.05806230831482
2,-11,100.0
1,-11,637.176127094423
0,-11,683.6732970379421
-1,-11,265.2856544124027
-1,-12,321.92651987474227
-2,-12,222.5299670116445
-3,-12,100.0
-3,-13,459.43436055537086
-4,-13,496.7496806194953
-5,-13,100.0
-6,-13,225.983556488209
-5,-13,747.1671480204845
-6,-13,100.0
-6,-14,109.00325030326496
-7,-14,100.0
-6,-14,100.0
-7,-14,100.0
-7,-15,480.1209128008329
-8,-15,562.1669637852688
-9,-15,207.21586702186733
-10,-15,192.32091715156196
-11,-15,122.32630452185568
-10,-15,326.1222190021456
-11,-15,332.79431980673365
-12,-15,100.0
-13,-15,168.97689490504692
-14,-15,100.0
-15,-15,100.0
-15,-16,425.93501124919567
-16,-16,100.0
-17,-16,100.0
-18,-16,100.0
-19,-16,100.0
-20,-16,100.0
-19,-16,100.0
-19,-17,100.0860604341932
-18,-17,100.0
-18,-16,100.0
-17,-16,100.0
-16,-16,114.28136774802972
-15,-16,100.0
-15,-15,141.69507139530876
-14,-15,343.16103118003474
-13,-15,100.0
-12,-15,100.0
-12,-16,100.0
-12,-15,100.0
-13,-15,100.0
-12,-15,100.0
-11,-15,100.0
-10,-15,100.0
-9,-15,100.0
-8,-15,128.03133758621993
-9,-15,100.0
-9,-16,145.96483909280073
-9,-15,237.75469732347636
-8,-15,241.04664940462362
-8,-14,100.0
-7,-14,189.66733052737487
-6,-14,132.24084252988902
-5,-14,166.45414673637413
-5,-13,247.72534169425094
-4,-13,391.9959561611206
-3,-13,131.85832364653
-2,-13,283.229648395005
-1,-13,816.5286862391513
-1,-12,394.25034843009126
-2,-12,100.0
-1,-12,856.266940322535
-1,-11,421.8103689155997
-1,-12,135.44947528424638
-2,-12,209.2956163197188
-1,-12,318.46345370053695
-1,-11,559.6920959679101
0,-11,411.53220929102577
0,-10,285.1564595184132
0,-9,195.48726085522705
-1,-9,293.7839055907306
0,-9,338.1656966568761
1,-9,426.6748014007785
0,-9,671.5934333159214
-1,-9,198.19954836270801
0,-9,370.4165541708524
-1,-9,650.685742231404
0,-9,786.5425880171983
1,-9,351.17143707368814
2,-9,410.5283633984144
2,-8,501.28549910415313
3,-8,565.4302563738356
4,-8,612.3947404679249
4,-9,431.1878229936294
3,-9,361.63228604638937
2,-9,253.99775717487069
1,-9,100.0
1,-10,336.58824287397465
0,-10,100.0
0,-11,100.0
0,-12,597.3337307747734
0,-11,173.61758674210114
1,-11,676.1730500153052
1,-12,315.4165703731682
2,-12,381.94138160616023
2,-11,348.41557123461695
2,-10,168.34665933701342
2,-9,323.4668289660029
3,-9,317.9454598288718
2,-9,743.2483491536764
2,-8,100.0
2,-9,524.7522821873978
3,-9,475.4083882677741
3,-8,446.94487637507575
4,-8,265.6967490291811
5,-8,305.201281116624
6,-8,391.19081555243656
6,-7,984.1242255840887
6,-6,100.0
7,-6,155.21693505494557
7,-7,244.43182031650167
6,-7,628.6161170144879
7,-7,562.7683022240708
8,-7,329.67337291603104
8,-6,574.3452347311375
7,-6,100.0
7,-5,602.8819751608606
7,-4,476.91199193592706
8,-4,426.80622927798106
9,-4,469.62449621135016
9,-3,481.4581331251808
9,-2,217.81063053151686
10,-2,563.2108449966502
9,-2,118.20233625394962
10,-2,302.70291433847603
10,-1,330.67463911885164
11,-1,248.5882735879448
11,0,369.24797226828724
12,0,429.78322955101146
12,1,225.4107473404432
12,2,189.0462236553051
13,2,400.49234547803695
13,3,100.0
12,3,138.4168858813051
12,4,337.37909353536566
13,4,388.4888120270088
12,4,100.0
12,5,209.90103481319045
13,5,100.0
14,5,363.3575451786846
13,5,415.7744867390451
13,4,100.0
14,4,311.3600025302509
14,5,100.0
15,5,206.85812788061435
16,5,100.0
17,5,256.03816466619594
18,5,445.80738807147424
18,6,100.0
18,7,100.0
18,8,100.0
19,8,295.345427588134
20,8,100.0
19,8,129.48841312309563
18,8,177.54515973150654
17,8,100.0
16,8,100.0
15,8,100.0
14,8,100.0
13,8,241.56189847706398
12,8,100.0
12,9,194.58280451964032
12,8,288.0793293525752
12,7,229.27051280016013
12,6,100.0
12,5,280.9382031497149
12,4,390.2394204463321
12,3,121.93374266749001
13,3,562.726443853927
12,3,180.02800289707238
13,3,392.2708093864361
14,3,346.04720869751736
13,3,384.479478809124
14,3,147.69557124224085
13,3,100.0
13,2,112.77990259273037
13,1,160.50792458504012
