16,-15,50.0
16,-15,50.0
16,-14,50.0
16,-14,50.0
16,-13,60.721199086542455
16,-13,142.3653145986699
16,-12,50.0
16,-12,261.8170601318869
16,-11,50.0
16,-11,50.0
15,-11,50.0
15,-11,50.0
14,-11,213.17974600271938
14,-11,138.56737314982223
15,-11,390.33085420163553
15,-11,50.0
14,-11,133.06861288972357
14,-11,130.14590995048673
14,-10,150.61293899698296
14,-10,275.37141537783776
13,-10,145.80626497411885
13,-10,50.0
12,-10,341.4328719267964
12,-10,60.30297890256843
11,-10,277.2245586336194
11,-10,287.26386545267275
11,-9,311.6283951847178
11,-9,111.85400034848824
12,-9,204.3231390962436
12,-9,50.0
12,-8,50.0
12,-8,50.0
11,-8,50.0
11,-8,271.7195668391961
11,-7,224.30981289666073
11,-7,110.54510120511378
10,-7,198.41490009366626
10,-7,50.0
9,-7,117.45101420291944
9,-7,79.69945748477214
8,-7,266.78045376604837
8,-7,85.73074453343418
8,-6,132.3252138186443
8,-6,421.27850240909436
8,-5,136.8084614567931
8,-5,88.64133162188081
8,-4,280.12758609254956
8,-4,50.0
7,-4,216.198950059187
7,-4,461.64471627457
7,-5,247.4051918735737
7,-5,273.14922743529235
7,-4,459.72702581519206
7,-4,433.7301581670912
8,-4,52.55072764318132
8,-4,100.50721023203502
7,-4,377.22149993618814
7,-4,178.3779855773115
6,-4,179.77529674543877
6,-4,351.8976182666853
6,-3,50.0
6,-3,359.0725858380665
5,-3,249.0121822801617
5,-3,374.78883991083904
4,-3,439.1806908546083
4,-3,267.5044344622564
4,-2,324.6675637911785
4,-2,115.9837094331672
4,-1,752.9858149381274
4,-1,508.0354378743548
5,-1,326.66243598977815
5,-1,209.17057882648703
4,-1,360.67642492718744
4,-1,382.0791394972651
3,-1,563.9230833142298
3,-1,437.2498176630638
2,-1,414.4109927916264
2,-1,316.89359410745504
2,0,266.54511722334286
2,0,511.92105447307307
2,1,492.08538477222913
2,1,230.88685532996774
2,2,212.08746811825955
2,2,428.37241276884106
1,2,174.6403263108702
1,2,630.0884192450076
0,2,386.23701465919
0,2,223.1318193103968
0,3,408.0681618979344
0,3,179.5584792637907
-1,3,492.72335415117675
-1,3,480.2265711470966
0,3,358.5514136796638
0,3,403.93918143026167
-1,3,549.4950006278677
-1,3,290.99425715268717
-2,3,202.5066765221731
-2,3,129.72198638654652
-2,4,55.417232966096435
-2,4,225.35087427623034
-2,5,471.6171874190166
-2,5,274.15727477641303
-2,6,357.1576753050166
-2,6,159.12547028889912
-1,6,163.9346836068614
-1,6,313.3571610336214
0,6,311.467525653634
0,6,281.7741853092583
-1,6,205.63110901585316
-1,6,298.80548216597526
-2,6,545.4788032970513
-2,6,478.8474468658935
-1,6,97.60692632232227
-1,6,425.4425943679247
-2,6,575.6834951510652
-2,6,489.78198334463997
-2,7,364.05053735668474
-2,7,339.96089723363656
-1,7,187.22243148032632
-1,7,348.60895943577
-2,7,50.0
-2,7,50.0
-1,7,111.90896569188929
-1,7,333.6167894803365
-2,7,250.40236054847156
-2,7,252.66196344828958
-2,6,183.48772278449977
-2,6,214.65449464798166
-3,6,341.11953423150385
-3,6,293.54382507147966
-3,7,284.57059230677095
-3,7,50.0
-4,7,329.1695069152621
-4,7,244.013017141349
-4,8,338.18139421505646
-4,8,219.2098059088589
-5,8,101.56328445314313
-5,8,194.02485463852494
-5,9,257.719418997116
-5,9,292.0335181449127
-6,9,285.7078879790272
-6,9,117.35380807799504
-5,9,212.4811538644046
-5,9,308.7754524347414
-5,10,347.41850837451057
-5,10,296.60880370899554
-6,10,59.21051590430321
-6,10,203.85734073622962
-7,10,282.1389916992117
-7,10,171.05888136607837
-8,10,50.0
-8,10,50.0
-9,10,50.0
-9,10,66.99827655030491
-10,10,276.59417922971573
-10,10,156.9588625603689
-11,10,68.75576384839553
-11,10,263.6006063741738
-12,10,50.0
-12,10,104.78178167919802
-13,10,50.0
-13,10,297.6549723207677
-13,9,163.95993612306577
-13,9,329.2605483443959
-13,10,123.69837233029654
-13,10,219.07582804781245
-12,10,94.49747872202911
-12,10,82.16502729638589
-12,11,199.31805847359874
-12,11,276.2190548638994
-13,11,165.75493582855296
-13,11,58.008085089612166
-13,10,50.0
-13,10,195.39590483240033
-13,11,50.0
-13,11,56.308870440034596
-14,11,104.60745746233405
-14,11,124.95313518183426
-15,11,57.781705152839244
-15,11,50.0
-15,12,50.0
-15,12,50.0
-16,12,99.14588551167208
-16,12,51.51978706932208
-16,11,153.70773203465606
-16,11,334.2472477734074
-15,11,265.2467733759638
-15,11,75.20200782336974
-16,11,119.19419468797098
-16,11,156.6121741837191
-15,11,50.0
-15,11,50.0
-15,10,50.0
-15,10,50.0
-14,10,50.0
-14,10,50.0
-14,11,50.0
-14,11,271.2792758347538
-14,12,50.0
-14,12,344.09407634519255
-14,11,136.31350755935514
-14,11,120.74392946775421
-13,11,303.8138920014678
-13,11,50.0
-12,11,145.300822985999
-12,11,196.8943473647634
-12,10,107.63556508016094
-12,10,142.3987066290614
-12,9,180.3460766240014
-12,9,304.85104517886714
-11,9,50.58198065018318
-11,9,326.1339249556595
-11,8,517.9117086653293
-11,8,50.0
-11,7,62.03051498682683
-11,7,233.40679552579581
-11,8,364.56506747550003
-11,8,131.7152576332217
-11,7,227.15242827957204
-11,7,366.13927874260776
-12,7,329.0164355303856
-12,7,101.5073898096185
-12,8,50.0
-12,8,233.29044207856225
-13,8,177.2483486398968
-13,8,114.86614801790438
-12,8,379.52432109167296
-12,8,214.6604585850065
-12,9,50.0
-12,9,413.0483651938489
-11,9,282.40189497446505
-11,9,238.23620066283374
-11,8,50.0
-11,8,50.0
-10,8,50.0
-10,8,246.48537570557065
-10,7,409.45307061622043
-10,7,107.04077559416147
-9,7,247.2770582637089
-9,7,150.931325948322
-9,8,156.77144252902514
-9,8,425.7531686443728
-10,8,50.0
-10,8,216.14254157960744
-10,7,118.11431218676057
-10,7,152.8604908257503
-9,7,331.52083651987414
-9,7,152.38266186017847
-10,7,260.3057858041515
-10,7,70.82798126983482
-10,6,263.6704648130807
-10,6,182.46733668192206
-10,5,170.59635396047543
-10,5,59.88134558486749
-9,5,221.21744173107234
-9,5,358.79614800910497
-8,5,344.4584084640094
-8,5,160.9486244098985
-8,4,50.0
-8,4,151.85997745921844
-8,3,316.6243861580901
-8,3,482.9065899277763
-8,2,144.30545199210178
-8,2,59.300516780237416
-8,1,467.51760690813177
-8,1,371.60156442496213
-7,1,50.0
-7,1,72.73376266708289
-7,0,145.87203926044415
-7,0,304.264494451898
-7,-1,302.76876181644866
-7,-1,275.9429726260661
-7,-2,187.12703422975204
-7,-2,264.333996460119
-6,-2,115.40088225487756
-6,-2,343.9979564889914
-6,-3,463.9161571050601
-6,-3,258.5628961320437
-6,-4,440.3721946047309
-6,-4,234.05096567722387
-5,-4,247.1631967662457
-5,-4,409.7421685034361
-4,-4,333.9354460847592
-4,-4,373.2556700799728
-3,-4,157.61569005988594
-3,-4,190.7264460290565
-3,-3,207.9450597135601
-3,-3,302.8300024330498
-3,-4,198.25652285850592
-3,-4,569.4399690723226
-3,-3,388.78450826473596
-3,-3,200.20919950077803
-3,-4,452.3798857001954
-3,-4,383.42494081722805
-3,-5,351.4996253667038
-3,-5,302.72660536955306
-4,-5,433.0997102324951
-4,-5,166.3028329674426
-3,-5,409.9154918694782
-3,-5,423.81278540600545
-2,-5,215.36446153866075
-2,-5,613.2996617197385
-2,-6,345.20313499391364
-2,-6,610.0363643427474
-1,-6,340.4998278741523
-1,-6,314.20934409928134
-1,-7,470.25166207075836
-1,-7,551.4349369052566
0,-7,138.27562675309105
0,-7,148.67713852644877
0,-8,284.47145031086944
0,-8,304.1314716086919
-1,-8,86.51504396467192
-1,-8,306.8116541215706
-2,-8,291.0443838735451
-2,-8,206.0234849964549
-3,-8,326.8051711291442
-3,-8,378.6989985205453
-2,-8,50.0
-2,-8,226.6397984970203
-1,-8,118.7710927845676
-1,-8,598.5307553488485
-2,-8,285.99822775999525
-2,-8,250.91164522499705
-3,-8,272.468380928014
-3,-8,202.3191354957798
-4,-8,108.27012967334372
-4,-8,86.29205576350361
-3,-8,274.45816724202865
-3,-8,50.0
-4,-8,50.0
-4,-8,114.35442061738169
-3,-8,92.47640702613529
-3,-8,130.6132291946637
-4,-8,94.12083995106454
-4,-8,365.94611813613295
-3,-8,126.84028744304734
-3,-8,50.0
-2,-8,119.59477939579023
-2,-8,206.78973663999017
-3,-8,414.6816499496822
-3,-8,298.84405325218006
-4,-8,538.977231885592
-4,-8,140.84122022839838
-5,-8,219.2282228774295
-5,-8,435.02008485919634
-6,-8,427.64987614991173
-6,-8,50.0
-5,-8,269.6487782979325
-5,-8,193.49747651740708
-6,-8,122.87743385654507
-6,-8,287.05192452565745
-5,-8,216.81409868210523
-5,-8,347.37393990920305
-6,-8,210.01181864391953
-6,-8,50.0
-7,-8,259.02776334885226
-7,-8,396.3294841937954
-6,-8,192.46856936090603
-6,-8,111.70876803174671
-5,-8,293.7478573667913
-5,-8,207.49556500916444
-6,-8,209.21833301211646
-6,-8,314.2936916878497
-7,-8,122.90197635433857
-7,-8,250.7485314814491
-8,-8,407.1308264171257
-8,-8,359.25212779706953
-9,-8,140.77160314379765
-9,-8,128.73341063441325
-10,-8,459.88518834105923
-10,-8,254.65660319131928
-11,-8,50.0
-11,-8,59.411091074997664
-12,-8,50.0
-12,-8,50.0
-11,-8,174.3588129993065
-11,-8,110.78608684162097
-12,-8,50.71597814703145
-12,-8,50.0
-13,-8,80.31189771212765
-13,-8,213.3383274628673
-14,-8,190.4785713365977
-14,-8,65.33314399557601
-15,-8,425.9108165849905
-15,-8,50.0
-16,-8,70.60762682279355
-16,-8,50.0
-17,-8,50.0
-17,-8,180.51370125382974
-16,-8,50.0
-16,-8,50.0
-15,-8,50.0
-15,-8,50.0
-15,-7,223.82978247081252
-15,-7,384.58721286724506
-14,-7,303.28044392117135
-14,-7,50.0
-14,-8,206.05347433047518
-14,-8,50.0
-13,-8,235.73550609408974
-13,-8,51.20509725095708
-12,-8,95.7870289678876
-12,-8,230.66080047668487
-11,-8,50.0
-11,-8,153.48129104053166
-11,-7,57.953289455493945
-11,-7,55.39305755755865
-10,-7,50.0
-10,-7,167.88411072111148
-9,-7,50.195167656455496
-9,-7,459.92860793458374
-10,-7,469.7069843088076
-10,-7,50.0
-9,-7,137.88444032137397
-9,-7,329.4868502901843
-9,-8,311.31833019095325
-9,-8,317.9463430219496
-9,-7,235.51802116087583
-9,-7,297.60109438806643
-8,-7,276.72826068084754
-8,-7,132.72139024800867
-7,-7,327.03710024056585
-7,-7,120.98546528875805
-7,-8,254.13407095195768
-7,-8,174.9751167066024
-6,-8,328.76123853570846
-6,-8,86.02823286766731
-5,-8,97.12341958050858
-5,-8,347.0116536210541
-5,-9,50.0
-5,-9,271.5215297002726
-6,-9,374.6729070454519
-6,-9,124.58848584505766
-5,-9,260.555323924455
-5,-9,233.8193796605711
-4,-9,221.08172107930676
-4,-9,402.34380318677495
-5,-9,348.36706126240665
-5,-9,345.4370121195273
-4,-9,293.89258157672646
-4,-9,50.0
-3,-9,210.94558300398947
-3,-9,409.35480608849235
-3,-10,244.2681856629649
-3,-10,156.314189429455
-3,-11,175.84495233603337
-3,-11,50.0
-2,-11,198.19335208468223
-2,-11,50.0
-1,-11,151.18534061265726
-1,-11,196.28406225695062
0,-11,308.39528211199666
0,-11,53.477002960640164
1,-11,123.78912711666354
1,-11,215.04488628476682
0,-11,194.30388829107744
0,-11,190.5778389321908
1,-11,341.99344267893207
1,-11,56.21037563535215
1,-12,50.0
1,-12,292.98084295096965
0,-12,130.5824281417033
0,-12,133.8729329407919
-1,-12,119.88817687821394
-1,-12,145.22789674158548
0,-12,410.2353336724626
0,-12,156.20145587205806
0,-13,50.0
0,-13,365.7542577204455
1,-13,279.5826358355241
1,-13,83.75732598749093
2,-13,231.91217061631562
2,-13,214.74767856391924
2,-14,171.4357275556592
2,-14,218.70987291991727
3,-14,449.68307684419807
3,-14,126.09587707826479
4,-14,225.03202826021857
4,-14,50.0
5,-14,219.150060951146
5,-14,150.7301207640247
6,-14,387.0602354914917
6,-14,185.40047349130003
6,-15,167.01897395995877
6,-15,188.70267311180632
7,-15,160.7983586201335
7,-15,50.0
7,-14,50.0
7,-14,65.13297013961085
6,-14,50.0
6,-14,50.0
7,-14,50.0
7,-14,203.59733796025697
8,-14,112.99393970184376
8,-14,91.28484853144825
9,-14,50.0
9,-14,125.99409933300636
10,-14,50.0
10,-14,50.0
11,-14,50.0
11,-14,67.36895419458837
12,-14,50.0
12,-14,225.34702802128157
13,-14,141.63200874131468
13,-14,50.0
14,-14,50.0
14,-14,250.98935854347047
14,-15,70.14758071315933
14,-15,192.75065026496577
15,-15,50.0
15,-15,50.0
14,-15,83.19293665953805
14,-15,113.69866852766097
14,-16,50.0
14,-16,50.0
14,-17,142.61950704285852
14,-17,115.9687002066332
14,-16,77.12761744217937
14,-16,50.0
15,-16,50.0
15,-16,215.87562767285652
16,-16,50.0
16,-16,136.35285047727209
16,-17,50.0
16,-17,62.988271559348085
16,-18,50.0
16,-18,50.0
16,-19,50.0
16,-19,50.0
16,-20,50.0
16,-20,50.0
17,-20,50.0
17,-20,50.0
18,-20,50.0
18,-20,50.0
19,-20,50.0
19,-20,50.0
20,-20,50.0
20,-20,50.0
20,-19,50.0
20,-19,50.0
20,-18,50.0
20,-18,50.0
20,-17,50.0
20,-17,50.0
20,-16,50.0
20,-16,50.0
20,-17,80.28679682214283
20,-17,50.0
20,-18,50.0
20,-18,50.0
20,-17,50.0
20,-17,228.8772462085219
20,-16,55.205448424692946
20,-16,50.0
20,-15,50.0
20,-15,50.0
20,-14,50.0
20,-14,50.0
20,-13,50.0
20,-13,95.03187070861189
20,-12,113.05877904463762
20,-12,50.0
20,-11,50.0
20,-11,50.0
20,-10,50.0
20,-10,50.0
20,-9,50.0
20,-9,117.65897094314853
20,-8,50.0
20,-8,309.81096131597945
19,-8,50.0
19,-8,50.0
18,-8,62.764630042954686
18,-8,50.0
17,-8,50.0
17,-8,246.86811014908443
16,-8,184.17573845562038
16,-8,64.99143734331335
15,-8,50.0
15,-8,287.6804977209166
14,-8,274.63816521479885
14,-8,126.10827721592067
13,-8,115.66426589310595
13,-8,133.24438767690594
12,-8,92.15783606275912
12,-8,50.0
11,-8,138.88213921496956
11,-8,106.8471373724067
10,-8,199.39863408227993
10,-8,50.0
10,-7,212.99664901386782
10,-7,68.71436733879196
9,-7,172.09209478436856
9,-7,448.05188291805905
8,-7,50.0
8,-7,50.0
7,-7,318.2652584601108
7,-7,230.06567150197367
7,-8,70.93409547903754
7,-8,287.62646011299097
6,-8,96.44140219788554
6,-8,173.571693119602
5,-8,561.9752804856564
5,-8,174.05716665052773
6,-8,148.63519524488274
6,-8,274.36996447185044
6,-9,361.0683953435617
6,-9,336.7491792146857
5,-9,113.33858011448997
5,-9,288.5936279044673
4,-9,225.34168029116378
4,-9,240.16361631908205
3,-9,580.0981546081667
3,-9,173.33798780271604
4,-9,181.90602221933034
4,-9,163.45118306520192
5,-9,272.95788905523557
5,-9,199.94242581379117
4,-9,50.0
4,-9,184.77156180494887
4,-10,50.0
4,-10,139.7651420964234
3,-10,50.0
3,-10,161.73592204276147
4,-10,91.83162508012977
4,-10,50.0
4,-11,155.98751652391783
4,-11,100.05912320246897
3,-11,191.69381191984237
3,-11,373.1301498676042
2,-11,85.63378029284624
2,-11,212.72393522412946
1,-11,169.71118285462114
1,-11,50.0
0,-11,292.23221863764593
0,-11,65.39268384783057
-1,-11,207.87189163658869
-1,-11,106.10576749962978
-1,-12,50.0
-1,-12,346.69814314261805
-2,-12,50.0
-2,-12,50.0
-3,-12,125.63867544072568
-3,-12,50.0
-3,-13,50.0
-3,-13,126.06427769528868
-4,-13,50.0
-4,-13,233.2658726431567
-5,-13,50.0
-5,-13,294.223107127538
-6,-13,50.0
-6,-13,50.0
-5,-13,233.3764872387601
-5,-13,86.84245240852641
-6,-13,253.2002404814628
-6,-13,253.6050849685953
-6,-14,270.64920577128134
-6,-14,178.59481980253253
-7,-14,330.0504860994785
-7,-14,66.33966324647088
-6,-14,276.5980312156985
-6,-14,50.0
-7,-14,141.91354163745584
-7,-14,76.85278624918477
-7,-15,50.0
-7,-15,66.00025922615248
-8,-15,254.5149956902734
-8,-15,132.71765294262696
-9,-15,84.49633236190652
-9,-15,166.70661536604644
-10,-15,50.0
-10,-15,139.53085240261544
-11,-15,56.53998734471837
-11,-15,59.51434110340986
-10,-15,183.85675408859962
-10,-15,69.79590190036102
-11,-15,305.3893849002364
-11,-15,364.8579170456975
-12,-15,50.0
-12,-15,66.8902232738057
-13,-15,50.0
-13,-15,92.70027938376182
-14,-15,156.3911567442187
-14,-15,50.0
-15,-15,50.0
-15,-15,50.0
-15,-16,63.65930360047916
-15,-16,50.0
-16,-16,132.27415631531102
-16,-16,91.41724170440794
-17,-16,50.0
-17,-16,50.0
-18,-16,93.92185574897553
-18,-16,50.0
-19,-16,111.88603901205707
-19,-16,50.0
-20,-16,50.0
-20,-16,50.0
-19,-16,50.0
-19,-16,50.0
-19,-17,50.0
-19,-17,50.0
-18,-17,50.0
-18,-17,73.76817716451326
-18,-16,204.45988853687518
-18,-16,50.0
-17,-16,95.92879411028014
-17,-16,50.0
-16,-16,200.77500533160853
-16,-16,50.0
-15,-16,50.0
-15,-16,50.0
-15,-15,50.0
-15,-15,50.0
-14,-15,50.0
-14,-15,115.22270057130855
-13,-15,50.0
-13,-15,50.0
-12,-15,50.0
-12,-15,140.03689540401228
-12,-16,50.0
-12,-16,50.0
-12,-15,50.0
-12,-15,296.52472288969204
-13,-15,279.2130969576583
-13,-15,50.0
-12,-15,158.57193382491965
-12,-15,50.0
-11,-15,50.0
-11,-15,201.6709835341233
-10,-15,50.0
-10,-15,253.25016479144801
-9,-15,264.04070479688977
-9,-15,50.0
-8,-15,224.549418372136
-8,-15,61.69686193088644
-9,-15,50.0
-9,-15,79.82103280937031
-9,-16,50.0
-9,-16,155.46993965695702
-9,-15,87.12805442952745
-9,-15,231.34327374011667
-8,-15,50.0
-8,-15,50.0
-8,-14,380.013006473572
-8,-14,50.0
-7,-14,198.5243252477856
-7,-14,142.7699829909895
-6,-14,310.314103471761
-6,-14,50.0
-5,-14,56.24796829457801
-5,-14,165.6822655470595
-5,-13,101.45202281861532
-5,-13,50.0
-4,-13,207.58714926418875
-4,-13,274.90217257574955
-3,-13,94.76982132893832
-3,-13,165.96697759593914
-2,-13,153.7570486428286
-2,-13,153.41476552409242
-1,-13,103.26365973211321
-1,-13,74.44611062852633
-1,-12,208.39012758918392
-1,-12,166.40673796787374
-2,-12,50.0
-2,-12,115.24847056664693
-1,-12,219.96260351317608
-1,-12,82.4766455207594
-1,-11,208.1834231647434
-1,-11,135.27192312041092
-1,-12,251.7114068879432
-1,-12,199.68674668343954
-2,-12,77.54232922756535
-2,-12,209.80478096572233
-1,-12,160.64228293632934
-1,-12,181.47899117616763
-1,-11,76.07727125272993
-1,-11,50.0
0,-11,228.91227274887757
0,-11,381.09200271013776
0,-10,184.775589664089
0,-10,266.1578391675396
0,-9,287.7798488761193
0,-9,50.0
-1,-9,217.5108734490253
-1,-9,155.38849367850563
0,-9,50.0
0,-9,198.28699557464898
1,-9,139.42035205177055
1,-9,159.4774828920025
0,-9,427.4569225224267
0,-9,316.72816772509276
-1,-9,498.1861880193288
-1,-9,359.283250039928
0,-9,71.07908725298239
0,-9,50.0
-1,-9,101.07916730986967
-1,-9,265.534321829703
0,-9,53.37906030008881
0,-9,104.93878652374707
1,-9,260.05305242690247
1,-9,385.7113902971302
2,-9,245.4668617637276
2,-9,395.17309644868874
2,-8,191.88966618471343
2,-8,86.24907784687824
3,-8,200.31784068153678
3,-8,333.9984030602236
4,-8,282.95442054883625
4,-8,216.78311974174358
4,-9,272.16590170584857
4,-9,100.07696585385942
3,-9,50.0
3,-9,496.78761389164015
2,-9,369.3391217403728
2,-9,287.2291121777081
1,-9,296.09070938793974
1,-9,236.4788327994527
1,-10,256.2516901002663
1,-10,94.93361455965713
0,-10,132.6892398050466
0,-10,179.52496215298208
0,-11,208.93010888357472
0,-11,281.7421546905621
0,-12,206.5648004205308
0,-12,65.34591282431494
0,-11,145.09535587483708
0,-11,270.69007022533833
1,-11,346.53179355790326
1,-11,409.455473906399
1,-12,159.38444812695292
1,-12,284.8457093029597
2,-12,50.0
2,-12,593.9331893455218
2,-11,385.25283366304876
2,-11,314.3771876211721
2,-10,360.47613306189936
2,-10,116.64761555164765
2,-9,605.3664066904846
2,-9,173.97455856760078
3,-9,182.42523874728508
3,-9,50.0
2,-9,463.9534687808699
2,-9,281.02300677695627
2,-8,352.4323598007158
2,-8,267.31647503734575
2,-9,119.51366210458555
2,-9,113.8431531415664
3,-9,223.50673210296898
3,-9,97.83599196654148
3,-8,347.0441956267007
3,-8,165.74826711831926
4,-8,300.46638185125516
4,-8,385.6588691999873
5,-8,238.74895541982178
5,-8,98.06044653000009
6,-8,50.0
6,-8,142.77655268704473
6,-7,187.42183815489898
6,-7,143.62814298971603
6,-6,299.5699172276015
6,-6,273.29751016676465
7,-6,528.7729718421862
7,-6,262.450532706114
7,-7,140.2292326198056
7,-7,331.6148698813865
6,-7,144.0912390520723
6,-7,146.43100988202707
7,-7,254.71027483745834
7,-7,509.1955321271446
8,-7,239.92860566165012
8,-7,159.90546286759522
8,-6,115.58300127002398
8,-6,319.04741746584153
7,-6,203.47010360094558
7,-6,88.12401761534909
7,-5,175.1618193599285
7,-5,225.71227274535045
7,-4,104.6555952110932
7,-4,163.30300691435417
8,-4,184.72499026774008
8,-4,221.9994393945494
9,-4,432.5411760506196
9,-4,50.0
9,-3,178.08527156629918
9,-3,323.2969803521552
9,-2,195.51930885363544
9,-2,490.44693722357647
10,-2,182.9705386879368
10,-2,176.10976340855024
9,-2,168.45413721397702
9,-2,50.0
10,-2,250.89054396724563
10,-2,50.0
10,-1,266.70962675766924
10,-1,148.74732677494853
11,-1,272.525443382597
11,-1,176.71549473270272
11,0,50.0
11,0,209.07801211938767
12,0,244.6731286397589
12,0,136.31827653995418
12,1,146.99975266927734
12,1,223.29968576111472
12,2,110.80271385897389
12,2,292.3094086396693
13,2,224.67130437457706
13,2,149.3421388174746
13,3,492.8698059997587
13,3,216.5114400970795
12,3,94.25193926181727
12,3,173.86366174506261
12,4,208.3899551076051
12,4,50.0
13,4,50.0
13,4,121.25283860283763
12,4,63.897926939834946
12,4,179.1690875590408
12,5,222.48763589919315
12,5,137.30878762881883
13,5,121.13659969751335
13,5,234.1068976668395
14,5,68.60048819417084
14,5,106.23559099110646
13,5,158.28281624029304
13,5,50.0
13,4,149.97678152977375
13,4,266.49844454929956
14,4,427.90201897364796
14,4,140.14714683752948
14,5,50.0
14,5,91.79661933254667
15,5,50.0
15,5,211.25912706154273
16,5,50.0
16,5,50.0
17,5,50.0
17,5,114.18096943420394
18,5,119.96701889212883
18,5,117.12943992441606
18,6,146.40964058118647
18,6,50.0
18,7,100.60420382526584
18,7,50.0
18,8,206.65935668418936
18,8,380.0001590468128
19,8,50.0
19,8,169.64499968660567
20,8,50.0
20,8,50.0
19,8,50.0
19,8,50.0
18,8,50.0
18,8,123.23009944858956
17,8,50.0
17,8,50.0
16,8,50.0
16,8,134.83165125874353
15,8,214.01077049169547
15,8,325.0849673349552
14,8,152.90706741858338
14,8,50.0
13,8,146.44120764823913
13,8,106.87396536981218
12,8,146.5825956237108
12,8,50.0
12,9,99.66005073946398
12,9,50.0
12,8,50.0
12,8,351.28750050725364
12,7,143.75346671166204
12,7,287.9981226713946
12,6,50.0
12,6,268.53883992976046
12,5,225.22558506406526
12,5,50.0
12,4,207.16260314623622
12,4,156.06945114114708
12,3,153.46257552066308
12,3,55.699317426053824
13,3,50.0
13,3,50.0
12,3,330.666008815056
12,3,255.93895947977109
13,3,147.2255269004725
13,3,178.58362063051237
14,3,124.7070489851471
14,3,160.89342525493169
13,3,274.85335045679136
13,3,295.93557990071486
14,3,238.08063793208424
14,3,108.35622330348552
13,3,257.33577137957315
13,3,168.53903122646594
13,2,225.7603784046089
13,2,140.59800894786324
13,1,50.0
13,1,138.11664209167807
