16,-15,100.0
16,-14,135.58750574370052
16,-13,100.0
16,-12,100.0
16,-11,100.0
15,-11,100.0
14,-11,108.57348698248727
15,-11,100.0
14,-11,151.48884798006333
14,-10,172.7943805680468
13,-10,100.0
12,-10,100.0
11,-10,100.0
11,-9,408.5986838854934
12,-9,342.2927179839445
12,-8,125.6359696869822
11,-8,291.192296552385
11,-7,100.0
10,-7,202.40682440547045
9,-7,100.0
8,-7,117.36536582638945
8,-6,391.82593033145463
8,-5,790.0451115653962
8,-4,121.44134775920692
7,-4,262.6107651602818
7,-5,617.6887718092105
7,-4,517.3787539256439
8,-4,322.83741296353526
7,-4,171.51244369582125
6,-4,453.35382780037935
6,-3,256.8888602889143
5,-3,558.4086900410618
4,-3,544.2742953742683
4,-2,740.4295687442763
4,-1,668.2731726958042
5,-1,192.7033883565082
4,-1,551.3180363890945
3,-1,309.9692862664607
2,-1,749.3222509435881
2,0,358.5191786591046
2,1,323.5199677520284
2,2,496.36086540155145
1,2,793.7378509958196
0,2,636.2852414439562
0,3,304.94743232354176
-1,3,232.59428999453706
0,3,688.1644122382426
-1,3,339.12183160990566
-2,3,300.3286145049655
-2,4,753.7890886434386
-2,5,556.3735968488652
-2,6,964.1911989591513
-1,6,405.1590851565403
0,6,386.7492128577965
-1,6,100.0
-2,6,109.81096640835719
-1,6,689.9848596660089
-2,6,491.8022635373285
-2,7,281.3167237454872
-1,7,488.67189270219757
-2,7,142.46295798239362
-1,7,123.95666718054792
-2,7,408.7871017719154
-2,6,331.80290637468227
-3,6,384.3316762195679
-3,7,256.47163831882887
-4,7,123.84058023105015
-4,8,100.0
-5,8,291.8647032801125
-5,9,596.669612040224
-6,9,241.1703084403847
-5,9,135.47449266847278
-5,10,146.90509181606856
-6,10,201.59843137664149
-7,10,264.28620324448843
-8,10,683.1873167808076
-9,10,100.0
-10,10,225.86082652670726
-11,10,152.64933799072094
-12,10,224.06254137612166
-13,10,100.0
-13,9,100.0
-13,10,135.002526758762
-12,10,349.9761945246586
-12,11,167.9403921746167
-13,11,391.35632364171136
-13,10,100.0
-13,11,139.40111721431876
-14,11,323.3605574116435
-15,11,100.0
-15,12,100.0
-16,12,100.0
-16,11,100.0
-15,11,100.0
-16,11,126.61724456460783
-15,11,173.75276309076338
-15,10,240.68974662586643
-14,10,308.90681333053124
-14,11,100.0
-14,12,116.05894361748207
-14,11,100.0
-13,11,100.0
-12,11,259.2809015274788
-12,10,370.98799523048297
-12,9,100.0
-11,9,323.08541905522407
-11,8,163.63799927012917
-11,7,516.1572508837291
-11,8,360.5910781008337
-11,7,100.0
-12,7,193.46096522116977
-12,8,254.37616025198525
-13,8,203.39007318602054
-12,8,457.86156942176325
-12,9,100.0
-11,9,100.0
-11,8,248.8032956142553
-10,8,319.6583200568613
-10,7,140.0995913102314
-9,7,140.6760706481275
-9,8,100.0
-10,8,164.47596623267717
-10,7,596.155080123358
-9,7,563.228620903461
-10,7,139.08419438961704
-10,6,476.32498216229567
-10,5,641.0566545671652
-9,5,335.65586454251996
-8,5,100.0
-8,4,446.5330495905192
-8,3,488.3835834089959
-8,2,230.51235148510034
-8,1,215.1356028581315
-7,1,759.3517606239897
-7,0,201.01166950600677
-7,-1,869.2352050929906
-7,-2,100.0
-6,-2,248.05777578954778
-6,-3,1006.7712666834018
-6,-4,366.0277590174564
-5,-4,561.1347890513946
-4,-4,325.6004636411061
-3,-4,683.5345951077368
-3,-3,430.4222289410986
-3,-4,629.1946137720707
-3,-3,771.7930773318785
-3,-4,141.81374551335077
-3,-5,255.88295470360256
-4,-5,432.5877108338593
-3,-5,567.4463559258874
-2,-5,580.9243593677256
-2,-6,316.83457781009014
-1,-6,359.7318039088001
-1,-7,370.34955872741136
0,-7,506.29255886369185
0,-8,195.75359812915556
-1,-8,352.72161176039845
-2,-8,411.0904462016714
-3,-8,445.5807747660235
-2,-8,314.62411327651756
-1,-8,395.5281180280024
-2,-8,430.496453811839
-3,-8,846.5326799975489
-4,-8,812.5041419616825
-3,-8,375.5251093556841
-4,-8,218.77490819172397
-3,-8,814.2975722556087
-4,-8,400.9294810428414
-3,-8,251.1677627734511
-2,-8,944.1430953894053
-3,-8,468.15542725126375
-4,-8,100.0
-5,-8,702.0413687203143
-6,-8,422.14795321101724
-5,-8,329.793782565271
-6,-8,183.67664833397345
-5,-8,350.1372077260003
-6,-8,937.8421625856761
-7,-8,440.49632310691914
-6,-8,235.42585138000544
-5,-8,397.4340859835395
-6,-8,219.64706821049685
-7,-8,100.0
-8,-8,246.93281386346695
-9,-8,571.7920374192789
-10,-8,103.7396001092443
-11,-8,996.6680930909688
-12,-8,155.85015608229193
-11,-8,297.0603870287533
-12,-8,162.79127128353397
-13,-8,100.0
-14,-8,215.6125892861273
-15,-8,100.0
-16,-8,497.97741474080857
-17,-8,138.8993870470843
-16,-8,100.0
-15,-8,100.0
-15,-7,100.0
-14,-7,301.9319680821625
-14,-8,564.200234704987
-13,-8,100.0
-12,-8,117.13649962407577
-11,-8,257.3527996744086
-11,-7,210.76908593623676
-10,-7,464.6971241443
-9,-7,100.0
-10,-7,286.2205817722497
-9,-7,100.0
-9,-8,421.16305685546695
-9,-7,458.5575737762872
-8,-7,100.0
-7,-7,303.65719899866053
-7,-8,290.67970479985877
-6,-8,238.00936536840607
-5,-8,292.1871356303253
-5,-9,240.15200665610345
-6,-9,306.4541706242366
-5,-9,333.32356051413393
-4,-9,434.59194813802964
-5,-9,689.9992182324083
-4,-9,159.13492801065672
-3,-9,834.5765084308548
-3,-10,583.5298371447897
-3,-11,342.2893558840234
-2,-11,663.070917675576
-1,-11,399.11236771636584
0,-11,203.57097872239967
1,-11,121.12388143324833
0,-11,421.853251076108
1,-11,455.10144256217995
1,-12,100.0
0,-12,326.9103383159665
-1,-12,336.1533679295507
0,-12,100.0
0,-13,472.02821810993606
1,-13,134.42188808459696
2,-13,233.39739049167676
2,-14,267.274435924704
3,-14,310.89505426804516
4,-14,100.0
5,-14,100.0
6,-14,100.0
6,-15,237.03700860158204
7,-15,265.8808015089163
7,-14,144.0904087526165
6,-14,306.32539784057224
7,-14,292.95141186806376
8,-14,109.73490399637978
9,-14,185.16319625540513
10,-14,100.0
11,-14,100.0
12,-14,100.0
13,-14,100.0
14,-14,100.0
14,-15,188.5581176730194
15,-15,253.21457084014088
14,-15,100.0
14,-16,100.0
14,-17,100.0
14,-16,122.66878293389806
15,-16,133.78919779951394
16,-16,100.0
16,-17,100.0
16,-18,100.0
16,-19,100.0
16,-20,100.0
17,-20,138.01102609338824
18,-20,100.0
19,-20,100.0
20,-20,100.3141503798673
20,-19,100.0
20,-18,100.0
20,-17,100.0
20,-16,100.0
20,-17,100.0
20,-18,100.0
20,-17,100.0
20,-16,100.0
20,-15,100.0
20,-14,100.0
20,-13,100.0
20,-12,100.0
20,-11,100.0
20,-10,146.97383581455475
20,-9,130.51156246294727
20,-8,500.8669199844509
19,-8,203.497427239889
18,-8,100.0
17,-8,183.00617174266796
16,-8,275.8722423855519
15,-8,100.0
14,-8,541.8334388026618
13,-8,133.57240653661097
12,-8,133.77564383542668
11,-8,161.7704889826199
10,-8,100.0
10,-7,100.0
9,-7,335.1804297310677
8,-7,212.03170154368667
7,-7,100.0
7,-8,169.53433248819542
6,-8,127.93328427271655
5,-8,271.9083590859117
6,-8,282.8959740753734
6,-9,208.37985577875696
5,-9,100.0
4,-9,418.6229945059042
3,-9,323.8183268898414
4,-9,285.06074573682474
5,-9,209.2521123919778
4,-9,275.4369267033661
4,-10,100.0
3,-10,805.9475131677898
4,-10,210.65750769279603
4,-11,321.8345771885125
3,-11,236.848237881708
2,-11,675.748815460207
1,-11,376.7159846867712
0,-11,157.70153230617302
-1,-11,138.473807147047
-1,-12,480.37387004519303
-2,-12,303.70366904689354
-3,-12,387.7849943015838
-3,-13,222.18104521565178
-4,-13,357.4636688999889
-5,-13,211.22339825963698
-6,-13,100.0
-5,-13,100.0
-6,-13,100.0
-6,-14,156.13104931317662
-7,-14,100.0
-6,-14,314.60298614839536
-7,-14,198.79964530501303
-7,-15,123.83860400691943
-8,-15,100.0
-9,-15,100.0
-10,-15,100.0
-11,-15,100.0
-10,-15,245.54512871367388
-11,-15,100.0
-12,-15,257.22332453345507
-13,-15,100.0
-14,-15,168.80891453237635
-15,-15,136.86348307476152
-15,-16,217.8315558831201
-16,-16,100.0
-17,-16,100.0
-18,-16,100.0
-19,-16,100.0
-20,-16,100.0
-19,-16,100.0
-19,-17,100.0
-18,-17,100.0
-18,-16,100.0
-17,-16,100.0
-16,-16,100.0
-15,-16,100.0
-15,-15,100.0
-14,-15,294.0276465122185
-13,-15,186.17813784199387
-12,-15,259.3414512869925
-12,-16,100.0
-12,-15,312.312364926873
-13,-15,147.50078744195068
-12,-15,100.0
-11,-15,100.0
-10,-15,429.86855687122835
-9,-15,100.0
-8,-15,100.0
-9,-15,327.8305275878076
-9,-16,100.0
-9,-15,240.3334733683859
-8,-15,138.19551696656802
-8,-14,480.06353596673335
-7,-14,572.1566338350925
-6,-14,375.56626014844005
-5,-14,209.80648723530874
-5,-13,100.0
-4,-13,415.6663255396843
-3,-13,166.383256894191
-2,-13,338.2119406054208
-1,-13,100.0
-1,-12,494.46478311411164
-2,-12,607.8552468395255
-1,-12,492.03884934188545
-1,-11,491.8999960141985
-1,-12,380.5033643216327
-2,-12,168.1113054722896
-1,-12,397.7667497885999
-1,-11,350.7462343962443
0,-11,343.8669495346687
0,-10,912.6159751452121
0,-9,190.5749416459244
-1,-9,793.6331865839813
0,-9,833.8296677630259
1,-9,233.8854315065609
0,-9,100.0
-1,-9,177.41384097988546
0,-9,853.0502599619999
-1,-9,193.47226571060742
0,-9,672.6844829550596
1,-9,279.44528161838866
2,-9,200.4137699431077
2,-8,431.56296462870637
3,-8,397.148385885724
4,-8,395.536691813538
4,-9,332.49949399642446
3,-9,100.0
2,-9,448.85410655565533
1,-9,225.006322618693
1,-10,435.5259145525116
0,-10,568.9327811279574
0,-11,155.7095904997018
0,-12,237.17434251676332
0,-11,402.97548520718794
1,-11,159.99495264817116
1,-12,164.98866656167746
2,-12,273.23116738548885
2,-11,650.7301964791309
2,-10,224.77664287521227
2,-9,100.0
3,-9,481.49904901339653
2,-9,774.4451974131885
2,-8,451.31087663061345
2,-9,100.0
3,-9,436.49347520021036
3,-8,454.65427035432083
4,-8,336.9905021892536
5,-8,355.615513138878
6,-8,421.7049361355304
6,-7,560.2317573659692
6,-6,377.7215060821338
7,-6,463.428830985118
7,-7,100.0
6,-7,458.4892627861318
7,-7,287.8816968067065
8,-7,263.0237335113033
8,-6,239.967882884596
7,-6,569.1554964493573
7,-5,1081.3715248697458
7,-4,574.4207331107831
8,-4,479.2663349474264
9,-4,100.0
9,-3,597.3228994309832
9,-2,268.08726160802894
10,-2,581.903304821605
9,-2,520.0257108269032
10,-2,638.4263277331327
10,-1,820.6583014998366
11,-1,201.0331556259136
11,0,396.7789085586665
12,0,573.8889902631388
12,1,171.4689502506833
12,2,236.00740237469614
13,2,219.96137176350732
13,3,157.15790599881905
12,3,263.9863217117483
12,4,117.7942044431731
13,4,621.3504400458792
12,4,249.1309919640704
12,5,283.04444282361635
13,5,199.44449435985734
14,5,121.07551517414981
13,5,100.0
13,4,101.03534962966371
14,4,429.1578045422573
14,5,459.3914922040328
15,5,706.5250761838992
16,5,100.0
17,5,100.0
18,5,350.189061658486
18,6,100.0
18,7,100.0
18,8,100.0
19,8,100.0
20,8,158.35927530990207
19,8,100.0
18,8,100.0
17,8,197.19061693342695
16,8,222.34064880075653
15,8,100.0
14,8,406.20541784469276
13,8,888.3173270311765
12,8,473.87931952702104
12,9,798.189930057247
12,8,247.56530963929515
12,7,116.09745685127076
12,6,317.3273465558451
12,5,608.4574378536577
12,4,156.7519494736439
12,3,380.25267130103833
13,3,129.56778600214108
12,3,105.0639465096921
13,3,166.1930022039799
14,3,161.78355860367083
13,3,121.66320341320693
14,3,104.21316660472388
13,3,189.58465855748497
13,2,348.41938919361155
13,1,285.3766100455849
