16,-15,165.33472489199212
16,-14,100.0
16,-13,137.36249975760603
16,-12,100.0
16,-11,119.79720014312797
15,-11,487.99753859203975
14,-11,191.96051750893855
15,-11,100.0
14,-11,100.0
14,-10,100.0
13,-10,124.07717452092271
12,-10,100.0
11,-10,456.75330641006224
11,-9,191.08824405167508
12,-9,100.0
12,-8,124.41465070362818
11,-8,210.7761942450207
11,-7,107.30725041713526
10,-7,265.7399507240515
9,-7,192.9497899777963
8,-7,325.1847285293582
8,-6,124.52929646700142
8,-5,367.96673350512447
8,-4,243.717074820745
7,-4,450.14190901991225
7,-5,786.6508853072
7,-4,533.2365899399973
8,-4,110.64919784879493
7,-4,716.8450065777838
6,-4,885.9884583002108
6,-3,100.80340827615117
5,-3,248.8432845794021
4,-3,328.0261037883313
4,-2,561.9466928322173
4,-1,568.0197007009837
5,-1,883.5745159552724
4,-1,463.6401869694693
3,-1,626.3445611704658
2,-1,451.69523597742943
2,0,744.6214212460577
2,1,701.5644307775376
2,2,636.8344844225768
1,2,550.6917375760281
0,2,414.48035545547776
0,3,359.85689304844203
-1,3,837.381181884165
0,3,299.4914185556018
-1,3,853.3455526090568
-2,3,395.8332234426016
-2,4,182.55757388786927
-2,5,450.4430080742625
-2,6,284.3391738349845
-1,6,181.1273709771364
0,6,114.40248576523302
-1,6,460.2639734144106
-2,6,251.13296888875897
-1,6,354.73530870403204
-2,6,374.8160969204452
-2,7,587.3031938590954
-1,7,453.3795513014798
-2,7,244.01871725435217
-1,7,246.43860464152863
-2,7,661.1040605104856
-2,6,1144.5299285333494
-3,6,1380.3093271189477
-3,7,414.20192771402867
-4,7,369.1725707074164
-4,8,173.3629653198442
-5,8,620.5930853797759
-5,9,176.98223887878584
-6,9,398.26405590617304
-5,9,484.55690527978317
-5,10,299.60896087009564
-6,10,333.54603015374954
-7,10,480.45475090183197
-8,10,370.6928694298728
-9,10,279.91570508051103
-10,10,359.2494258894054
-11,10,489.9874349059669
-12,10,318.4607837679146
-13,10,100.0
-13,9,187.87682783064847
-13,10,100.0
-12,10,100.0
-12,11,179.64878198697824
-13,11,100.0
-13,10,100.0
-13,11,367.2658958450809
-14,11,310.1672503796642
-15,11,100.0
-15,12,100.0
-16,12,100.0
-16,11,100.0
-15,11,100.0
-16,11,100.0
-15,11,100.0
-15,10,261.2582316293154
-14,10,204.10567190932184
-14,11,100.0
-14,12,302.5936552745917
-14,11,247.06233434148214
-13,11,442.7239361495461
-12,11,161.6461753478243
-12,10,316.48943815593714
-12,9,122.4109394570646
-11,9,329.4438260564983
-11,8,400.9622945797786
-11,7,100.0
-11,8,100.0
-11,7,100.0
-12,7,100.0
-12,8,312.4821909270819
-13,8,284.8166687399542
-12,8,276.79652973980797
-12,9,324.0339105612763
-11,9,156.498778409992
-11,8,381.6401453077319
-10,8,727.1222835483957
-10,7,100.0
-9,7,385.05876423007976
-9,8,100.0
-10,8,279.01291073674486
-10,7,339.01090627762625
-9,7,331.9166533949502
-10,7,107.54031185256879
-10,6,585.2097190771959
-10,5,482.2861001923885
-9,5,140.16539669055697
-8,5,155.8141250275063
-8,4,100.0
-8,3,446.3174467060914
-8,2,467.7659533251368
-8,1,880.7122328446574
-7,1,629.9537672107483
-7,0,1094.8361380876408
-7,-1,853.1347219165959
-7,-2,765.9586766968044
-6,-2,312.61579853053536
-6,-3,149.50574956146937
-6,-4,794.9371174634465
-5,-4,366.58776915740975
-4,-4,181.88466808483082
-3,-4,303.29794564677957
-3,-3,972.3345177741019
-3,-4,892.8008800034642
-3,-3,433.9532049561995
-3,-4,156.49984038282636
-3,-5,737.4630483887853
-4,-5,100.0
-3,-5,281.7681109748721
-2,-5,272.08941255065605
-2,-6,865.120639898941
-1,-6,393.01005875040704
-1,-7,139.92164002030233
0,-7,258.82208301819657
0,-8,216.30458504647578
-1,-8,691.0180792570256
-2,-8,354.1642976549732
-3,-8,433.2340217213634
-2,-8,473.8309775040663
-1,-8,595.0712770894297
-2,-8,727.5496449138644
-3,-8,643.0927543570074
-4,-8,291.3201857566582
-3,-8,432.86707653242536
-4,-8,100.0
-3,-8,100.0
-4,-8,460.0157161859629
-3,-8,730.2080849424573
-2,-8,633.7929775957618
-3,-8,430.23244676962724
-4,-8,168.58678969357328
-5,-8,100.0
-6,-8,100.0
-5,-8,854.8520943750299
-6,-8,239.52995021420463
-5,-8,567.2407378862731
-6,-8,266.96327428681013
-7,-8,529.7068846582476
-6,-8,278.29591970108805
-5,-8,197.01295680160018
-6,-8,299.8797434956599
-7,-8,497.8984673096925
-8,-8,579.1500204053675
-9,-8,225.88614473727716
-10,-8,351.9724594871346
-11,-8,191.03967594211625
-12,-8,100.0
-11,-8,275.52068396049276
-12,-8,148.09499920933385
-13,-8,100.0
-14,-8,175.2475430917215
-15,-8,100.0
-16,-8,226.0803452575723
-17,-8,301.6866700077627
-16,-8,100.0
-15,-8,141.3526166649948
-15,-7,258.94016919878504
-14,-7,476.20248781915456
-14,-8,100.0
-13,-8,100.0
-12,-8,226.23642686068376
-11,-8,161.53444206936214
-11,-7,321.3352429441967
-10,-7,337.35494315447045
-9,-7,203.4169466614337
-10,-7,745.7927704514723
-9,-7,100.0
-9,-8,253.04943647906634
-9,-7,120.08124858770657
-8,-7,345.58222667690904
-7,-7,196.6437407083118
-7,-8,275.1089397364724
-6,-8,144.68544650359797
-5,-8,621.6660111087979
-5,-9,585.7391444570347
-6,-9,695.4214828730702
-5,-9,342.46394393739814
-4,-9,557.0883306101756
-5,-9,562.8659670456906
-4,-9,260.9269389095829
-3,-9,328.68342667186204
-3,-10,102.04864216369612
-3,-11,322.519368501423
-2,-11,653.4895177906135
-1,-11,406.2424392271889
0,-11,375.14884975430783
1,-11,259.7001049906703
0,-11,473.6479617898474
1,-11,335.83850483438727
1,-12,473.8950903718101
0,-12,713.5811912768914
-1,-12,738.6609264171839
0,-12,100.0
0,-13,235.51648492451548
1,-13,498.45402911266723
2,-13,100.0
2,-14,100.0
3,-14,125.59714949590884
4,-14,274.82476051628635
5,-14,150.76756154407505
6,-14,357.09897294896746
6,-15,276.69793400882617
7,-15,102.28716604786906
7,-14,100.0
6,-14,279.6443427823691
7,-14,463.33004901548134
8,-14,299.90496828752725
9,-14,100.0
10,-14,613.4429431927756
11,-14,100.0
12,-14,100.0
13,-14,227.70581364464203
14,-14,138.03292625547203
14,-15,100.0
15,-15,416.76196944995075
14,-15,100.0
14,-16,175.11309170996273
14,-17,100.0
14,-16,100.0
15,-16,100.0
16,-16,100.0
16,-17,100.0
16,-18,100.0
16,-19,100.0
16,-20,100.0
17,-20,100.0
18,-20,100.0
19,-20,100.0
20,-20,100.0
20,-19,100.0
20,-18,100.0
20,-17,100.0
20,-16,100.0
20,-17,100.0
20,-18,100.0
20,-17,100.0
20,-16,100.0
20,-15,100.0
20,-14,100.0
20,-13,100.0
20,-12,100.0
20,-11,100.0
20,-10,100.0
20,-9,100.0
20,-8,100.0
19,-8,384.34742217479277
18,-8,100.0
17,-8,135.07524689196947
16,-8,326.95665358639826
15,-8,100.0
14,-8,100.0
13,-8,100.0
12,-8,100.0
11,-8,783.1889336887762
10,-8,235.9053584739221
10,-7,176.24190072605813
9,-7,335.5213991995598
8,-7,363.46288980789615
7,-7,499.0054096818135
7,-8,697.3758714997817
6,-8,308.0605762611341
5,-8,100.0
6,-8,132.23060218690065
6,-9,682.9577636767083
5,-9,637.8323984813519
4,-9,120.60933805876357
3,-9,178.0160228265778
4,-9,276.6891730506251
5,-9,692.3867884139079
4,-9,301.7655616512006
4,-10,253.0464878872766
3,-10,404.0725196204977
4,-10,530.314372413814
4,-11,273.2011084508137
3,-11,217.4613318604761
2,-11,182.40080249612132
1,-11,196.4108321697226
0,-11,230.38372883865696
-1,-11,453.14878517048965
-1,-12,655.5897544493453
-2,-12,357.26533935889665
-3,-12,100.0
-3,-13,269.5783756955315
-4,-13,634.5341072387369
-5,-13,137.1693339307471
-6,-13,100.0
-5,-13,100.0
-6,-13,100.0
-6,-14,278.62867832297127
-7,-14,109.21756525333059
-6,-14,315.1869223816711
-7,-14,139.29581809756527
-7,-15,313.59346620684926
-8,-15,236.44214884385968
-9,-15,100.0
-10,-15,146.84717581932512
-11,-15,217.86504125588624
-10,-15,100.0
-11,-15,100.0
-12,-15,369.11334852120376
-13,-15,432.5958875326463
-14,-15,100.0
-15,-15,100.0
-15,-16,100.0
-16,-16,100.0
-17,-16,100.0
-18,-16,113.37050243034084
-19,-16,100.0
-20,-16,100.0
-19,-16,100.0
-19,-17,100.0
-18,-17,100.0
-18,-16,100.0
-17,-16,100.0
-16,-16,100.0
-15,-16,100.0
-15,-15,108.94802358860673
-14,-15,100.0
-13,-15,100.0
-12,-15,100.0
-12,-16,110.9294197066771
-12,-15,100.0
-13,-15,100.0
-12,-15,167.21478855938196
-11,-15,236.64473402386795
-10,-15,347.53784171016895
-9,-15,342.4786434507982
-8,-15,134.59880848863222
-9,-15,202.44605139065183
-9,-16,100.0
-9,-15,111.91544794029377
-8,-15,100.0
-8,-14,100.0
-7,-14,384.4969967228347
-6,-14,205.09498545457652
-5,-14,293.6164680760681
-5,-13,422.7858522447872
-4,-13,297.52352660506097
-3,-13,100.0
-2,-13,160.3536928204001
-1,-13,100.0
-1,-12,155.86993043579517
-2,-12,100.0
-1,-12,414.33222128537784
-1,-11,353.02355747437696
-1,-12,333.14971157964777
-2,-12,178.1976807290119
-1,-12,100.0
-1,-11,142.66435419094367
0,-11,167.35955432839097
0,-10,135.3615815448494
0,-9,545.6242750953265
-1,-9,369.46742249646445
0,-9,423.8874621257937
1,-9,163.51321537157332
0,-9,712.4114655366975
-1,-9,557.5667297742525
0,-9,264.31093360394215
-1,-9,100.0
0,-9,228.6938295137833
1,-9,100.0
2,-9,558.0412300284335
2,-8,242.27570566785283
3,-8,722.2418876498184
4,-8,652.5717922591186
4,-9,474.6537945384706
3,-9,428.56677996009796
2,-9,753.2803062819924
1,-9,371.2288216181357
1,-10,510.24158045602246
0,-10,289.8952081131041
0,-11,308.0947557550085
0,-12,100.0
0,-11,310.83152421125953
1,-11,586.5650567633019
1,-12,171.61538729900562
2,-12,391.50596529802056
2,-11,115.17494302812598
2,-10,370.78009114672517
2,-9,432.4410181661213
3,-9,473.57351935958013
2,-9,255.27982350252358
2,-8,106.8784808037758
2,-9,251.15611416694887
3,-9,634.9383235698665
3,-8,701.401587758932
4,-8,488.4715050509426
5,-8,640.6731517441787
6,-8,574.213633390552
6,-7,125.83364096249085
6,-6,620.7433778404138
7,-6,154.52612855333862
7,-7,609.0540165928272
6,-7,167.9629374484038
7,-7,100.0
8,-7,442.0276006491997
8,-6,353.0318287473441
7,-6,306.9108837949775
7,-5,100.0
7,-4,187.84550059763026
8,-4,598.7948753874895
9,-4,100.0
9,-3,301.77032812633416
9,-2,374.05736814666466
10,-2,233.92650431419764
9,-2,415.92932745734566
10,-2,252.5787707370963
10,-1,352.333112567057
11,-1,244.17484684443713
11,0,100.0
12,0,471.15569695045406
12,1,100.0
12,2,247.6559202605373
13,2,375.6364054081752
13,3,100.0
12,3,664.2712955039154
12,4,686.8881045006804
13,4,336.2176287136558
12,4,517.3354029769998
12,5,146.86707283961488
13,5,265.55244637532127
14,5,100.0
13,5,358.6052372433133
13,4,526.5407340749507
14,4,100.0
14,5,116.79333555487591
15,5,100.0
16,5,100.0
17,5,250.875913198384
18,5,334.4599691153045
18,6,100.0
18,7,100.0
18,8,100.0
19,8,167.53483944883953
20,8,700.4513447031344
19,8,193.5327895796679
18,8,100.0
17,8,350.83573854252825
16,8,161.55185978308808
15,8,502.7608831664895
14,8,100.0
13,8,100.0
12,8,454.50934728875603
12,9,403.9099253823937
12,8,100.0
12,7,754.3281953102576
12,6,110.09447790635303
12,5,362.3651003092949
12,4,606.2324500865857
12,3,100.0
13,3,100.0
12,3,210.0027232755888
13,3,234.1719800886992
14,3,379.1159395516786
13,3,189.2886832166047
14,3,143.46727387387622
13,3,305.9451653646655
13,2,195.54043037425345
13,1,240.5805691042737
