16,-15,100.0
16,-14,100.0
16,-13,100.0
16,-12,100.0
16,-11,177.22715633540383
15,-11,103.46802325164174
14,-11,141.28552278696142
15,-11,213.9158225457207
14,-11,201.58754778599524
14,-10,100.0
13,-10,100.0
12,-10,100.0
11,-10,275.82728183453605
11,-9,308.04306276656257
12,-9,107.03706771056643
12,-8,234.57806065125982
11,-8,219.81731065187154
11,-7,148.97630105842688
10,-7,486.8392185280285
9,-7,100.0
8,-7,482.31441358763243
8,-6,342.2691723704039
8,-5,659.7131062946276
8,-4,583.4341359397276
7,-4,100.0
7,-5,807.5780647244676
7,-4,659.4271231032443
8,-4,512.7559515857753
7,-4,287.64347137752173
6,-4,233.78830599177633
6,-3,100.0
5,-3,584.4618795465587
4,-3,353.37792912897476
4,-2,736.9136746156735
4,-1,423.4553600135406
5,-1,526.6644095665503
4,-1,700.74724997902
3,-1,394.1322160023783
2,-1,988.0707534917303
2,0,440.1734283559774
2,1,486.0702644323691
2,2,758.5263145096919
1,2,394.6941086817004
0,2,638.2407489074031
0,3,526.99935527982
-1,3,941.4311752923392
0,3,326.368672402139
-1,3,531.0279071030491
-2,3,653.2009246082905
-2,4,234.02433533603897
-2,5,244.2304559881286
-2,6,100.0
-1,6,514.1652035391483
0,6,706.3380913322762
-1,6,420.801764185098
-2,6,607.2296075290477
-1,6,485.0359364268997
-2,6,371.21539806727037
-2,7,502.6712437757021
-1,7,743.2595762488979
-2,7,472.07219053693683
-1,7,287.26922476223075
-2,7,313.95464130902155
-2,6,332.97867321112744
-3,6,665.4736066805917
-3,7,519.9480162113409
-4,7,150.09032101236386
-4,8,265.28663667084345
-5,8,854.1853443771415
-5,9,136.03567230649557
-6,9,513.2617500558976
-5,9,504.5108499500292
-5,10,366.1096249858052
-6,10,335.18022521120747
-7,10,241.50516397807183
-8,10,277.61846773476594
-9,10,164.83094012283345
-10,10,100.0
-11,10,371.86198551160606
-12,10,329.91614848351617
-13,10,334.8054360723878
-13,9,213.1726420778604
-13,10,100.0
-12,10,310.57937190116843
-12,11,649.9646927615221
-13,11,100.0
-13,10,273.6507187615433
-13,11,564.6807353019675
-14,11,128.62112040295182
-15,11,100.0
-15,12,100.0
-16,12,100.0
-16,11,432.9321463376543
-15,11,203.84162567333271
-16,11,200.97159199846345
-15,11,234.03784181984554
-15,10,100.0
-14,10,100.0
-14,11,281.1133403810421
-14,12,100.0
-14,11,117.1110992306348
-13,11,203.03653352804582
-12,11,100.0
-12,10,100.0
-12,9,140.48784749457735
-11,9,187.0332717136731
-11,8,100.0
-11,7,285.48112583717204
-11,8,100.0
-11,7,239.87348292274595
-12,7,318.3918992274106
-12,8,109.27382222394888
-13,8,337.2038884522311
-12,8,151.68606077854423
-12,9,131.6115003862203
-11,9,308.9034646790265
-11,8,474.8962745371472
-10,8,474.92520516143287
-10,7,297.5361103965525
-9,7,120.60071711865004
-9,8,444.8427292208821
-10,8,148.33601618523906
-10,7,577.9678899250523
-9,7,399.126509155623
-10,7,100.0
-10,6,100.0
-10,5,251.8637722011029
-9,5,243.5656988227237
-8,5,138.97866169596028
-8,4,102.7048735638104
-8,3,568.1439852008107
-8,2,347.0774814885061
-8,1,230.2010310056236
-7,1,696.038767214272
-7,0,279.49715875163366
-7,-1,675.330119176107
-7,-2,546.5375993735864
-6,-2,724.210749221451
-6,-3,837.1681566791361
-6,-4,205.18523637035116
-5,-4,100.0
-4,-4,562.8222093411746
-3,-4,634.0783150437418
-3,-3,461.7423961401004
-3,-4,327.6666929302232
-3,-3,564.6929707929639
-3,-4,271.65677916962164
-3,-5,430.0518912130408
-4,-5,317.4738016180402
-3,-5,1133.2362314569061
-2,-5,339.9902446921259
-2,-6,500.51007312965663
-1,-6,337.9256464070057
-1,-7,337.35254546273256
0,-7,444.3700257971984
0,-8,538.0920125924531
-1,-8,100.0
-2,-8,766.9273640648532
-3,-8,677.6761596696472
-2,-8,148.30086843974215
-1,-8,374.4467477687084
-2,-8,702.2328129036152
-3,-8,473.4772015516255
-4,-8,421.09483735490466
-3,-8,308.50240124710615
-4,-8,154.82337882911526
-3,-8,489.4782057081013
-4,-8,557.5943668761469
-3,-8,513.0652070762676
-2,-8,100.0
-3,-8,286.5358956809275
-4,-8,326.3099046299094
-5,-8,391.72409215291646
-6,-8,618.3800289383707
-5,-8,178.90230168298132
-6,-8,124.59281628954491
-5,-8,563.86593444934
-6,-8,438.0016636990249
-7,-8,221.56208131140957
-6,-8,488.78360317391906
-5,-8,306.9496664847994
-6,-8,518.0049813806118
-7,-8,356.33245186865554
-8,-8,317.2820070147037
-9,-8,292.5226465341753
-10,-8,250.77835828917543
-11,-8,100.0
-12,-8,409.2729859381933
-11,-8,258.2392600926388
-12,-8,111.99984732363869
-13,-8,224.67720162715435
-14,-8,100.0
-15,-8,116.26855230945344
-16,-8,308.98899875903567
-17,-8,100.0
-16,-8,264.10976860472863
-15,-8,100.0
-15,-7,191.13005097126572
-14,-7,146.0819407294395
-14,-8,100.0
-13,-8,100.0
-12,-8,100.0
-11,-8,507.98096383246116
-11,-7,532.5512145836922
-10,-7,473.88385947460637
-9,-7,100.0
-10,-7,424.38083619621773
-9,-7,349.79011155910314
-9,-8,527.4466485468555
-9,-7,180.11786864856566
-8,-7,356.38089231163815
-7,-7,522.0019546446683
-7,-8,100.0
-6,-8,226.76038204369516
-5,-8,421.10840328625954
-5,-9,386.9610819021085
-6,-9,289.2775852508967
-5,-9,375.63589026851275
-4,-9,227.09468403751714
-5,-9,524.1665103925912
-4,-9,171.88472627528904
-3,-9,599.4815306743326
-3,-10,426.7954154051271
-3,-11,533.7053325982889
-2,-11,535.1611571655442
-1,-11,425.4811188175145
0,-11,100.0
1,-11,100.0
0,-11,193.4744337042278
1,-11,545.027876241253
1,-12,376.2262821135104
0,-12,111.97470280507683
-1,-12,606.8614753703189
0,-12,561.1876057902871
0,-13,367.99112013960826
1,-13,397.32417375889247
2,-13,519.8764647594027
2,-14,237.01169894158664
3,-14,203.01672592890176
4,-14,165.11107973381968
5,-14,625.0322681558655
6,-14,251.477943443487
6,-15,100.0
7,-15,132.96171673324235
7,-14,455.33596115367084
6,-14,100.0
7,-14,182.5411062711889
8,-14,100.0
9,-14,171.14932333332388
10,-14,100.0
11,-14,100.0
12,-14,199.45361917084105
13,-14,100.0
14,-14,260.88490679096185
14,-15,100.0
15,-15,396.78327331345844
14,-15,295.96684608140885
14,-16,169.54653046465756
14,-17,100.0
14,-16,100.0
15,-16,100.0
16,-16,233.33417924746772
16,-17,100.0
16,-18,100.0
16,-19,100.0
16,-20,100.0
17,-20,100.0
18,-20,100.0
19,-20,100.0
20,-20,100.0
20,-19,100.0
20,-18,106.43494162500903
20,-17,100.0
20,-16,100.0
20,-17,100.0
20,-18,100.0
20,-17,100.0
20,-16,100.0
20,-15,100.0
20,-14,100.0
20,-13,100.0
20,-12,244.8456694898642
20,-11,204.96346866202578
20,-10,100.0
20,-9,100.0
20,-8,100.0
19,-8,204.1299779697226
18,-8,100.0
17,-8,315.58925104477004
16,-8,250.98422983692268
15,-8,100.0
14,-8,100.0
13,-8,259.7361979929945
12,-8,457.4909224322161
11,-8,189.5063266478964
10,-8,232.7529688255958
10,-7,149.59974188859277
9,-7,384.20840310825673
8,-7,100.0
7,-7,194.36269244833542
7,-8,489.36430309527196
6,-8,520.8744372366466
5,-8,512.5891198040082
6,-8,100.0
6,-9,179.4730146010923
5,-9,363.4532256598135
4,-9,100.0
3,-9,184.11972786368645
4,-9,351.54186169453817
5,-9,647.9946331167316
4,-9,673.1702077383699
4,-10,406.4058818550615
3,-10,272.7843824292253
4,-10,340.2721950129333
4,-11,206.9295842885644
3,-11,287.7528389322305
2,-11,370.13605261188945
1,-11,554.1610333892627
0,-11,100.0
-1,-11,100.0
-1,-12,141.68511422215215
-2,-12,159.87132740014255
-3,-12,440.4882933566774
-3,-13,100.0
-4,-13,100.0
-5,-13,100.0
-6,-13,174.97120559195514
-5,-13,496.0581662907541
-6,-13,294.9756633123336
-6,-14,186.80894843729382
-7,-14,100.0
-6,-14,414.01647508619425
-7,-14,100.0
-7,-15,572.7293907141122
-8,-15,100.0
-9,-15,100.0
-10,-15,100.0
-11,-15,100.0
-10,-15,145.74301637153798
-11,-15,134.74564045311098
-12,-15,100.0
-13,-15,169.31188250810885
-14,-15,365.08690042165006
-15,-15,541.576834783818
-15,-16,210.41831686152045
-16,-16,100.0
-17,-16,100.0
-18,-16,162.29828387132568
-19,-16,100.0
-20,-16,100.0
-19,-16,100.0
-19,-17,100.0
-18,-17,100.0
-18,-16,186.54330051721698
-17,-16,100.0
-16,-16,100.0
-15,-16,106.92719602359128
-15,-15,100.0
-14,-15,257.1052015533394
-13,-15,195.398043680073
-12,-15,100.0
-12,-16,230.78389821423622
-12,-15,100.0
-13,-15,246.03092840646278
-12,-15,415.1547401157065
-11,-15,419.98983155851647
-10,-15,100.0
-9,-15,154.46789105193065
-8,-15,248.50037960826094
-9,-15,100.0
-9,-16,229.2630343304178
-9,-15,636.6721314271276
-8,-15,100.0
-8,-14,119.10360198639297
-7,-14,704.051174221166
-6,-14,100.0
-5,-14,164.78320269559003
-5,-13,313.87161286842803
-4,-13,451.715504511758
-3,-13,100.0
-2,-13,100.0
-1,-13,153.4896325168628
-1,-12,581.262412847804
-2,-12,547.5822454398058
-1,-12,100.0
-1,-11,473.5010498432469
-1,-12,100.0
-2,-12,100.0
-1,-12,201.12702411708418
-1,-11,535.3402108179429
0,-11,384.50834516901506
0,-10,243.4172458260689
0,-9,339.2727790578936
-1,-9,503.14783764557063
0,-9,125.89887798049614
1,-9,100.0
0,-9,256.1897274300485
-1,-9,497.48791485385556
0,-9,434.75598584160986
-1,-9,327.1302996063639
0,-9,456.81301312434005
1,-9,138.16985335325143
2,-9,612.4891364272784
2,-8,719.4621108514442
3,-8,100.0
4,-8,237.1406274931455
4,-9,601.7450576769356
3,-9,182.65793931468664
2,-9,289.89010144023945
1,-9,437.0473965661191
1,-10,351.6550434938508
0,-10,195.73720074138484
0,-11,320.0474083422132
0,-12,840.944384899036
0,-11,100.0
1,-11,100.0
1,-12,280.31135926918813
2,-12,259.858441110616
2,-11,323.54269599363363
2,-10,100.0
2,-9,532.3364406086441
3,-9,630.3792449029987
2,-9,336.43696689472745
2,-8,209.2335444178642
2,-9,100.0
3,-9,620.2494531256838
3,-8,326.2500419511898
4,-8,209.6478884995482
5,-8,715.6166755750642
6,-8,230.83617206233552
6,-7,223.22386168096955
6,-6,282.14793762797467
7,-6,659.4331180125557
7,-7,393.2569775072148
6,-7,497.83574953049964
7,-7,142.50624249779392
8,-7,100.0
8,-6,443.2916129310059
7,-6,507.7112758313371
7,-5,109.67531780043166
7,-4,189.61924985988873
8,-4,540.3063126898022
9,-4,186.0036694699154
9,-3,872.7026199599069
9,-2,102.07868427648603
10,-2,318.38637413120904
9,-2,426.05111040893865
10,-2,512.7064381649035
10,-1,190.00632308455766
11,-1,194.60260646657935
11,0,100.0
12,0,294.26125133316896
12,1,100.0
12,2,799.5284707374261
13,2,120.74602504494226
13,3,237.65433498111548
12,3,100.0
12,4,100.0
13,4,679.8250819431996
12,4,116.03622408756851
12,5,373.1832481782121
13,5,241.16158791746693
14,5,385.2996261505828
13,5,100.0
13,4,100.0
14,4,100.0
14,5,124.98169410694173
15,5,100.0
16,5,188.58361219993216
17,5,352.2358621039804
18,5,276.34152416925133
18,6,292.1542390581449
18,7,275.72859876208184
18,8,100.0
19,8,100.0
20,8,100.0
19,8,100.0
18,8,100.0
17,8,100.0
16,8,100.0
15,8,148.81875080466534
14,8,434.0969956219437
13,8,300.4846096472804
12,8,100.0
12,9,164.83260292171923
12,8,250.29026646776748
12,7,246.7872454432695
12,6,480.74311360482693
12,5,292.38291329520627
12,4,432.31064582191357
12,3,481.88621749232595
13,3,363.62754874166603
12,3,159.98391889385434
13,3,227.96462914044463
14,3,193.4233362500893
13,3,466.4116747781625
14,3,121.51466311418916
13,3,429.6555431325236
13,2,417.59369938098916
13,1,100.0
