16,-15,50.0
16,-15,107.12117678705
16,-14,194.24109810275323
16,-14,50.0
16,-13,204.03131390732548
16,-13,50.0
16,-12,50.0
16,-12,50.0
16,-11,50.0
16,-11,302.45419667489125
15,-11,50.0
15,-11,50.0
14,-11,50.0
14,-11,50.0
15,-11,111.9446319680527
15,-11,130.67129559374564
14,-11,126.07942471693028
14,-11,50.0
14,-10,182.44686387527992
14,-10,50.0
13,-10,118.68367704056753
13,-10,212.19083808996783
12,-10,118.21611158814338
12,-10,50.0
11,-10,317.9518343477563
11,-10,73.53788270817715
11,-9,54.68759304513802
11,-9,203.36948679518875
12,-9,153.03029875780678
12,-9,129.24758301210102
12,-8,339.08276111572764
12,-8,163.86170600818468
11,-8,277.4098439610746
11,-8,50.0
11,-7,195.05784307522546
11,-7,50.0
10,-7,123.22979177800673
10,-7,291.9355743832499
9,-7,239.22565852661802
9,-7,444.517358467865
8,-7,244.53402443298756
8,-7,144.11542940005964
8,-6,358.4672369603233
8,-6,285.2695635746839
8,-5,137.63781787251523
8,-5,50.0
8,-4,195.27891325051442
8,-4,273.14141876805354
7,-4,177.20893586836007
7,-4,231.17248961448348
7,-5,224.2505825060868
7,-5,364.74783697847533
7,-4,417.4687264136695
7,-4,336.27760531460734
8,-4,218.736477501499
8,-4,384.2622087310416
7,-4,292.6721407527106
7,-4,532.7078675884187
6,-4,359.66384794013544
6,-4,232.6498761718218
6,-3,186.02843202872873
6,-3,190.80301177493266
5,-3,257.5410517259204
5,-3,162.67634309095575
4,-3,202.678459651188
4,-3,186.05257233964156
4,-2,370.847316503703
4,-2,50.0
4,-1,50.0
4,-1,50.0
5,-1,430.79245068945636
5,-1,224.90801066655754
4,-1,318.2650733643163
4,-1,87.9238782690833
3,-1,248.5589042357846
3,-1,474.05035643109727
2,-1,302.3678101747056
2,-1,343.5061524647647
2,0,625.5211038408434
2,0,456.2789369639606
2,1,239.5520891360497
2,1,291.0167084791092
2,2,455.7102489708674
2,2,104.2984885861427
1,2,419.0785809498403
1,2,326.22128448952503
0,2,239.48379327981232
0,2,481.00009424946563
0,3,331.19560910997455
0,3,368.7737930748125
-1,3,620.0644371220997
-1,3,391.8966736394423
0,3,267.72359655537156
0,3,420.0811270569009
-1,3,747.7804587873891
-1,3,156.05340761234513
-2,3,121.33958930434127
-2,3,315.0294759824817
-2,4,212.8351151208347
-2,4,340.33398292364853
-2,5,288.23820992204753
-2,5,281.6864175523829
-2,6,525.3194751116691
-2,6,147.78717351810397
-1,6,341.863170368893
-1,6,162.965745987864
0,6,111.63087698346806
0,6,330.34771005421675
-1,6,124.14527656031966
-1,6,428.0129071361872
-2,6,256.4070811869105
-2,6,523.0260471162862
-1,6,298.29745362362956
-1,6,279.82052958320105
-2,6,293.12231248715324
-2,6,250.1619927736123
-2,7,289.9056982924082
-2,7,657.4583271373629
-1,7,253.50451710224795
-1,7,245.33110303400065
-2,7,206.22128546722604
-2,7,70.9274498170144
-1,7,164.78415378076943
-1,7,503.18109386854553
-2,7,295.21800053171114
-2,7,358.762978538057
-2,6,390.34884543517995
-2,6,277.96113191472136
-3,6,480.2112913723188
-3,6,373.4046386112416
-3,7,279.2293854318339
-3,7,452.5463844573422
-4,7,343.0949578179912
-4,7,190.41008143063357
-4,8,453.4795688629507
-4,8,50.0
-5,8,295.7175987920267
-5,8,50.0
-5,9,343.06803881141025
-5,9,337.9995285028071
-6,9,231.86371338325628
-6,9,273.5300103801432
-5,9,541.2101993544854
-5,9,50.0
-5,10,224.89304866954063
-5,10,349.18778159132347
-6,10,50.0
-6,10,50.0
-7,10,324.5064084337373
-7,10,250.65929106618393
-8,10,298.62533592655666
-8,10,172.50048702970838
-9,10,51.83787478187679
-9,10,353.54003995126754
-10,10,60.04832167187158
-10,10,80.63040935635854
-11,10,361.33989752649916
-11,10,149.79761440887546
-12,10,112.43845984405361
-12,10,50.0
-13,10,96.74885530717569
-13,10,50.0
-13,9,156.7979765148015
-13,9,91.25742654297302
-13,10,50.0
-13,10,125.26060163576088
-12,10,317.3016276644804
-12,10,50.88676032695916
-12,11,118.94901572474531
-12,11,50.0
-13,11,312.3404456266105
-13,11,50.0
-13,10,86.26053286994278
-13,10,50.0
-13,11,69.65075192124445
-13,11,114.96034501614022
-14,11,50.0
-14,11,50.0
-15,11,50.0
-15,11,50.0
-15,12,50.0
-15,12,50.0
-16,12,207.80127396177693
-16,12,50.0
-16,11,50.0
-16,11,50.0
-15,11,145.92365850788738
-15,11,50.0
-16,11,50.0
-16,11,142.18323574971876
-15,11,50.0
-15,11,72.63022876126796
-15,10,140.4242914149062
-15,10,121.5792415286922
-14,10,297.6074730115779
-14,10,50.0
-14,11,50.0
-14,11,50.0
-14,12,50.0
-14,12,106.35553388425222
-14,11,201.2710171998511
-14,11,50.0
-13,11,182.3227131510962
-13,11,67.86513850132582
-12,11,162.47113736463155
-12,11,76.71612790435603
-12,10,50.0
-12,10,50.0
-12,9,216.79766429178204
-12,9,221.43592186396734
-11,9,82.5613097226051
-11,9,406.82049072806547
-11,8,235.12827846637617
-11,8,50.0
-11,7,216.2897188205845
-11,7,227.92300043674427
-11,8,204.77229263344543
-11,8,324.4207518272113
-11,7,70.16381080670128
-11,7,171.50670009649022
-12,7,117.74037450542855
-12,7,171.36560500664592
-12,8,188.64319491320768
-12,8,289.1950845891495
-13,8,221.66478384537962
-13,8,90.52431780176127
-12,8,157.88072043147164
-12,8,50.0
-12,9,280.2811118326177
-12,9,129.1265541247131
-11,9,50.0
-11,9,207.48962449589942
-11,8,520.0759166413956
-11,8,50.0
-10,8,50.0
-10,8,474.9466260587309
-10,7,158.74383869912737
-10,7,330.3164121315675
-9,7,338.5062938593924
-9,7,450.8710182449988
-9,8,124.52014440083437
-9,8,283.57598823910814
-10,8,235.88262434114012
-10,8,341.16213522994326
-10,7,246.1560304656982
-10,7,124.00438149068735
-9,7,193.07466078404966
-9,7,50.0
-10,7,50.0
-10,7,72.39405564117105
-10,6,174.6814236657823
-10,6,56.06843976329182
-10,5,224.82333563348848
-10,5,209.9791902433368
-9,5,279.7322231257217
-9,5,109.2184309104375
-8,5,247.3934395687775
-8,5,332.5812531405146
-8,4,554.1716608200874
-8,4,70.48435437298741
-8,3,142.58281896199452
-8,3,86.42294682295429
-8,2,620.5221993168104
-8,2,80.00208869926925
-8,1,147.31622644573895
-8,1,454.6614372434757
-7,1,186.9372120997188
-7,1,384.90994203469427
-7,0,297.98825049641556
-7,0,287.46607148587213
-7,-1,127.88374495081239
-7,-1,336.94199765554583
-7,-2,341.42520024532973
-7,-2,208.73266617155195
-6,-2,648.8253681943789
-6,-2,226.63202170042535
-6,-3,246.59309330077772
-6,-3,50.0
-6,-4,558.1678390882623
-6,-4,373.54737891387697
-5,-4,575.4993584248537
-5,-4,375.68664872867464
-4,-4,454.92654600455626
-4,-4,184.05103519119578
-3,-4,370.13201276030804
-3,-4,257.16510640443755
-3,-3,279.31001756001257
-3,-3,426.96072977854107
-3,-4,406.60365573027565
-3,-4,227.4578518707428
-3,-3,351.2145588196572
-3,-3,188.19578973338764
-3,-4,240.24392085336598
-3,-4,277.3042766202796
-3,-5,245.17472874804503
-3,-5,230.30705515221814
-4,-5,272.11527241998084
-4,-5,268.72114382133464
-3,-5,119.17822407368477
-3,-5,257.9702074188492
-2,-5,132.18680237969122
-2,-5,369.4072267345542
-2,-6,208.960426054467
-2,-6,269.24044937788017
-1,-6,280.11849230227017
-1,-6,83.05098480634325
-1,-7,286.5354856496033
-1,-7,246.4197967559287
0,-7,87.4785264646471
0,-7,482.74858862409724
0,-8,167.53628849010997
0,-8,50.0
-1,-8,209.97384458576335
-1,-8,423.7165367513391
-2,-8,50.0
-2,-8,291.3641327199207
-3,-8,236.96282103513744
-3,-8,336.8631445336706
-2,-8,247.1262560426213
-2,-8,175.08755813110923
-1,-8,215.69728050406852
-1,-8,50.0
-2,-8,367.1883091459552
-2,-8,50.0
-3,-8,289.3415634706235
-3,-8,180.57745331465114
-4,-8,252.79045401832082
-4,-8,206.61239724254744
-3,-8,105.4049446791661
-3,-8,303.23780446408244
-4,-8,271.6731371687676
-4,-8,136.90632101029217
-3,-8,198.13873743829362
-3,-8,208.01798992946743
-4,-8,366.2817593887237
-4,-8,157.4144793362285
-3,-8,187.04513169361388
-3,-8,182.19826283104152
-2,-8,253.9053810051345
-2,-8,128.5129772426048
-3,-8,172.8194837714551
-3,-8,296.3138959546899
-4,-8,242.1400196321469
-4,-8,163.23512067584667
-5,-8,246.33168673037727
-5,-8,429.4681813472762
-6,-8,323.64604839217964
-6,-8,263.2464555485949
-5,-8,434.4978745860084
-5,-8,128.42218089683672
-6,-8,254.1661987805517
-6,-8,258.3566406480974
-5,-8,59.42878945803636
-5,-8,99.6463379245036
-6,-8,189.51575929212106
-6,-8,650.8699173651851
-7,-8,224.9900657994894
-7,-8,317.2716483253913
-6,-8,176.38183639661602
-6,-8,409.79770354290076
-5,-8,72.66663672821667
-5,-8,267.65511089225816
-6,-8,553.8579702442808
-6,-8,267.38157530645935
-7,-8,567.5168849179481
-7,-8,173.63911499432263
-8,-8,167.13506044661395
-8,-8,246.35784741686956
-9,-8,596.3680009011266
-9,-8,304.87137883572905
-10,-8,50.0
-10,-8,109.43121749666513
-11,-8,61.33614507818106
-11,-8,414.5939424346293
-12,-8,300.6544536071725
-12,-8,216.90866526899475
-11,-8,229.442546981862
-11,-8,290.28365633268936
-12,-8,110.47933583023975
-12,-8,130.02744571183928
-13,-8,50.0
-13,-8,85.02233984912182
-14,-8,283.3424839213741
-14,-8,182.45986845213724
-15,-8,220.134810300271
-15,-8,50.0
-16,-8,50.0
-16,-8,69.02697953032845
-17,-8,50.0
-17,-8,50.0
-16,-8,55.5740415437493
-16,-8,59.41661869332688
-15,-8,123.70199369844595
-15,-8,86.16295066359984
-15,-7,193.20828798040048
-15,-7,133.48076144242373
-14,-7,50.0
-14,-7,410.69708524010474
-14,-8,279.98827163756346
-14,-8,81.37214103016936
-13,-8,50.0
-13,-8,50.0
-12,-8,318.4472828979531
-12,-8,189.71730535915543
-11,-8,138.99384683626502
-11,-8,50.0
-11,-7,187.4701544255748
-11,-7,61.53219123766685
-10,-7,64.25852394879449
-10,-7,252.49893067671118
-9,-7,483.98462113016217
-9,-7,215.99278262726313
-10,-7,76.25584753425517
-10,-7,50.0
-9,-7,360.2773677763162
-9,-7,50.0
-9,-8,209.57968009564505
-9,-8,109.69125366376998
-9,-7,304.70512069618474
-9,-7,50.0
-8,-7,212.48212766546447
-8,-7,230.182516109694
-7,-7,50.0
-7,-7,70.0358338071641
-7,-8,120.03663677656718
-7,-8,116.39724910611434
-6,-8,395.710498561066
-6,-8,176.08431979211238
-5,-8,141.87313593706986
-5,-8,341.67361015188146
-5,-9,150.343615330296
-5,-9,192.0566257444659
-6,-9,249.7683568750852
-6,-9,50.0
-5,-9,285.6017294753789
-5,-9,162.4765753620162
-4,-9,197.75544046959243
-4,-9,350.3236905521416
-5,-9,177.82538817222937
-5,-9,287.71927492382525
-4,-9,327.2332510384339
-4,-9,276.48963734069207
-3,-9,398.2530647703212
-3,-9,340.66433551288367
-3,-10,65.90310383764526
-3,-10,130.4130389810432
-3,-11,93.03188760423971
-3,-11,50.0
-2,-11,155.5854998927623
-2,-11,235.09052090573022
-1,-11,107.50930486450454
-1,-11,183.01105869240465
0,-11,207.15824436242858
0,-11,168.6853013709935
1,-11,134.016887017932
1,-11,119.70990692077878
0,-11,73.5662722613474
0,-11,241.50735013790228
1,-11,108.08868059806198
1,-11,80.12582184866042
1,-12,50.0
1,-12,50.0
0,-12,135.19563711747787
0,-12,210.30256476211844
-1,-12,238.21111901466722
-1,-12,368.62032625699544
0,-12,445.7096612556064
0,-12,244.30180443224805
0,-13,50.0
0,-13,50.0
1,-13,50.0
1,-13,97.99438571907056
2,-13,321.5110492044299
2,-13,207.28332666002427
2,-14,198.52787224123676
2,-14,159.10691754227722
3,-14,50.0
3,-14,87.01684437643199
4,-14,58.09806516229055
4,-14,50.0
5,-14,80.99290070372972
5,-14,99.82628507915413
6,-14,199.81876278763025
6,-14,443.3034554044035
6,-15,210.6889234297249
6,-15,50.0
7,-15,157.93683022901632
7,-15,50.0
7,-14,240.6464966957205
7,-14,50.0
6,-14,128.15548180469636
6,-14,275.8404378616027
7,-14,50.0
7,-14,50.0
8,-14,200.51948404382387
8,-14,126.37974992535419
9,-14,145.25744065827297
9,-14,50.0
10,-14,143.09339700481206
10,-14,347.3675518116346
11,-14,143.9091321848952
11,-14,305.8284097488064
12,-14,122.25614067956076
12,-14,50.0
13,-14,50.0
13,-14,152.97188732380505
14,-14,87.45815341371879
14,-14,101.28357063229642
14,-15,50.0
14,-15,50.0
15,-15,50.0
15,-15,71.99078281764801
14,-15,50.0
14,-15,50.0
14,-16,50.0
14,-16,50.0
14,-17,50.0
14,-17,50.0
14,-16,199.0620892226512
14,-16,50.0
15,-16,50.0
15,-16,50.0
16,-16,154.58124492318268
16,-16,50.0
16,-17,50.0
16,-17,50.0
16,-18,50.0
16,-18,50.0
16,-19,50.0
16,-19,50.0
16,-20,50.0
16,-20,50.0
17,-20,50.0
17,-20,50.0
18,-20,50.0
18,-20,50.0
19,-20,68.75833942505082
19,-20,50.0
20,-20,50.0
20,-20,50.0
20,-19,50.0
20,-19,50.0
20,-18,50.0
20,-18,88.01373665402326
20,-17,50.0
20,-17,50.0
20,-16,50.0
20,-16,139.03957693029488
20,-17,50.0
20,-17,74.82496304447841
20,-18,50.0
20,-18,50.0
20,-17,50.0
20,-17,50.0
20,-16,50.0
20,-16,205.70244102041696
20,-15,50.0
20,-15,50.0
20,-14,50.0
20,-14,50.0
20,-13,50.0
20,-13,50.0
20,-12,50.0
20,-12,50.0
20,-11,50.0
20,-11,67.11868521647325
20,-10,215.06928061594607
20,-10,50.0
20,-9,50.0
20,-9,50.0
20,-8,50.0
20,-8,50.0
19,-8,50.0
19,-8,50.0
18,-8,50.0
18,-8,66.70239560416353
17,-8,50.0
17,-8,63.49063376498013
16,-8,139.5932988902441
16,-8,104.50874101987415
15,-8,148.48872270146347
15,-8,68.55823831331281
14,-8,286.4817331492919
14,-8,75.46857389656522
13,-8,281.6831318117499
13,-8,50.0
12,-8,442.12977951472504
12,-8,50.0
11,-8,50.0
11,-8,326.04288737686556
10,-8,225.32817204715042
10,-8,456.14125068811177
10,-7,73.11584987122986
10,-7,374.0486753695005
9,-7,50.0
9,-7,187.58537755122316
8,-7,456.2977082243863
8,-7,255.66214588777729
7,-7,283.03843816592865
7,-7,69.26299902581306
7,-8,166.76694282234786
7,-8,247.86966616214505
6,-8,350.0765348013046
6,-8,127.11752194607905
5,-8,179.40825407122225
5,-8,79.51613748794239
6,-8,77.49931725657123
6,-8,338.96570008148746
6,-9,50.0
6,-9,404.77559310459776
5,-9,393.78158485723816
5,-9,50.0
4,-9,170.73823776495635
4,-9,103.22602680646726
3,-9,87.15255762701705
3,-9,303.4205604141217
4,-9,50.0
4,-9,329.3750699625943
5,-9,278.9079046960836
5,-9,182.76248533110015
4,-9,305.0763293585954
4,-9,288.194815968837
4,-10,198.89213504106684
4,-10,211.24839214588104
3,-10,243.08240858980463
3,-10,50.0
4,-10,211.85387004911308
4,-10,248.52900877440945
4,-11,127.29088776931282
4,-11,212.42000357477784
3,-11,174.60371573172017
3,-11,322.02769521406424
2,-11,50.0
2,-11,125.55347633767055
1,-11,175.9823561679887
1,-11,159.89473046920438
0,-11,297.1587587641544
0,-11,195.74977854084594
-1,-11,121.44407182238372
-1,-11,399.261809094293
-1,-12,66.68631892128474
-1,-12,242.73257198524175
-2,-12,294.6741408978348
-2,-12,198.3823508912249
-3,-12,50.0
-3,-12,251.50025260477628
-3,-13,63.03584254585071
-3,-13,358.5739495360136
-4,-13,281.47255285987103
-4,-13,264.69783494169485
-5,-13,162.56845926079728
-5,-13,202.3949722258075
-6,-13,50.0
-6,-13,50.0
-5,-13,186.06295937556106
-5,-13,294.63046540554944
-6,-13,133.33308644404127
-6,-13,50.0
-6,-14,133.82974441100788
-6,-14,232.65711317863952
-7,-14,50.0
-7,-14,50.0
-6,-14,260.98529425996105
-6,-14,137.36144602295127
-7,-14,50.0
-7,-14,74.84647968193345
-7,-15,229.9874684802047
-7,-15,51.00651616481051
-8,-15,50.0
-8,-15,246.30986051617504
-9,-15,94.22225594355558
-9,-15,50.0
-10,-15,50.0
-10,-15,50.0
-11,-15,50.0
-11,-15,50.0
-10,-15,50.0
-10,-15,50.0
-11,-15,50.0
-11,-15,50.0
-12,-15,51.69149833436168
-12,-15,50.0
-13,-15,50.0
-13,-15,89.17624714904424
-14,-15,50.0
-14,-15,166.55769918366713
-15,-15,50.0
-15,-15,50.0
-15,-16,50.0
-15,-16,153.2665056398666
-16,-16,79.2136641681463
-16,-16,50.0
-17,-16,50.0
-17,-16,184.84617247635734
-18,-16,50.0
-18,-16,50.0
-19,-16,50.0
-19,-16,52.755532435933034
-20,-16,50.0
-20,-16,50.0
-19,-16,81.45462314427232
-19,-16,50.0
-19,-17,50.0
-19,-17,50.0
-18,-17,50.0
-18,-17,50.0
-18,-16,50.0
-18,-16,50.0
-17,-16,50.0
-17,-16,133.20062323495446
-16,-16,50.0
-16,-16,50.0
-15,-16,50.0
-15,-16,50.0
-15,-15,50.0
-15,-15,221.18901696108856
-14,-15,50.0
-14,-15,305.1609007162318
-13,-15,50.0
-13,-15,50.0
-12,-15,137.9140410980187
-12,-15,183.0369544639111
-12,-16,224.41629445534014
-12,-16,81.57468195544546
-12,-15,173.8655151813379
-12,-15,50.0
-13,-15,50.0
-13,-15,50.0
-12,-15,50.0
-12,-15,50.0
-11,-15,50.0
-11,-15,50.0
-10,-15,106.60296546906955
-10,-15,71.6948209309885
-9,-15,50.0
-9,-15,102.48532695287244
-8,-15,74.31043281239161
-8,-15,50.0
-9,-15,365.37027226312097
-9,-15,79.1169218297619
-9,-16,50.0
-9,-16,220.47179393294326
-9,-15,50.0
-9,-15,50.0
-8,-15,286.9417967626266
-8,-15,50.0
-8,-14,184.48653216166844
-8,-14,84.57652062606029
-7,-14,97.52760566718017
-7,-14,63.239302173041196
-6,-14,179.37830496607458
-6,-14,50.0
-5,-14,50.0
-5,-14,355.49800973685535
-5,-13,578.7894914384538
-5,-13,50.0
-4,-13,118.41193077679779
-4,-13,375.7839755335694
-3,-13,282.80877410917515
-3,-13,108.5951697256033
-2,-13,152.22974026534087
-2,-13,291.7625466168718
-1,-13,507.7589856300312
-1,-13,191.17647770811297
-1,-12,128.0571718795844
-1,-12,184.3266609355235
-2,-12,50.0
-2,-12,50.0
-1,-12,197.01279549385328
-1,-12,126.62383522850917
-1,-11,368.19821329106514
-1,-11,50.10504850489828
-1,-12,247.61378929987646
-1,-12,126.6518016114974
-2,-12,215.21908295793037
-2,-12,274.9385744292249
-1,-12,394.45825642556883
-1,-12,50.0
-1,-11,244.7302488529578
-1,-11,401.770576300759
0,-11,50.0
0,-11,240.8348172081816
0,-10,181.90400090339045
0,-10,275.235408629167
0,-9,446.0743755913686
0,-9,281.8649718512327
-1,-9,249.9994367613329
-1,-9,206.99753595835716
0,-9,477.4656981086995
0,-9,363.3971355307362
1,-9,153.31454970023685
1,-9,208.04176124428977
0,-9,50.0
0,-9,448.7413254709216
-1,-9,452.797194540821
-1,-9,178.86101180809098
0,-9,156.0914125459766
0,-9,168.5341254494009
-1,-9,370.93714243276145
-1,-9,103.26902974971293
0,-9,408.79112772553367
0,-9,94.47055342046413
1,-9,50.0
1,-9,474.5506042220412
2,-9,254.2033986602616
2,-9,50.0
2,-8,273.43586441634636
2,-8,389.43608274347366
3,-8,310.62634229918507
3,-8,340.28508372167653
4,-8,305.2296648620887
4,-8,164.44297326534647
4,-9,267.89461667945204
4,-9,66.35036135073177
3,-9,516.1350646563078
3,-9,245.05912852591098
2,-9,151.8663066486732
2,-9,482.4588952624067
1,-9,63.34650077067187
1,-9,324.3820432454674
1,-10,443.4364373570344
1,-10,50.0
0,-10,414.8297962853625
0,-10,216.77015264225503
0,-11,436.1674695990299
0,-11,50.0
0,-12,298.41238570635625
0,-12,52.056738249276904
0,-11,138.80710702753947
0,-11,163.44590770453644
1,-11,340.29640715128005
1,-11,433.2006360928701
1,-12,107.11791904657618
1,-12,301.943572858431
2,-12,209.3411298915736
2,-12,346.0604878089729
2,-11,132.2189141751603
2,-11,185.84932050692223
2,-10,309.54890689973325
2,-10,426.66608318929514
2,-9,198.73550152019908
2,-9,244.75436244910756
3,-9,352.29106258415163
3,-9,308.70924150956915
2,-9,457.750587723058
2,-9,178.3477161994869
2,-8,65.12534646069997
2,-8,189.1564284930733
2,-9,50.0
2,-9,50.0
3,-9,400.9627217547055
3,-9,425.26284852859305
3,-8,300.5670796644619
3,-8,242.98581324693723
4,-8,278.760337269163
4,-8,293.5737706627996
5,-8,320.847043176174
5,-8,75.103173078063
6,-8,524.6672683517529
6,-8,592.950357777628
6,-7,187.49737754989772
6,-7,184.92686491950857
6,-6,437.1892594466767
6,-6,163.64481389103176
7,-6,372.62610268849375
7,-6,280.98322327295193
7,-7,284.8292382802108
7,-7,70.01701237831794
6,-7,372.0850099433283
6,-7,161.63136884866324
7,-7,282.96201593711567
7,-7,152.86045497867525
8,-7,50.0
8,-7,324.4010204361375
8,-6,50.0
8,-6,217.66557328782585
7,-6,168.12297925185598
7,-6,50.0
7,-5,362.63521618405264
7,-5,258.2317468616109
7,-4,294.42157505551955
7,-4,526.1019357764535
8,-4,50.0
8,-4,474.3420231877788
9,-4,159.64226730028918
9,-4,384.7112040536607
9,-3,232.23836615481278
9,-3,50.0
9,-2,149.8827198662341
9,-2,285.5042163726839
10,-2,185.45527385297072
10,-2,82.36098196051142
9,-2,255.17355139686427
9,-2,344.4883702663449
10,-2,139.7077708826606
10,-2,138.09138569625037
10,-1,222.57585374470776
10,-1,160.30045130076542
11,-1,133.96445724258368
11,-1,305.704178582618
11,0,50.0
11,0,202.87347646870364
12,0,232.84647844067695
12,0,289.1005281713362
12,1,50.0
12,1,70.12407884847873
12,2,290.6002035136281
12,2,343.74387349373956
13,2,137.2610656820236
13,2,363.9835169556512
13,3,50.79672995193454
13,3,339.19746092499827
12,3,201.83713304494086
12,3,274.80788780978446
12,4,198.02123338553835
12,4,192.72290968154633
13,4,121.57771893150779
13,4,323.9231576865892
12,4,332.4211730062557
12,4,191.65091981450573
12,5,264.845830256532
12,5,139.51784044217862
13,5,50.0
13,5,131.60639184660235
14,5,156.07676808081084
14,5,276.6268736368458
13,5,50.0
13,5,320.7817890841646
13,4,186.18384342174585
13,4,50.0
14,4,172.97526106033462
14,4,82.04509047702037
14,5,306.37844705863597
14,5,50.0
15,5,208.6646756518789
15,5,50.0
16,5,315.6854591291645
16,5,82.8762773347921
17,5,171.3228877611745
17,5,100.51458739053722
18,5,50.0
18,5,50.0
18,6,151.28013203264027
18,6,181.0663075582725
18,7,123.56807257920005
18,7,50.0
18,8,120.68800076155831
18,8,50.0
19,8,50.0
19,8,50.0
20,8,50.0
20,8,232.05047935635156
19,8,95.52130593910736
19,8,50.0
18,8,165.60060997672878
18,8,50.0
17,8,50.0
17,8,184.47928184053018
16,8,50.0
16,8,50.0
15,8,79.1498363269378
15,8,84.33044505321634
14,8,50.0
14,8,76.00662465832421
13,8,266.24305473378956
13,8,84.92551492922436
12,8,50.0
12,8,302.0323000972098
12,9,173.649503368014
12,9,257.25059669400287
12,8,79.89073510587555
12,8,102.29902616602294
12,7,492.11316387160844
12,7,167.9977096381649
12,6,244.44776644480058
12,6,115.08726434613969
12,5,315.8584906442877
12,5,302.3102514893875
12,4,189.26712138956088
12,4,139.34481406407136
12,3,69.24923650566265
12,3,50.0
13,3,50.0
13,3,224.29215418627305
12,3,79.94388397780403
12,3,50.0
13,3,55.56019284257047
13,3,50.0
14,3,50.0
14,3,54.04442776762575
13,3,50.0
13,3,72.11174219505341
14,3,50.0
14,3,223.68976816306022
13,3,324.3568714551433
13,3,50.0
13,2,291.64648695118547
13,2,78.06890687069765
13,1,50.0
13,1,50.0
