16,-15,50.0
16,-15,261.5749733327125
16,-14,50.0
16,-14,140.43246549903708
16,-13,50.0
16,-13,186.91643291103225
16,-12,128.25474983330048
16,-12,333.1086504155674
16,-11,277.33376854052085
16,-11,165.8079298686937
15,-11,50.0
15,-11,50.0
14,-11,50.0
14,-11,50.0
15,-11,50.0
15,-11,50.0
14,-11,50.0
14,-11,50.0
14,-10,50.0
14,-10,50.0
13,-10,50.0
13,-10,50.0
12,-10,50.0
12,-10,126.35084300230872
11,-10,50.0
11,-10,143.5238767014373
11,-9,303.9276348953219
11,-9,337.9270843589826
12,-9,50.0
12,-9,204.67517160235104
12,-8,287.9055519151859
12,-8,50.0
11,-8,407.68543199136536
11,-8,77.88832102991285
11,-7,424.9999823816267
11,-7,131.5903792051693
10,-7,261.73944992635643
10,-7,254.35556704065505
9,-7,283.433038818355
9,-7,85.35085767578727
8,-7,313.33517901333437
8,-7,50.0
8,-6,174.5832148931013
8,-6,50.0
8,-5,322.1885924044347
8,-5,166.47507128994823
8,-4,50.0
8,-4,50.0
7,-4,218.28856038105698
7,-4,394.73778230547975
7,-5,50.0
7,-5,206.0667275064745
7,-4,454.5299617485473
7,-4,154.2685115672366
8,-4,295.50899707085375
8,-4,439.93347641295134
7,-4,257.6722065785536
7,-4,195.93613610038028
6,-4,301.59396454205455
6,-4,220.4139457078457
6,-3,331.6465394967023
6,-3,144.3169894916629
5,-3,476.5451778313437
5,-3,379.0456089334325
4,-3,342.7422538852735
4,-3,235.68230433316438
4,-2,211.34058168112003
4,-2,131.27146629985856
4,-1,386.1876234585597
4,-1,291.92845028731887
5,-1,457.453747587613
5,-1,453.07279963969575
4,-1,476.7058570979586
4,-1,419.55327613745294
3,-1,166.57107964844343
3,-1,431.03134713816047
2,-1,368.85954295272757
2,-1,392.60659232107565
2,0,423.70604577224714
2,0,340.9674760592937
2,1,273.4986386786744
2,1,301.5967069297252
2,2,413.5469316427602
2,2,50.0
1,2,502.240445251502
1,2,408.6390047704735
0,2,431.68540332150985
0,2,289.3258430118898
0,3,50.0
0,3,472.8646767395048
-1,3,377.2814033984071
-1,3,239.9193395165997
0,3,308.9347154766635
0,3,229.31058914206858
-1,3,536.0235016358971
-1,3,282.7516050334005
-2,3,357.29657528400423
-2,3,241.7396594569804
-2,4,205.7281474228666
-2,4,265.12383749982325
-2,5,454.4120821794018
-2,5,349.0524409938886
-2,6,203.5238713902734
-2,6,414.97384002048034
-1,6,340.5932994160972
-1,6,298.6194759543062
0,6,363.30962502853254
0,6,421.96991283597345
-1,6,402.14535156183524
-1,6,320.576884886012
-2,6,376.3227992172251
-2,6,409.7996912139815
-1,6,308.49200203178714
-1,6,569.5356844490248
-2,6,350.7870724794069
-2,6,462.13794243639023
-2,7,185.06682176324938
-2,7,305.21321669147574
-1,7,419.8774996707574
-1,7,194.42355086431394
-2,7,422.37084475748793
-2,7,455.63726845715183
-1,7,137.29511363893224
-1,7,351.27784925597217
-2,7,375.9767542531458
-2,7,448.3379889700832
-2,6,361.53574353177385
-2,6,246.0682799048091
-3,6,357.4860224766082
-3,6,208.8008181447873
-3,7,498.7495333687332
-3,7,166.72423734117353
-4,7,334.3110611714927
-4,7,180.7897723928499
-4,8,126.91332530082802
-4,8,218.71910026179262
-5,8,72.17380289837186
-5,8,290.9646278122987
-5,9,426.8347206764955
-5,9,108.76038947572597
-6,9,50.0
-6,9,251.04095305630412
-5,9,201.70074058424524
-5,9,50.0
-5,10,274.11720105112147
-5,10,50.0
-6,10,158.9557554803223
-6,10,134.53009706795046
-7,10,101.52613953784638
-7,10,172.7892007303412
-8,10,178.17719594387052
-8,10,362.69364694387036
-9,10,50.0
-9,10,50.0
-10,10,50.0
-10,10,358.74308890403097
-11,10,50.0
-11,10,98.94847504583038
-12,10,77.60388687208064
-12,10,50.0
-13,10,218.70982361746803
-13,10,177.6708229266635
-13,9,298.0877584230302
-13,9,400.79996036054985
-13,10,50.0
-13,10,137.13115560444282
-12,10,182.62567572731552
-12,10,100.76968411378078
-12,11,372.35473525530404
-12,11,116.21114087568958
-13,11,50.0
-13,11,198.91196452375738
-13,10,278.98112220710743
-13,10,50.0
-13,11,50.0
-13,11,50.0
-14,11,186.74977605272807
-14,11,243.04354632770787
-15,11,51.299245006478394
-15,11,101.15482427988385
-15,12,50.0
-15,12,142.7320179011528
-16,12,50.0
-16,12,50.0
-16,11,50.0
-16,11,361.068665119813
-15,11,50.0
-15,11,113.99649696244477
-16,11,304.63343696751224
-16,11,50.0
-15,11,50.0
-15,11,50.0
-15,10,50.0
-15,10,50.0
-14,10,50.0
-14,10,50.0
-14,11,114.08474784744183
-14,11,50.0
-14,12,50.0
-14,12,118.74811652437161
-14,11,50.0
-14,11,175.75824023156827
-13,11,404.4430891656524
-13,11,200.434975127732
-12,11,236.34351910610343
-12,11,96.14625294139563
-12,10,270.5407486145019
-12,10,50.0
-12,9,196.59448045935795
-12,9,545.9348372815623
-11,9,277.6492625775045
-11,9,52.06917424032113
-11,8,284.5546608203649
-11,8,266.1822328344764
-11,7,80.6691068721315
-11,7,51.427800203966086
-11,8,143.17077537067738
-11,8,288.0014874661896
-11,7,50.0
-11,7,50.0
-12,7,243.3358053309203
-12,7,155.22907969983936
-12,8,132.058176912019
-12,8,114.17800551707195
-13,8,50.0
-13,8,168.45871388760966
-12,8,50.0
-12,8,50.0
-12,9,137.6848409817489
-12,9,50.0
-11,9,134.36609185402042
-11,9,201.81980792499257
-11,8,86.03440882946336
-11,8,255.98188779263785
-10,8,286.0649627773242
-10,8,215.6349009856554
-10,7,163.10797826042867
-10,7,147.85090021893356
-9,7,125.86623343057136
-9,7,120.81605237799846
-9,8,253.04110548539555
-9,8,283.63861046941855
-10,8,159.45006219539042
-10,8,121.58746804615213
-10,7,193.56115582839044
-10,7,142.99117094617327
-9,7,260.31751651859406
-9,7,50.0
-10,7,149.34179900953723
-10,7,50.0
-10,6,50.0
-10,6,309.6619070120802
-10,5,107.10219234883894
-10,5,289.49490278591435
-9,5,344.25836796072855
-9,5,122.10400588555235
-8,5,50.0
-8,5,206.07025935482508
-8,4,183.57896355800034
-8,4,200.79954533961126
-8,3,271.8046058537429
-8,3,386.09058177287585
-8,2,96.66803955076176
-8,2,131.484530413229
-8,1,313.5811693940764
-8,1,97.32185263856059
-7,1,106.73736539365788
-7,1,150.08581819484218
-7,0,290.9676705679669
-7,0,272.28621471846105
-7,-1,558.7730824895862
-7,-1,331.6241321655711
-7,-2,524.6495256530422
-7,-2,333.68570849293377
-6,-2,281.35735589952753
-6,-2,267.3596879681296
-6,-3,270.8174528129377
-6,-3,264.31364394816313
-6,-4,248.9129384387618
-6,-4,311.69759879839467
-5,-4,418.98451909379014
-5,-4,181.6692391989366
-4,-4,50.0
-4,-4,144.75475480102654
-3,-4,185.01942517241605
-3,-4,128.0449475487156
-3,-3,93.64360001092268
-3,-3,170.86300488818526
-3,-4,95.3330193461239
-3,-4,224.85309912635188
-3,-3,124.06719419446927
-3,-3,593.2152872249409
-3,-4,382.5307458001596
-3,-4,363.6848608093467
-3,-5,394.45699171941226
-3,-5,205.2579795310299
-4,-5,50.0
-4,-5,570.5946174714721
-3,-5,380.42923132213804
-3,-5,136.10801417578523
-2,-5,131.48178853534398
-2,-5,147.38338038776223
-2,-6,390.0840227846337
-2,-6,182.91621758975026
-1,-6,364.9627316731247
-1,-6,306.9472907363719
-1,-7,354.2523620399118
-1,-7,279.94263607165686
0,-7,130.81511709408946
0,-7,260.693958612474
0,-8,310.57795155049877
0,-8,143.79925348042306
-1,-8,531.7691258299398
-1,-8,250.43852839907038
-2,-8,527.6685113423011
-2,-8,239.90928162997665
-3,-8,262.4751367545575
-3,-8,210.34087740377902
-2,-8,364.3967009684236
-2,-8,338.9433732654775
-1,-8,112.79808485306967
-1,-8,473.6960442702602
-2,-8,274.8600183340075
-2,-8,321.27438424922747
-3,-8,89.95912311674213
-3,-8,692.936714281022
-4,-8,124.21182719839449
-4,-8,169.3353260704634
-3,-8,427.63624719118934
-3,-8,404.0093017820361
-4,-8,249.0896425579573
-4,-8,363.604420142399
-3,-8,50.0
-3,-8,95.05191927429942
-4,-8,149.2292890355892
-4,-8,319.7243388312572
-3,-8,175.11191096242501
-3,-8,59.47207128589724
-2,-8,361.77972608772035
-2,-8,207.70667622925464
-3,-8,219.2489170664021
-3,-8,378.5660532987009
-4,-8,67.89099827709578
-4,-8,382.0530154189321
-5,-8,401.4513992297817
-5,-8,104.23616610170018
-6,-8,368.36601704531677
-6,-8,336.82201414401504
-5,-8,222.48772034207516
-5,-8,181.276922646258
-6,-8,257.7285295958675
-6,-8,201.7919545690673
-5,-8,190.78022860205112
-5,-8,387.4730602001879
-6,-8,266.8026799773585
-6,-8,171.42578989962806
-7,-8,292.22311886574704
-7,-8,169.0412574924753
-6,-8,355.8072613594404
-6,-8,386.53601208184296
-5,-8,234.87526759170746
-5,-8,290.8863499038408
-6,-8,424.7768458409539
-6,-8,115.94396784095974
-7,-8,76.84846897056234
-7,-8,96.74033130606458
-8,-8,308.4841209912301
-8,-8,401.67905680218445
-9,-8,212.83234003541054
-9,-8,188.20666199265926
-10,-8,50.0
-10,-8,218.9718213264687
-11,-8,233.18392192768937
-11,-8,136.17011670503942
-12,-8,208.55091108972087
-12,-8,302.466288525109
-11,-8,50.0
-11,-8,321.66974988763997
-12,-8,338.6570884494754
-12,-8,214.94007220035758
-13,-8,50.0
-13,-8,152.05764999601374
-14,-8,290.64706827373
-14,-8,50.0
-15,-8,71.12180610650202
-15,-8,50.0
-16,-8,77.14443357190412
-16,-8,99.0659435293019
-17,-8,85.16334650625066
-17,-8,80.58246264310985
-16,-8,50.0
-16,-8,67.65050080802347
-15,-8,50.0
-15,-8,355.35562743430216
-15,-7,244.9777959686776
-15,-7,249.9422074198934
-14,-7,50.0
-14,-7,69.70676858866176
-14,-8,90.13182806752397
-14,-8,50.0
-13,-8,191.91219523921686
-13,-8,322.01018770375686
-12,-8,273.91641800001844
-12,-8,65.60317083759782
-11,-8,621.752901042016
-11,-8,194.45253434443708
-11,-7,270.18690748617905
-11,-7,311.0055533051271
-10,-7,223.360843419569
-10,-7,190.5637130653481
-9,-7,110.11266018115205
-9,-7,354.9112843733738
-10,-7,214.6626156270159
-10,-7,241.2806416343728
-9,-7,151.21987452888936
-9,-7,234.30723814342912
-9,-8,50.0
-9,-8,288.8124089440589
-9,-7,50.0
-9,-7,318.4170548009448
-8,-7,290.92458348834435
-8,-7,78.81073837214686
-7,-7,50.0
-7,-7,187.65202530825727
-7,-8,92.39319839904579
-7,-8,86.35084487856439
-6,-8,65.53634973717504
-6,-8,216.0928118371262
-5,-8,214.25839337694526
-5,-8,196.11154550713258
-5,-9,95.51005910146165
-5,-9,181.83762026229653
-6,-9,103.51514050234796
-6,-9,50.0
-5,-9,50.0
-5,-9,50.0
-4,-9,50.0
-4,-9,50.0
-5,-9,50.0
-5,-9,50.0
-4,-9,256.50753213716285
-4,-9,119.05160086168055
-3,-9,195.5583516133595
-3,-9,177.28547785282603
-3,-10,498.20411958518514
-3,-10,295.43443471498074
-3,-11,263.98111860439485
-3,-11,157.7167706958457
-2,-11,102.87656014133286
-2,-11,50.0
-1,-11,331.9502470398929
-1,-11,314.2057320367217
0,-11,50.0
0,-11,297.83566601247037
1,-11,170.6289774780171
1,-11,231.4460932797095
0,-11,50.0
0,-11,84.67674784511158
1,-11,113.78935656645032
1,-11,308.9074713907204
1,-12,160.63904298953224
1,-12,50.0
0,-12,50.0
0,-12,191.23578353727493
-1,-12,255.30978895520033
-1,-12,227.4245919339584
0,-12,112.7160402598573
0,-12,296.84705037567437
0,-13,195.07535957319598
0,-13,270.37500638178494
1,-13,230.65014732074042
1,-13,125.06349517470032
2,-13,50.0
2,-13,66.37953042067969
2,-14,402.0961409954198
2,-14,66.98613060063688
3,-14,50.0
3,-14,317.41368686922897
4,-14,50.0
4,-14,50.0
5,-14,87.13308767867794
5,-14,50.0
6,-14,271.63759212078065
6,-14,97.38585090362719
6,-15,50.0
6,-15,50.0
7,-15,50.0
7,-15,50.0
7,-14,55.996582773609866
7,-14,152.1739843651762
6,-14,273.2821221852597
6,-14,50.0
7,-14,338.2827572618801
7,-14,145.31205996368033
8,-14,50.0
8,-14,50.0
9,-14,51.0695920621219
9,-14,50.0
10,-14,50.0
10,-14,91.8921775863948
11,-14,214.94255650377505
11,-14,50.0
12,-14,124.89765595819239
12,-14,61.41603319249291
13,-14,50.0
13,-14,50.0
14,-14,82.70490452310324
14,-14,50.0
14,-15,50.0
14,-15,50.0
15,-15,50.0
15,-15,90.68154735553446
14,-15,192.71525152171859
14,-15,50.0
14,-16,50.0
14,-16,50.0
14,-17,50.0
14,-17,104.6948985170095
14,-16,60.42736214987753
14,-16,50.0
15,-16,50.0
15,-16,50.0
16,-16,86.28945111101214
16,-16,121.6911190143214
16,-17,50.0
16,-17,133.72740261835327
16,-18,50.0
16,-18,115.88161832480344
16,-19,50.0
16,-19,50.0
16,-20,50.0
16,-20,93.63601032403824
17,-20,50.0
17,-20,50.0
18,-20,50.0
18,-20,50.0
19,-20,50.0
19,-20,50.0
20,-20,50.0
20,-20,105.84066067332327
20,-19,50.0
20,-19,50.0
20,-18,50.0
20,-18,123.29260712739844
20,-17,50.0
20,-17,50.0
20,-16,63.632116013772105
20,-16,50.0
20,-17,50.0
20,-17,50.0
20,-18,50.0
20,-18,50.0
20,-17,81.40146497693652
20,-17,50.0
20,-16,50.0
20,-16,85.45302235572763
20,-15,50.0
20,-15,50.0
20,-14,50.0
20,-14,50.0
20,-13,85.55395834198956
20,-13,50.0
20,-12,82.71723814174126
20,-12,50.0
20,-11,50.0
20,-11,50.0
20,-10,50.0
20,-10,50.0
20,-9,50.0
20,-9,103.98684008941649
20,-8,71.20195368677146
20,-8,50.0
19,-8,114.90596200994656
19,-8,127.65175646124897
18,-8,50.0
18,-8,50.0
17,-8,50.0
17,-8,50.0
16,-8,50.0
16,-8,333.056153174953
15,-8,115.17178970852308
15,-8,50.0
14,-8,82.84517177540326
14,-8,50.0
13,-8,300.58153917194755
13,-8,50.0
12,-8,187.628871743068
12,-8,139.89331026458746
11,-8,168.3629351995906
11,-8,166.42099442481307
10,-8,50.0
10,-8,335.21042167811163
10,-7,309.0877532283738
10,-7,50.0
9,-7,379.06632964646326
9,-7,50.0
8,-7,217.88418751430615
8,-7,260.46038043418184
7,-7,412.18984744386466
7,-7,50.0
7,-8,175.3543433986572
7,-8,314.21693228969184
6,-8,232.8366221841365
6,-8,409.11062756680906
5,-8,78.67712428488153
5,-8,81.42074414753048
6,-8,212.7482748706109
6,-8,291.73444637384375
6,-9,149.13671484454864
6,-9,68.24286599726507
5,-9,182.9583297303598
5,-9,215.8210492694387
4,-9,187.12318307911082
4,-9,50.0
3,-9,384.8975010533437
3,-9,396.7989326823387
4,-9,409.5174749273092
4,-9,453.09477627581873
5,-9,185.11904524420282
5,-9,280.78892717319013
4,-9,50.0
4,-9,164.5034575225731
4,-10,336.5210794415478
4,-10,258.39931712545365
3,-10,373.7798724153945
3,-10,88.47729281741731
4,-10,483.3978948285679
4,-10,254.8964178045397
4,-11,250.81597440572256
4,-11,348.7830267068848
3,-11,405.0991384825012
3,-11,136.00573960794048
2,-11,118.36686959127243
2,-11,179.61358836112305
1,-11,263.9611742081554
1,-11,103.96198625201725
0,-11,77.26126852785632
0,-11,265.9027326127078
-1,-11,54.88229582711374
-1,-11,197.00641218025473
-1,-12,312.47112305266444
-1,-12,281.7490861811316
-2,-12,367.8282037567781
-2,-12,288.06144513975977
-3,-12,66.70020040309406
-3,-12,102.14761565106299
-3,-13,206.2460525962492
-3,-13,305.4747173713748
-4,-13,63.78999194587918
-4,-13,50.0
-5,-13,83.51813258622641
-5,-13,273.8673705699756
-6,-13,50.0
-6,-13,163.2880197754931
-5,-13,50.0
-5,-13,221.88804877941504
-6,-13,160.36565232526578
-6,-13,459.1165069188094
-6,-14,50.0
-6,-14,190.54860264603604
-7,-14,50.0
-7,-14,50.0
-6,-14,135.4565599831036
-6,-14,229.42850262727447
-7,-14,169.02544802927534
-7,-14,71.65571772623942
-7,-15,50.0
-7,-15,50.0
-8,-15,50.0
-8,-15,176.25138186295885
-9,-15,83.61845104671741
-9,-15,50.0
-10,-15,75.00567712205302
-10,-15,50.0
-11,-15,60.816246215551615
-11,-15,50.0
-10,-15,126.46760702444513
-10,-15,50.0
-11,-15,50.0
-11,-15,282.37489157561504
-12,-15,104.00791859642571
-12,-15,188.62194857618007
-13,-15,50.0
-13,-15,50.0
-14,-15,50.0
-14,-15,50.0
-15,-15,363.7565940917375
-15,-15,121.62264988886858
-15,-16,50.0
-15,-16,50.0
-16,-16,50.0
-16,-16,50.0
-17,-16,50.0
-17,-16,106.00484376029397
-18,-16,50.0
-18,-16,50.0
-19,-16,256.6911876763258
-19,-16,50.0
-20,-16,50.0
-20,-16,50.0
-19,-16,50.0
-19,-16,50.0
-19,-17,50.0
-19,-17,50.0
-18,-17,50.0
-18,-17,50.0
-18,-16,50.0
-18,-16,124.22141794940654
-17,-16,50.0
-17,-16,118.03461531044098
-16,-16,50.0
-16,-16,123.17438355657
-15,-16,50.0
-15,-16,51.24027070352244
-15,-15,59.22503876190287
-15,-15,334.14094460436417
-14,-15,50.0
-14,-15,247.583420597686
-13,-15,85.88732002022945
-13,-15,351.63117900780037
-12,-15,50.0
-12,-15,50.0
-12,-16,50.0
-12,-16,503.7595249708408
-12,-15,50.0
-12,-15,50.0
-13,-15,50.0
-13,-15,50.0
-12,-15,50.0
-12,-15,194.60920861524534
-11,-15,221.92817518367775
-11,-15,70.13321859837757
-10,-15,50.0
-10,-15,326.89707934348655
-9,-15,50.0
-9,-15,50.0
-8,-15,111.43388197592938
-8,-15,279.2565301734382
-9,-15,142.26730636546165
-9,-15,50.0
-9,-16,108.52172714959323
-9,-16,83.1707910077707
-9,-15,113.82492492996909
-9,-15,174.6353646097638
-8,-15,121.0257270113504
-8,-15,93.37775302465081
-8,-14,223.11453604267265
-8,-14,50.0
-7,-14,226.76877828337592
-7,-14,50.0
-6,-14,135.63874742957407
-6,-14,148.54002399639603
-5,-14,50.0
-5,-14,190.37830194867806
-5,-13,263.8375099278537
-5,-13,206.8314311175305
-4,-13,282.81381076423224
-4,-13,97.33068592707953
-3,-13,50.0
-3,-13,81.0178914702031
-2,-13,50.0
-2,-13,95.30935018103484
-1,-13,50.0
-1,-13,98.92258044778157
-1,-12,322.9098470659457
-1,-12,163.5210846007644
-2,-12,50.0
-2,-12,412.40269232889193
-1,-12,257.73689261752315
-1,-12,213.81054954117326
-1,-11,50.0
-1,-11,131.5998080414844
-1,-12,70.61117788033394
-1,-12,97.0144522056502
-2,-12,75.52204951892901
-2,-12,116.81687219090094
-1,-12,255.746283874237
-1,-12,214.2219473492822
-1,-11,214.10275804081456
-1,-11,196.28036705571722
0,-11,243.42825269854575
0,-11,228.77500982644156
0,-10,76.37645539699861
0,-10,50.0
0,-9,221.37811904957073
0,-9,50.0
-1,-9,189.5567603487957
-1,-9,428.1460342512191
0,-9,110.11814749339686
0,-9,567.2160422640056
1,-9,152.20705383615675
1,-9,350.4932637187658
0,-9,274.0001643459215
0,-9,178.60928770086718
-1,-9,346.82901591927737
-1,-9,50.0
0,-9,361.69234874922097
0,-9,143.9050646872106
-1,-9,138.13045876381102
-1,-9,172.34079961928418
0,-9,391.6789808281409
0,-9,277.965203014329
1,-9,403.87225139717634
1,-9,356.55391103163544
2,-9,209.8518048002718
2,-9,299.4795640181993
2,-8,336.4591857436841
2,-8,228.06994019530174
3,-8,278.13495899104964
3,-8,329.9441744928102
4,-8,105.41625904508399
4,-8,343.848435541485
4,-9,227.8161883372994
4,-9,194.42674165418617
3,-9,50.0
3,-9,54.463747774089796
2,-9,165.5080842504905
2,-9,329.5374462968748
1,-9,325.6107059833755
1,-9,273.2522158893827
1,-10,50.0
1,-10,195.98274627263265
0,-10,294.3146688409158
0,-10,359.6283293497145
0,-11,91.84878197245801
0,-11,59.90531153547599
0,-12,50.0
0,-12,217.21215822921877
0,-11,132.28074547571066
0,-11,220.83714432745697
1,-11,203.89692742135207
1,-11,311.92856155646166
1,-12,233.24437434564277
1,-12,299.3380316893309
2,-12,194.56907853589706
2,-12,217.9102413613973
2,-11,210.48683954872453
2,-11,83.91072844070001
2,-10,192.04566667028928
2,-10,425.9663551963453
2,-9,50.0
2,-9,346.3693787571417
3,-9,202.74921761709234
3,-9,164.99124923735695
2,-9,158.47677307450812
2,-9,252.24373495804173
2,-8,161.67701093929523
2,-8,327.7393534243917
2,-9,196.29093569272067
2,-9,318.0216752609207
3,-9,206.43646135798576
3,-9,192.1783103961949
3,-8,223.63607586943368
3,-8,221.576158711229
4,-8,335.26516089149925
4,-8,279.566901782202
5,-8,349.05386653915707
5,-8,154.6577989832469
6,-8,240.14252913581507
6,-8,487.7396357844173
6,-7,50.0
6,-7,172.3261867505375
6,-6,380.69020218394684
6,-6,210.28008504058582
7,-6,208.30783090384696
7,-6,362.3698255554729
7,-7,172.43488483143798
7,-7,50.0
6,-7,267.0463628966328
6,-7,50.0
7,-7,440.64605484289206
7,-7,78.695221735655
8,-7,281.2472890420129
8,-7,272.09507810316853
8,-6,303.98864927571316
8,-6,52.892154955629394
7,-6,275.2209870358914
7,-6,283.016121472513
7,-5,353.0738910443027
7,-5,83.40598178112184
7,-4,597.6885970953224
7,-4,421.4578583053334
8,-4,50.0
8,-4,208.40075791216458
9,-4,218.72869078651982
9,-4,185.1387363961767
9,-3,72.70440225277471
9,-3,207.94434204360059
9,-2,91.45370922038762
9,-2,482.99683279660064
10,-2,336.68957609630195
10,-2,68.98521870493407
9,-2,139.19752533004538
9,-2,217.09830383635136
10,-2,222.53232682202332
10,-2,94.20004728920304
10,-1,86.20692611257235
10,-1,316.4214479211905
11,-1,439.6065124497617
11,-1,299.5897332886613
11,0,389.0258162420648
11,0,397.09396792672675
12,0,155.21314602337043
12,0,184.87196696024927
12,1,62.67467083905032
12,1,207.8268405445217
12,2,62.162573480384665
12,2,82.32279686163409
13,2,282.5394495056335
13,2,152.49572861970825
13,3,50.0
13,3,323.00407790101065
12,3,50.0
12,3,395.3743095042256
12,4,50.0
12,4,220.72125144203915
13,4,409.7597166488388
13,4,286.8871563889435
12,4,222.03394738013822
12,4,125.41141330025133
12,5,315.2006268047987
12,5,124.10934489826599
13,5,55.99182080853892
13,5,295.4808256634763
14,5,291.4588756504146
14,5,60.89038687380068
13,5,244.67136868877355
13,5,50.0
13,4,50.0
13,4,50.0
14,4,368.2882274867757
14,4,207.1238800073544
14,5,113.74343191010136
14,5,406.0845198990245
15,5,373.79403683169255
15,5,50.0
16,5,141.2504319404783
16,5,50.0
17,5,71.29863678510799
17,5,213.29561649800473
18,5,50.0
18,5,50.0
18,6,296.1268545530204
18,6,50.0
18,7,50.0
18,7,50.0
18,8,139.5329538943368
18,8,50.0
19,8,50.0
19,8,79.03879566230077
20,8,255.04064431502357
20,8,50.0
19,8,50.0
19,8,50.0
18,8,156.4845197088699
18,8,243.6037537842231
17,8,50.0
17,8,61.60505719062101
16,8,50.0
16,8,75.04108481986408
15,8,50.0
15,8,50.0
14,8,229.7172636109327
14,8,88.88025478214828
13,8,239.9006317333339
13,8,265.61183267541156
12,8,50.0
12,8,50.0
12,9,225.7196599941562
12,9,50.0
12,8,422.15364116547266
12,8,103.70301929901154
12,7,241.49994980905564
12,7,217.116010005959
12,6,113.2800730779312
12,6,176.32481557036962
12,5,379.98474839111714
12,5,195.68631147807307
12,4,271.75510273837784
12,4,156.0630411137676
12,3,50.0
12,3,243.21590458111663
13,3,342.29110719363064
13,3,115.08806127729785
12,3,203.28794893171172
12,3,96.06677142957973
13,3,96.21958267065966
13,3,169.73483706764986
14,3,297.19701920783757
14,3,226.19929206044088
13,3,244.3455387552964
13,3,74.46107433601168
14,3,82.00943379230085
14,3,161.66644726569936
13,3,290.0567687275622
13,3,445.7793008787636
13,2,106.42938652624218
13,2,297.49888275341664
13,1,260.002763173714
13,1,271.10434705513944
