16,-15,100.0
16,-14,100.0
16,-13,100.0
16,-12,100.0
16,-11,347.2944840055966
15,-11,152.13681479254834
14,-11,100.0
15,-11,104.41816223859828
14,-11,439.42752603970706
14,-10,169.40801670734072
13,-10,100.0
12,-10,100.0
11,-10,284.93315747745726
11,-9,100.0
12,-9,220.49972254435596
12,-8,100.0
11,-8,185.8159235628902
11,-7,365.7193214703176
10,-7,286.0976865935972
9,-7,465.29218929223276
8,-7,491.85073876160516
8,-6,366.0925989492682
8,-5,573.2668746572183
8,-4,342.7501040922627
7,-4,347.2918239755793
7,-5,213.2511020302827
7,-4,448.6492855410419
8,-4,239.95243402058196
7,-4,246.306825531331
6,-4,396.93473133578505
6,-3,638.4426312095313
5,-3,404.1842681923582
4,-3,875.2780752683658
4,-2,279.9626800432793
4,-1,478.26121975498563
5,-1,364.6269361644098
4,-1,1019.7837375024735
3,-1,737.4669022938035
2,-1,679.7117507814669
2,0,426.5706864562561
2,1,561.6933142435771
2,2,579.5018257420352
1,2,100.0
0,2,669.3003720714349
0,3,1043.966950486805
-1,3,699.1284420333907
0,3,907.5372625074497
-1,3,318.3256749380185
-2,3,746.680263503663
-2,4,668.9176457910274
-2,5,594.5597151921311
-2,6,779.2365107160178
-1,6,770.2171817506187
0,6,100.0
-1,6,500.9019353076115
-2,6,495.9689611343975
-1,6,757.2816504846359
-2,6,653.8892935321629
-2,7,520.8046830430687
-1,7,460.26032360711974
-2,7,295.5125670003686
-1,7,350.333820803116
-2,7,420.1183369300907
-2,6,940.9178033448089
-3,6,350.9933782084687
-3,7,513.4651115210511
-4,7,314.4962260860497
-4,8,576.670687550907
-5,8,963.6555884780455
-5,9,360.97416767227384
-6,9,421.0815810187867
-5,9,528.3876351392524
-5,10,398.5870762367743
-6,10,148.98361997347192
-7,10,370.0497752928043
-8,10,533.0146150771343
-9,10,308.1916782281918
-10,10,119.90639784397047
-11,10,180.5091027688102
-12,10,100.0
-13,10,100.0
-13,9,100.0
-13,10,234.049342916545
-12,10,100.0
-12,11,100.0
-13,11,431.22199185739925
-13,10,100.0
-13,11,144.81697974806292
-14,11,299.1871250057982
-15,11,100.0
-15,12,122.47470072228103
-16,12,100.0
-16,11,126.02662341443795
-15,11,143.1181554300311
-16,11,141.49436722820275
-15,11,213.03418749456435
-15,10,420.0279041876882
-14,10,100.0
-14,11,100.0
-14,12,217.1280813971522
-14,11,127.45086321566393
-13,11,100.0
-12,11,100.0
-12,10,497.6266900478084
-12,9,206.62770635539084
-11,9,100.0
-11,8,104.80911614719705
-11,7,690.4402581245158
-11,8,176.28415083323006
-11,7,187.62814774626233
-12,7,341.676673036975
-12,8,100.0
-13,8,256.5977944371959
-12,8,100.0
-12,9,677.7527091345418
-11,9,100.0
-11,8,100.0
-10,8,102.00983704435666
-10,7,826.303950137961
-9,7,295.5137338854795
-9,8,535.7685333704197
-10,8,269.306265727706
-10,7,100.0
-9,7,380.113073519267
-10,7,100.0
-10,6,180.6909095575449
-10,5,402.6382418997797
-9,5,129.05603667484323
-8,5,735.3107633542554
-8,4,657.0512615753647
-8,3,177.34786554011583
-8,2,214.6498637140565
-8,1,261.2423923330582
-7,1,655.3573891694782
-7,0,587.9260084153241
-7,-1,185.25007970495477
-7,-2,417.9101085333292
-6,-2,100.0
-6,-3,751.9192580816739
-6,-4,1131.3638702429246
-5,-4,709.79809684989
-4,-4,451.9029354283072
-3,-4,268.61679083583897
-3,-3,334.7135611375277
-3,-4,110.29154373611993
-3,-3,230.97443301449545
-3,-4,304.1949773032172
-3,-5,376.4937211581082
-4,-5,360.20846018255827
-3,-5,704.950562140748
-2,-5,100.0
-2,-6,1124.3378284050177
-1,-6,668.8599669392916
-1,-7,540.0363383230294
0,-7,810.5583572137169
0,-8,405.18021992882274
-1,-8,247.7027016853302
-2,-8,164.78188622847387
-3,-8,587.5951044602159
-2,-8,245.97322782763848
-1,-8,100.0
-2,-8,832.4183311007994
-3,-8,173.622702040099
-4,-8,100.0
-3,-8,296.8891951642316
-4,-8,327.82386386824544
-3,-8,448.3595708300735
-4,-8,220.02878002691105
-3,-8,378.2194573800758
-2,-8,373.3656580258594
-3,-8,327.06154622063025
-4,-8,246.60183904191126
-5,-8,609.7682131901656
-6,-8,262.22747538283966
-5,-8,267.6964402287253
-6,-8,199.9973840742406
-5,-8,243.4012161049992
-6,-8,503.8649081805166
-7,-8,271.2409881937024
-6,-8,520.8664895507508
-5,-8,843.9259335346391
-6,-8,532.1086145347344
-7,-8,440.2871241664873
-8,-8,244.54531021569147
-9,-8,353.961455915437
-10,-8,263.6576013489483
-11,-8,139.3098593122544
-12,-8,319.6721270570239
-11,-8,100.0
-12,-8,254.846558521962
-13,-8,229.85469590721328
-14,-8,197.69325301135632
-15,-8,100.0
-16,-8,100.0
-17,-8,100.0
-16,-8,337.7047969892073
-15,-8,100.0
-15,-7,196.20132159047805
-14,-7,100.0
-14,-8,100.0
-13,-8,261.09026808679346
-12,-8,311.67834542004067
-11,-8,327.4381433377099
-11,-7,416.75678695457214
-10,-7,133.01735482805208
-9,-7,263.10275886163333
-10,-7,629.8454113171717
-9,-7,406.6004443817187
-9,-8,428.60767094217897
-9,-7,100.0
-8,-7,265.4260806083522
-7,-7,584.705379525067
-7,-8,132.6605743249221
-6,-8,212.21989715257564
-5,-8,432.9802454555083
-5,-9,631.0470109228166
-6,-9,100.0
-5,-9,755.8360497405699
-4,-9,830.3549759624458
-5,-9,283.82141430622164
-4,-9,644.2109529292841
-3,-9,374.83543038780937
-3,-10,173.93764350553536
-3,-11,248.88631560959075
-2,-11,152.40298945438403
-1,-11,316.0761359897166
0,-11,302.4274371264795
1,-11,143.97702718345806
0,-11,193.28821765487993
1,-11,584.2131832409505
1,-12,258.12716449964364
0,-12,295.7280449999824
-1,-12,100.0
0,-12,632.9879817363983
0,-13,563.4257167366741
1,-13,269.1812981208592
2,-13,761.0784797187571
2,-14,289.1565883870035
3,-14,133.9134149451016
4,-14,357.29848715006807
5,-14,100.0
6,-14,106.33626877814896
6,-15,216.42338396355086
7,-15,141.42990062653067
7,-14,182.69709583434968
6,-14,516.6350146873214
7,-14,316.62480070734637
8,-14,100.0
9,-14,100.0
10,-14,100.0
11,-14,100.0
12,-14,350.57271479685346
13,-14,100.0
14,-14,100.0
14,-15,100.0
15,-15,100.0
14,-15,100.0
14,-16,100.0
14,-17,100.0
14,-16,113.02576582136842
15,-16,100.0
16,-16,244.863875070314
16,-17,100.0
16,-18,100.0
16,-19,100.0
16,-20,100.0
17,-20,100.0
18,-20,100.0
19,-20,100.0
20,-20,100.0
20,-19,100.0
20,-18,100.0
20,-17,100.0
20,-16,100.0
20,-17,100.0
20,-18,100.0
20,-17,100.0
20,-16,100.0
20,-15,100.0
20,-14,100.0
20,-13,100.0
20,-12,298.75398028119207
20,-11,174.7238193549816
20,-10,100.0
20,-9,100.0
20,-8,100.0
19,-8,100.0
18,-8,149.30831574687866
17,-8,100.0
16,-8,228.05344250038843
15,-8,210.23062625848618
14,-8,276.11110940433184
13,-8,471.69231344304757
12,-8,100.0
11,-8,100.0
10,-8,265.54848522533496
10,-7,431.1248125373122
9,-7,309.2023133861334
8,-7,179.9004400751815
7,-7,336.25985631367166
7,-8,334.2972000053265
6,-8,279.74921280536023
5,-8,106.37361812770502
6,-8,442.76497004089435
6,-9,165.19608774244088
5,-9,100.0
4,-9,100.0
3,-9,426.66503014161617
4,-9,287.5463385904226
5,-9,409.4136136023577
4,-9,350.66060519365374
4,-10,100.0
3,-10,334.22022759069495
4,-10,344.27307847056437
4,-11,195.0894543180434
3,-11,100.0
2,-11,639.7480361420353
1,-11,316.81093392236494
0,-11,247.3939542167355
-1,-11,375.0299245139231
-1,-12,496.9053499924402
-2,-12,482.39609507711873
-3,-12,435.210844711715
-3,-13,131.82779556986918
-4,-13,203.0759110975901
-5,-13,291.21528869287147
-6,-13,330.9668115025048
-5,-13,100.0
-6,-13,100.0
-6,-14,235.64657388496133
-7,-14,199.62072111622484
-6,-14,373.39323888871974
-7,-14,282.31513904341705
-7,-15,100.0
-8,-15,100.0
-9,-15,100.0
-10,-15,225.03844552830395
-11,-15,478.7822388661948
-10,-15,331.9529509108999
-11,-15,220.40264565841994
-12,-15,337.87107915801664
-13,-15,553.1626172299943
-14,-15,100.0
-15,-15,100.0
-15,-16,100.0
-16,-16,100.0
-17,-16,100.0
-18,-16,504.4711101409464
-19,-16,100.0
-20,-16,100.0
-19,-16,100.0
-19,-17,100.0
-18,-17,212.991042626573
-18,-16,100.0
-17,-16,100.0
-16,-16,100.0
-15,-16,100.0
-15,-15,100.0
-14,-15,128.7040968566139
-13,-15,193.05778773592104
-12,-15,100.0
-12,-16,100.0
-12,-15,100.0
-13,-15,157.23668458264245
-12,-15,284.29394804842013
-11,-15,100.0
-10,-15,100.0
-9,-15,238.69935092532697
-8,-15,486.56504008508784
-9,-15,100.0
-9,-16,100.0
-9,-15,354.9980897977913
-8,-15,100.0
-8,-14,139.50069514843358
-7,-14,252.48274973305573
-6,-14,188.45435719629396
-5,-14,277.94521658949634
-5,-13,660.1128968493288
-4,-13,615.079019583552
-3,-13,140.9021817942796
-2,-13,116.4007885692036
-1,-13,100.0
-1,-12,531.6633009516366
-2,-12,100.0
-1,-12,489.8237275596621
-1,-11,436.1298682958974
-1,-12,100.0
-2,-12,321.121375885328
-1,-12,441.8143343329933
-1,-11,100.0
0,-11,577.3492881646112
0,-10,412.19211221968897
0,-9,360.90869519834473
-1,-9,100.0
0,-9,321.1637955710412
1,-9,841.3987117740398
0,-9,100.0
-1,-9,348.8088060529822
0,-9,442.20786955894664
-1,-9,125.92488009533662
0,-9,100.0
1,-9,203.83488588229253
2,-9,459.40003084552836
2,-8,457.01197792190356
3,-8,768.9253739072376
4,-8,366.13631441386934
4,-9,335.7251754600797
3,-9,585.839535218022
2,-9,128.81215395628803
1,-9,596.488557983125
1,-10,365.13151700916757
0,-10,124.17499856149759
0,-11,100.0
0,-12,100.0
0,-11,172.72041919427915
1,-11,335.15135901883787
1,-12,155.08322222000373
2,-12,281.1590000047084
2,-11,230.0048164558779
2,-10,803.6317817804716
2,-9,374.7091485871122
3,-9,654.9740910605564
2,-9,386.43597630768534
2,-8,295.53538237365495
2,-9,310.02480080147944
3,-9,216.95545049739695
3,-8,538.1159654547017
4,-8,562.7651676220659
5,-8,386.050497041976
6,-8,639.9873454405684
6,-7,305.6246746325254
6,-6,1037.1042892626147
7,-6,354.1333541691853
7,-7,342.2358227975297
6,-7,443.9201761320156
7,-7,353.7230135215086
8,-7,220.819124253156
8,-6,621.077877821122
7,-6,100.0
7,-5,881.5985494670467
7,-4,849.4908492090711
8,-4,163.62431007305082
9,-4,469.3965360056475
9,-3,676.5929765403426
9,-2,100.0
10,-2,103.6826695684446
9,-2,243.65431281515612
10,-2,575.2711327835204
10,-1,320.12343056846083
11,-1,218.61436603591676
11,0,411.3785057658758
12,0,238.44673764099605
12,1,283.1775302185157
12,2,278.40034098732906
13,2,100.0
13,3,428.7954250186143
12,3,381.03100164250003
12,4,266.4564019194163
13,4,259.1727060852705
12,4,100.0
12,5,374.20170772059635
13,5,100.0
14,5,535.6208967197565
13,5,482.58477273071196
13,4,319.8132665914552
14,4,100.0
14,5,120.60815367370374
15,5,223.07546908453315
16,5,100.0
17,5,100.0
18,5,210.37162223696808
18,6,100.0
18,7,100.0
18,8,270.7754320512522
19,8,100.0
20,8,147.01302013484326
19,8,100.0
18,8,100.0
17,8,100.0
16,8,331.2305284671396
15,8,100.0
14,8,100.0
13,8,100.0
12,8,115.39481460607897
12,9,134.1470677677246
12,8,407.6827011405357
12,7,170.5348720203902
12,6,531.8392306796238
12,5,100.0
12,4,422.9827153496025
12,3,100.0
13,3,192.1683274321663
12,3,387.68573268621986
13,3,209.69863986195767
14,3,171.6423821854122
13,3,160.4210554591029
14,3,169.22305110799869
13,3,131.50056536952775
13,2,521.4160378616249
13,1,306.73954315077725
