16,-15,50.0
16,-15,50.0
16,-14,176.31840106730027
16,-14,50.0
16,-13,87.1928659970048
16,-13,50.0
16,-12,50.0
16,-12,50.0
16,-11,189.85750259664553
16,-11,50.0
15,-11,50.0
15,-11,50.0
14,-11,50.0
14,-11,50.0
15,-11,50.0
15,-11,50.0
14,-11,50.0
14,-11,50.0
14,-10,109.57770117331559
14,-10,50.0
13,-10,164.99649563852677
13,-10,419.4437717905459
12,-10,481.2195218395411
12,-10,184.97314101970716
11,-10,373.22944659673936
11,-10,175.5802028174898
11,-9,50.0
11,-9,393.20837719396013
12,-9,473.12690329113883
12,-9,50.0
12,-8,50.0
12,-8,133.49273797685163
11,-8,50.0
11,-8,100.35589386365741
11,-7,77.39539198616683
11,-7,67.17878421942714
10,-7,191.24973675515778
10,-7,161.62832946081048
9,-7,179.09683395190433
9,-7,50.0
8,-7,50.0
8,-7,205.67190276754016
8,-6,50.0
8,-6,181.00017196506963
8,-5,50.0
8,-5,233.94055156070343
8,-4,701.7302565655625
8,-4,230.06668992399483
7,-4,241.2808851595203
7,-4,403.3580025196061
7,-5,125.35115123014657
7,-5,256.7937257889979
7,-4,97.04781151425571
7,-4,292.5292321252179
8,-4,321.76369245229137
8,-4,264.81968347902074
7,-4,206.37541739981302
7,-4,381.22671570905015
6,-4,173.71279673261486
6,-4,380.0856668122292
6,-3,205.13156785758434
6,-3,208.0835911004226
5,-3,378.9309951819706
5,-3,107.79846968332825
4,-3,200.53979390882552
4,-3,201.42831453398907
4,-2,267.929520348431
4,-2,140.8626349998243
4,-1,311.69488107216887
4,-1,170.8333922494533
5,-1,121.57993289154133
5,-1,184.7917263826199
4,-1,435.0455484863262
4,-1,307.9246811283067
3,-1,394.82028117633155
3,-1,309.14507786029975
2,-1,173.2358492258679
2,-1,375.69494147524404
2,0,476.6920385432445
2,0,140.3225490852651
2,1,540.2939701335778
2,1,266.0293511266231
2,2,262.85693815473826
2,2,242.11579726352386
1,2,112.85180581491508
1,2,462.3528753698053
0,2,540.0940634164873
0,2,234.92688154809196
0,3,606.8679629983374
0,3,273.6260488360271
-1,3,403.0877258228853
-1,3,188.51852595301193
0,3,299.4015065258013
0,3,355.6861629615223
-1,3,462.2510837403424
-1,3,238.73547439140998
-2,3,351.4438661285859
-2,3,451.53864004031396
-2,4,155.6982443430903
-2,4,334.8694628537931
-2,5,50.0
-2,5,441.67429796916826
-2,6,83.71405330312865
-2,6,382.79085557134124
-1,6,50.0
-1,6,354.6815409944071
0,6,591.4612090775369
0,6,446.0813561215622
-1,6,561.8502213564097
-1,6,307.3823175784514
-2,6,261.47079171511757
-2,6,539.1310983215506
-1,6,593.6051171413761
-1,6,159.82545024053468
-2,6,344.4408883370707
-2,6,624.9040980742843
-2,7,282.62712635572535
-2,7,325.04230202675905
-1,7,298.24103255402525
-1,7,337.47486464684175
-2,7,301.96299693803314
-2,7,222.78126827832824
-1,7,545.4088871244451
-1,7,198.62206737833142
-2,7,467.6450029951722
-2,7,391.77888007237914
-2,6,389.5070096445233
-2,6,133.11629283435443
-3,6,87.71613895944176
-3,6,750.4016542948864
-3,7,406.4034312111969
-3,7,359.3659076485489
-4,7,50.0
-4,7,259.04654424544924
-4,8,50.0
-4,8,341.23482554137865
-5,8,88.5458834331655
-5,8,178.02473580578294
-5,9,50.0
-5,9,503.46262506061146
-6,9,258.0866216322463
-6,9,335.8394285523668
-5,9,202.99207573803517
-5,9,183.041388772615
-5,10,88.23691435772673
-5,10,273.9713593177303
-6,10,143.48316421327763
-6,10,250.13826410874404
-7,10,177.33145156710415
-7,10,383.610100106377
-8,10,59.198051784676395
-8,10,50.0
-9,10,318.83430712705336
-9,10,50.0
-10,10,180.84533717131126
-10,10,110.88668719604092
-11,10,324.1073535935187
-11,10,117.76770397671062
-12,10,50.0
-12,10,92.56283938688307
-13,10,50.05269938717208
-13,10,235.37269944504754
-13,9,104.50796859669282
-13,9,59.816115582802894
-13,10,82.32203655027453
-13,10,200.10801978930402
-12,10,82.46317507668844
-12,10,226.0300483970362
-12,11,498.3974202506611
-12,11,173.638241389155
-13,11,50.0
-13,11,266.8271729833442
-13,10,209.3888617017384
-13,10,233.4261591811109
-13,11,230.13867402011076
-13,11,50.0
-14,11,50.0
-14,11,50.0
-15,11,50.0
-15,11,97.94403945481936
-15,12,186.8463828911656
-15,12,50.0
-16,12,50.0
-16,12,181.857256309221
-16,11,76.3641304269041
-16,11,141.71698310902497
-15,11,50.0
-15,11,261.3749208175889
-16,11,50.0
-16,11,73.87993122660879
-15,11,50.0
-15,11,50.0
-15,10,50.0
-15,10,50.0
-14,10,231.53824315532077
-14,10,224.24861026873808
-14,11,90.22772789528078
-14,11,349.0099119111958
-14,12,160.7502423030986
-14,12,165.14860387711286
-14,11,109.32860033169855
-14,11,50.0
-13,11,88.4101874858677
-13,11,50.0
-12,11,233.9182250818693
-12,11,128.00759964184064
-12,10,129.89212556471153
-12,10,50.0
-12,9,331.56951763702887
-12,9,495.57836552380206
-11,9,169.80963271912537
-11,9,136.8152855337304
-11,8,163.8017505497718
-11,8,252.76964080211218
-11,7,357.98907229554914
-11,7,176.68088005225238
-11,8,170.91748715818272
-11,8,182.0457423781097
-11,7,300.9251891773906
-11,7,269.7986771219506
-12,7,204.79968699871435
-12,7,156.6773780607391
-12,8,266.3290682710079
-12,8,140.75130686394255
-13,8,287.26886232947817
-13,8,221.41808678993732
-12,8,197.05475518951098
-12,8,50.0
-12,9,293.7193781690804
-12,9,50.0
-11,9,50.0
-11,9,173.55920455465557
-11,8,199.34774959434986
-11,8,332.48345105248677
-10,8,199.8999671224409
-10,8,50.0
-10,7,256.91841891015645
-10,7,278.9396603209581
-9,7,333.03523398393173
-9,7,277.8422896310503
-9,8,233.80153704156052
-9,8,91.01629474734948
-10,8,50.0
-10,8,298.89540861261884
-10,7,89.61922205746097
-10,7,108.56386574274774
-9,7,196.5014334756257
-9,7,269.7222485870422
-10,7,333.85726036366907
-10,7,105.73908175223177
-10,6,93.92331415124077
-10,6,165.92268084260553
-10,5,335.4073673513781
-10,5,169.25826341859792
-9,5,232.3486453902032
-9,5,222.16799881512318
-8,5,289.81118553072014
-8,5,50.0
-8,4,320.9876751307562
-8,4,288.6796635867694
-8,3,176.39516142808924
-8,3,234.16465413464078
-8,2,611.7509078785488
-8,2,50.0
-8,1,284.649523063986
-8,1,302.19194466339763
-7,1,209.47918255368026
-7,1,206.6426023432333
-7,0,209.20300953490116
-7,0,366.8563442570701
-7,-1,332.2745623275395
-7,-1,394.13460261317795
-7,-2,301.9341083647662
-7,-2,463.32179783197984
-6,-2,135.4050024077134
-6,-2,376.1544404699863
-6,-3,153.24657914293897
-6,-3,261.23490389635367
-6,-4,185.2283480649311
-6,-4,205.90821965130158
-5,-4,196.5876448624788
-5,-4,182.77616712369698
-4,-4,274.3902884344368
-4,-4,101.56946026465764
-3,-4,275.23366502864394
-3,-4,264.2647060241293
-3,-3,364.5366510511354
-3,-3,292.50438346053556
-3,-4,60.6181345855631
-3,-4,84.16700120204152
-3,-3,375.47304370876566
-3,-3,328.3965470482221
-3,-4,214.7046807204075
-3,-4,113.01229994276846
-3,-5,306.3752503548923
-3,-5,412.65600687531406
-4,-5,338.72119671357405
-4,-5,167.47250096477694
-3,-5,531.1308578080792
-3,-5,194.79141187624467
-2,-5,545.2179554609249
-2,-5,370.3206309969514
-2,-6,113.8842901780753
-2,-6,231.29037425022156
-1,-6,198.50869113701458
-1,-6,433.3619348093214
-1,-7,246.36721282462304
-1,-7,253.4896317493922
0,-7,231.19021413652683
0,-7,255.659059034007
0,-8,181.97773985268287
0,-8,190.15451051993028
-1,-8,373.8615625819418
-1,-8,380.89575756795927
-2,-8,50.0
-2,-8,198.52263814146005
-3,-8,348.1381654791612
-3,-8,336.25200842716595
-2,-8,107.25047202973187
-2,-8,138.5128719785755
-1,-8,139.57882913379098
-1,-8,192.64161946439984
-2,-8,50.0
-2,-8,291.67172951857987
-3,-8,119.510503246408
-3,-8,219.2449244400043
-4,-8,255.52961212294085
-4,-8,141.48442519241155
-3,-8,461.51845645779144
-3,-8,242.54047531014547
-4,-8,50.0
-4,-8,537.9314745391171
-3,-8,168.761361659013
-3,-8,178.68436112011057
-4,-8,370.41668005492033
-4,-8,313.8476615276492
-3,-8,521.0592867116698
-3,-8,125.77212468950609
-2,-8,373.0437709570947
-2,-8,274.16063744066776
-3,-8,50.0
-3,-8,238.93871071251735
-4,-8,273.52954084842384
-4,-8,148.5947179028585
-5,-8,261.6143982295891
-5,-8,50.0
-6,-8,50.0
-6,-8,199.47852178335046
-5,-8,186.76843626251582
-5,-8,216.4344637921987
-6,-8,50.0
-6,-8,339.44991538546367
-5,-8,231.14017283709475
-5,-8,107.95846094363692
-6,-8,146.24282510490264
-6,-8,315.05224572492466
-7,-8,315.25112335838935
-7,-8,205.0435197830315
-6,-8,50.0
-6,-8,94.35491521951107
-5,-8,344.7743387717527
-5,-8,349.6720467487066
-6,-8,250.14172015554396
-6,-8,493.44085994102977
-7,-8,257.81850291112
-7,-8,73.30365821074027
-8,-8,85.73499664994964
-8,-8,420.97117547872836
-9,-8,118.51011430836418
-9,-8,201.4862875296706
-10,-8,120.89997724192122
-10,-8,74.27655770382883
-11,-8,337.3350858245151
-11,-8,459.6599883733742
-12,-8,50.0
-12,-8,178.66683725780354
-11,-8,50.0
-11,-8,432.5522581017726
-12,-8,145.04814008627085
-12,-8,120.50941471338109
-13,-8,154.3366076661868
-13,-8,346.29816945058315
-14,-8,150.48128388977796
-14,-8,87.98724230675316
-15,-8,443.9001204985792
-15,-8,50.0
-16,-8,50.0
-16,-8,160.1022341545758
-17,-8,50.0
-17,-8,50.0
-16,-8,175.6084122951653
-16,-8,287.0683311045468
-15,-8,50.0
-15,-8,572.6941707223243
-15,-7,392.6533021675619
-15,-7,207.81832609408832
-14,-7,50.0
-14,-7,50.0
-14,-8,159.02186485268382
-14,-8,50.0
-13,-8,261.78582169184426
-13,-8,246.2091352689917
-12,-8,50.0
-12,-8,405.36520193194013
-11,-8,87.0969374548327
-11,-8,248.38752448325172
-11,-7,52.07757185820313
-11,-7,333.7437633281794
-10,-7,301.7130484781346
-10,-7,50.0
-9,-7,310.50098053684457
-9,-7,50.0
-10,-7,157.89711079245285
-10,-7,294.28977646857544
-9,-7,83.32020311429585
-9,-7,50.0
-9,-8,50.0
-9,-8,174.67029334370645
-9,-7,272.3662346701649
-9,-7,50.0
-8,-7,285.13746443472553
-8,-7,167.96226721946456
-7,-7,381.38524230124017
-7,-7,521.1428525349625
-7,-8,144.69425418296117
-7,-8,91.33734213121481
-6,-8,311.8391447002258
-6,-8,213.18854224161237
-5,-8,286.74983471021426
-5,-8,197.84665727520587
-5,-9,131.3054313891497
-5,-9,234.035027030263
-6,-9,72.66389246635528
-6,-9,502.9477797659754
-5,-9,170.58363706811454
-5,-9,50.0
-4,-9,53.479477105636306
-4,-9,293.2553483504253
-5,-9,140.303895113905
-5,-9,137.47199173567176
-4,-9,213.08363227478782
-4,-9,50.0
-3,-9,396.0356150983521
-3,-9,520.8784177292328
-3,-10,465.9824995211502
-3,-10,243.62990202837864
-3,-11,82.25465108338074
-3,-11,193.69925536697363
-2,-11,51.1473594888042
-2,-11,114.4990222509661
-1,-11,232.14746185242328
-1,-11,471.4495130653997
0,-11,145.7330480792814
0,-11,208.97853936357225
1,-11,242.10087153476675
1,-11,224.15844853717226
0,-11,100.56732031048998
0,-11,347.33597710047627
1,-11,50.0
1,-11,55.27398073034112
1,-12,67.17012392459489
1,-12,284.4014493656472
0,-12,212.08086383313255
0,-12,285.2748866681425
-1,-12,103.6787648988392
-1,-12,234.5209799477259
0,-12,88.14996615248596
0,-12,146.9935226023557
0,-13,124.6451426934348
0,-13,311.43858218784084
1,-13,231.18767153448547
1,-13,326.5902245659405
2,-13,135.54397529674682
2,-13,65.6106682548538
2,-14,213.12488742398176
2,-14,162.7877815055743
3,-14,50.0
3,-14,272.6213659039705
4,-14,105.50393321578053
4,-14,293.79181829362545
5,-14,210.12750509428798
5,-14,167.09282556273575
6,-14,50.0
6,-14,215.76245484602003
6,-15,359.9287812079801
6,-15,69.73153453796156
7,-15,50.0
7,-15,187.3273564278561
7,-14,89.48707787139827
7,-14,174.6800695090134
6,-14,196.59837873023747
6,-14,233.2671095186725
7,-14,86.25332800929837
7,-14,352.81709391583786
8,-14,165.09831200788256
8,-14,50.0
9,-14,122.80091866370775
9,-14,50.0
10,-14,50.0
10,-14,54.40597122855265
11,-14,131.0812771347612
11,-14,289.40169838695266
12,-14,290.7684798871882
12,-14,50.0
13,-14,175.20191351032315
13,-14,95.3190244569453
14,-14,50.0
14,-14,50.0
14,-15,50.0
14,-15,50.0
15,-15,80.47018960787571
15,-15,50.0
14,-15,145.08355906954932
14,-15,62.49742704879604
14,-16,50.0
14,-16,50.0
14,-17,50.0
14,-17,59.93120007993151
14,-16,76.83279749712464
14,-16,50.0
15,-16,50.0
15,-16,50.0
16,-16,130.146893942188
16,-16,50.0
16,-17,50.0
16,-17,50.0
16,-18,67.74474632935855
16,-18,50.0
16,-19,50.0
16,-19,50.0
16,-20,52.8786451736011
16,-20,50.0
17,-20,50.0
17,-20,50.0
18,-20,50.0
18,-20,50.0
19,-20,50.0
19,-20,50.0
20,-20,50.0
20,-20,50.0
20,-19,50.0
20,-19,50.0
20,-18,50.0
20,-18,50.0
20,-17,50.0
20,-17,138.64485455052076
20,-16,50.0
20,-16,50.0
20,-17,50.0
20,-17,219.7315453861376
20,-18,50.0
20,-18,50.0
20,-17,90.8498655434651
20,-17,50.0
20,-16,50.0
20,-16,75.86452978741755
20,-15,220.07187544093625
20,-15,109.23491595321877
20,-14,50.0
20,-14,50.0
20,-13,50.0
20,-13,50.0
20,-12,50.0
20,-12,62.82999192758794
20,-11,111.99332930336382
20,-11,50.0
20,-10,50.0
20,-10,50.0
20,-9,237.60571230835714
20,-9,50.0
20,-8,92.35713140242183
20,-8,131.64771994557577
19,-8,50.0
19,-8,50.0
18,-8,50.0
18,-8,50.0
17,-8,249.42700692475563
17,-8,53.22235900959748
16,-8,50.0
16,-8,50.0
15,-8,50.0
15,-8,50.0
14,-8,50.0
14,-8,50.0
13,-8,111.5647401600381
13,-8,115.74054566852831
12,-8,50.0
12,-8,80.2193306057435
11,-8,81.29090384270957
11,-8,202.5900283986006
10,-8,253.65120344726654
10,-8,94.52344915853583
10,-7,82.30633817283629
10,-7,442.9979911036853
9,-7,204.59739784040357
9,-7,443.16091347484206
8,-7,366.2054674120941
8,-7,245.66800069798515
7,-7,50.0
7,-7,50.0
7,-8,379.25355635750697
7,-8,221.5281813521754
6,-8,136.74755889474804
6,-8,292.16991046945054
5,-8,304.4781996553345
5,-8,50.0
6,-8,50.0
6,-8,570.9276774858099
6,-9,221.3633628499411
6,-9,192.19729683783274
5,-9,71.81993888720635
5,-9,290.28547884266703
4,-9,302.17087479798
4,-9,200.72552992724417
3,-9,133.3826355935842
3,-9,237.47327821963228
4,-9,50.0
4,-9,291.91283485155554
5,-9,157.27964462023317
5,-9,276.06996716594455
4,-9,50.0
4,-9,50.0
4,-10,257.83010361457093
4,-10,256.10358995735476
3,-10,272.3817886506122
3,-10,193.6697314112025
4,-10,321.51744654224257
4,-10,194.39007694611178
4,-11,223.9908228857043
4,-11,236.26976695310947
3,-11,256.0578669261712
3,-11,61.86872261109028
2,-11,268.3090586797361
2,-11,50.0
1,-11,50.0
1,-11,441.0614191868142
0,-11,79.97037028281295
0,-11,50.0
-1,-11,181.46312532927294
-1,-11,150.58671428395047
-1,-12,152.22154761975156
-1,-12,301.4936752170611
-2,-12,152.9804971660612
-2,-12,243.30256074998974
-3,-12,457.59370431975555
-3,-12,184.19585225667453
-3,-13,50.0
-3,-13,50.0
-4,-13,238.3664486339382
-4,-13,217.38342782267057
-5,-13,285.86121797514295
-5,-13,513.5441587144576
-6,-13,205.24100791747344
-6,-13,131.41073942214976
-5,-13,74.68039715875696
-5,-13,195.2343349835176
-6,-13,195.95471252287308
-6,-13,50.0
-6,-14,153.7214320130018
-6,-14,97.5373684909442
-7,-14,215.16733421589385
-7,-14,112.39960153282159
-6,-14,114.08414022174252
-6,-14,297.8986361611238
-7,-14,161.9701848600513
-7,-14,50.0
-7,-15,50.0
-7,-15,224.51982632446482
-8,-15,243.39397444272032
-8,-15,50.0
-9,-15,50.0
-9,-15,335.73022294448486
-10,-15,378.47787172967026
-10,-15,109.30892756518558
-11,-15,50.0
-11,-15,50.0
-10,-15,50.0
-10,-15,191.46283419480807
-11,-15,50.0
-11,-15,50.0
-12,-15,50.0
-12,-15,99.19272750493994
-13,-15,50.0
-13,-15,98.09591984406089
-14,-15,50.0
-14,-15,50.0
-15,-15,51.37148296969539
-15,-15,50.0
-15,-16,50.0
-15,-16,50.0
-16,-16,50.0
-16,-16,50.0
-17,-16,50.0
-17,-16,50.0
-18,-16,55.54148896749284
-18,-16,50.0
-19,-16,50.0
-19,-16,50.0
-20,-16,50.0
-20,-16,50.0
-19,-16,50.0
-19,-16,50.0
-19,-17,50.0
-19,-17,50.0
-18,-17,50.0
-18,-17,50.0
-18,-16,50.0
-18,-16,50.0
-17,-16,50.0
-17,-16,50.0
-16,-16,50.0
-16,-16,50.0
-15,-16,50.0
-15,-16,50.0
-15,-15,50.0
-15,-15,52.649598628635644
-14,-15,128.23345141496895
-14,-15,50.0
-13,-15,50.0
-13,-15,50.0
-12,-15,50.0
-12,-15,50.0
-12,-16,366.62981955397424
-12,-16,50.0
-12,-15,50.0
-12,-15,50.0
-13,-15,195.47938924417736
-13,-15,100.15334466439494
-12,-15,261.4720764510965
-12,-15,50.0
-11,-15,59.515311968465554
-11,-15,50.0
-10,-15,162.25860691754937
-10,-15,50.0
-9,-15,78.08141460142751
-9,-15,156.74026092511312
-8,-15,176.4339673018244
-8,-15,72.37352701983363
-9,-15,65.14006763718237
-9,-15,50.0
-9,-16,195.91782991652374
-9,-16,75.93907948819484
-9,-15,331.7678035081195
-9,-15,204.8289336880825
-8,-15,195.00551466105975
-8,-15,50.0
-8,-14,50.0
-8,-14,50.0
-7,-14,50.0
-7,-14,50.0
-6,-14,327.89663556024567
-6,-14,50.0
-5,-14,225.94150630684953
-5,-14,139.96712248798366
-5,-13,50.0
-5,-13,125.16000533705929
-4,-13,341.54280665409146
-4,-13,605.6167368561756
-3,-13,50.0
-3,-13,260.66491084701516
-2,-13,209.7314331178854
-2,-13,353.621932360925
-1,-13,176.15489835192642
-1,-13,237.0049065411011
-1,-12,50.0
-1,-12,50.0
-2,-12,169.97578128583825
-2,-12,178.60583608083263
-1,-12,122.85958214340894
-1,-12,391.20583059063574
-1,-11,153.22079572815056
-1,-11,217.86250593981427
-1,-12,164.4457202035064
-1,-12,189.3251559179384
-2,-12,107.39279593117332
-2,-12,176.68734223743593
-1,-12,330.774279749511
-1,-12,50.0
-1,-11,456.697909764673
-1,-11,216.2156667221619
0,-11,132.40133079559718
0,-11,50.0
0,-10,189.09273622585016
0,-10,120.38371188639121
0,-9,353.5785205621727
0,-9,50.0
-1,-9,333.5049395711753
-1,-9,216.75888621775303
0,-9,257.37419334991637
0,-9,83.77942799821743
1,-9,164.80823576998574
1,-9,377.6140872691328
0,-9,344.98567381747426
0,-9,520.3198641973195
-1,-9,238.04031499142346
-1,-9,210.52517120568746
0,-9,313.5628043603454
0,-9,270.24046450342064
-1,-9,89.23982971245172
-1,-9,226.1769274037124
0,-9,130.1017279926134
0,-9,340.79813123192025
1,-9,456.16442102381257
1,-9,281.9567419731296
2,-9,249.82859506866592
2,-9,51.53621126909533
2,-8,238.00913886247614
2,-8,465.6161049203114
3,-8,145.07933171238724
3,-8,299.5529212354342
4,-8,50.0
4,-8,452.38220077565126
4,-9,50.0
4,-9,86.90356175820854
3,-9,157.21070611684328
3,-9,50.0
2,-9,401.3313827550484
2,-9,200.9631759741917
1,-9,306.28333143085115
1,-9,265.0146952252161
1,-10,235.7550078569039
1,-10,238.84903307351522
0,-10,269.8164713052507
0,-10,224.46894877227314
0,-11,150.2299793901372
0,-11,436.7094041846527
0,-12,74.261655902105
0,-12,418.62130159891603
0,-11,303.9589896383188
0,-11,420.8407223604152
1,-11,309.8187143721829
1,-11,447.12532819884984
1,-12,155.16938558269473
1,-12,50.0
2,-12,50.0
2,-12,321.1392431196563
2,-11,53.980548656885986
2,-11,383.13202421982623
2,-10,58.27078459368333
2,-10,306.3774631194666
2,-9,320.65811744264556
2,-9,109.87834880127984
3,-9,270.9455220112619
3,-9,73.17392548160203
2,-9,50.41704524790873
2,-9,260.41619027286913
2,-8,246.98636489818674
2,-8,324.93385017853694
2,-9,157.9775340170366
2,-9,630.2025370758395
3,-9,246.01734362476193
3,-9,317.7251816412115
3,-8,218.82307798056024
3,-8,229.79399818367625
4,-8,56.16017571853496
4,-8,87.21646157965577
5,-8,332.6320750552602
5,-8,286.6769972602941
6,-8,602.1029945369357
6,-8,179.02905935290408
6,-7,243.04432604276013
6,-7,109.63589769326646
6,-6,269.69361122635354
6,-6,243.76094404952545
7,-6,185.24298658850927
7,-6,310.30767508697323
7,-7,319.2518382174032
7,-7,394.84905852727036
6,-7,183.0791003250021
6,-7,353.4828812133405
7,-7,341.03408762743254
7,-7,221.36379026956192
8,-7,136.43068682037938
8,-7,249.6835157572989
8,-6,310.7272176668107
8,-6,153.19954108126487
7,-6,310.21792462985695
7,-6,236.56948116365135
7,-5,415.46546816265527
7,-5,58.546910649472636
7,-4,50.0
7,-4,226.82566009625373
8,-4,50.0
8,-4,91.92674296814181
9,-4,203.71448524110934
9,-4,434.0936599661373
9,-3,172.1234031078135
9,-3,630.5473164138086
9,-2,330.9644100147245
9,-2,50.0
10,-2,152.10883773820208
10,-2,205.75186151829797
9,-2,180.2445852804873
9,-2,262.3765052514752
10,-2,50.0
10,-2,101.79856227537698
10,-1,101.61645611914274
10,-1,154.82832798738937
11,-1,128.43952315597195
11,-1,222.24266074571005
11,0,191.4568849126534
11,0,277.15719856713514
12,0,582.9649517092726
12,0,335.2539520625346
12,1,471.59298409995245
12,1,57.78280461224357
12,2,136.55109345433883
12,2,211.90838260535526
13,2,144.45166650743656
13,2,114.92923239790755
13,3,126.40113829912377
13,3,50.0
12,3,73.23928506694284
12,3,252.21432063464388
12,4,357.0193848529842
12,4,305.22763899185145
13,4,198.30517848749545
13,4,150.40240278617355
12,4,299.0163104732542
12,4,428.3383718922314
12,5,148.21732685181067
12,5,135.32023500923628
13,5,219.06026627403196
13,5,386.3146382729136
14,5,50.0
14,5,144.68503485264895
13,5,167.3524990085819
13,5,236.59148611856747
13,4,142.83885913570805
13,4,289.9374655499384
14,4,131.0373767940572
14,4,207.33795565264754
14,5,120.43315859170687
14,5,308.18642032299203
15,5,101.86410493778774
15,5,50.0
16,5,50.0
16,5,50.0
17,5,61.02863633650783
17,5,50.0
18,5,50.0
18,5,50.0
18,6,50.0
18,6,50.0
18,7,363.31915079132085
18,7,259.83216219264807
18,8,417.2344522416034
18,8,62.375874207910435
19,8,101.48449006288257
19,8,275.525621139025
20,8,50.0
20,8,50.0
19,8,50.0
19,8,60.93204427854661
18,8,50.0
18,8,50.0
17,8,304.11753708766065
17,8,220.43978622470365
16,8,50.0
16,8,50.0
15,8,50.0
15,8,192.7777740407428
14,8,50.0
14,8,50.0
13,8,50.0
13,8,128.22777331635777
12,8,293.7851792453987
12,8,63.227818654377266
12,9,183.24247098188906
12,9,159.35325948865398
12,8,50.0
12,8,50.0
12,7,61.02006028815279
12,7,384.9376785118974
12,6,253.22406826941494
12,6,50.0
12,5,521.3719289256568
12,5,368.4885628530576
12,4,414.221152312786
12,4,484.2342706522452
12,3,168.63748831239306
12,3,332.183943229758
13,3,87.195164692054
13,3,149.6040114353885
12,3,237.00392328440915
12,3,377.6903912423627
13,3,451.02397363861735
13,3,180.144395133758
14,3,90.21422498139415
14,3,387.18504995850026
13,3,404.2333486796364
13,3,219.53955502543175
14,3,154.5713589832188
14,3,76.81785372115924
13,3,173.18363694993354
13,3,272.8080619705463
13,2,218.02631203100276
13,2,458.27849264244105
13,1,459.5854175192949
13,1,106.90230311372451
