16,-15,100.0
16,-14,100.0
16,-13,100.0
16,-12,220.86452014209698
16,-11,428.6819730104718
15,-11,159.77183248900332
14,-11,452.01137297741275
15,-11,100.0
14,-11,121.79897368097208
14,-10,257.48802073967784
13,-10,100.0
12,-10,112.99751446205475
11,-10,285.6846043334382
11,-9,100.0
12,-9,252.55675508275846
12,-8,251.80490242271497
11,-8,833.2477973687351
11,-7,208.65843983782955
10,-7,334.70450122858534
9,-7,127.98274330963399
8,-7,493.2143187503879
8,-6,204.84592244547824
8,-5,239.6425041186803
8,-4,331.5770130546117
7,-4,214.27472854216944
7,-5,591.7099566536319
7,-4,292.81374799043704
8,-4,636.4581408476047
7,-4,363.2308384748683
6,-4,264.3530983484373
6,-3,535.1210491498522
5,-3,404.3126003598686
4,-3,459.18429732709046
4,-2,269.88165167700004
4,-1,209.35303014742584
5,-1,490.4912343516732
4,-1,1050.469194533476
3,-1,258.2237060676434
2,-1,313.6886523698982
2,0,431.12168991293925
2,1,519.6722476442997
2,2,967.7204738594828
1,2,309.6962370960393
0,2,652.8763916697615
0,3,598.4070905396327
-1,3,330.96524260072545
0,3,142.1787744857047
-1,3,973.1427099671117
-2,3,695.5664514063138
-2,4,274.08700917067705
-2,5,740.2944131226019
-2,6,264.23641600933473
-1,6,100.0
0,6,175.1516421419527
-1,6,209.16329605448152
-2,6,509.4473392737335
-1,6,640.8571466307288
-2,6,709.1187734816546
-2,7,281.5984962037953
-1,7,216.35894589795888
-2,7,278.96425896636345
-1,7,869.0431511622494
-2,7,363.7241020538065
-2,6,748.2511058980074
-3,6,178.63357641851093
-3,7,147.31357732704322
-4,7,988.3792654342676
-4,8,345.65044237705695
-5,8,272.35779815560574
-5,9,205.959644284889
-6,9,478.49724286381866
-5,9,591.0263813357245
-5,10,100.0
-6,10,143.41295639035994
-7,10,428.0202157310631
-8,10,207.89531924655307
-9,10,100.0
-10,10,100.0
-11,10,100.0
-12,10,312.21391561448604
-13,10,179.23903708109407
-13,9,100.0
-13,10,153.65515013916422
-12,10,243.92840406474136
-12,11,287.7681822896211
-13,11,115.76978016711189
-13,10,100.0
-13,11,107.68440148136153
-14,11,100.0
-15,11,124.8809971248378
-15,12,341.4073653539146
-16,12,226.37843996460023
-16,11,100.0
-15,11,100.0
-16,11,192.47156906015198
-15,11,389.9913372727156
-15,10,100.0
-14,10,192.93189150211194
-14,11,226.3679969637556
-14,12,128.00567020922557
-14,11,305.1832677640379
-13,11,100.0
-12,11,123.30299337807679
-12,10,142.63012608456907
-12,9,389.11204332875013
-11,9,138.73221786111606
-11,8,241.80362306105656
-11,7,100.0
-11,8,100.0
-11,7,555.7863437929104
-12,7,100.0
-12,8,297.03166769543304
-13,8,100.0
-12,8,462.5298615186823
-12,9,248.30194700451383
-11,9,173.27283154493665
-11,8,100.0
-10,8,269.5883225693163
-10,7,179.02957299655128
-9,7,277.08370978780886
-9,8,297.2868381817547
-10,8,100.0
-10,7,345.438291137003
-9,7,340.69715400616735
-10,7,137.6019484198898
-10,6,606.7626785266518
-10,5,138.730342351023
-9,5,354.7671950539473
-8,5,253.59731814199534
-8,4,100.0
-8,3,327.93349949878257
-8,2,117.83044679898683
-8,1,487.5685766166408
-7,1,363.7393102169999
-7,0,774.6776889181019
-7,-1,129.38654786138443
-7,-2,599.3590582500559
-6,-2,653.8470710976899
-6,-3,593.3215727862274
-6,-4,596.819742283852
-5,-4,100.0
-4,-4,530.8523531691822
-3,-4,100.0
-3,-3,825.3742157003383
-3,-4,512.5725357910275
-3,-3,876.3742973259311
-3,-4,809.2420662677775
-3,-5,214.5993996136892
-4,-5,508.8548579363588
-3,-5,399.9408980178315
-2,-5,540.7865275277613
-2,-6,100.0
-1,-6,634.1412043391645
-1,-7,299.2648487072182
0,-7,464.32426951507097
0,-8,100.0
-1,-8,277.38855675808594
-2,-8,450.7798412822699
-3,-8,100.0
-2,-8,734.5816261299312
-1,-8,137.4341150827442
-2,-8,463.3725932045866
-3,-8,377.4155089630135
-4,-8,124.42231348052627
-3,-8,618.6554210690188
-4,-8,114.79828258052575
-3,-8,416.75774045148484
-4,-8,802.6840518799191
-3,-8,369.46514142934524
-2,-8,100.0
-3,-8,732.745233244979
-4,-8,100.0
-5,-8,284.8575682545255
-6,-8,425.7369215714519
-5,-8,210.16699074271924
-6,-8,406.7171842056541
-5,-8,294.6247467143918
-6,-8,523.0473069157521
-7,-8,252.46563627061357
-6,-8,302.66166707219804
-5,-8,100.0
-6,-8,325.9175981693859
-7,-8,232.21882427584933
-8,-8,220.95145615826715
-9,-8,100.0
-10,-8,323.0494359186748
-11,-8,356.44618725272164
-12,-8,100.0
-11,-8,100.0
-12,-8,100.0
-13,-8,100.0
-14,-8,100.0
-15,-8,100.0
-16,-8,100.0
-17,-8,270.15775403644227
-16,-8,122.6249781773129
-15,-8,100.0
-15,-7,244.14816191836124
-14,-7,111.59267085357216
-14,-8,453.96038935588837
-13,-8,425.2066279488595
-12,-8,248.52191729743987
-11,-8,194.65499889499415
-11,-7,187.88651612662395
-10,-7,324.53111304842537
-9,-7,610.0194167679824
-10,-7,168.89023012073537
-9,-7,286.0380084799484
-9,-8,283.58274289199915
-9,-7,128.31859906427582
-8,-7,661.4405307971949
-7,-7,219.8246304259852
-7,-8,523.5795738009621
-6,-8,100.0
-5,-8,169.0599167215836
-5,-9,100.0
-6,-9,425.45407960441617
-5,-9,597.9502999479186
-4,-9,914.7652727807038
-5,-9,195.90102886498366
-4,-9,306.4364895536333
-3,-9,443.2644242606419
-3,-10,100.0
-3,-11,227.63487298136295
-2,-11,348.3965887640279
-1,-11,300.2876007416619
0,-11,412.49361281524244
1,-11,216.51462531532465
0,-11,203.06468530527934
1,-11,277.37644006312263
1,-12,259.65443459523135
0,-12,316.6923566822652
-1,-12,364.86697027175165
0,-12,380.832730629599
0,-13,347.01209891976623
1,-13,100.0
2,-13,257.1501586531875
2,-14,100.0
3,-14,186.93992167393608
4,-14,382.0647191695563
5,-14,100.0
6,-14,129.86538236749558
6,-15,271.8236805064957
7,-15,125.74833421961691
7,-14,109.10411862926813
6,-14,169.82941920710027
7,-14,100.0
8,-14,100.0
9,-14,295.0395471457614
10,-14,478.62261466935144
11,-14,224.48016646418822
12,-14,100.0
13,-14,100.0
14,-14,100.0
14,-15,269.20719605815054
15,-15,100.0
14,-15,100.0
14,-16,100.0
14,-17,100.0
14,-16,100.0
15,-16,100.0
16,-16,100.0
16,-17,148.2036820453946
16,-18,100.0
16,-19,100.0
16,-20,100.0
17,-20,100.0
18,-20,201.07737805505465
19,-20,100.0
20,-20,100.0
20,-19,100.0
20,-18,100.0
20,-17,100.0
20,-16,100.0
20,-17,100.0
20,-18,100.0
20,-17,100.0
20,-16,100.0
20,-15,142.2692530305356
20,-14,100.0
20,-13,100.0
20,-12,100.0
20,-11,282.4443031557922
20,-10,100.0
20,-9,196.10330446161575
20,-8,456.1525314821494
19,-8,100.0
18,-8,105.09402539525333
17,-8,100.0
16,-8,100.0
15,-8,118.1530071706788
14,-8,100.0
13,-8,202.24307689677744
12,-8,100.0
11,-8,695.0842301978628
10,-8,100.0
10,-7,210.01140294320368
9,-7,280.4819047074567
8,-7,503.3316691374062
7,-7,121.2153617781895
7,-8,186.3923495719355
6,-8,208.00139653153863
5,-8,231.470454664484
6,-8,269.3213077352555
6,-9,273.61051337559275
5,-9,270.1300935566309
4,-9,466.77046226670734
3,-9,413.145392278939
4,-9,570.9207399010807
5,-9,486.6778861196944
4,-9,408.25144222414156
4,-10,552.9997844522024
3,-10,252.44971549824106
4,-10,603.3047353442256
4,-11,261.20024897727785
3,-11,100.0
2,-11,100.0
1,-11,100.0
0,-11,200.81310719968172
-1,-11,442.5395174625369
-1,-12,344.2100525921028
-2,-12,487.54800618711386
-3,-12,100.0
-3,-13,116.685212036237
-4,-13,255.1500836736024
-5,-13,305.38609975269145
-6,-13,100.0
-5,-13,565.4219788206319
-6,-13,100.0
-6,-14,301.11094080186746
-7,-14,625.4093930311402
-6,-14,297.1123007118134
-7,-14,100.0
-7,-15,240.85862033972623
-8,-15,101.8386599404249
-9,-15,100.0
-10,-15,100.0
-11,-15,100.0
-10,-15,100.0
-11,-15,100.0
-12,-15,100.0
-13,-15,100.0
-14,-15,100.0
-15,-15,219.1536775482404
-15,-16,100.0
-16,-16,100.0
-17,-16,100.0
-18,-16,100.0
-19,-16,100.0
-20,-16,100.0
-19,-16,100.0
-19,-17,100.0
-18,-17,100.0
-18,-16,145.87134995929395
-17,-16,122.11725702283758
-16,-16,100.0
-15,-16,100.0
-15,-15,100.0
-14,-15,100.0
-13,-15,100.0
-12,-15,100.0
-12,-16,629.1212453021691
-12,-15,237.88295119240453
-13,-15,100.0
-12,-15,100.0
-11,-15,100.0
-10,-15,100.0
-9,-15,431.3695129294598
-8,-15,100.0
-9,-15,176.7028501109192
-9,-16,100.0
-9,-15,100.0
-8,-15,100.0
-8,-14,241.80408451451734
-7,-14,264.79053629029266
-6,-14,223.45507014073345
-5,-14,401.1072283055256
-5,-13,263.11658004194373
-4,-13,100.0
-3,-13,370.0977029580127
-2,-13,100.19261635395807
-1,-13,385.11014291891877
-1,-12,207.86876598459327
-2,-12,323.76340484512485
-1,-12,325.6712563826111
-1,-11,100.0
-1,-12,129.13205549443504
-2,-12,169.04946760254555
-1,-12,109.3866931697286
-1,-11,298.4963985989669
0,-11,302.60369346866696
0,-10,156.958212895447
0,-9,204.73687358239258
-1,-9,378.93248857673404
0,-9,708.7026309394041
1,-9,606.5596707687635
0,-9,230.69249426715098
-1,-9,207.2031565190694
0,-9,782.3800333726783
-1,-9,469.5171928070404
0,-9,106.88694587977255
1,-9,362.24266646111164
2,-9,292.5846631443847
2,-8,461.6795071050482
3,-8,297.4221413463979
4,-8,697.9114385339752
4,-9,323.26714353534896
3,-9,150.1783598495358
2,-9,477.35469588520283
1,-9,471.74091192740957
1,-10,142.06814340092345
0,-10,100.0
0,-11,385.8386490755741
0,-12,100.0
0,-11,100.0
1,-11,147.82333363029807
1,-12,405.27572112651205
2,-12,135.94086647185551
2,-11,446.72085406862374
2,-10,580.7984853049599
2,-9,100.0
3,-9,591.3521783576881
2,-9,446.031385309132
2,-8,262.1648725533351
2,-9,266.64100479305677
3,-9,223.99069658114104
3,-8,677.4770499542124
4,-8,584.8122469977704
5,-8,311.01225432576035
6,-8,560.8047946274623
6,-7,274.5365481253893
6,-6,635.7309526966021
7,-6,335.1858559214947
7,-7,100.0
6,-7,265.29887302789314
7,-7,642.081215694342
8,-7,231.52049578023704
8,-6,397.9110048350275
7,-6,126.20252180153128
7,-5,536.658626784987
7,-4,731.541508970414
8,-4,542.2199478454984
9,-4,170.8223726004482
9,-3,146.29079906639174
9,-2,814.7460338561887
10,-2,566.778433927322
9,-2,218.09334925119427
10,-2,374.75196665669125
10,-1,100.0
11,-1,716.6233203966021
11,0,305.26438908101676
12,0,330.0387852963077
12,1,1070.270160444881
12,2,100.0
13,2,170.313822567786
13,3,262.60661687147274
12,3,167.7557951357793
12,4,115.77049179144228
13,4,154.77421973838855
12,4,441.51861192277426
12,5,916.3945549364291
13,5,100.0
14,5,100.0
13,5,100.0
13,4,147.32135687130773
14,4,143.98564764456245
14,5,205.99133500776873
15,5,309.09342645247403
16,5,126.71812338117877
17,5,142.67549796248733
18,5,128.6170174023545
18,6,100.0
18,7,100.0
18,8,100.0
19,8,104.3427137717541
20,8,100.0
19,8,100.0
18,8,100.0
17,8,100.0
16,8,152.18228234629024
15,8,248.16551429903902
14,8,365.985570006545
13,8,226.99514483528503
12,8,100.0
12,9,404.43868819146496
12,8,142.95937628139427
12,7,224.3070213673516
12,6,255.08398240422463
12,5,165.80358130671547
12,4,226.2848818860677
12,3,163.10880615156134
13,3,453.9713102577314
12,3,553.909425678381
13,3,159.62903928718194
14,3,259.0753922692305
13,3,306.8490926988708
14,3,232.78990792081942
13,3,228.84688363573997
13,2,100.0
13,1,167.83404124290905
