16,-15,155.87103696969655
16,-14,100.0
16,-13,154.40103107251576
16,-12,110.52843842463525
16,-11,100.0
15,-11,479.85216884285717
14,-11,100.71053330641017
15,-11,273.88644381428173
14,-11,167.7760422932924
14,-10,373.95854879630707
13,-10,101.16834490879324
12,-10,353.54307846056446
11,-10,161.63054119859666
11,-9,217.19782847828682
12,-9,201.04559065400616
12,-8,721.5787576039158
11,-8,696.0101656532022
11,-7,115.33565357369255
10,-7,102.392179493992
9,-7,312.44060959495096
8,-7,530.2886027320361
8,-6,116.51161820812172
8,-5,100.0
8,-4,230.46281375307717
7,-4,748.6478694073521
7,-5,646.0311120117217
7,-4,420.94204371710657
8,-4,626.5804343002812
7,-4,377.45748235206827
6,-4,718.5250486221621
6,-3,160.80714586011197
5,-3,561.4746693437132
4,-3,978.3473371582895
4,-2,326.6380260257974
4,-1,349.8082865259508
5,-1,270.9404418143991
4,-1,983.8564597024347
3,-1,567.7931993967776
2,-1,210.09252667713474
2,0,932.3425079940112
2,1,359.57953280258175
2,2,593.5000151412671
1,2,749.1889981403835
0,2,909.1667167963467
0,3,353.26825951584095
-1,3,276.2552988912185
0,3,567.1088462326487
-1,3,301.8866416940327
-2,3,414.102689044821
-2,4,631.4185018753825
-2,5,559.0292256715152
-2,6,213.26655158954088
-1,6,775.8899980682013
0,6,335.3477969969689
-1,6,346.74796849598107
-2,6,678.9525658933545
-1,6,545.8432288583373
-2,6,232.3456370975964
-2,7,126.9707101320027
-1,7,240.82185562411013
-2,7,306.09625652039796
-1,7,554.1039057370047
-2,7,626.9834224042108
-2,6,382.8606264408488
-3,6,296.549183331141
-3,7,343.7941178902117
-4,7,420.06436044981666
-4,8,220.4594824685816
-5,8,107.96587898337881
-5,9,453.4835811600301
-6,9,100.0
-5,9,231.62370589888883
-5,10,495.49044256403414
-6,10,332.34119037739947
-7,10,197.46114375821563
-8,10,269.7798090816252
-9,10,100.0
-10,10,167.8896573339242
-11,10,556.4820106832235
-12,10,100.0
-13,10,542.580439133426
-13,9,240.09994353518914
-13,10,100.0
-12,10,385.6301183981684
-12,11,100.0
-13,11,442.79524689441496
-13,10,158.86541102013697
-13,11,173.30729605276224
-14,11,242.01988798321327
-15,11,129.5382441849342
-15,12,100.0
-16,12,259.9046224225001
-16,11,100.0
-15,11,100.0
-16,11,100.0
-15,11,226.9671654857202
-15,10,172.56585954571636
-14,10,243.99410285374623
-14,11,191.18454738587258
-14,12,122.1030880195868
-14,11,100.0
-13,11,100.0
-12,11,100.0
-12,10,412.73961473312386
-12,9,339.1418341330594
-11,9,303.8035660346346
-11,8,225.5028377138979
-11,7,492.08315413156845
-11,8,100.0
-11,7,100.0
-12,7,283.0373841582657
-12,8,115.46174847952804
-13,8,265.79736179600235
-12,8,154.56689670341467
-12,9,100.0
-11,9,168.36922330332249
-11,8,203.25523388003347
-10,8,277.6428958951065
-10,7,100.0
-9,7,253.0442738254519
-9,8,377.2070893902964
-10,8,397.75293679720306
-10,7,100.0
-9,7,468.1458150190641
-10,7,100.0
-10,6,552.9034092353244
-10,5,628.0987801805528
-9,5,455.4103832430935
-8,5,215.34190281265495
-8,4,224.79428749398215
-8,3,235.47028513370583
-8,2,249.22481944766233
-8,1,317.76229031692264
-7,1,340.34317217952275
-7,0,517.8798043502023
-7,-1,381.14349630487527
-7,-2,616.1570905749215
-6,-2,562.6358731900965
-6,-3,151.33492649255186
-6,-4,339.7089801407387
-5,-4,528.3563614302132
-4,-4,208.35826141388677
-3,-4,344.758514127927
-3,-3,404.5074413098976
-3,-4,557.6906056106275
-3,-3,374.29258709017944
-3,-4,288.58417329448815
-3,-5,924.1764514477676
-4,-5,359.9281156179579
-3,-5,460.6260411626381
-2,-5,1115.4813865820718
-2,-6,518.7618017677656
-1,-6,697.9105834092838
-1,-7,476.7035689877929
0,-7,1082.3402227166707
0,-8,309.6066617473241
-1,-8,438.5366301208297
-2,-8,523.0515480856047
-3,-8,396.9824596112682
-2,-8,377.2223247750834
-1,-8,160.60196292849668
-2,-8,494.65140451936827
-3,-8,100.0
-4,-8,266.13061066469186
-3,-8,100.0
-4,-8,261.9915798734595
-3,-8,333.57085378125157
-4,-8,329.8313955791034
-3,-8,100.0
-2,-8,271.4318451424582
-3,-8,644.9678883553042
-4,-8,948.7165921625453
-5,-8,776.2927250512055
-6,-8,100.0
-5,-8,184.45812967451738
-6,-8,235.96481649786796
-5,-8,285.86012002580446
-6,-8,100.0
-7,-8,599.5726792781389
-6,-8,502.8055655002619
-5,-8,100.0
-6,-8,385.0580895293382
-7,-8,295.97849739945457
-8,-8,808.6427578533128
-9,-8,602.5296327317297
-10,-8,175.43421883583312
-11,-8,100.0
-12,-8,277.41667465447637
-11,-8,226.65777290166534
-12,-8,196.2606816547864
-13,-8,248.62590749144877
-14,-8,357.10111356347153
-15,-8,100.0
-16,-8,380.57442077486235
-17,-8,149.73365179669156
-16,-8,126.66366092037356
-15,-8,173.50811867549396
-15,-7,310.3765897126181
-14,-7,696.2495325681903
-14,-8,294.51315321795823
-13,-8,100.0
-12,-8,380.8091570849384
-11,-8,133.54967636093286
-11,-7,100.0
-10,-7,307.4534797778993
-9,-7,661.9927379332141
-10,-7,352.3032311647984
-9,-7,165.90390660480466
-9,-8,278.87769194036105
-9,-7,100.0
-8,-7,357.128379065962
-7,-7,890.9409431887698
-7,-8,138.35983051762332
-6,-8,869.9626861538097
-5,-8,837.0546524313838
-5,-9,223.76449738458345
-6,-9,342.1248214861082
-5,-9,614.2556055500188
-4,-9,176.34998879117222
-5,-9,156.99883909456656
-4,-9,465.2286174995349
-3,-9,638.2873460586119
-3,-10,347.58382407137594
-3,-11,832.9261924863097
-2,-11,134.08030646421597
-1,-11,140.87964450863072
0,-11,100.0
1,-11,314.51568034084937
0,-11,554.594830598327
1,-11,100.0
1,-12,202.38164465833447
0,-12,100.0
-1,-12,288.194518604229
0,-12,100.0
0,-13,230.5023751847624
1,-13,190.10959662616193
2,-13,168.71795529489216
2,-14,100.0
3,-14,100.0
4,-14,150.2055077792569
5,-14,102.77568439564658
6,-14,100.0
6,-15,100.0
7,-15,100.0
7,-14,182.20042994062004
6,-14,232.26758848064767
7,-14,139.54507088962532
8,-14,202.54806981649958
9,-14,100.0
10,-14,100.0
11,-14,100.0
12,-14,100.0
13,-14,100.0
14,-14,100.0
14,-15,100.0
15,-15,100.0
14,-15,100.0
14,-16,100.0
14,-17,100.0
14,-16,100.0
15,-16,498.47018668917656
16,-16,135.66853221863045
16,-17,100.0
16,-18,100.0
16,-19,100.0
16,-20,100.0
17,-20,128.0561827791401
18,-20,100.0
19,-20,100.0
20,-20,100.0
20,-19,100.0
20,-18,100.0
20,-17,100.0
20,-16,100.0
20,-17,100.0
20,-18,100.0
20,-17,100.0
20,-16,100.0
20,-15,100.0
20,-14,100.0
20,-13,100.0
20,-12,100.0
20,-11,100.0
20,-10,209.88552041814881
20,-9,258.4637096570549
20,-8,100.0
19,-8,450.80725360450765
18,-8,266.1993266666933
17,-8,464.562476992049
16,-8,267.6115200063092
15,-8,100.0
14,-8,434.0576019333705
13,-8,124.63011828026191
12,-8,279.7109009718506
11,-8,100.0
10,-8,149.05753121932963
10,-7,523.8629010271469
9,-7,321.3671169302237
8,-7,412.71756320679947
7,-7,517.193827937166
7,-8,126.7467125590529
6,-8,538.5412948200423
5,-8,688.5479468085629
6,-8,353.86642613509275
6,-9,309.3408596079456
5,-9,100.0
4,-9,265.8042301130257
3,-9,389.7053584745179
4,-9,403.2086736812655
5,-9,100.0
4,-9,943.6030061858237
4,-10,845.7338479748689
3,-10,439.4482056408104
4,-10,165.8650484130139
4,-11,100.0
3,-11,449.30678546175596
2,-11,327.5983402645801
1,-11,894.4692185118377
0,-11,713.2326579735382
-1,-11,256.6291562048256
-1,-12,122.9555203815645
-2,-12,466.41655409975556
-3,-12,236.7576013322729
-3,-13,100.0
-4,-13,251.40155062597006
-5,-13,126.5465432100598
-6,-13,100.0
-5,-13,158.75153615008395
-6,-13,188.53858822693678
-6,-14,262.1530674434652
-7,-14,681.2640312754709
-6,-14,163.77510845906133
-7,-14,319.06525215709513
-7,-15,566.58073908628
-8,-15,100.0
-9,-15,128.65602410992872
-10,-15,100.0
-11,-15,160.98669856933319
-10,-15,295.2130787079492
-11,-15,112.75025788190325
-12,-15,100.0
-13,-15,100.0
-14,-15,100.0
-15,-15,100.0
-15,-16,100.0
-16,-16,100.0
-17,-16,100.0
-18,-16,100.0
-19,-16,100.0
-20,-16,100.0
-19,-16,128.07852728906025
-19,-17,100.0
-18,-17,100.0
-18,-16,100.0
-17,-16,100.0
-16,-16,100.0
-15,-16,100.0
-15,-15,100.0
-14,-15,140.57439544414672
-13,-15,100.0
-12,-15,100.0
-12,-16,168.28785114822767
-12,-15,100.0
-13,-15,121.77641601837756
-12,-15,501.5627493490367
-11,-15,100.0
-10,-15,138.5007953959171
-9,-15,374.7508853275508
-8,-15,264.05204338832124
-9,-15,100.0
-9,-16,111.2170079860663
-9,-15,100.0
-8,-15,207.5973650308678
-8,-14,461.4100368644402
-7,-14,249.78541706134885
-6,-14,175.87638122451847
-5,-14,565.007514148765
-5,-13,233.43154615863523
-4,-13,149.43755361827868
-3,-13,100.0
-2,-13,254.96724680672457
-1,-13,431.9297748486929
-1,-12,144.12568410673617
-2,-12,131.18805603139035
-1,-12,100.0
-1,-11,324.9569043489489
-1,-12,222.12095317148533
-2,-12,535.7183109955996
-1,-12,312.7366180673541
-1,-11,609.611950374249
0,-11,100.0
0,-10,513.3324621417689
0,-9,496.28749695183274
-1,-9,305.28711151747694
0,-9,315.9316688926941
1,-9,718.4611573424618
0,-9,858.0425196443614
-1,-9,216.54288060946908
0,-9,100.0
-1,-9,209.43158654829776
0,-9,475.87764749321553
1,-9,627.8168362383551
2,-9,442.81064914053945
2,-8,270.37304165043565
3,-8,109.71264778408107
4,-8,627.2133425754182
4,-9,420.71061719704664
3,-9,223.80324150408393
2,-9,557.7087931266004
1,-9,213.37811436855247
1,-10,356.9601533746679
0,-10,591.9144493904166
0,-11,219.3173649579896
0,-12,140.7750132424624
0,-11,290.86227941124577
1,-11,649.9893058142301
1,-12,291.7666488938792
2,-12,185.1735387218622
2,-11,485.6572819357732
2,-10,801.608202833788
2,-9,279.88697454171523
3,-9,570.4020548177614
2,-9,284.9791652404368
2,-8,330.56701735207196
2,-9,156.97967297091185
3,-9,483.6551653565755
3,-8,193.41286193350132
4,-8,230.14292501228385
5,-8,400.4045498355998
6,-8,279.03609964883503
6,-7,161.20075431211768
6,-6,198.4696474685788
7,-6,100.0
7,-7,501.2756512755635
6,-7,100.0
7,-7,890.3796893031088
8,-7,313.1939309417294
8,-6,735.0256166800173
7,-6,346.25695835181716
7,-5,712.9873897341754
7,-4,215.45225214964964
8,-4,132.93059353162
9,-4,345.0453870803971
9,-3,489.54272693215773
9,-2,286.6538844356396
10,-2,637.1475010539814
9,-2,100.0
10,-2,228.16379587989985
10,-1,100.0
11,-1,380.81553063504316
11,0,501.49716728431326
12,0,349.9283595566672
12,1,236.12636165740906
12,2,420.77722016446694
13,2,143.45348468030144
13,3,100.0
12,3,100.0
12,4,465.4907664348292
13,4,174.4590923332588
12,4,315.89376287233233
12,5,303.3240617633907
13,5,100.0
14,5,415.9485977131505
13,5,324.3028793697353
13,4,479.19338780796727
14,4,1076.942606028891
14,5,182.83386185297712
15,5,117.89156649193725
16,5,413.84525843376343
17,5,123.42083209329148
18,5,100.0
18,6,226.566027250463
18,7,251.49800998495436
18,8,100.0
19,8,100.0
20,8,223.46169885673038
19,8,100.0
18,8,100.0
17,8,275.17576433532776
16,8,217.2898388402065
15,8,383.36009963682005
14,8,140.74538183461925
13,8,100.0
12,8,100.0
12,9,188.30471327798833
12,8,100.0
12,7,292.3922689087192
12,6,100.0
12,5,361.6034995213658
12,4,100.0
12,3,100.0
13,3,121.30180380313075
12,3,248.7066968227205
13,3,362.9134564409683
14,3,321.73671990183794
13,3,244.0328982945871
14,3,100.0
13,3,194.43666862194402
13,2,186.27615758585875
13,1,315.98186724079477
