16,-15,66.2819221770878
16,-15,93.89393130809242
16,-14,50.0
16,-14,377.8805136797729
16,-13,50.0
16,-13,177.7247088892803
16,-12,50.0
16,-12,171.91908609737825
16,-11,191.7896912514553
16,-11,50.0
15,-11,50.0
15,-11,55.12093214008624
14,-11,50.0
14,-11,333.6928486984843
15,-11,50.0
15,-11,50.0
14,-11,66.99595946471678
14,-11,50.0
14,-10,50.0
14,-10,93.85449971260768
13,-10,260.65501830702345
13,-10,119.25700589897015
12,-10,50.0
12,-10,161.4678444744797
11,-10,98.53122425012242
11,-10,94.80002963723561
11,-9,207.03579546425271
11,-9,118.2042302893363
12,-9,102.42568858731096
12,-9,282.60773932127245
12,-8,121.76391420837798
12,-8,71.44658296871276
11,-8,327.845200553209
11,-8,66.34288778674302
11,-7,240.0078311667406
11,-7,50.0
10,-7,50.0
10,-7,236.2312546367526
9,-7,50.0
9,-7,251.6550815087097
8,-7,176.2469891446261
8,-7,50.0
8,-6,335.08719169308574
8,-6,509.26129455299554
8,-5,343.4488391073622
8,-5,198.68321654983913
8,-4,100.29832799876453
8,-4,141.16903467553826
7,-4,164.45956238252995
7,-4,50.0
7,-5,351.46761607265694
7,-5,186.80499877769591
7,-4,282.31604370664013
7,-4,303.9444421569045
8,-4,314.61180771304896
8,-4,197.00605840975211
7,-4,201.35880343516342
7,-4,63.86444354470774
6,-4,72.8615756403793
6,-4,325.98122162994014
6,-3,362.6087256601613
6,-3,50.0
5,-3,168.47255297445528
5,-3,86.91410734152436
4,-3,384.2485224111772
4,-3,228.95752825959556
4,-2,254.56215105473186
4,-2,330.49451599567533
4,-1,484.5204974231021
4,-1,200.00247502873782
5,-1,190.06938849622986
5,-1,457.2443206750089
4,-1,322.5619372660982
4,-1,266.2959052547091
3,-1,410.7125873571508
3,-1,359.3095621024966
2,-1,443.68989056528653
2,-1,337.1880469757784
2,0,389.330727354975
2,0,456.24909501303955
2,1,453.190502147291
2,1,498.8770211502551
2,2,50.0
2,2,720.3978580785947
1,2,249.90311655146806
1,2,220.53283737972336
0,2,574.4869812760187
0,2,389.88359408251426
0,3,421.35004080445566
0,3,534.0348140307226
-1,3,372.34225823923595
-1,3,121.09480602826346
0,3,298.1196558544732
0,3,402.3177949084388
-1,3,306.55476688209535
-1,3,286.7168705978715
-2,3,138.24408788627068
-2,3,517.4724247441752
-2,4,268.4106382408805
-2,4,232.7890434000205
-2,5,397.28942772923006
-2,5,390.6950818530381
-2,6,251.68884115260332
-2,6,323.61679833756153
-1,6,276.05032973071894
-1,6,247.57138814529304
0,6,206.62541424362882
0,6,197.55750432906106
-1,6,270.90687341336655
-1,6,140.8841434218814
-2,6,345.14969028775766
-2,6,262.66511448734764
-1,6,211.69112391256175
-1,6,184.98857859647762
-2,6,198.8134476310841
-2,6,151.59037668561808
-2,7,695.1892212689163
-2,7,265.499051863625
-1,7,331.360965806316
-1,7,347.19978408079606
-2,7,311.8601117333024
-2,7,255.9579949007865
-1,7,348.86607362982056
-1,7,542.8145106272189
-2,7,179.5059880350724
-2,7,245.4753042439865
-2,6,324.91994527329973
-2,6,185.89004345334462
-3,6,355.46046387302374
-3,6,377.30902754692477
-3,7,50.0
-3,7,361.54636544945424
-4,7,262.29737506876035
-4,7,223.73218419349882
-4,8,276.36657826565846
-4,8,237.6395470998089
-5,8,273.6838084892813
-5,8,50.0
-5,9,496.56663217006036
-5,9,134.0154728283763
-6,9,72.29756938817079
-6,9,438.90015086597936
-5,9,373.6675157274758
-5,9,50.0
-5,10,181.58369185333325
-5,10,191.1069178061652
-6,10,115.50422456320274
-6,10,155.38976398912473
-7,10,402.4887526868835
-7,10,78.75337657791287
-8,10,106.69366489682787
-8,10,55.68519464291211
-9,10,157.961178896234
-9,10,50.0
-10,10,294.80127367408073
-10,10,155.21284306663281
-11,10,254.65450562710964
-11,10,126.7632780706128
-12,10,109.67917449580442
-12,10,246.41071544206193
-13,10,50.0
-13,10,248.1077967964666
-13,9,74.46439067298523
-13,9,79.6610958131115
-13,10,255.22309629350352
-13,10,62.8315175346797
-12,10,183.3863285894775
-12,10,70.4594364901615
-12,11,292.38959409341373
-12,11,50.0
-13,11,50.0
-13,11,313.2489746646527
-13,10,193.5610044639409
-13,10,220.00249893398404
-13,11,171.1351948083057
-13,11,50.0
-14,11,196.7482811044482
-14,11,169.20220397841243
-15,11,252.38732455154786
-15,11,186.91113555251442
-15,12,50.0
-15,12,50.0
-16,12,52.338549617976625
-16,12,50.0
-16,11,50.0
-16,11,203.39554308878442
-15,11,50.0
-15,11,50.0
-16,11,50.0
-16,11,50.0
-15,11,239.57323201224665
-15,11,50.0
-15,10,92.82109229203837
-15,10,165.9288593147815
-14,10,128.04157625667844
-14,10,50.0
-14,11,205.67825775412572
-14,11,50.0
-14,12,85.22047745432495
-14,12,313.3418309282904
-14,11,50.0
-14,11,50.0
-13,11,50.0
-13,11,193.1473335639875
-12,11,50.0
-12,11,50.0
-12,10,50.0
-12,10,50.0
-12,9,347.75309197297327
-12,9,76.18402762260769
-11,9,256.27626005515623
-11,9,100.88317151044906
-11,8,50.0
-11,8,145.76219750282164
-11,7,264.5977728633526
-11,7,50.0
-11,8,50.0
-11,8,105.30647275169378
-11,7,214.1195232054013
-11,7,266.6264854748996
-12,7,106.48370661648545
-12,7,230.99831870743026
-12,8,50.39408741866052
-12,8,50.0
-13,8,295.8543302011192
-13,8,104.23485750455723
-12,8,50.0
-12,8,338.71602021168144
-12,9,251.03559705671375
-12,9,50.0
-11,9,285.27293547966474
-11,9,50.0
-11,8,50.0
-11,8,222.44694309984223
-10,8,89.1113722490541
-10,8,183.4180767537642
-10,7,169.71226755091794
-10,7,330.90191176968915
-9,7,100.92858456520852
-9,7,241.58075068975853
-9,8,173.41661989618245
-9,8,325.07417487024185
-10,8,79.79117874105111
-10,8,317.51502163345265
-10,7,50.0
-10,7,284.38128376184187
-9,7,50.0
-9,7,196.09446163615837
-10,7,221.70696217437165
-10,7,100.71621659417477
-10,6,122.65830615709336
-10,6,52.11984448298091
-10,5,483.4072956155918
-10,5,426.1366799179527
-9,5,361.5495908433231
-9,5,107.54354025227896
-8,5,273.4083793584099
-8,5,297.281596965766
-8,4,463.4591095028445
-8,4,260.5441302178628
-8,3,111.99249235630292
-8,3,303.3489776936768
-8,2,52.99813139971809
-8,2,391.09793304428155
-8,1,54.420886795690706
-8,1,286.65686914131066
-7,1,68.72235635619884
-7,1,224.92687114727192
-7,0,334.5677740924932
-7,0,330.4657200581454
-7,-1,302.05454652486725
-7,-1,603.5309496755556
-7,-2,609.5021887396207
-7,-2,462.05995615064035
-6,-2,393.9226053759012
-6,-2,326.24689454503056
-6,-3,60.06717775499925
-6,-3,50.0
-6,-4,167.19831313560562
-6,-4,369.8360986865463
-5,-4,308.7043490084741
-5,-4,340.1001270851734
-4,-4,417.7294067995456
-4,-4,123.64786086672336
-3,-4,434.293694351437
-3,-4,200.1006858265753
-3,-3,604.9162953417606
-3,-3,279.35977552018704
-3,-4,357.6722034306532
-3,-4,201.882017246816
-3,-3,158.35853795272266
-3,-3,257.04277344306496
-3,-4,212.6511875132837
-3,-4,239.32472082583536
-3,-5,244.37440813434378
-3,-5,268.58420846759094
-4,-5,293.78587140506215
-4,-5,491.31978022685644
-3,-5,259.54299652336357
-3,-5,449.01538906113564
-2,-5,137.82861908770016
-2,-5,394.2547179239707
-2,-6,233.8702922329124
-2,-6,50.0
-1,-6,386.57870457565764
-1,-6,260.6341334153691
-1,-7,246.08853187139002
-1,-7,301.8445348296552
0,-7,199.6363475591922
0,-7,185.5197993066597
0,-8,235.08418080797478
0,-8,145.43844709947686
-1,-8,306.2324746717701
-1,-8,243.39756612836464
-2,-8,250.1844593321402
-2,-8,448.1682472962368
-3,-8,229.80607041181977
-3,-8,184.14231688418144
-2,-8,274.99545227789235
-2,-8,284.56092393654393
-1,-8,276.23716677899273
-1,-8,411.07174536081783
-2,-8,128.3172672190204
-2,-8,256.13890742897746
-3,-8,290.42395033670505
-3,-8,90.9379797786772
-4,-8,205.33427327192385
-4,-8,212.57033936018695
-3,-8,75.2664338753041
-3,-8,136.7446538344194
-4,-8,50.0
-4,-8,350.0831792279934
-3,-8,213.74657536131133
-3,-8,204.24907820774155
-4,-8,206.8008906037127
-4,-8,50.0
-3,-8,361.56720536593923
-3,-8,431.1628251200532
-2,-8,403.33557299311065
-2,-8,274.4912587458009
-3,-8,371.99353006862094
-3,-8,357.417492579128
-4,-8,50.0
-4,-8,224.98648637742983
-5,-8,436.22640800948517
-5,-8,68.43173477807537
-6,-8,518.0480696868184
-6,-8,364.38215070241216
-5,-8,241.7204277757996
-5,-8,317.29464395674347
-6,-8,351.75834153168097
-6,-8,153.80350703641307
-5,-8,221.53016689524964
-5,-8,231.8195909016003
-6,-8,116.97499377194498
-6,-8,460.15571164197956
-7,-8,246.6097085758418
-7,-8,282.46372127958364
-6,-8,164.80911005859633
-6,-8,370.4739194671964
-5,-8,351.63950849263006
-5,-8,83.75995173153436
-6,-8,310.73594735042127
-6,-8,295.7430245452644
-7,-8,96.25330624828418
-7,-8,283.1342701557177
-8,-8,172.61880895874512
-8,-8,224.49088136895665
-9,-8,462.6402322407974
-9,-8,243.06846344277002
-10,-8,297.22173894439396
-10,-8,50.0
-11,-8,104.08785123307368
-11,-8,259.2772436430959
-12,-8,162.30435494353287
-12,-8,266.2273362066936
-11,-8,123.60238531228187
-11,-8,50.0
-12,-8,168.9692379146286
-12,-8,101.25026800043636
-13,-8,50.0
-13,-8,50.0
-14,-8,50.0
-14,-8,61.74116118516145
-15,-8,243.1394457128779
-15,-8,191.53232617389602
-16,-8,133.82260404756533
-16,-8,159.92761013776374
-17,-8,50.0
-17,-8,50.0
-16,-8,50.0
-16,-8,50.0
-15,-8,50.0
-15,-8,55.2870475431467
-15,-7,324.1062585545934
-15,-7,180.16521182173472
-14,-7,132.71273418408094
-14,-7,262.07627078975725
-14,-8,50.0
-14,-8,99.86305986769042
-13,-8,88.62089741286474
-13,-8,50.0
-12,-8,268.32864127351695
-12,-8,168.07506809502408
-11,-8,80.62834150103089
-11,-8,138.98088990696723
-11,-7,244.74410144948837
-11,-7,218.8619118966111
-10,-7,89.0484210013487
-10,-7,50.0
-9,-7,280.70595728365
-9,-7,230.9839061389207
-10,-7,272.2601662887639
-10,-7,197.4043764932426
-9,-7,156.21293899732825
-9,-7,88.57651174479322
-9,-8,183.48793600083965
-9,-8,50.0
-9,-7,50.0
-9,-7,149.86246411005308
-8,-7,298.9566486743247
-8,-7,209.68511980131188
-7,-7,386.3085381537503
-7,-7,606.4120845388259
-7,-8,78.82605815445362
-7,-8,169.63348295451604
-6,-8,89.2205134126462
-6,-8,76.37543330762264
-5,-8,302.1709266980512
-5,-8,378.2605656516615
-5,-9,130.15006044169135
-5,-9,235.02414497771085
-6,-9,269.54162365067685
-6,-9,71.30372154267776
-5,-9,285.4851018217444
-5,-9,226.98887674825164
-4,-9,186.55060203572958
-4,-9,200.35599626702538
-5,-9,50.0
-5,-9,61.79292179610772
-4,-9,169.7069647397268
-4,-9,209.02409526376076
-3,-9,132.5792844961539
-3,-9,157.39395510888642
-3,-10,235.40056407937965
-3,-10,67.20038680803634
-3,-11,83.15741148795105
-3,-11,185.241743783669
-2,-11,50.0
-2,-11,120.6631866804399
-1,-11,302.6062824815658
-1,-11,82.52352849710802
0,-11,130.16715435355326
0,-11,325.7797199768383
1,-11,607.9153698820426
1,-11,230.58667149455113
0,-11,173.29108461185874
0,-11,233.6507908743469
1,-11,237.568383944777
1,-11,705.4848665376574
1,-12,259.977889012855
1,-12,262.10555572263064
0,-12,93.43935916846962
0,-12,224.15738606329575
-1,-12,108.88357769151926
-1,-12,195.08227551560725
0,-12,50.0
0,-12,294.17009462132336
0,-13,50.0
0,-13,189.93041813548464
1,-13,88.02492952413573
1,-13,50.0
2,-13,214.90517530423043
2,-13,268.031725453424
2,-14,275.4023098759284
2,-14,265.61488707895063
3,-14,284.75165151002886
3,-14,226.04867294055015
4,-14,494.8292009321741
4,-14,104.9795754691111
5,-14,255.2155928143856
5,-14,177.23039629704124
6,-14,125.62687991699646
6,-14,50.0
6,-15,107.46679633305297
6,-15,178.76922366409917
7,-15,223.97048643857613
7,-15,50.0
7,-14,185.34040362743065
7,-14,107.87971032362259
6,-14,123.91839571906013
6,-14,50.0
7,-14,50.0
7,-14,143.0203169115456
8,-14,109.10389772909859
8,-14,187.47851510552934
9,-14,116.84481489314895
9,-14,298.52341008807787
10,-14,50.0
10,-14,111.18689777257283
11,-14,50.0
11,-14,50.0
12,-14,233.84469029361404
12,-14,315.1290993511657
13,-14,50.0
13,-14,50.0
14,-14,91.97373375363945
14,-14,205.07491908146835
14,-15,50.0
14,-15,50.0
15,-15,82.26467123910231
15,-15,50.0
14,-15,50.0
14,-15,223.41725265715152
14,-16,75.08970740923804
14,-16,50.0
14,-17,50.0
14,-17,85.10089643551521
14,-16,50.0
14,-16,68.82683917301847
15,-16,50.0
15,-16,173.6268723694397
16,-16,50.0
16,-16,74.70792235865413
16,-17,126.38742204657866
16,-17,258.8775389735137
16,-18,110.0783457326014
16,-18,50.0
16,-19,50.0
16,-19,50.0
16,-20,50.0
16,-20,50.0
17,-20,50.0
17,-20,50.0
18,-20,50.0
18,-20,50.0
19,-20,50.0
19,-20,63.61764872426053
20,-20,50.0
20,-20,50.0
20,-19,94.73355005658081
20,-19,50.0
20,-18,50.0
20,-18,50.0
20,-17,79.1293351096183
20,-17,50.0
20,-16,50.0
20,-16,50.0
20,-17,50.0
20,-17,50.0
20,-18,50.0
20,-18,50.0
20,-17,50.0
20,-17,50.0
20,-16,117.63603883180471
20,-16,50.0
20,-15,59.82344588218693
20,-15,50.0
20,-14,61.77824764813208
20,-14,161.5092528171052
20,-13,50.0
20,-13,50.0
20,-12,50.0
20,-12,50.0
20,-11,50.0
20,-11,50.0
20,-10,50.0
20,-10,50.0
20,-9,50.0
20,-9,50.0
20,-8,222.6790771872182
20,-8,95.45999273227602
19,-8,373.9547190192174
19,-8,50.0
18,-8,50.0
18,-8,93.09679697502594
17,-8,163.87717437836164
17,-8,74.22762779814306
16,-8,374.45113994987406
16,-8,104.9308277185709
15,-8,268.2081105412457
15,-8,50.0
14,-8,328.7389654929559
14,-8,212.19112319509844
13,-8,50.0
13,-8,176.89249083228577
12,-8,274.7274531127629
12,-8,198.65314822996226
11,-8,414.3547107046791
11,-8,148.3756899679548
10,-8,62.89356346463293
10,-8,258.01689381973335
10,-7,87.4220658034113
10,-7,239.5361945052298
9,-7,331.6883737721249
9,-7,227.43894524623494
8,-7,50.0
8,-7,50.0
7,-7,420.8080665970166
7,-7,50.0
7,-8,114.2507627380098
7,-8,205.50289819087982
6,-8,256.3718017536865
6,-8,50.0
5,-8,199.70419127576184
5,-8,627.6487643408752
6,-8,345.9612703485447
6,-8,178.32091461267993
6,-9,147.55740845948537
6,-9,50.0
5,-9,50.0
5,-9,68.19403513695593
4,-9,376.66591293665624
4,-9,235.61451564647967
3,-9,225.80063970163462
3,-9,342.0725101003125
4,-9,152.6983199782465
4,-9,273.54806542893834
5,-9,239.57941597225843
5,-9,366.00991155855445
4,-9,460.7336633578228
4,-9,50.0
4,-10,281.4019108352369
4,-10,153.80445509100085
3,-10,312.9250173331224
3,-10,330.6288925362294
4,-10,363.07268029509964
4,-10,221.13651120304883
4,-11,316.1445936635962
4,-11,122.42879509177136
3,-11,214.73810214849192
3,-11,458.55501611545714
2,-11,176.10586508263094
2,-11,316.1424179996558
1,-11,83.05103059595639
1,-11,216.84439732625748
0,-11,96.16255787959837
0,-11,143.11435659892777
-1,-11,434.4761679361334
-1,-11,160.25296645895855
-1,-12,50.0
-1,-12,218.74864249434896
-2,-12,50.0
-2,-12,165.6227281018504
-3,-12,61.01479864191417
-3,-12,232.9367915896807
-3,-13,368.4830761524835
-3,-13,254.84092842689387
-4,-13,132.72873606255456
-4,-13,58.88168736732786
-5,-13,50.0
-5,-13,306.0026777443496
-6,-13,50.0
-6,-13,203.78545379953403
-5,-13,66.97737085465553
-5,-13,121.52025406384328
-6,-13,219.6713919499649
-6,-13,371.1917756139249
-6,-14,113.93672662892799
-6,-14,71.11429692107141
-7,-14,265.8223196881478
-7,-14,261.7363017306012
-6,-14,112.86931605037998
-6,-14,96.34839647027948
-7,-14,286.4234836809321
-7,-14,616.8873399734772
-7,-15,276.24321003751345
-7,-15,50.0
-8,-15,253.26631987883277
-8,-15,268.50017323734176
-9,-15,219.9143144612179
-9,-15,79.92876844383665
-10,-15,93.68503863462169
-10,-15,123.44564303898582
-11,-15,68.54240963004733
-11,-15,50.0
-10,-15,119.21507531427395
-10,-15,50.0
-11,-15,134.637116539168
-11,-15,50.0
-12,-15,50.0
-12,-15,50.0
-13,-15,50.0
-13,-15,102.2440173898021
-14,-15,54.91666516148745
-14,-15,50.0
-15,-15,50.0
-15,-15,50.0
-15,-16,50.0
-15,-16,50.0
-16,-16,50.0
-16,-16,50.0
-17,-16,259.2116525588985
-17,-16,50.0
-18,-16,50.0
-18,-16,104.05904579644013
-19,-16,50.0
-19,-16,50.0
-20,-16,50.0
-20,-16,50.0
-19,-16,50.0
-19,-16,50.0
-19,-17,50.0
-19,-17,50.0
-18,-17,263.2193000532867
-18,-17,50.0
-18,-16,50.0
-18,-16,99.78295333398586
-17,-16,50.0
-17,-16,50.0
-16,-16,50.0
-16,-16,74.69597181475623
-15,-16,128.55600153554224
-15,-16,66.24033824216133
-15,-15,242.83581136539357
-15,-15,50.0
-14,-15,50.0
-14,-15,430.4891333620265
-13,-15,50.0
-13,-15,50.0
-12,-15,50.0
-12,-15,154.59484047121435
-12,-16,50.0
-12,-16,330.66761189798365
-12,-15,281.388156539822
-12,-15,169.67987002457744
-13,-15,149.4184252522798
-13,-15,50.0
-12,-15,215.529699203917
-12,-15,50.0
-11,-15,210.6273748717209
-11,-15,50.0
-10,-15,151.52792148360118
-10,-15,145.4442897528973
-9,-15,50.0
-9,-15,116.37060147693344
-8,-15,72.97625398479316
-8,-15,64.16074854364881
-9,-15,50.0
-9,-15,50.0
-9,-16,230.51387003711804
-9,-16,176.16514677000907
-9,-15,115.63573599150153
-9,-15,50.0
-8,-15,170.76834398932576
-8,-15,192.85286609480633
-8,-14,193.3471025954882
-8,-14,113.98324171203694
-7,-14,64.34826254444583
-7,-14,423.5963376128985
-6,-14,294.7687214624311
-6,-14,50.0
-5,-14,70.84789496199384
-5,-14,133.84382685681362
-5,-13,50.0
-5,-13,157.26018113280566
-4,-13,50.0
-4,-13,50.0
-3,-13,61.88499783535721
-3,-13,224.55467618438095
-2,-13,50.0
-2,-13,195.73949973385425
-1,-13,145.01733042573161
-1,-13,275.61288258419233
-1,-12,148.95883285535294
-1,-12,54.55562356300271
-2,-12,136.14113750023904
-2,-12,73.91907664290102
-1,-12,50.0
-1,-12,50.0
-1,-11,203.12168841266293
-1,-11,302.6488248789267
-1,-12,50.0
-1,-12,50.0
-2,-12,274.30478751961124
-2,-12,176.77367362520343
-1,-12,167.1049802341541
-1,-12,259.7464991849329
-1,-11,449.57891260550616
-1,-11,273.0891251256802
0,-11,50.0
0,-11,50.0
0,-10,133.01547963014585
0,-10,50.0
0,-9,136.6901845716646
0,-9,52.062848269489336
-1,-9,112.87983174649504
-1,-9,119.44668880940148
0,-9,188.8461569676768
0,-9,433.22011401318366
1,-9,364.4819456056056
1,-9,162.39459527431578
0,-9,294.73732402218934
0,-9,152.2883168842301
-1,-9,206.86086265795396
-1,-9,378.9454006538046
0,-9,232.41179518497054
0,-9,50.0
-1,-9,336.5502411673574
-1,-9,178.7387069676751
0,-9,260.7432940499477
0,-9,204.45610402750773
1,-9,161.8794306856789
1,-9,160.24117428350758
2,-9,158.99193992231574
2,-9,156.65632043304478
2,-8,177.58083018641182
2,-8,514.0182924299953
3,-8,356.10923660286414
3,-8,262.87161036626486
4,-8,121.68854431546403
4,-8,307.0765039646932
4,-9,378.0603004935939
4,-9,294.1083204804355
3,-9,53.19722894688016
3,-9,129.30358554471096
2,-9,50.0
2,-9,50.0
1,-9,204.96340484293998
1,-9,50.0
1,-10,416.7158659193062
1,-10,299.41592029413454
0,-10,113.00668287042836
0,-10,321.87033553704737
0,-11,506.84130110644855
0,-11,291.68759530091927
0,-12,333.4622554444683
0,-12,227.79662416145752
0,-11,68.2958735781618
0,-11,50.0
1,-11,424.9530058770672
1,-11,179.56060749315665
1,-12,112.95452801420811
1,-12,362.29723175813746
2,-12,273.46993081225736
2,-12,360.4293114192353
2,-11,286.2129408758601
2,-11,138.6132803445508
2,-10,531.8765471307981
2,-10,187.5915020792509
2,-9,171.37541625124192
2,-9,330.75033786342385
3,-9,467.3920314011066
3,-9,229.38975247923872
2,-9,50.0
2,-9,263.10075621483503
2,-8,327.58397514772435
2,-8,249.9947449102507
2,-9,153.96289231270683
2,-9,93.32996956896596
3,-9,50.0
3,-9,323.34440534279975
3,-8,230.05708305765967
3,-8,80.75420472182469
4,-8,213.2991289470946
4,-8,138.51787419449371
5,-8,334.7159577549136
5,-8,179.62308280966977
6,-8,171.8735458350768
6,-8,50.0
6,-7,232.25090344620844
6,-7,194.5182177738188
6,-6,361.46907324111163
6,-6,275.17805775705904
7,-6,275.02639828428266
7,-6,72.76804085522551
7,-7,315.41399572623044
7,-7,281.9815752039908
6,-7,140.6438612750354
6,-7,234.10352579822273
7,-7,50.0
7,-7,50.0
8,-7,348.4675663829682
8,-7,206.65484129926324
8,-6,347.93624691338306
8,-6,168.77895302561203
7,-6,50.0
7,-6,337.8206743868062
7,-5,667.2307338496353
7,-5,125.40376657835006
7,-4,195.18452326588522
7,-4,50.0
8,-4,288.5095832682538
8,-4,220.66136108976
9,-4,192.98056338548494
9,-4,497.5150552532748
9,-3,399.9269950992177
9,-3,230.2621947991323
9,-2,230.5498192095911
9,-2,215.98512263523122
10,-2,167.49508522280988
10,-2,411.6872697091487
9,-2,244.0178032206522
9,-2,112.24128629214191
10,-2,50.0
10,-2,239.01091639213243
10,-1,487.3761330480383
10,-1,197.63791146409244
11,-1,193.37033243636245
11,-1,172.84321772312586
11,0,50.0
11,0,157.88596357389557
12,0,446.24241328258313
12,0,164.43258406230518
12,1,75.32823872120143
12,1,117.5247889689904
12,2,189.59441523835127
12,2,190.2989385525703
13,2,82.68623127215497
13,2,311.143917585699
13,3,160.98048459176758
13,3,50.0
12,3,150.46309662201497
12,3,114.76308138400066
12,4,93.61276238998855
12,4,350.1175658377508
13,4,131.5357120621262
13,4,441.78049833823724
12,4,261.9300857573944
12,4,50.0
12,5,85.6572894551656
12,5,151.83555359647974
13,5,141.15367581584758
13,5,250.6289539432851
14,5,155.21442929342123
14,5,71.47680774775003
13,5,318.8679796924938
13,5,301.0542479882208
13,4,227.9359055042688
13,4,172.9633544149645
14,4,216.6438264408331
14,4,169.5168373317092
14,5,407.9741702531928
14,5,166.34337116104848
15,5,142.5456008216533
15,5,234.57975423076545
16,5,96.26163048325245
16,5,628.3694524770945
17,5,228.09632352110086
17,5,215.4654571785579
18,5,222.4232483654663
18,5,164.61113044582714
18,6,258.6692651454458
18,6,177.537206182318
18,7,425.5131155646806
18,7,73.6577030967544
18,8,187.8378649066057
18,8,50.0
19,8,50.0
19,8,50.0
20,8,50.0
20,8,50.0
19,8,68.51672595448765
19,8,195.2126475135978
18,8,97.68354802314275
18,8,50.0
17,8,227.24832463386988
17,8,50.0
16,8,50.0
16,8,50.0
15,8,50.0
15,8,106.97860442359122
14,8,145.45460193708857
14,8,210.79265604886763
13,8,279.6494318818784
13,8,118.84799870507489
12,8,215.17481283417405
12,8,296.99418911961965
12,9,50.0
12,9,229.05932289934424
12,8,162.177206887345
12,8,92.26500725161186
12,7,175.96457989019842
12,7,211.49054867492404
12,6,173.45403257538976
12,6,331.5036143141324
12,5,367.8565723449451
12,5,50.0
12,4,50.0
12,4,396.38849253371404
12,3,50.0
12,3,327.97801258417473
13,3,254.21732979267776
13,3,319.2977006604197
12,3,300.410153624841
12,3,60.946921084442664
13,3,218.98532010276662
13,3,95.84952638653422
14,3,206.8865974356276
14,3,260.2148031270107
13,3,238.21734667644347
13,3,179.54296724903008
14,3,88.29333840827819
14,3,76.6869938080917
13,3,326.36809908749683
13,3,159.4363558231679
13,2,288.0972065948753
13,2,297.959631170997
13,1,84.55944802977264
13,1,50.0
