16,-15,50.0
16,-15,87.43457038838523
16,-14,182.5996697019846
16,-14,136.12279588294
16,-13,259.82813464764206
16,-13,180.64543197750868
16,-12,50.0
16,-12,329.8177181240314
16,-11,290.21331944192195
16,-11,52.038506401716454
15,-11,50.0
15,-11,50.0
14,-11,104.86779548212347
14,-11,50.0
15,-11,50.0
15,-11,50.0
14,-11,50.0
14,-11,165.03308251042876
14,-10,74.95139788358536
14,-10,50.0
13,-10,228.76987780673096
13,-10,50.0
12,-10,106.05481743745935
12,-10,215.75260712997357
11,-10,187.59648715696093
11,-10,204.5895513448276
11,-9,50.0
11,-9,396.04450991884846
12,-9,419.0163784443007
12,-9,110.95866674868427
12,-8,52.74785917132357
12,-8,420.0204930562369
11,-8,145.8805124736525
11,-8,50.0
11,-7,201.48441768305037
11,-7,50.0
10,-7,148.45941037230943
10,-7,50.0
9,-7,286.9386594411675
9,-7,174.20111642740062
8,-7,87.05576686152212
8,-7,50.0
8,-6,314.99981170135993
8,-6,124.75150685159733
8,-5,382.0806330855482
8,-5,353.0382166183306
8,-4,431.77429205131125
8,-4,197.13201342598632
7,-4,359.8664579136867
7,-4,184.77319690505897
7,-5,318.87638069900595
7,-5,50.0
7,-4,236.36850189483084
7,-4,527.6265083604678
8,-4,50.0
8,-4,50.0
7,-4,148.17625204182087
7,-4,126.43242705310782
6,-4,203.37409692617086
6,-4,125.77018267581768
6,-3,140.69984109522466
6,-3,165.72369827814217
5,-3,408.80241724731684
5,-3,280.8293919353224
4,-3,266.23252061885233
4,-3,125.05218234000424
4,-2,408.60486390745564
4,-2,266.4265362909781
4,-1,120.50532474585651
4,-1,205.07885967329136
5,-1,50.0
5,-1,160.68414754826154
4,-1,131.73900030785586
4,-1,303.11177758775113
3,-1,237.33412788050757
3,-1,317.1872450348202
2,-1,356.76246362827254
2,-1,273.22139912872393
2,0,346.47160790831845
2,0,222.38509075761056
2,1,299.2384722568669
2,1,397.0416681627256
2,2,343.52439408945696
2,2,157.1393517438589
1,2,434.78161934827824
1,2,211.0787426247613
0,2,489.0915410892595
0,2,698.9568639090933
0,3,488.8884889778057
0,3,273.49918511241674
-1,3,174.1397537847728
-1,3,672.4134774878037
0,3,364.7990759224826
0,3,483.1007184447829
-1,3,532.0335176651183
-1,3,392.56470249451576
-2,3,406.33147121958604
-2,3,348.86430065035626
-2,4,452.58052745327973
-2,4,460.1822928570281
-2,5,414.403037966616
-2,5,387.0184120588748
-2,6,504.3280424265698
-2,6,345.803007203921
-1,6,350.2303045482022
-1,6,150.13023028723973
0,6,50.0
0,6,396.3776966241172
-1,6,433.17948445001855
-1,6,343.9162644025736
-2,6,318.5488922147107
-2,6,259.27721477047896
-1,6,75.52537231057445
-1,6,219.16025562007326
-2,6,59.75203187525352
-2,6,286.00052591147886
-2,7,441.9736759258923
-2,7,227.38134288649735
-1,7,413.302203771889
-1,7,238.9951475766925
-2,7,307.0187751787208
-2,7,616.7004711112525
-1,7,391.8165920054376
-1,7,321.5751213884304
-2,7,384.6806874648057
-2,7,450.83182982593223
-2,6,103.79785591057171
-2,6,212.4337732883053
-3,6,160.08504306848707
-3,6,234.44052920284454
-3,7,183.28435328924422
-3,7,149.2838003368439
-4,7,156.18081297367314
-4,7,209.26733126442866
-4,8,336.7752018752681
-4,8,151.92081124547587
-5,8,304.8120586273499
-5,8,61.27814823431305
-5,9,292.7497594720734
-5,9,199.89588737822947
-6,9,83.21151054513416
-6,9,233.1921719499713
-5,9,98.83426236245842
-5,9,217.01520297373145
-5,10,111.23492414694748
-5,10,188.37484784477803
-6,10,261.07243571697757
-6,10,142.05904252209973
-7,10,78.88526394878524
-7,10,407.400420612793
-8,10,164.15798701573502
-8,10,109.81843273287697
-9,10,475.8847023712947
-9,10,146.50806116811702
-10,10,267.6196555319814
-10,10,289.19560224270776
-11,10,88.44378882971338
-11,10,159.72599933614083
-12,10,50.0
-12,10,53.26647895395104
-13,10,519.7014868834813
-13,10,50.0
-13,9,150.20539186749255
-13,9,122.30458859376027
-13,10,50.0
-13,10,127.05526460925398
-12,10,168.39456517900734
-12,10,59.96506667162957
-12,11,163.60154497066102
-12,11,128.9144298745642
-13,11,134.12425266944362
-13,11,135.56086463290455
-13,10,50.0
-13,10,122.24065389292903
-13,11,50.0
-13,11,183.99490452425826
-14,11,50.0
-14,11,50.0
-15,11,50.0
-15,11,156.61501811582752
-15,12,134.73825496561236
-15,12,420.64924117025134
-16,12,293.46916783173344
-16,12,50.0
-16,11,71.29475905830819
-16,11,50.0
-15,11,97.29953893975595
-15,11,50.0
-16,11,50.0
-16,11,150.22470667883672
-15,11,134.36549117262507
-15,11,94.82390956970802
-15,10,79.55786986783565
-15,10,121.0756291125906
-14,10,154.86840726969695
-14,10,50.0
-14,11,287.08425250358994
-14,11,50.0
-14,12,50.0
-14,12,50.0
-14,11,183.77862145542866
-14,11,178.65877199390377
-13,11,63.34636580805541
-13,11,285.40496409705867
-12,11,50.0
-12,11,72.93830053976599
-12,10,114.22929567399385
-12,10,172.8444296890598
-12,9,156.5161309553937
-12,9,239.62000202289676
-11,9,50.0
-11,9,50.0
-11,8,226.91701709518236
-11,8,50.0
-11,7,134.90018193642695
-11,7,50.0
-11,8,50.0
-11,8,50.0
-11,7,51.755176721543535
-11,7,194.87200357014308
-12,7,50.0
-12,7,110.35096529666359
-12,8,173.5668358216557
-12,8,137.4872347989035
-13,8,50.0
-13,8,256.8908853067834
-12,8,359.15771282564185
-12,8,103.80649044534768
-12,9,167.0750428333673
-12,9,133.48296229344862
-11,9,145.52297423541876
-11,9,55.43794369746333
-11,8,390.8881652972632
-11,8,212.99443345946767
-10,8,141.20930294182588
-10,8,240.74752217764947
-10,7,50.0
-10,7,297.9549143615721
-9,7,50.0
-9,7,146.52521849504595
-9,8,50.0
-9,8,144.1575545502995
-10,8,285.3118985903476
-10,8,104.37151154911581
-10,7,50.0
-10,7,50.0
-9,7,495.12828485353765
-9,7,209.62025190457092
-10,7,151.2474712874999
-10,7,50.0
-10,6,315.5177190352998
-10,6,50.0
-10,5,247.29255270742522
-10,5,50.0
-9,5,193.7233531479718
-9,5,206.7315862963871
-8,5,149.53030763070154
-8,5,162.41934769550835
-8,4,50.0
-8,4,138.85893485961714
-8,3,50.0
-8,3,50.0
-8,2,506.37804973753464
-8,2,296.4415243682282
-8,1,275.2759319441009
-8,1,214.7730764331398
-7,1,100.00652444152513
-7,1,367.6557901598365
-7,0,599.2759821342172
-7,0,307.6380940687744
-7,-1,103.1027598236262
-7,-1,225.90985365007197
-7,-2,50.0
-7,-2,406.51241042979586
-6,-2,506.3100057623661
-6,-2,351.4406838140194
-6,-3,128.68773662340556
-6,-3,221.20203826125305
-6,-4,126.15789462005961
-6,-4,141.90008707545442
-5,-4,367.9876000849016
-5,-4,106.76217267417766
-4,-4,419.735696245289
-4,-4,346.2265242341055
-3,-4,117.04030777680043
-3,-4,413.7939977106755
-3,-3,449.24426870812897
-3,-3,322.42565415321445
-3,-4,639.836205684349
-3,-4,275.5415387391531
-3,-3,50.0
-3,-3,260.5298808464019
-3,-4,242.98493584238813
-3,-4,157.876473882374
-3,-5,219.78840679852848
-3,-5,230.11587863265518
-4,-5,258.5103098952798
-4,-5,194.08134803526758
-3,-5,330.47124839501686
-3,-5,352.31503943222845
-2,-5,250.4004420180363
-2,-5,299.78985553399235
-2,-6,212.34728256732376
-2,-6,370.56859943282643
-1,-6,250.65792054872045
-1,-6,322.1916140624315
-1,-7,290.22265132919733
-1,-7,282.24218643196946
0,-7,344.4232819465696
0,-7,276.1518012847897
0,-8,287.84881856138975
0,-8,210.62322879951222
-1,-8,509.48178532627026
-1,-8,192.93065001088465
-2,-8,147.0043887053367
-2,-8,68.55566790525893
-3,-8,472.759159395114
-3,-8,176.01467531295165
-2,-8,193.9768817686221
-2,-8,336.4514377908049
-1,-8,294.7370908232987
-1,-8,318.1780214133545
-2,-8,189.60358132713006
-2,-8,309.5563149689715
-3,-8,50.0
-3,-8,299.0614743958819
-4,-8,262.0942525464369
-4,-8,442.06181698216164
-3,-8,333.0520966546078
-3,-8,194.8191591149772
-4,-8,206.38246652061935
-4,-8,303.67727808972745
-3,-8,309.7846183085202
-3,-8,305.9610192990921
-4,-8,369.97647293626517
-4,-8,64.15351130897082
-3,-8,161.6894636704238
-3,-8,251.49805766420295
-2,-8,175.11286547628418
-2,-8,210.1487372425604
-3,-8,307.8878496934328
-3,-8,205.5405443733854
-4,-8,290.78347030521513
-4,-8,215.37278673197807
-5,-8,126.78131807778512
-5,-8,208.77421367544844
-6,-8,267.95150114200203
-6,-8,342.684205844161
-5,-8,165.04612560096982
-5,-8,175.80124283633415
-6,-8,281.65788630581613
-6,-8,366.07066184772003
-5,-8,322.0606227742666
-5,-8,109.24720944302308
-6,-8,239.83409201103228
-6,-8,526.6593168516965
-7,-8,403.53194220361075
-7,-8,489.8642455999195
-6,-8,50.0
-6,-8,50.0
-5,-8,283.1016898479081
-5,-8,150.01822939582348
-6,-8,125.38973845631914
-6,-8,139.9543387770186
-7,-8,168.3994331050984
-7,-8,98.736976970402
-8,-8,219.16307200939977
-8,-8,421.1807357561538
-9,-8,123.12759503908443
-9,-8,475.25934139416665
-10,-8,412.83585123884836
-10,-8,79.1742373974574
-11,-8,306.58550710819145
-11,-8,88.64972143933988
-12,-8,98.84520134249708
-12,-8,308.252431781032
-11,-8,300.7981294796432
-11,-8,321.65183137432405
-12,-8,50.0
-12,-8,231.7924009397812
-13,-8,241.26881996609706
-13,-8,50.0
-14,-8,238.77365538989204
-14,-8,175.83799461633822
-15,-8,203.86824625310493
-15,-8,50.0
-16,-8,50.0
-16,-8,50.0
-17,-8,50.0
-17,-8,50.0
-16,-8,106.73432376619775
-16,-8,90.5437814582648
-15,-8,50.0
-15,-8,50.0
-15,-7,116.10445353944326
-15,-7,118.17618479925964
-14,-7,283.59834708213964
-14,-7,258.3549050532479
-14,-8,50.0
-14,-8,76.10298475013846
-13,-8,240.24739682335598
-13,-8,53.49290091332345
-12,-8,97.52226007168149
-12,-8,145.34573846531387
-11,-8,356.3912745766679
-11,-8,50.0
-11,-7,445.41696832734533
-11,-7,201.05547559217842
-10,-7,551.1944792965564
-10,-7,280.7503640276895
-9,-7,286.9432772127317
-9,-7,171.31931951747384
-10,-7,206.45473961812596
-10,-7,295.7272042893769
-9,-7,231.38243247960486
-9,-7,50.0
-9,-8,50.0
-9,-8,497.0194947903483
-9,-7,81.2542788626332
-9,-7,148.91310592789603
-8,-7,207.43374633827665
-8,-7,172.9003737945698
-7,-7,234.0020030039871
-7,-7,346.9766677307311
-7,-8,50.0
-7,-8,153.1032685367405
-6,-8,185.2725435842206
-6,-8,202.5606359643009
-5,-8,129.89033273464398
-5,-8,188.3219327460289
-5,-9,240.2064054517677
-5,-9,149.22826986610798
-6,-9,50.0
-6,-9,150.20668764798873
-5,-9,155.33415803591615
-5,-9,288.79147755991056
-4,-9,110.36397557108154
-4,-9,277.4361985682805
-5,-9,84.12110458370888
-5,-9,331.0227969669152
-4,-9,110.11544682232385
-4,-9,50.0
-3,-9,50.0
-3,-9,150.46267301477593
-3,-10,50.0
-3,-10,148.03427530578625
-3,-11,83.69522650129306
-3,-11,183.81531760259912
-2,-11,92.83402588759142
-2,-11,397.321890187804
-1,-11,211.1329587188187
-1,-11,520.2160850401738
0,-11,77.57838594510858
0,-11,220.4697381890196
1,-11,273.0831691431483
1,-11,181.08790735022416
0,-11,50.0
0,-11,156.56007900399356
1,-11,333.88749362485953
1,-11,50.0
1,-12,239.8992728890206
1,-12,266.2227955685164
0,-12,229.09224540937612
0,-12,103.14767116880954
-1,-12,86.6160554065155
-1,-12,50.0
0,-12,230.7177932004868
0,-12,50.0
0,-13,74.57370883139731
0,-13,111.2781825047132
1,-13,327.3206852226753
1,-13,50.0
2,-13,93.47504775175528
2,-13,168.90890007856615
2,-14,397.36762042050526
2,-14,133.9679881918375
3,-14,186.393933736831
3,-14,160.47769002828477
4,-14,285.3777858759879
4,-14,220.83410159420964
5,-14,66.91408506467336
5,-14,50.0
6,-14,50.0
6,-14,147.02177591617993
6,-15,277.0486311315258
6,-15,50.0
7,-15,72.18333473537557
7,-15,267.8443480092435
7,-14,50.0
7,-14,55.97481491589929
6,-14,132.27359774226483
6,-14,275.0814822307242
7,-14,287.9736821795242
7,-14,121.8483566563679
8,-14,50.0
8,-14,364.4644279077129
9,-14,136.53586368490696
9,-14,50.0
10,-14,157.19050278413937
10,-14,192.3805668276106
11,-14,50.0
11,-14,113.37149490409891
12,-14,127.0371626411993
12,-14,50.0
13,-14,57.3364583894479
13,-14,50.0
14,-14,50.0
14,-14,50.0
14,-15,167.58327135570534
14,-15,126.5734491427773
15,-15,50.0
15,-15,50.0
14,-15,50.0
14,-15,177.3911730036083
14,-16,50.0
14,-16,130.49790286975391
14,-17,298.8054759912336
14,-17,149.09047738562174
14,-16,118.92244436838023
14,-16,220.66692444549537
15,-16,50.0
15,-16,50.0
16,-16,50.0
16,-16,50.0
16,-17,50.0
16,-17,69.33431784746487
16,-18,50.0
16,-18,74.15391342745826
16,-19,252.90223472641384
16,-19,50.0
16,-20,50.0
16,-20,50.0
17,-20,50.0
17,-20,50.0
18,-20,50.0
18,-20,50.0
19,-20,91.16225534392163
19,-20,50.0
20,-20,50.0
20,-20,50.0
20,-19,50.0
20,-19,50.0
20,-18,50.0
20,-18,50.0
20,-17,50.0
20,-17,50.0
20,-16,50.0
20,-16,50.0
20,-17,50.0
20,-17,50.0
20,-18,50.0
20,-18,50.0
20,-17,50.0
20,-17,50.0
20,-16,50.0
20,-16,132.53979213437884
20,-15,50.0
20,-15,50.0
20,-14,50.0
20,-14,50.0
20,-13,50.0
20,-13,50.0
20,-12,50.0
20,-12,50.0
20,-11,84.99496972727363
20,-11,66.77039814418978
20,-10,50.0
20,-10,50.0
20,-9,50.0
20,-9,50.0
20,-8,202.19458977012297
20,-8,299.58187063998736
19,-8,50.0
19,-8,176.71495615334595
18,-8,50.0
18,-8,50.0
17,-8,50.0
17,-8,116.67474831971171
16,-8,50.0
16,-8,243.58441564596026
15,-8,101.16760764713044
15,-8,50.0
14,-8,50.0
14,-8,50.0
13,-8,211.971450308311
13,-8,98.38527648477171
12,-8,314.28559613537965
12,-8,397.60850009746025
11,-8,50.0
11,-8,150.69422233783902
10,-8,50.0
10,-8,55.93445972348782
10,-7,143.32936714116028
10,-7,64.87418290497533
9,-7,269.717612339191
9,-7,184.89067417024592
8,-7,202.80482322118525
8,-7,99.98304457841652
7,-7,221.02072131234416
7,-7,309.5063444088148
7,-8,177.88907852746914
7,-8,271.78475093298863
6,-8,387.71056506822396
6,-8,280.72772733417094
5,-8,354.76846411999855
5,-8,325.65917046597514
6,-8,197.45690850439775
6,-8,348.8027466856645
6,-9,50.0
6,-9,50.0
5,-9,82.82243736606789
5,-9,288.41119181704204
4,-9,50.0
4,-9,269.655432763643
3,-9,50.0
3,-9,348.27230397654364
4,-9,231.5509116161075
4,-9,286.3897316327093
5,-9,398.64963645606485
5,-9,153.91585993517742
4,-9,234.9965565490178
4,-9,286.2141061514036
4,-10,303.6742635171678
4,-10,67.91157719018179
3,-10,291.81069063127285
3,-10,78.96487444912073
4,-10,195.77882415771882
4,-10,204.5012293325709
4,-11,242.52189825201154
4,-11,113.74002434596875
3,-11,50.0
3,-11,272.37964873680056
2,-11,245.60934672496163
2,-11,452.17517394561855
1,-11,50.0
1,-11,50.0
0,-11,247.67925390524277
0,-11,50.0
-1,-11,88.32600059163552
-1,-11,195.36070443438302
-1,-12,50.0
-1,-12,87.48114665501109
-2,-12,69.49756370225708
-2,-12,212.62796483693342
-3,-12,159.26305386723465
-3,-12,67.16570798355265
-3,-13,73.84937211190399
-3,-13,185.4645519236424
-4,-13,269.33460040392873
-4,-13,219.73910319118977
-5,-13,50.0
-5,-13,476.13560123865494
-6,-13,50.0
-6,-13,229.27607287728011
-5,-13,50.0
-5,-13,50.0
-6,-13,66.64493805306296
-6,-13,58.16936708540234
-6,-14,50.0
-6,-14,50.0
-7,-14,128.4245491871743
-7,-14,99.42411510898533
-6,-14,78.30121079296796
-6,-14,59.453961786576556
-7,-14,266.20765180584635
-7,-14,50.0
-7,-15,50.0
-7,-15,204.56067931616704
-8,-15,50.079056079388934
-8,-15,50.0
-9,-15,71.70897275991075
-9,-15,50.0
-10,-15,50.0
-10,-15,50.0
-11,-15,122.45423338253511
-11,-15,472.5853821110467
-10,-15,50.0
-10,-15,50.0
-11,-15,201.09178388112076
-11,-15,105.53721630477182
-12,-15,82.80546907853764
-12,-15,50.0
-13,-15,112.9079901684199
-13,-15,206.48462643929528
-14,-15,77.36699665287254
-14,-15,271.4370469815607
-15,-15,66.40727937317865
-15,-15,94.67756078226344
-15,-16,50.0
-15,-16,50.0
-16,-16,50.0
-16,-16,125.0250811922146
-17,-16,249.1942855307025
-17,-16,50.0
-18,-16,96.12300715514436
-18,-16,163.12888964044166
-19,-16,50.0
-19,-16,181.45253279147158
-20,-16,50.0
-20,-16,50.0
-19,-16,104.16360612154827
-19,-16,50.0
-19,-17,50.0
-19,-17,96.10369568897448
-18,-17,50.0
-18,-17,83.53100645577075
-18,-16,50.0
-18,-16,160.09008194762154
-17,-16,50.0
-17,-16,50.0
-16,-16,50.0
-16,-16,50.0
-15,-16,50.0
-15,-16,83.57641706348639
-15,-15,50.0
-15,-15,103.15275471077824
-14,-15,296.77469390547253
-14,-15,379.6042819827216
-13,-15,50.0
-13,-15,274.3633504580888
-12,-15,72.76422307437335
-12,-15,50.0
-12,-16,50.0
-12,-16,98.10688529328738
-12,-15,261.67700782600775
-12,-15,50.0
-13,-15,97.81608567037385
-13,-15,80.03816042180046
-12,-15,50.0
-12,-15,50.0
-11,-15,50.0
-11,-15,111.85191338047387
-10,-15,60.56358154672053
-10,-15,73.38227389806119
-9,-15,50.0
-9,-15,50.0
-8,-15,304.1452006461725
-8,-15,50.0
-9,-15,50.0
-9,-15,213.5138382600239
-9,-16,62.62495075013917
-9,-16,140.10785407499966
-9,-15,50.0
-9,-15,50.0
-8,-15,112.35496520725388
-8,-15,341.73155139887297
-8,-14,119.29683368231301
-8,-14,50.0
-7,-14,50.0
-7,-14,300.92987853702056
-6,-14,50.0
-6,-14,50.0
-5,-14,65.90326121582845
-5,-14,50.0
-5,-13,236.3424271618137
-5,-13,111.21281257639225
-4,-13,170.96459439826555
-4,-13,103.89497501713728
-3,-13,50.0
-3,-13,50.0
-2,-13,427.2683933569268
-2,-13,498.53230604939904
-1,-13,279.66480357877174
-1,-13,120.97525613918494
-1,-12,50.0
-1,-12,212.6561297337973
-2,-12,154.8941797120247
-2,-12,70.67829051310645
-1,-12,50.0
-1,-12,50.0
-1,-11,226.5309095501516
-1,-11,106.62524869105506
-1,-12,90.8566168939992
-1,-12,259.84666339016826
-2,-12,346.38423871828513
-2,-12,370.7872016783913
-1,-12,61.61626885828136
-1,-12,50.0
-1,-11,286.20419424804385
-1,-11,52.10059860352112
0,-11,283.7343867651654
0,-11,129.12813480749247
0,-10,188.66679419839045
0,-10,209.3204842151667
0,-9,189.38080718225547
0,-9,158.1586976581684
-1,-9,80.74418351431726
-1,-9,124.14038298431188
0,-9,292.1220386370479
0,-9,90.95484487498922
1,-9,490.0155996398661
1,-9,151.50454076686918
0,-9,158.61359920971066
0,-9,98.3237547498311
-1,-9,206.65062886840104
-1,-9,405.16151073818855
0,-9,354.32516162749494
0,-9,279.4083096868974
-1,-9,261.42315831641275
-1,-9,255.48015080881106
0,-9,95.62735852527749
0,-9,290.7471289912853
1,-9,168.2559003305176
1,-9,50.0
2,-9,135.39606715492175
2,-9,50.0
2,-8,370.35353270596744
2,-8,312.0757783507963
3,-8,261.592297098788
3,-8,103.34989850744005
4,-8,252.04482395609756
4,-8,81.44964557840993
4,-9,170.69991853405057
4,-9,453.13946651808214
3,-9,190.71242775344325
3,-9,156.95807349591774
2,-9,145.4787650969701
2,-9,330.8030528200301
1,-9,264.66543076144904
1,-9,201.35598641781448
1,-10,216.33236785237847
1,-10,50.0
0,-10,171.46031897534772
0,-10,50.0
0,-11,315.9330611340521
0,-11,235.4022152227512
0,-12,354.7874550362794
0,-12,332.3088256642824
0,-11,236.89086335537223
0,-11,241.2664728202044
1,-11,295.2061285334991
1,-11,239.98920692023933
1,-12,95.27065165807934
1,-12,121.68007235451074
2,-12,148.6925645959311
2,-12,50.0
2,-11,384.19944928527605
2,-11,83.3066753695097
2,-10,189.8578766330374
2,-10,50.0
2,-9,50.0
2,-9,466.60697881968173
3,-9,50.0
3,-9,146.06281418110845
2,-9,373.62259763030744
2,-9,304.27337266534124
2,-8,437.0411857305412
2,-8,285.4691927732651
2,-9,142.99209194024365
2,-9,444.7888233423922
3,-9,184.50329183899004
3,-9,319.71804620365396
3,-8,300.04499738000595
3,-8,296.93166622041366
4,-8,127.58427739585883
4,-8,118.95841395889214
5,-8,240.05977043882842
5,-8,238.26468684389792
6,-8,289.23504741423505
6,-8,138.26623222831944
6,-7,176.30738073178478
6,-7,366.81824519562264
6,-6,50.0
6,-6,353.6706563815961
7,-6,297.7230666527526
7,-6,209.40987457471675
7,-7,204.80210459837747
7,-7,50.0
6,-7,309.303632782827
6,-7,265.1955326236872
7,-7,199.33746127287355
7,-7,159.69076719657565
8,-7,211.8958600624054
8,-7,280.1984152558437
8,-6,50.0
8,-6,239.52526122191617
7,-6,412.03757467309475
7,-6,154.95590448268354
7,-5,255.71089181977615
7,-5,50.0
7,-4,168.2010175197876
7,-4,343.8223766646559
8,-4,266.26935669172417
8,-4,95.84826540805363
9,-4,74.91333166788405
9,-4,208.13091336801887
9,-3,92.38982382548447
9,-3,226.63213735664615
9,-2,232.15344309562542
9,-2,316.7161756895444
10,-2,330.7707921760515
10,-2,289.3963765101637
9,-2,409.732132308028
9,-2,146.83085911918133
10,-2,209.0509910277786
10,-2,341.58259567926416
10,-1,248.99066415279972
10,-1,169.77001192097924
11,-1,176.13305437977135
11,-1,437.9631646729009
11,0,357.97083859628617
11,0,380.8905515120843
12,0,242.03944895743825
12,0,313.14073379974195
12,1,247.59034445457138
12,1,355.1310828831728
12,2,312.9564009402784
12,2,50.0
13,2,206.1048126027103
13,2,365.35685056258006
13,3,52.6437661636259
13,3,50.0
12,3,317.1368301994024
12,3,180.83146515312882
12,4,50.0
12,4,335.8922399445206
13,4,163.54045738435164
13,4,192.03955377930458
12,4,321.729441630834
12,4,334.75092905300994
12,5,75.06582179847292
12,5,123.6099714391965
13,5,233.34089081866023
13,5,163.266116774983
14,5,50.0
14,5,321.3663323184069
13,5,178.47074206206932
13,5,133.1602972584004
13,4,111.41114335507089
13,4,105.39458740242546
14,4,188.12790853026266
14,4,313.5073820029545
14,5,163.80515552356147
14,5,123.17447428468725
15,5,186.8971943232499
15,5,125.7267132914924
16,5,231.63561970969783
16,5,50.0
17,5,55.946752072867426
17,5,50.0
18,5,83.63744525814441
18,5,141.1943394147013
18,6,50.0
18,6,55.16815558933611
18,7,50.0
18,7,207.66646434833794
18,8,261.5030105686036
18,8,50.0
19,8,50.0
19,8,50.0
20,8,239.64654527004015
20,8,50.0
19,8,119.51413587296464
19,8,50.0
18,8,209.93064545638367
18,8,184.40528265396907
17,8,105.80927542708893
17,8,218.95320688486024
16,8,50.0
16,8,160.76982046130578
15,8,50.0
15,8,64.83423340251251
14,8,109.80217844803994
14,8,300.0575981761008
13,8,50.0
13,8,168.62916827798068
12,8,199.84863523316494
12,8,254.07087636467526
12,9,121.12579243469968
12,9,200.5207258942047
12,8,50.0
12,8,50.0
12,7,115.29743090944336
12,7,50.0
12,6,50.0
12,6,129.48790900717748
12,5,95.27946008597786
12,5,236.20404504279068
12,4,383.26749458559345
12,4,88.90615933998467
12,3,163.37889261340666
12,3,356.1132654580093
13,3,156.51708546830295
13,3,172.2514051355794
12,3,50.0
12,3,261.51963885407764
13,3,344.98587146570617
13,3,110.96977779174361
14,3,94.73260758016549
14,3,54.22753551912315
13,3,206.20098946233264
13,3,304.79407237649684
14,3,225.23567230183474
14,3,55.26580401175963
13,3,208.8944299671147
13,3,316.607921312413
13,2,50.0
13,2,70.2388997247199
13,1,50.0
13,1,131.5169224509509
