16,-15,82.61143561588085
16,-15,69.54063558110501
16,-14,92.23684788799764
16,-14,164.30711555507168
16,-13,68.23201950758656
16,-13,50.0
16,-12,50.0
16,-12,50.0
16,-11,173.7270229149463
16,-11,50.0
15,-11,298.6924194859838
15,-11,114.08636995638108
14,-11,50.0
14,-11,50.0
15,-11,50.0
15,-11,50.0
14,-11,57.973078635734936
14,-11,91.80985844764948
14,-10,206.5075388338674
14,-10,50.0
13,-10,275.29155778263686
13,-10,172.3856324937177
12,-10,50.0
12,-10,50.0
11,-10,199.7099992746147
11,-10,136.57487478932734
11,-9,158.77096342443832
11,-9,175.93549118638748
12,-9,139.4141744025693
12,-9,50.0
12,-8,194.10082924212077
12,-8,74.3790219712215
11,-8,249.01277719578098
11,-8,153.00980506718156
11,-7,180.03065134767195
11,-7,174.83541857340788
10,-7,294.78539023060546
10,-7,93.75021511293876
9,-7,437.3478103279366
9,-7,330.1878425988898
8,-7,50.0
8,-7,195.90557252302958
8,-6,244.83240950403666
8,-6,132.95310741864512
8,-5,376.78802607767926
8,-5,221.99426310311446
8,-4,329.91622301651296
8,-4,296.5698520406728
7,-4,275.31884674991664
7,-4,433.72524704278544
7,-5,50.0
7,-5,131.57738354329257
7,-4,123.64562750357035
7,-4,220.63957933444937
8,-4,84.52657060917187
8,-4,55.111201720198636
7,-4,183.68513232905582
7,-4,151.09461811958028
6,-4,159.02747240097466
6,-4,453.5819400640938
6,-3,485.291950324598
6,-3,212.41894885762463
5,-3,400.8555669863737
5,-3,206.18549134735247
4,-3,453.46065204921797
4,-3,228.42373001968457
4,-2,76.67280269082954
4,-2,304.4200239661506
4,-1,406.7260216650834
4,-1,50.0
5,-1,160.50193208300132
5,-1,50.0
4,-1,127.8148008853193
4,-1,274.51889816446953
3,-1,291.70385845014266
3,-1,247.66780478070396
2,-1,233.69654328821457
2,-1,453.8120247609744
2,0,354.7660744704852
2,0,472.74219557021013
2,1,426.06975957061985
2,1,409.28419688656516
2,2,392.2898676589332
2,2,264.97089782136663
1,2,565.0773998951389
1,2,349.88572551941917
0,2,619.0668418994463
0,2,369.36009794561164
0,3,219.24090176056657
0,3,376.6034914430687
-1,3,262.6264079022718
-1,3,335.47697255728303
0,3,459.9061703484683
0,3,499.2189843865842
-1,3,375.3379137305669
-1,3,244.35816148992313
-2,3,390.0640639583464
-2,3,585.1634734218732
-2,4,362.67819668771637
-2,4,463.988329557726
-2,5,376.39661810647215
-2,5,434.410448287452
-2,6,355.24988772687504
-2,6,262.2369019000515
-1,6,224.49916385904947
-1,6,316.31367224587194
0,6,251.57760558129456
0,6,315.76126673319015
-1,6,253.86216212993415
-1,6,254.4914215217916
-2,6,105.1941703609001
-2,6,230.04416393036792
-1,6,220.9131686318256
-1,6,51.73994525253664
-2,6,488.1289245650999
-2,6,455.4119999529656
-2,7,187.73159314396685
-2,7,80.23487078961466
-1,7,438.8280841884542
-1,7,432.6775896264811
-2,7,342.0845693800848
-2,7,50.0
-1,7,312.3320042041232
-1,7,184.01526169464483
-2,7,190.77355873316355
-2,7,463.4383362940082
-2,6,539.753416587129
-2,6,140.91282017015695
-3,6,131.24341528345713
-3,6,361.1534113327981
-3,7,322.6569828978806
-3,7,158.12584254967402
-4,7,169.16450401621768
-4,7,292.3568726041323
-4,8,277.45663836613437
-4,8,238.2452327024356
-5,8,234.0284398516975
-5,8,211.97305944855898
-5,9,648.9028737637177
-5,9,95.23547514365562
-6,9,338.574441130949
-6,9,146.767790386108
-5,9,357.799693358144
-5,9,447.8988876496933
-5,10,326.6407630052218
-5,10,133.16346239548517
-6,10,50.0
-6,10,268.76682788358875
-7,10,257.2451217523201
-7,10,50.0
-8,10,171.21262885651066
-8,10,190.9108410753478
-9,10,322.22997693365323
-9,10,50.0
-10,10,79.39908165732294
-10,10,249.1070576275588
-11,10,201.74152141896755
-11,10,50.0
-12,10,118.9638062050231
-12,10,50.0
-13,10,50.0
-13,10,50.0
-13,9,261.81739536107926
-13,9,77.62588014773554
-13,10,150.45758769294616
-13,10,148.9532246973701
-12,10,312.39737370654206
-12,10,485.30125322662786
-12,11,316.03933514583787
-12,11,50.0
-13,11,50.0
-13,11,50.0
-13,10,82.20657825959262
-13,10,311.95912757436577
-13,11,50.0
-13,11,50.0
-14,11,189.02948427968084
-14,11,246.8074384486928
-15,11,50.0
-15,11,50.0
-15,12,50.0
-15,12,66.54849978158444
-16,12,132.33862502631544
-16,12,50.0
-16,11,219.53086738881572
-16,11,50.0
-15,11,120.3498711289857
-15,11,50.0
-16,11,169.90819175914515
-16,11,166.66587694440952
-15,11,184.36973596918494
-15,11,156.9244293286083
-15,10,160.96634176752042
-15,10,50.0
-14,10,96.47306125250043
-14,10,50.0
-14,11,50.0
-14,11,50.0
-14,12,50.0
-14,12,126.57065192577365
-14,11,50.0
-14,11,110.8439545735625
-13,11,57.58725444748865
-13,11,157.7270189573119
-12,11,50.0
-12,11,50.0
-12,10,101.64365360440345
-12,10,311.3231235256858
-12,9,135.88571510877364
-12,9,264.66453304793265
-11,9,377.7365064987199
-11,9,118.67417377875668
-11,8,132.4911458362084
-11,8,177.76873668619342
-11,7,253.73821320375035
-11,7,290.96829066742544
-11,8,221.9299499092178
-11,8,312.01244181924676
-11,7,101.62363475853678
-11,7,263.4426869745181
-12,7,321.64348370838167
-12,7,250.7619189792951
-12,8,227.2897900907515
-12,8,198.84209698183432
-13,8,183.4332545112935
-13,8,261.16253674280506
-12,8,50.0
-12,8,129.0946971388147
-12,9,79.19303936810834
-12,9,148.49701326416982
-11,9,88.49900979886013
-11,9,50.0
-11,8,144.6791069858777
-11,8,259.4491863060159
-10,8,127.3472411063802
-10,8,319.7966072369938
-10,7,317.13007449616725
-10,7,51.317712522202015
-9,7,154.96535086159588
-9,7,159.74926086992124
-9,8,427.9101779130753
-9,8,119.98548531169786
-10,8,231.21997858945934
-10,8,139.46565288906586
-10,7,259.23345330189244
-10,7,211.24451149410277
-9,7,325.7174339115004
-9,7,92.26882022614234
-10,7,152.53246140291725
-10,7,161.1781149385666
-10,6,247.74141205217595
-10,6,209.8046782425865
-10,5,263.22141957793065
-10,5,354.1624449226874
-9,5,208.43972317953597
-9,5,50.0
-8,5,97.67843610778328
-8,5,475.4244882414947
-8,4,229.70670194457256
-8,4,150.12553071438853
-8,3,128.4764182132964
-8,3,393.491555716534
-8,2,152.89042624903334
-8,2,239.29166816019253
-8,1,50.0
-8,1,423.4585540536293
-7,1,258.2173220205496
-7,1,313.9911159261794
-7,0,376.2098003416558
-7,0,88.07221519480635
-7,-1,232.97959700351683
-7,-1,124.92514750424658
-7,-2,137.22032185067675
-7,-2,321.7942486687463
-6,-2,260.844891628973
-6,-2,404.6717626294458
-6,-3,337.7348986039324
-6,-3,334.72474617608145
-6,-4,325.99864429010114
-6,-4,378.204632208544
-5,-4,289.28091971001123
-5,-4,726.5396435486257
-4,-4,459.8190661906576
-4,-4,497.77974268889477
-3,-4,323.9862859565324
-3,-4,284.2821421052582
-3,-3,269.91604512739343
-3,-3,286.6217848986631
-3,-4,339.26454784287665
-3,-4,200.8106283116638
-3,-3,282.21415682075354
-3,-3,173.70237469750995
-3,-4,370.9358395721981
-3,-4,242.35434046271234
-3,-5,186.31390402941605
-3,-5,388.81641035836725
-4,-5,304.7319933708358
-4,-5,313.25125444405944
-3,-5,163.0875190901107
-3,-5,375.1317008507559
-2,-5,274.45538545112953
-2,-5,438.73946677038725
-2,-6,304.19114434165334
-2,-6,102.07544260445917
-1,-6,247.55615838383363
-1,-6,319.75717933227094
-1,-7,101.0732667140461
-1,-7,443.702723180913
0,-7,216.85401197990976
0,-7,66.80687594822078
0,-8,290.257935420565
0,-8,196.96738630659587
-1,-8,302.766065195352
-1,-8,50.0
-2,-8,181.0556409035492
-2,-8,332.7049889928599
-3,-8,134.37517669141016
-3,-8,256.87325942350424
-2,-8,352.45059273642465
-2,-8,482.151850434701
-1,-8,353.26825389532803
-1,-8,331.1766507885402
-2,-8,204.40479970050524
-2,-8,154.68180261067198
-3,-8,152.24839503620382
-3,-8,250.407838831101
-4,-8,223.2845382487632
-4,-8,86.9383632800565
-3,-8,190.51281361840864
-3,-8,116.79150170364753
-4,-8,133.23306173315734
-4,-8,185.54778364291764
-3,-8,335.0730858096292
-3,-8,290.19672650796997
-4,-8,81.45007484241316
-4,-8,81.40110401492257
-3,-8,523.6525129360998
-3,-8,77.69720412589925
-2,-8,263.5969919554842
-2,-8,323.1638370502618
-3,-8,163.94923997825134
-3,-8,139.21427605628892
-4,-8,139.97797538942467
-4,-8,196.639989506942
-5,-8,116.44261703167994
-5,-8,291.5366196206504
-6,-8,117.77687599440146
-6,-8,51.039739310704846
-5,-8,171.65975860249188
-5,-8,261.72590058834703
-6,-8,291.6170387523455
-6,-8,272.3188722484478
-5,-8,121.66648545530298
-5,-8,155.6933187174167
-6,-8,362.8220271268346
-6,-8,357.9603246805135
-7,-8,224.20266020681996
-7,-8,300.2482572556915
-6,-8,139.57536512067344
-6,-8,98.8669701406487
-5,-8,255.54538146147542
-5,-8,307.17830555460273
-6,-8,269.23924562465845
-6,-8,228.32196062998383
-7,-8,121.00520231782365
-7,-8,328.6513348312229
-8,-8,357.7886061544691
-8,-8,50.0
-9,-8,108.45925775733836
-9,-8,228.3448957613938
-10,-8,131.95302318486333
-10,-8,68.37773789400643
-11,-8,50.0
-11,-8,274.43105438163514
-12,-8,168.06328359116478
-12,-8,206.55856526376107
-11,-8,177.31607051556696
-11,-8,50.0
-12,-8,50.0
-12,-8,99.02380859134016
-13,-8,194.5935789845002
-13,-8,50.0
-14,-8,136.21668634228558
-14,-8,173.84737461463806
-15,-8,215.74098819951908
-15,-8,156.12522454173802
-16,-8,74.58344264766309
-16,-8,189.26586628345194
-17,-8,55.2463950149738
-17,-8,50.0
-16,-8,50.0
-16,-8,281.2451893417269
-15,-8,82.41981553135565
-15,-8,178.5277847965655
-15,-7,50.0
-15,-7,50.0
-14,-7,363.8711250765319
-14,-7,103.83374383027456
-14,-8,499.2524366311068
-14,-8,268.65387208637986
-13,-8,50.0
-13,-8,86.1857160944777
-12,-8,116.66274413144598
-12,-8,50.0
-11,-8,171.05689580816716
-11,-8,74.34944736742136
-11,-7,153.2007653148451
-11,-7,285.3699328602393
-10,-7,160.6629623402234
-10,-7,102.4534344593564
-9,-7,478.6546180876387
-9,-7,58.873386724613596
-10,-7,50.0
-10,-7,50.0
-9,-7,487.80903632173977
-9,-7,380.0020027962564
-9,-8,120.8555948226652
-9,-8,50.0
-9,-7,50.0
-9,-7,267.90284461050595
-8,-7,242.25268693186572
-8,-7,282.7879557791415
-7,-7,243.1630075178025
-7,-7,217.62123862563212
-7,-8,179.03706677366708
-7,-8,388.7078237142558
-6,-8,191.9284519354361
-6,-8,317.8203862844284
-5,-8,214.13523242747232
-5,-8,314.0316549314456
-5,-9,254.61596623211437
-5,-9,135.86000841736652
-6,-9,90.08351437674793
-6,-9,334.920943411831
-5,-9,288.9186468067383
-5,-9,243.7946236503729
-4,-9,70.82979281566955
-4,-9,206.77462440907317
-5,-9,270.72516134234684
-5,-9,50.0
-4,-9,88.68146892097636
-4,-9,347.73068412825705
-3,-9,263.42371329410497
-3,-9,323.3444564356737
-3,-10,107.99001917812133
-3,-10,252.68875090648564
-3,-11,50.0
-3,-11,251.87686690969676
-2,-11,281.0100118936633
-2,-11,314.87059968545486
-1,-11,50.0
-1,-11,271.12357580771436
0,-11,50.0
0,-11,95.04037206686687
1,-11,227.51146290526628
1,-11,197.40692991258422
0,-11,165.34119039376748
0,-11,145.62963973701633
1,-11,255.58876645534554
1,-11,50.0
1,-12,237.31950152523962
1,-12,162.94351848376456
0,-12,175.93674411335587
0,-12,139.48072683629056
-1,-12,195.43364555967491
-1,-12,297.88667750664024
0,-12,141.77159794323563
0,-12,103.35318844602958
0,-13,68.91937613900569
0,-13,112.60185748591789
1,-13,114.65820703939941
1,-13,118.24900517950375
2,-13,106.0147805126239
2,-13,183.83361677083977
2,-14,281.38137762644794
2,-14,154.66767302449193
3,-14,255.86659330417493
3,-14,250.19837636712046
4,-14,181.9707952974942
4,-14,50.0
5,-14,110.156775536812
5,-14,152.88541061398791
6,-14,473.2467600905075
6,-14,178.65329993656118
6,-15,50.0
6,-15,50.0
7,-15,167.91345097465467
7,-15,122.66993598954511
7,-14,150.09849692885112
7,-14,303.14113206074614
6,-14,217.85221637021817
6,-14,204.89972774281856
7,-14,50.0
7,-14,211.9590171532386
8,-14,188.13724511052374
8,-14,182.3046367742793
9,-14,50.0
9,-14,349.19721720490327
10,-14,135.70342793898868
10,-14,50.0
11,-14,51.77434781220361
11,-14,50.0
12,-14,50.81602225831799
12,-14,50.0
13,-14,247.94154132701476
13,-14,50.0
14,-14,50.0
14,-14,50.0
14,-15,50.0
14,-15,50.0
15,-15,50.0
15,-15,306.2438304115813
14,-15,50.0
14,-15,50.0
14,-16,213.75119698079524
14,-16,50.0
14,-17,50.0
14,-17,50.0
14,-16,147.83899733654226
14,-16,95.76567772243365
15,-16,50.0
15,-16,50.0
16,-16,50.0
16,-16,50.0
16,-17,185.2914765503573
16,-17,257.7583257579935
16,-18,163.9125455831217
16,-18,50.0
16,-19,50.0
16,-19,50.0
16,-20,50.0
16,-20,50.0
17,-20,50.0
17,-20,50.0
18,-20,50.0
18,-20,50.0
19,-20,50.0
19,-20,50.0
20,-20,50.0
20,-20,50.0
20,-19,50.0
20,-19,50.0
20,-18,50.0
20,-18,50.0
20,-17,50.0
20,-17,50.0
20,-16,50.0
20,-16,50.0
20,-17,50.0
20,-17,50.0
20,-18,50.0
20,-18,50.0
20,-17,50.0
20,-17,50.0
20,-16,50.0
20,-16,50.0
20,-15,50.0
20,-15,50.0
20,-14,50.0
20,-14,50.0
20,-13,50.0
20,-13,50.0
20,-12,189.72946642703863
20,-12,50.0
20,-11,106.56554172777999
20,-11,137.0409794404754
20,-10,148.11179907051337
20,-10,50.0
20,-9,50.0
20,-9,149.81998293307655
20,-8,50.0
20,-8,50.0
19,-8,92.29511779368427
19,-8,50.0
18,-8,150.69704687317227
18,-8,50.0
17,-8,156.1858310458096
17,-8,50.0
16,-8,50.0
16,-8,50.52798293987274
15,-8,50.0
15,-8,337.1286190010096
14,-8,155.62582768232105
14,-8,50.0
13,-8,140.77402717680604
13,-8,253.18028339837565
12,-8,160.77009273464662
12,-8,50.0
11,-8,254.14647044980143
11,-8,120.85922806319356
10,-8,264.4452303845927
10,-8,300.5088586533647
10,-7,197.24743701827725
10,-7,72.59474268412846
9,-7,124.02887388211748
9,-7,130.47955091524742
8,-7,132.15285041988324
8,-7,50.0
7,-7,214.2845290139308
7,-7,300.84932348784747
7,-8,404.44701125104984
7,-8,254.67870977912008
6,-8,58.94441874951801
6,-8,60.725928787230245
5,-8,533.9663694853505
5,-8,301.0517968764055
6,-8,105.50148985172666
6,-8,198.22122004751276
6,-9,306.94227682466465
6,-9,347.25177772023073
5,-9,114.08016025162392
5,-9,250.33791566406003
4,-9,198.52391014597572
4,-9,355.26287721347114
3,-9,150.43767238845288
3,-9,59.98339811672261
4,-9,359.2423765723619
4,-9,221.51250978596337
5,-9,63.50436729526227
5,-9,140.9554598243637
4,-9,194.30121954492967
4,-9,389.719073956074
4,-10,210.3454942715736
4,-10,138.84195127398579
3,-10,308.9190617947819
3,-10,50.0
4,-10,184.93867708055313
4,-10,263.78922079124277
4,-11,228.15013479273952
4,-11,76.20283639171562
3,-11,304.77839302824833
3,-11,180.04882129866175
2,-11,307.33204593785604
2,-11,309.61296892165825
1,-11,50.0
1,-11,95.76420506759045
0,-11,217.38367603145323
0,-11,239.2964157255971
-1,-11,238.98841544858004
-1,-11,168.99281634745648
-1,-12,50.0
-1,-12,50.0
-2,-12,223.1300564942913
-2,-12,160.49365697759347
-3,-12,50.0
-3,-12,87.71833818033818
-3,-13,254.62499603285409
-3,-13,243.27886885951293
-4,-13,241.63245397370045
-4,-13,257.1630169975212
-5,-13,91.52295476417012
-5,-13,231.06253165784116
-6,-13,333.8273057084207
-6,-13,344.93480827898657
-5,-13,222.6176305792581
-5,-13,127.4131385657719
-6,-13,260.7093574695589
-6,-13,314.8165477808604
-6,-14,125.7049118742732
-6,-14,240.35284089555816
-7,-14,50.0
-7,-14,437.2111556487986
-6,-14,124.31739456328117
-6,-14,50.0
-7,-14,188.6073170241255
-7,-14,120.32934986276916
-7,-15,50.0
-7,-15,66.23232237813649
-8,-15,50.0
-8,-15,50.0
-9,-15,50.0
-9,-15,86.8530414561289
-10,-15,50.0
-10,-15,50.0
-11,-15,92.01825970302046
-11,-15,149.8297839176315
-10,-15,164.08067882992867
-10,-15,141.89783799572461
-11,-15,73.10624748239573
-11,-15,338.0584157108865
-12,-15,50.0
-12,-15,50.0
-13,-15,50.0
-13,-15,221.77324164585892
-14,-15,50.0
-14,-15,58.58066314418848
-15,-15,89.00742498297184
-15,-15,117.78850862068326
-15,-16,186.23845421211067
-15,-16,50.0
-16,-16,206.2902611913046
-16,-16,50.0
-17,-16,50.0
-17,-16,50.0
-18,-16,92.77325380843524
-18,-16,50.0
-19,-16,50.0
-19,-16,50.0
-20,-16,128.96740142428655
-20,-16,50.0
-19,-16,50.0
-19,-16,50.0
-19,-17,50.0
-19,-17,110.93765042899571
-18,-17,50.0
-18,-17,50.0
-18,-16,50.0
-18,-16,50.0
-17,-16,107.34018196359551
-17,-16,265.99368933818516
-16,-16,50.0
-16,-16,50.0
-15,-16,50.0
-15,-16,50.0
-15,-15,215.5135654877053
-15,-15,50.0
-14,-15,50.0
-14,-15,50.0
-13,-15,50.0
-13,-15,162.69021126410232
-12,-15,115.44461903548836
-12,-15,61.484784503210165
-12,-16,50.0
-12,-16,50.0
-12,-15,171.20686443830056
-12,-15,174.9193202165519
-13,-15,50.0
-13,-15,50.0
-12,-15,50.0
-12,-15,58.69176031141111
-11,-15,50.0
-11,-15,276.6312213872113
-10,-15,50.0
-10,-15,132.6111153102094
-9,-15,153.40539068078115
-9,-15,334.795853222603
-8,-15,66.16795677758628
-8,-15,116.69355563944538
-9,-15,182.1308257481383
-9,-15,258.33089588954095
-9,-16,147.03004629468302
-9,-16,188.56344391022972
-9,-15,249.5111600645207
-9,-15,50.0
-8,-15,50.0
-8,-15,50.0
-8,-14,182.4436567175067
-8,-14,127.55613803126055
-7,-14,50.0
-7,-14,50.0
-6,-14,100.9423232188184
-6,-14,244.88192411234533
-5,-14,240.32953692816915
-5,-14,50.0
-5,-13,195.49209745008585
-5,-13,50.0
-4,-13,58.37773235127642
-4,-13,50.0
-3,-13,144.33657843702895
-3,-13,241.86052787911444
-2,-13,50.0
-2,-13,73.95322141585665
-1,-13,235.09837556248607
-1,-13,191.39606958623426
-1,-12,73.01947190363204
-1,-12,50.0
-2,-12,142.93877030542166
-2,-12,60.04589169468207
-1,-12,295.58644050386425
-1,-12,107.1399987294171
-1,-11,309.80651687151317
-1,-11,119.0266835317664
-1,-12,434.6789098690868
-1,-12,83.43102863454254
-2,-12,297.68069737351385
-2,-12,247.76574218307852
-1,-12,344.2616461746554
-1,-12,284.0798008796682
-1,-11,280.4910058826722
-1,-11,355.37087778532936
0,-11,50.0
0,-11,84.27117684642019
0,-10,454.5653110603726
0,-10,295.3365010282066
0,-9,231.2167719076976
0,-9,242.1251902239792
-1,-9,279.00213200634215
-1,-9,199.89188389920912
0,-9,56.27535639619754
0,-9,183.31757134770248
1,-9,385.1467700885524
1,-9,94.28405108708537
0,-9,103.6049022703628
0,-9,85.05420583658181
-1,-9,50.0
-1,-9,347.28377894306306
0,-9,115.31440209415241
0,-9,239.01739006015714
-1,-9,50.0
-1,-9,222.49506186051983
0,-9,295.03538267868583
0,-9,192.47652669430585
1,-9,293.6279716944523
1,-9,404.66338547035093
2,-9,392.4678390198661
2,-9,271.07093468263975
2,-8,194.37324400859677
2,-8,358.61463543824505
3,-8,163.0403241918033
3,-8,134.95797103133975
4,-8,511.22483843510315
4,-8,363.09429324314056
4,-9,300.07689335478295
4,-9,236.00192517028407
3,-9,494.3584553473297
3,-9,299.05750265265453
2,-9,309.4016483032061
2,-9,146.57971011126432
1,-9,130.2480092247343
1,-9,167.08473746562532
1,-10,342.0460090215638
1,-10,305.4918130761574
0,-10,597.397331962026
0,-10,50.0
0,-11,149.21060739925917
0,-11,50.0
0,-12,50.0
0,-12,140.41405746184577
0,-11,94.7169612848445
0,-11,349.7980777330282
1,-11,92.03136403526166
1,-11,196.67088049631914
1,-12,399.7183736074858
1,-12,50.0
2,-12,179.81899695367068
2,-12,50.0
2,-11,50.0
2,-11,403.4950193316499
2,-10,106.12489712332703
2,-10,252.05596966084045
2,-9,165.92760046833672
2,-9,460.7819976022533
3,-9,195.65087785754608
3,-9,220.9051935948437
2,-9,259.93835926662854
2,-9,96.07711900973659
2,-8,295.5688437390842
2,-8,152.8564891415479
2,-9,246.2523553615261
2,-9,401.2361533363928
3,-9,231.04542758794852
3,-9,219.40919604680602
3,-8,50.0
3,-8,128.16719065798773
4,-8,286.6017291627429
4,-8,270.5478631929281
5,-8,50.0
5,-8,153.11808536519158
6,-8,388.80993662059893
6,-8,413.5075938134123
6,-7,351.6034252033423
6,-7,151.8194261000824
6,-6,417.920966285147
6,-6,50.0
7,-6,746.2037102314569
7,-6,500.71701806984663
7,-7,115.63820469746157
7,-7,181.62315535681591
6,-7,436.9689558093496
6,-7,604.8404616661264
7,-7,100.42298181120148
7,-7,419.10082121609423
8,-7,152.80134746467365
8,-7,50.0
8,-6,86.66403683962696
8,-6,310.0930587468712
7,-6,107.8581278608371
7,-6,517.1988978080068
7,-5,189.56798653294248
7,-5,283.907048069907
7,-4,50.0
7,-4,198.5092159158297
8,-4,183.14261293547128
8,-4,134.28969732366602
9,-4,213.50619807232275
9,-4,198.01086042460776
9,-3,132.8138725770885
9,-3,335.50224876807374
9,-2,50.0
9,-2,180.8748480467997
10,-2,50.0
10,-2,259.57229351142456
9,-2,427.23073848731315
9,-2,191.91168757134255
10,-2,50.0
10,-2,147.24295786469116
10,-1,401.098394644194
10,-1,226.78016752883636
11,-1,178.230822682708
11,-1,92.13502272727696
11,0,222.29674167998968
11,0,270.6200491358612
12,0,201.82916924585595
12,0,270.56761866974625
12,1,135.79372143224379
12,1,212.76441525865707
12,2,152.2694799666244
12,2,50.0
13,2,358.42163333095755
13,2,106.51274651420185
13,3,50.0
13,3,246.72715009003934
12,3,97.36943272498739
12,3,121.22357926527098
12,4,244.96775009035673
12,4,316.5380183572187
13,4,68.90611630542203
13,4,254.15193397256917
12,4,115.07525072207963
12,4,335.208580541795
12,5,50.0
12,5,458.74729006147163
13,5,125.29373895789814
13,5,81.13849511571672
14,5,428.8606280827401
14,5,70.25875154366229
13,5,126.99451248381592
13,5,315.943954602006
13,4,50.0
13,4,50.0
14,4,164.2182187023964
14,4,77.86933456137757
14,5,391.29245571368324
14,5,380.2210887459348
15,5,50.0
15,5,173.2998131751104
16,5,50.0
16,5,50.0
17,5,266.7905275765614
17,5,114.56691102223905
18,5,299.0746471130677
18,5,119.92596277483099
18,6,50.0
18,6,50.0
18,7,100.86351559012544
18,7,103.17574205627395
18,8,330.3079167838502
18,8,50.0
19,8,224.28839466392307
19,8,222.70077719988802
20,8,84.62972518218885
20,8,50.0
19,8,50.0
19,8,258.43019014620904
18,8,50.0
18,8,50.0
17,8,186.43899930293287
17,8,113.32684385193588
16,8,50.0
16,8,238.99179948992858
15,8,50.0
15,8,118.950244010518
14,8,50.0
14,8,188.28201564580277
13,8,96.37746458856074
13,8,300.3078206532074
12,8,50.0
12,8,50.0
12,9,50.0
12,9,201.87435550178733
12,8,148.16951221966625
12,8,50.0
12,7,249.57581158949785
12,7,243.49087337204003
12,6,50.0
12,6,50.0
12,5,414.74475510651587
12,5,89.2186498471045
12,4,292.865285371063
12,4,156.90781860599571
12,3,166.2652566768728
12,3,376.53253984963044
13,3,374.09288219447706
13,3,76.6600204765706
12,3,99.53990120002719
12,3,247.98729756857054
13,3,277.6097646425632
13,3,69.3350720470756
14,3,154.70640745039307
14,3,50.0
13,3,137.47924582632967
13,3,506.89135844824557
14,3,129.9245661936515
14,3,311.6723567833766
13,3,309.8997136348394
13,3,349.234231318934
13,2,139.73690971008728
13,2,151.52114916863005
13,1,157.9808190759085
13,1,130.71751237868574
