16,-15,136.9990140384285
16,-14,100.0
16,-13,100.0
16,-12,319.36986616470955
16,-11,100.0
15,-11,100.0
14,-11,100.0
15,-11,100.0
14,-11,100.0
14,-10,100.0
13,-10,162.5022977695147
12,-10,519.7908303426923
11,-10,118.87341318472394
11,-9,277.31046167639374
12,-9,386.1426010125762
12,-8,452.97451845080684
11,-8,122.75510397934426
11,-7,404.4053508319303
10,-7,426.11999443644646
9,-7,237.02606171001278
8,-7,282.5350678970673
8,-6,100.0
8,-5,189.81620653284745
8,-4,557.2639915018682
7,-4,272.60332412984127
7,-5,882.7457825377569
7,-4,370.90020284963043
8,-4,743.005865138389
7,-4,161.96098510452632
6,-4,701.1732666602502
6,-3,273.4315821774243
5,-3,619.9070855022293
4,-3,719.3617544263233
4,-2,489.80967182996864
4,-1,322.32475999796713
5,-1,373.3952022410509
4,-1,233.8827326715188
3,-1,573.379208427355
2,-1,325.9010360878303
2,0,718.7105132593734
2,1,819.0495235928568
2,2,747.6763722719502
1,2,254.54806132547185
0,2,494.75598458429306
0,3,679.9188498983092
-1,3,617.2542451279284
0,3,457.6291090680405
-1,3,425.81583543002165
-2,3,504.7725930613533
-2,4,625.2629294139471
-2,5,295.5080656527883
-2,6,384.39665752103286
-1,6,352.6037746558047
0,6,635.213777991881
-1,6,363.4421925944631
-2,6,295.7249040219917
-1,6,281.73282254132334
-2,6,571.2513969263834
-2,7,804.5140481743126
-1,7,361.2469750114649
-2,7,201.09772360212003
-1,7,447.6678787868801
-2,7,673.9826002815623
-2,6,434.8476402353848
-3,6,696.7777446122025
-3,7,947.7890934270931
-4,7,254.32190094969428
-4,8,415.14780958542696
-5,8,354.03554692386297
-5,9,633.3274646122344
-6,9,577.325380375441
-5,9,244.4834959158394
-5,10,233.91232743976357
-6,10,100.0
-7,10,397.4364956374277
-8,10,151.92755376355947
-9,10,100.0
-10,10,100.0
-11,10,532.0010968284853
-12,10,352.42784031099734
-13,10,291.21383415235425
-13,9,273.3681266301903
-13,10,295.42892947234895
-12,10,196.0126915495613
-12,11,100.0
-13,11,140.80000110211733
-13,10,275.86050066163216
-13,11,294.9850535313737
-14,11,100.0
-15,11,252.2609965160683
-15,12,315.3818935232823
-16,12,100.0
-16,11,234.99116485684078
-15,11,476.1035241097196
-16,11,139.54339666542873
-15,11,218.97022217487978
-15,10,100.0
-14,10,169.4321637510838
-14,11,115.35075402134308
-14,12,100.0
-14,11,100.0
-13,11,100.0
-12,11,264.4418033984883
-12,10,372.59485953451554
-12,9,100.0
-11,9,175.30264943803235
-11,8,313.6069203623916
-11,7,121.10747205766643
-11,8,194.00672932453546
-11,7,137.07663892148514
-12,7,497.3501556610431
-12,8,100.0
-13,8,376.1203466527269
-12,8,100.0
-12,9,205.59429479058667
-11,9,139.74600468490806
-11,8,256.4250686912763
-10,8,160.0386952185957
-10,7,422.00670804385646
-9,7,170.45504546854298
-9,8,688.1657425771112
-10,8,188.66510136369385
-10,7,514.939311817006
-9,7,100.0
-10,7,121.37176038892204
-10,6,205.59515591355404
-10,5,497.51233038763
-9,5,479.70693799972935
-8,5,100.0
-8,4,494.5716568531652
-8,3,563.337560288232
-8,2,859.9882939065897
-8,1,540.5598774317343
-7,1,370.77569558633365
-7,0,187.49466854307383
-7,-1,765.7639869658829
-7,-2,358.5803202338163
-6,-2,364.76011634615986
-6,-3,324.7984457593102
-6,-4,307.4574708317779
-5,-4,489.75191970653566
-4,-4,871.9420531171284
-3,-4,591.0676341910596
-3,-3,311.4285443237322
-3,-4,403.1298775206719
-3,-3,606.7442622646007
-3,-4,562.2503986379425
-3,-5,921.9313268649211
-4,-5,373.76581240797964
-3,-5,100.0
-2,-5,404.9365003038647
-2,-6,734.8675121363011
-1,-6,659.5341586124998
-1,-7,275.94686460072853
0,-7,422.3346340429162
0,-8,232.10832497105187
-1,-8,613.9547120049689
-2,-8,639.1824292038111
-3,-8,100.0
-2,-8,408.5867752399572
-1,-8,315.9835704179371
-2,-8,369.9822681828931
-3,-8,360.91390374861675
-4,-8,385.02989264203404
-3,-8,447.60607188478883
-4,-8,100.0
-3,-8,521.1247891071948
-4,-8,269.11148967214865
-3,-8,487.20222855163286
-2,-8,265.9789807439897
-3,-8,364.95546830466935
-4,-8,487.64147767814404
-5,-8,499.11354320217237
-6,-8,100.0
-5,-8,100.0
-6,-8,1004.0118609242656
-5,-8,159.062965723517
-6,-8,100.0
-7,-8,439.82727222447176
-6,-8,100.0
-5,-8,170.01449280276483
-6,-8,426.93223622257153
-7,-8,133.94435738248467
-8,-8,242.35547568635073
-9,-8,490.1481385957735
-10,-8,100.0
-11,-8,168.97948552743532
-12,-8,359.623503636609
-11,-8,528.9411656749841
-12,-8,212.97944744311175
-13,-8,161.6831816813904
-14,-8,125.5408924774208
-15,-8,100.0
-16,-8,100.0
-17,-8,100.0
-16,-8,100.0
-15,-8,100.0
-15,-7,290.92863665207886
-14,-7,282.611286962502
-14,-8,100.0
-13,-8,211.33024508075337
-12,-8,149.64792040764033
-11,-8,242.2662532490865
-11,-7,116.61757244604041
-10,-7,201.45129490074817
-9,-7,400.63474218198564
-10,-7,239.44763671449232
-9,-7,100.0
-9,-8,162.8428392773658
-9,-7,356.7648295638519
-8,-7,609.6426659209437
-7,-7,235.76609964184814
-7,-8,398.11219477464033
-6,-8,286.3932799846731
-5,-8,514.0532078615657
-5,-9,100.0
-6,-9,566.5976953452777
-5,-9,625.004467285236
-4,-9,668.8858090927563
-5,-9,202.1421889713067
-4,-9,133.02395739907865
-3,-9,310.51114426613054
-3,-10,304.6802611659777
-3,-11,100.0
-2,-11,552.8959626597651
-1,-11,251.45439785364192
0,-11,520.0214443764958
1,-11,100.0
0,-11,176.80995668981956
1,-11,105.65548548618573
1,-12,584.154248184182
0,-12,367.59039573252704
-1,-12,100.0
0,-12,334.5116301023555
0,-13,100.0
1,-13,127.43801528348513
2,-13,139.12417648988153
2,-14,508.3335145226754
3,-14,100.0
4,-14,593.9417094251207
5,-14,593.7856648580089
6,-14,304.3989311137123
6,-15,278.23996334022456
7,-15,100.0
7,-14,326.33335122940184
6,-14,181.39410586853796
7,-14,100.0
8,-14,431.63528037412743
9,-14,223.03957191223785
10,-14,428.5721410130497
11,-14,100.0
12,-14,172.12948867789729
13,-14,229.62220529832004
14,-14,175.34435507728398
14,-15,140.87696759124992
15,-15,100.0
14,-15,289.04693901578895
14,-16,100.0
14,-17,100.0
14,-16,175.32048822808912
15,-16,100.0
16,-16,100.0
16,-17,100.0
16,-18,100.0
16,-19,109.08202080353466
16,-20,100.0
17,-20,100.0
18,-20,100.0
19,-20,100.0
20,-20,100.0
20,-19,100.0
20,-18,323.5969449364389
20,-17,100.0
20,-16,100.0
20,-17,100.0
20,-18,100.0
20,-17,100.0
20,-16,100.0
20,-15,100.0
20,-14,100.0
20,-13,217.7499187593532
20,-12,100.0
20,-11,100.0
20,-10,100.0
20,-9,100.0
20,-8,100.0
19,-8,100.0
18,-8,100.0
17,-8,215.99595445139568
16,-8,100.0
15,-8,332.1767128143488
14,-8,100.0
13,-8,259.8584430666377
12,-8,163.23549730516137
11,-8,116.46374697548436
10,-8,292.82261443202617
10,-7,315.10537076189866
9,-7,198.85464819293753
8,-7,444.6058335053546
7,-7,177.45504786705214
7,-8,100.0
6,-8,129.3662226353334
5,-8,253.98082580775025
6,-8,252.10795075146962
6,-9,439.66971957135723
5,-9,484.8249824845229
4,-9,100.0
3,-9,387.1173973330817
4,-9,272.70388540342185
5,-9,187.79906582013018
4,-9,719.1422225965538
4,-10,312.1623164666005
3,-10,329.0850091633937
4,-10,528.8984174777374
4,-11,198.31814338250652
3,-11,301.4165848973451
2,-11,541.3220282992582
1,-11,118.31898552589169
0,-11,221.91422713475328
-1,-11,304.31342486195075
-1,-12,153.1540750568647
-2,-12,127.81056514228993
-3,-12,165.17548778936785
-3,-13,118.39039404115364
-4,-13,280.47331487645476
-5,-13,335.47163725385445
-6,-13,267.33664598020675
-5,-13,174.17359420846978
-6,-13,556.9052487048045
-6,-14,100.0
-7,-14,345.5388074874937
-6,-14,100.0
-7,-14,212.66007511698217
-7,-15,299.6085882032331
-8,-15,142.37976300792468
-9,-15,287.5959435945382
-10,-15,378.80824482453266
-11,-15,100.0
-10,-15,100.0
-11,-15,111.60969015164396
-12,-15,371.24728480777713
-13,-15,164.1609680335634
-14,-15,100.0
-15,-15,134.72041727554688
-15,-16,100.0
-16,-16,100.0
-17,-16,100.0
-18,-16,100.0
-19,-16,100.0
-20,-16,100.0
-19,-16,100.0
-19,-17,100.0
-18,-17,100.0
-18,-16,161.82594281281598
-17,-16,480.92582208844203
-16,-16,100.0
-15,-16,100.0
-15,-15,100.0
-14,-15,100.0
-13,-15,496.9457572007249
-12,-15,100.0
-12,-16,100.0
-12,-15,100.0
-13,-15,100.0
-12,-15,100.0
-11,-15,100.0
-10,-15,100.0
-9,-15,386.5199761507551
-8,-15,274.4981305428373
-9,-15,145.23088451435368
-9,-16,128.3304508304911
-9,-15,100.0
-8,-15,116.83171150544895
-8,-14,548.6373296340965
-7,-14,307.8218596652377
-6,-14,901.8084687690315
-5,-14,683.6636309903613
-5,-13,379.9983082919276
-4,-13,100.0
-3,-13,214.95436717199578
-2,-13,696.7047868285806
-1,-13,659.6682992848014
-1,-12,385.2490831054392
-2,-12,552.1973136011611
-1,-12,286.42555619336804
-1,-11,420.9677007046636
-1,-12,156.4389724630343
-2,-12,334.333982724352
-1,-12,322.70363875180124
-1,-11,448.1625763404779
0,-11,232.41943062371527
0,-10,724.0581367202019
0,-9,477.58138266383435
-1,-9,109.89888104951095
0,-9,332.03511275061226
1,-9,412.5552743170514
0,-9,640.5160440825774
-1,-9,350.2283430573199
0,-9,271.90389099366445
-1,-9,209.19378733181279
0,-9,528.5758109785669
1,-9,248.9058065564139
2,-9,100.0
2,-8,551.1117945913932
3,-8,564.5062260825528
4,-8,498.9871900357191
4,-9,172.55093469414874
3,-9,628.2257878636983
2,-9,491.9921870645661
1,-9,384.72324524660326
1,-10,760.9122575489021
0,-10,424.64933403468217
0,-11,357.05155875681305
0,-12,390.0220104062376
0,-11,378.103547868777
1,-11,344.2470712130779
1,-12,286.711243925896
2,-12,353.4918028340002
2,-11,497.2668121882816
2,-10,161.081189009729
2,-9,680.08857553233
3,-9,256.19388132619764
2,-9,470.1547594004415
2,-8,380.6578606782682
2,-9,165.5886799198267
3,-9,505.13575659807543
3,-8,237.32965195319161
4,-8,532.3118956836272
5,-8,100.0
6,-8,962.3547354216895
6,-7,383.3980669444375
6,-6,392.46562189329615
7,-6,196.33966509937434
7,-7,344.43438736662176
6,-7,327.0448805886891
7,-7,173.71562231424807
8,-7,213.6107973054607
8,-6,201.31239622459955
7,-6,161.15228382624142
7,-5,423.5472252898495
7,-4,100.0
8,-4,246.36765834564486
9,-4,734.6338974843687
9,-3,683.1763022348612
9,-2,100.0
10,-2,294.98842446175735
9,-2,580.4792481592939
10,-2,577.3278112577134
10,-1,331.7155494716961
11,-1,113.73600220911281
11,0,381.5557451760239
12,0,100.0
12,1,316.0626386542873
12,2,326.7125671922083
13,2,374.9494612004568
13,3,187.9290749500738
12,3,578.5363981042289
12,4,545.4632114667348
13,4,626.6330951171367
12,4,100.0
12,5,168.27263971594695
13,5,574.5302501069114
14,5,299.35754080086394
13,5,200.1767638241856
13,4,100.0
14,4,217.3056521019165
14,5,160.4518461641244
15,5,193.7391362440575
16,5,334.092138703981
17,5,148.80267911735248
18,5,438.40955378664694
18,6,100.0
18,7,100.0
18,8,378.709091331899
19,8,100.0
20,8,100.0
19,8,230.1348442665146
18,8,100.0
17,8,262.7635328367502
16,8,435.5316733667631
15,8,100.0
14,8,100.0
13,8,100.0
12,8,399.93900683688895
12,9,100.0
12,8,100.0
12,7,150.88040784134836
12,6,362.298422742089
12,5,302.8518707374297
12,4,197.65849967473036
12,3,267.10537670263386
13,3,137.07153624280073
12,3,115.35398068543742
13,3,414.32357123165707
14,3,312.6203443943603
13,3,100.0
14,3,480.0448800273465
13,3,264.3721967122027
13,2,261.3482160248585
13,1,727.5637126561628
