16,-15,318.96754022338456
16,-14,100.0
16,-13,100.0
16,-12,100.0
16,-11,100.0
15,-11,305.7609896653428
14,-11,168.4398135833485
15,-11,100.0
14,-11,100.0
14,-10,100.0
13,-10,100.0
12,-10,334.0253739155022
11,-10,306.9933155777029
11,-9,147.7488953454308
12,-9,312.66249476748783
12,-8,100.0
11,-8,127.0325274254113
11,-7,100.0
10,-7,194.83841267066958
9,-7,623.2638443852159
8,-7,748.6847270223434
8,-6,100.0
8,-5,365.4222695324736
8,-4,399.4726490359509
7,-4,387.14855589681457
7,-5,504.9226384197166
7,-4,293.02008846497375
8,-4,484.2013210787571
7,-4,586.5084270540835
6,-4,449.04337550573496
6,-3,878.6942526427277
5,-3,377.813755877963
4,-3,278.7410283892716
4,-2,145.98197870986257
4,-1,422.2359604580966
5,-1,198.46970333761828
4,-1,589.4664194342213
3,-1,699.0034698100748
2,-1,224.7186081160451
2,0,624.7786068122324
2,1,600.5688187596394
2,2,404.6769863345469
1,2,747.1232930075578
0,2,648.1765873734096
0,3,309.1660843892246
-1,3,691.4677983253584
0,3,484.029344300046
-1,3,891.2125460698355
-2,3,658.6642289841756
-2,4,805.3465686847835
-2,5,325.2863789443597
-2,6,650.9371801664062
-1,6,412.29760299813444
0,6,546.5871887016528
-1,6,1020.3661917660986
-2,6,312.1855809185488
-1,6,484.0055528009558
-2,6,633.784594503647
-2,7,587.9317235466466
-1,7,761.3615261853621
-2,7,286.9136910238621
-1,7,558.8681082242313
-2,7,324.8471664941585
-2,6,130.0427755745861
-3,6,767.0556262450102
-3,7,397.99382105241546
-4,7,504.39110703684014
-4,8,100.0
-5,8,208.21548851409554
-5,9,100.0
-6,9,100.0
-5,9,273.37816150659864
-5,10,136.35478928516835
-6,10,100.0
-7,10,302.07810435251054
-8,10,279.2430401712723
-9,10,422.80155595668464
-10,10,100.0
-11,10,215.63742368338532
-12,10,155.6459924801069
-13,10,100.0
-13,9,133.86148923986528
-13,10,163.68705114971115
-12,10,100.0
-12,11,100.0
-13,11,100.0
-13,10,159.49405425652014
-13,11,100.0
-14,11,230.84138430055378
-15,11,100.0
-15,12,100.0
-16,12,100.0
-16,11,100.0
-15,11,139.54651749475062
-16,11,100.0
-15,11,100.0
-15,10,100.0
-14,10,205.23583540217834
-14,11,378.13240270171656
-14,12,100.0
-14,11,100.0
-13,11,100.0
-12,11,132.92145930247068
-12,10,172.71874181515074
-12,9,400.47617209450334
-11,9,163.08459453811486
-11,8,571.2390477575959
-11,7,355.9113487614687
-11,8,327.9243584281274
-11,7,260.3855410094891
-12,7,100.0
-12,8,258.19488545189563
-13,8,100.0
-12,8,440.62784589665273
-12,9,599.8112793351481
-11,9,100.0
-11,8,346.66140204967866
-10,8,341.605163457908
-10,7,546.6501425032945
-9,7,559.2180436837668
-9,8,100.0
-10,8,202.66271218384279
-10,7,100.0
-9,7,141.66213601628772
-10,7,100.0
-10,6,649.9704136807491
-10,5,100.0
-9,5,354.66746270732347
-8,5,362.1652865807224
-8,4,505.3822160181808
-8,3,457.69663278542737
-8,2,671.8010490804432
-8,1,507.8087914362235
-7,1,508.86481177840307
-7,0,307.0734943886415
-7,-1,716.6075781368032
-7,-2,569.3238483593428
-6,-2,330.87569474672557
-6,-3,515.0892860422482
-6,-4,355.577218968107
-5,-4,744.6787074751666
-4,-4,384.48654284760977
-3,-4,502.1976309583831
-3,-3,899.691453041354
-3,-4,388.9934477850153
-3,-3,175.73298171506852
-3,-4,242.39327786248305
-3,-5,330.8670806958547
-4,-5,1004.1401592420063
-3,-5,468.09801467966764
-2,-5,478.95774515693546
-2,-6,178.65232304873513
-1,-6,263.4585159697778
-1,-7,591.1814780313405
0,-7,369.98972454810144
0,-8,100.0
-1,-8,100.0
-2,-8,397.8754831580078
-3,-8,528.6424770765461
-2,-8,349.92560490421124
-1,-8,228.54075427874588
-2,-8,472.4628246065325
-3,-8,607.0948579817469
-4,-8,811.6813448009483
-3,-8,623.2008733507985
-4,-8,246.85356048893365
-3,-8,561.1228598842441
-4,-8,301.2653001371186
-3,-8,274.82221370980284
-2,-8,341.4947600394772
-3,-8,517.8136129276387
-4,-8,304.3655617224033
-5,-8,510.70073312081166
-6,-8,614.2303752007592
-5,-8,111.58466914673343
-6,-8,330.36911485747544
-5,-8,581.8517854333016
-6,-8,331.55217076809413
-7,-8,416.8008137930393
-6,-8,312.0616349529115
-5,-8,650.4724855514195
-6,-8,105.30543801316655
-7,-8,537.2610544548807
-8,-8,190.32411173047842
-9,-8,264.0930467767939
-10,-8,153.4863512458522
-11,-8,283.5528674173705
-12,-8,328.27538723564874
-11,-8,157.22017148380826
-12,-8,620.4216063565418
-13,-8,245.6808346346919
-14,-8,100.0
-15,-8,451.48452350077014
-16,-8,100.0
-17,-8,455.7161405611694
-16,-8,100.0
-15,-8,118.94738033160151
-15,-7,100.0
-14,-7,358.5547300728547
-14,-8,470.2198842877791
-13,-8,287.03062548640446
-12,-8,276.83920680482737
-11,-8,254.28466902698335
-11,-7,100.0
-10,-7,290.5841920778387
-9,-7,151.8565139651406
-10,-7,230.3058251320764
-9,-7,100.0
-9,-8,322.6875954716029
-9,-7,199.70404233274485
-8,-7,505.24850076364197
-7,-7,706.8138508093775
-7,-8,100.0
-6,-8,161.62000372029172
-5,-8,226.33253299263197
-5,-9,147.848489998609
-6,-9,100.0
-5,-9,144.28135577164105
-4,-9,363.4946973458801
-5,-9,336.05238273219425
-4,-9,576.2128020198984
-3,-9,100.0
-3,-10,281.5982077231373
-3,-11,448.1563614340444
-2,-11,286.3775884508969
-1,-11,100.0
0,-11,433.0155563844945
1,-11,126.41133402019446
0,-11,467.31128146485213
1,-11,263.4749910305489
1,-12,132.62926541875885
0,-12,169.67047555661202
-1,-12,505.643681413484
0,-12,100.0
0,-13,247.7873706504037
1,-13,439.367205502768
2,-13,100.0
2,-14,277.7851060079974
3,-14,147.73556370780273
4,-14,100.0
5,-14,100.0
6,-14,113.71346288266568
6,-15,100.0
7,-15,232.10226102230138
7,-14,821.5088226510585
6,-14,148.05364810440824
7,-14,322.35465855169264
8,-14,608.8291963356239
9,-14,100.0
10,-14,727.515835417179
11,-14,100.0
12,-14,114.7201313057613
13,-14,100.0
14,-14,100.0
14,-15,100.0
15,-15,100.0
14,-15,269.8422959139642
14,-16,100.0
14,-17,103.02087135701106
14,-16,221.61691279598188
15,-16,100.0
16,-16,100.0
16,-17,100.0
16,-18,100.0
16,-19,100.0
16,-20,100.0
17,-20,100.0
18,-20,112.21815437706226
19,-20,100.0
20,-20,100.0
20,-19,100.0
20,-18,100.0
20,-17,100.0
20,-16,100.0
20,-17,188.13844207518537
20,-18,100.0
20,-17,100.0
20,-16,100.0
20,-15,100.0
20,-14,100.0
20,-13,100.0
20,-12,133.3453657706293
20,-11,100.0
20,-10,271.65489513949746
20,-9,100.0
20,-8,119.52844828088406
19,-8,196.30351659521259
18,-8,181.54483824439177
17,-8,220.75166860843223
16,-8,628.6223946539445
15,-8,139.39722805572725
14,-8,443.42335063545477
13,-8,100.0
12,-8,292.8186892392142
11,-8,517.8744261270086
10,-8,887.1103649934657
10,-7,318.45142105254854
9,-7,584.958999782041
8,-7,307.5820316879866
7,-7,619.7114752442834
7,-8,529.5535324236943
6,-8,319.209681881457
5,-8,901.4151895219718
6,-8,588.1019453018532
6,-9,435.77236740942885
5,-9,332.5529356197361
4,-9,181.47975986532805
3,-9,210.2847220585201
4,-9,305.47403915235736
5,-9,261.04233260645645
4,-9,594.5674577444591
4,-10,100.0
3,-10,109.48518909364469
4,-10,450.55027072183066
4,-11,120.74075717232787
3,-11,192.163071267578
2,-11,363.0727836790021
1,-11,328.3606228635759
0,-11,630.259877334663
-1,-11,160.36764546214155
-1,-12,377.5943158818936
-2,-12,177.11684489121305
-3,-12,321.4331212411558
-3,-13,950.2517620190904
-4,-13,558.8064734740599
-5,-13,350.618907748938
-6,-13,305.7444622647108
-5,-13,299.97292348621704
-6,-13,100.0
-6,-14,100.0
-7,-14,100.0
-6,-14,142.40844851822146
-7,-14,217.71366510190762
-7,-15,101.13960168662547
-8,-15,224.9198274747539
-9,-15,107.1354287351073
-10,-15,100.0
-11,-15,218.15293892706177
-10,-15,100.0
-11,-15,237.83284409253068
-12,-15,277.9713454089315
-13,-15,100.0
-14,-15,100.0
-15,-15,100.0
-15,-16,250.86616814010992
-16,-16,229.3588617909241
-17,-16,159.79284852732982
-18,-16,100.0
-19,-16,100.0
-20,-16,344.7825607730198
-19,-16,100.0
-19,-17,100.0
-18,-17,100.0
-18,-16,100.0
-17,-16,100.0
-16,-16,100.0
-15,-16,100.0
-15,-15,100.0
-14,-15,100.0
-13,-15,100.0
-12,-15,100.0
-12,-16,180.46390780151899
-12,-15,607.9867715812563
-13,-15,280.2023087362665
-12,-15,100.0
-11,-15,100.0
-10,-15,103.10885163748048
-9,-15,100.0
-8,-15,251.75229241485508
-9,-15,100.0
-9,-16,100.0
-9,-15,100.0
-8,-15,395.884576126953
-8,-14,235.31272858140062
-7,-14,100.0
-6,-14,100.0
-5,-14,154.36118363502436
-5,-13,175.6642479968728
-4,-13,106.76319246314131
-3,-13,219.56968935911874
-2,-13,479.90198571932683
-1,-13,352.5116638354686
-1,-12,233.2379631065935
-2,-12,199.09438760678094
-1,-12,388.7073073516601
-1,-11,821.2139353802454
-1,-12,533.8012154807494
-2,-12,100.0
-1,-12,470.23502852336287
-1,-11,389.7250766277228
0,-11,335.98493848950966
0,-10,354.68753668688646
0,-9,140.9729198394738
-1,-9,100.0
0,-9,343.6309003751725
1,-9,100.0
0,-9,288.0333611737107
-1,-9,370.92426170729266
0,-9,398.27872202848494
-1,-9,760.4636072003011
0,-9,527.5150801941554
1,-9,100.0
2,-9,223.88922627421232
2,-8,549.5885266294084
3,-8,221.05857864259036
4,-8,418.66653379270684
4,-9,100.0
3,-9,429.3179491299197
2,-9,607.1337071978635
1,-9,364.6878516482709
1,-10,252.22978859877048
0,-10,333.525371585196
0,-11,306.1841568551599
0,-12,100.0
0,-11,398.15079487528425
1,-11,264.12172680449265
1,-12,273.10509085703654
2,-12,359.58235045541926
2,-11,865.2242634805652
2,-10,364.3034178707239
2,-9,514.255255523201
3,-9,396.74244514082613
2,-9,262.2238172387394
2,-8,635.7753420404262
2,-9,146.24082801544716
3,-9,241.99515372246526
3,-8,624.4087563590143
4,-8,100.0
5,-8,100.0
6,-8,362.32075412438127
6,-7,297.50238455485066
6,-6,100.0
7,-6,593.8031351693689
7,-7,1029.6486984766454
6,-7,471.60865967512837
7,-7,650.4047023551242
8,-7,368.6011913966355
8,-6,100.0
7,-6,373.24720618782527
7,-5,192.5412652339386
7,-4,400.31256138265564
8,-4,318.9125548724045
9,-4,198.55576304927632
9,-3,199.77188057457244
9,-2,379.68798638103914
10,-2,525.7090936815201
9,-2,590.5512717457623
10,-2,359.37944813117707
10,-1,868.3950428650749
11,-1,207.46324464313818
11,0,318.36300106405486
12,0,100.0
12,1,100.0
12,2,132.43537146391984
13,2,612.8474874892322
13,3,100.0
12,3,498.1308914091903
12,4,359.4548145488302
13,4,215.40016734282744
12,4,317.0418609112522
12,5,100.0
13,5,226.75454226482128
14,5,158.49663934377247
13,5,288.312207300018
13,4,336.7423122009049
14,4,187.92309987749564
14,5,100.0
15,5,266.2587276404073
16,5,100.0
17,5,235.84220565935678
18,5,100.0
18,6,100.0
18,7,317.2098469181497
18,8,100.0
19,8,100.0
20,8,129.34216711876803
19,8,100.0
18,8,100.0
17,8,168.75986897074011
16,8,100.0
15,8,100.0
14,8,132.17676518896604
13,8,239.609347207788
12,8,100.0
12,9,243.1193059265477
12,8,347.5588647853833
12,7,287.8287964054958
12,6,188.09592228633113
12,5,522.477267668481
12,4,400.78320058356525
12,3,412.9967851225233
13,3,100.0
12,3,236.64395484586208
13,3,367.3438942625716
14,3,376.6066515647667
13,3,144.49925954516206
14,3,100.0
13,3,120.5012676350975
13,2,175.5967945920964
13,1,100.0
