16,-15,50.0
16,-15,50.0
16,-14,50.0
16,-14,50.0
16,-13,50.0
16,-13,50.0
16,-12,50.0
16,-12,50.0
16,-11,50.0
16,-11,50.0
15,-11,79.04978496177314
15,-11,85.39513054313933
14,-11,50.0
14,-11,50.0
15,-11,165.8511980751997
15,-11,50.0
14,-11,50.0
14,-11,50.0
14,-10,50.0
14,-10,75.72781511539267
13,-10,188.36489205242466
13,-10,50.0
12,-10,50.0
12,-10,149.64816842408771
11,-10,82.07706763670514
11,-10,70.71853370693236
11,-9,142.27033994646513
11,-9,126.71914542363115
12,-9,198.8193160944336
12,-9,204.0891769582839
12,-8,287.3426028083526
12,-8,370.9130133829931
11,-8,50.0
11,-8,301.130393258583
11,-7,50.0
11,-7,296.71538714479766
10,-7,254.465193760572
10,-7,50.0
9,-7,337.95411392508856
9,-7,261.6087081786264
8,-7,191.77106738521914
8,-7,400.3280145409197
8,-6,237.91747740773573
8,-6,195.89070240191197
8,-5,50.0
8,-5,217.26518034051787
8,-4,369.04881217990874
8,-4,230.14637772790564
7,-4,390.1988019335596
7,-4,56.277214469592934
7,-5,229.26950103098577
7,-5,352.6068542773476
7,-4,188.51607782656654
7,-4,293.45408463767365
8,-4,362.7395281665919
8,-4,277.0445277574472
7,-4,362.00816070479283
7,-4,178.97091505461006
6,-4,319.51999377775627
6,-4,147.6289724893364
6,-3,93.64164418112449
6,-3,412.34866043833495
5,-3,157.52150205466228
5,-3,305.3486697923971
4,-3,220.50374258708652
4,-3,452.20806796703033
4,-2,233.55483100787978
4,-2,343.69790470911994
4,-1,266.579895647238
4,-1,251.56867139066142
5,-1,194.8992819935941
5,-1,264.82414254281565
4,-1,354.9096546046098
4,-1,460.19502644058684
3,-1,182.16291674667826
3,-1,406.43368328701007
2,-1,489.6233349256848
2,-1,487.96916679803076
2,0,311.67804977040845
2,0,103.9581012341095
2,1,436.944531134953
2,1,324.84291939426055
2,2,296.8174114842112
2,2,472.6092241651436
1,2,102.15606307270372
1,2,372.53918427164297
0,2,252.05127195922896
0,2,181.63358042538002
0,3,580.6584294299807
0,3,286.6699981327163
-1,3,347.18866581809385
-1,3,567.408568995444
0,3,132.58547168977458
0,3,412.0377816165435
-1,3,438.82577369852834
-1,3,368.8325476206737
-2,3,155.29397400356098
-2,3,392.50135867546646
-2,4,353.27159032321845
-2,4,492.2357619063512
-2,5,232.6906516424432
-2,5,305.1570479411255
-2,6,180.538504504878
-2,6,356.357684295558
-1,6,328.98985686488305
-1,6,267.32945877846953
0,6,443.85406766064057
0,6,539.3824108587321
-1,6,110.37118351950431
-1,6,323.08018275427725
-2,6,151.7709732927743
-2,6,441.66781355320575
-1,6,203.18232974139673
-1,6,662.3251405954497
-2,6,289.09441133089507
-2,6,358.7606382709251
-2,7,50.0
-2,7,326.16694520036737
-1,7,300.86054342196877
-1,7,341.5521425935361
-2,7,315.45994651279455
-2,7,242.91507005905626
-1,7,335.17791311041077
-1,7,289.1261039495527
-2,7,200.76862076189255
-2,7,158.51608177470314
-2,6,359.9576726792527
-2,6,394.6373289314648
-3,6,192.20929835666925
-3,6,271.8898122821451
-3,7,50.0
-3,7,425.16445344278355
-4,7,261.58264075984124
-4,7,256.5745576909904
-4,8,50.0
-4,8,256.5748744577451
-5,8,120.24834603781835
-5,8,161.46887443544182
-5,9,345.527944770943
-5,9,60.48561909454064
-6,9,50.0
-6,9,233.82239867777358
-5,9,357.6815420127173
-5,9,491.8298277105275
-5,10,353.1310100664082
-5,10,109.65011775632848
-6,10,50.0
-6,10,343.1402126310549
-7,10,54.338028862876484
-7,10,131.92895948188556
-8,10,237.52823087910997
-8,10,50.0
-9,10,75.08345934829708
-9,10,50.0
-10,10,134.37116845669243
-10,10,52.59069503612946
-11,10,50.0
-11,10,274.60709817497707
-12,10,113.97991414143345
-12,10,291.5405338012914
-13,10,102.88747087810923
-13,10,115.7063496886446
-13,9,50.0
-13,9,192.53032613105742
-13,10,197.88613538278196
-13,10,96.8428515193121
-12,10,403.9532796958409
-12,10,50.0
-12,11,130.3002536386833
-12,11,50.0
-13,11,63.24911123302979
-13,11,214.04090801788604
-13,10,167.98578254391276
-13,10,50.0
-13,11,254.3236458503512
-13,11,154.8426261315936
-14,11,169.09934648937298
-14,11,145.81995081815506
-15,11,50.0
-15,11,210.38627043916216
-15,12,147.03832060027102
-15,12,50.0
-16,12,50.0
-16,12,50.0
-16,11,73.5695596813443
-16,11,50.0
-15,11,339.79042920854675
-15,11,68.73539189136784
-16,11,50.0
-16,11,50.0
-15,11,214.3007566660138
-15,11,267.45955451530585
-15,10,50.0
-15,10,108.0793049947879
-14,10,188.7168576361633
-14,10,244.56409301190334
-14,11,50.0
-14,11,50.0
-14,12,114.10325783720543
-14,12,448.3858408627407
-14,11,63.20621362138132
-14,11,50.0
-13,11,136.3672838129679
-13,11,173.8635488894007
-12,11,50.0
-12,11,208.38935261550003
-12,10,376.55602012553857
-12,10,50.0
-12,9,195.24357879068205
-12,9,50.0
-11,9,127.58589766521459
-11,9,124.5740366760724
-11,8,84.74967871331253
-11,8,100.8318382586524
-11,7,114.73366223753335
-11,7,123.64893728583402
-11,8,210.78396602738587
-11,8,79.08326204932531
-11,7,65.84941476510205
-11,7,272.7681647034286
-12,7,281.5801131570825
-12,7,149.73296554246383
-12,8,237.70024057543924
-12,8,144.61620522192945
-13,8,360.96195511173397
-13,8,63.72615564797849
-12,8,50.0
-12,8,75.91992284177246
-12,9,162.2510240774243
-12,9,212.65488833538407
-11,9,59.36086048875029
-11,9,103.94826422891711
-11,8,263.1887329600214
-11,8,56.099838144453855
-10,8,463.3259331479515
-10,8,233.54165094244323
-10,7,209.13106976762478
-10,7,66.46782565110786
-9,7,50.0
-9,7,107.3923321529974
-9,8,161.36201941922084
-9,8,50.0
-10,8,122.90225181876988
-10,8,154.7486155110534
-10,7,171.62228194822723
-10,7,435.3962924209769
-9,7,165.24625540466164
-9,7,294.3977825514379
-10,7,378.94506501205734
-10,7,355.01198778261914
-10,6,132.07504085443887
-10,6,104.57690533899253
-10,5,234.5142373005312
-10,5,333.939766712032
-9,5,172.42373144747856
-9,5,225.54168675307903
-8,5,314.0160219926705
-8,5,50.0
-8,4,452.1439430913456
-8,4,544.8076925015774
-8,3,246.3136681324314
-8,3,301.3154606170408
-8,2,517.5776761487372
-8,2,239.0453866131191
-8,1,754.8619822940223
-8,1,354.75242343812636
-7,1,202.34445830385562
-7,1,113.03590453748978
-7,0,478.65115551462924
-7,0,340.5708890686522
-7,-1,293.1118512524451
-7,-1,252.09059204956912
-7,-2,333.4575995649975
-7,-2,289.9087020151749
-6,-2,308.56099325814967
-6,-2,56.813863497549335
-6,-3,411.30160750248626
-6,-3,283.37270667561233
-6,-4,58.20505077360448
-6,-4,264.0641948290587
-5,-4,77.42158406246585
-5,-4,261.64038689902327
-4,-4,251.36183614629678
-4,-4,220.56776501443198
-3,-4,189.44598663072156
-3,-4,573.9832973921083
-3,-3,434.43692105297856
-3,-3,514.1131810053881
-3,-4,221.24852558401025
-3,-4,329.62213556855943
-3,-3,376.6278353893816
-3,-3,559.2151849035156
-3,-4,473.5863025546183
-3,-4,383.3451773963434
-3,-5,195.578927653587
-3,-5,277.8866549741025
-4,-5,131.5804253854775
-4,-5,139.82396108131587
-3,-5,103.49936190480037
-3,-5,546.1027011324252
-2,-5,567.5045714201319
-2,-5,386.334936468369
-2,-6,298.90368413156216
-2,-6,696.5429061336677
-1,-6,374.50802011464486
-1,-6,210.54340868821498
-1,-7,70.88247871381054
-1,-7,50.0
0,-7,149.43466331789497
0,-7,133.77282726327184
0,-8,320.8639260263196
0,-8,193.6225592146519
-1,-8,278.59918564364835
-1,-8,354.2422253174852
-2,-8,344.7978973084114
-2,-8,254.13401777510148
-3,-8,209.25041506605115
-3,-8,228.08596191733972
-2,-8,357.0790948840312
-2,-8,239.06991683293452
-1,-8,299.3568025972136
-1,-8,334.64068629663876
-2,-8,225.80775376222383
-2,-8,188.6810953868963
-3,-8,207.96962379616062
-3,-8,357.0067341212024
-4,-8,281.7944506141259
-4,-8,87.04212184786212
-3,-8,155.8977024933332
-3,-8,257.78460887648157
-4,-8,272.71578557817054
-4,-8,134.98133921067227
-3,-8,326.88253678102984
-3,-8,242.6844984871013
-4,-8,212.90754305048637
-4,-8,315.1455971499587
-3,-8,388.5379342092608
-3,-8,90.03517308722452
-2,-8,84.24351916673007
-2,-8,93.93957314633758
-3,-8,146.10445852417521
-3,-8,226.7690782459353
-4,-8,226.13291526110942
-4,-8,322.2334612532086
-5,-8,50.0
-5,-8,200.76234467317244
-6,-8,407.12430065703387
-6,-8,97.96363977108575
-5,-8,348.8097117211943
-5,-8,528.822597216734
-6,-8,296.93206259905423
-6,-8,50.0
-5,-8,346.71574881355843
-5,-8,371.24021330436824
-6,-8,409.16226619601946
-6,-8,109.93148123213042
-7,-8,141.1810518911351
-7,-8,50.0
-6,-8,248.2430720783291
-6,-8,174.1500654026193
-5,-8,219.4141918289037
-5,-8,187.0890505138649
-6,-8,304.4180824665208
-6,-8,133.1502644869607
-7,-8,385.6135576322659
-7,-8,50.14433903133187
-8,-8,251.1563238932845
-8,-8,115.78437953963689
-9,-8,87.91240398890409
-9,-8,405.9808609696129
-10,-8,163.21303353717752
-10,-8,305.2718807435013
-11,-8,248.97098420895867
-11,-8,216.40084249197247
-12,-8,101.87147812066604
-12,-8,200.9327320122002
-11,-8,452.816649051597
-11,-8,93.24405432621367
-12,-8,183.2983082930726
-12,-8,179.16371717509594
-13,-8,316.95028180959355
-13,-8,80.78630470325396
-14,-8,88.47145545135135
-14,-8,353.9806008973394
-15,-8,333.2942535419737
-15,-8,237.926130992894
-16,-8,132.39002892171317
-16,-8,286.5700913817525
-17,-8,50.0
-17,-8,150.66624789209533
-16,-8,50.0
-16,-8,50.0
-15,-8,100.68999183224265
-15,-8,147.19668766391425
-15,-7,83.66053948449698
-15,-7,50.0
-14,-7,50.0
-14,-7,285.40812301670604
-14,-8,77.99066819407818
-14,-8,114.20685372099263
-13,-8,153.7811017103768
-13,-8,50.0
-12,-8,50.0
-12,-8,224.0038318627109
-11,-8,91.41446682218259
-11,-8,308.63122445767794
-11,-7,294.89462432959374
-11,-7,50.0
-10,-7,377.9396839774945
-10,-7,179.24708720752562
-9,-7,50.0
-9,-7,220.34563625040443
-10,-7,214.17430804758695
-10,-7,101.45313068713861
-9,-7,458.28759017526085
-9,-7,294.3283399053878
-9,-8,148.34308081354192
-9,-8,157.45885748631932
-9,-7,62.59726573909977
-9,-7,113.9692846460006
-8,-7,50.0
-8,-7,50.0
-7,-7,50.0
-7,-7,259.32972988952605
-7,-8,126.0750754686049
-7,-8,357.68113455144646
-6,-8,174.55556049108932
-6,-8,340.23091211779916
-5,-8,149.02526362751772
-5,-8,233.4884661219275
-5,-9,50.0
-5,-9,322.29038951668645
-6,-9,108.47954400461323
-6,-9,50.0
-5,-9,274.4693070817183
-5,-9,292.4825312060259
-4,-9,59.06025413246479
-4,-9,308.96570156006914
-5,-9,402.0708494928765
-5,-9,358.8169889999865
-4,-9,566.1377953807282
-4,-9,251.59707302061864
-3,-9,324.558705003534
-3,-9,426.61891606998904
-3,-10,152.03400584612854
-3,-10,313.6413225366566
-3,-11,308.6523099915255
-3,-11,317.2262412635524
-2,-11,193.78826447184062
-2,-11,133.90865182207634
-1,-11,150.15360874281765
-1,-11,311.3116686171
0,-11,113.86972367736868
0,-11,405.1468598910264
1,-11,50.0
1,-11,340.7446573562022
0,-11,90.59953230432501
0,-11,156.16558356726034
1,-11,106.73832737555946
1,-11,159.91629471573032
1,-12,319.61828516954046
1,-12,361.6862694333263
0,-12,310.254178357063
0,-12,260.978649569928
-1,-12,210.7414351500409
-1,-12,50.0
0,-12,395.48653583236614
0,-12,72.14646296840505
0,-13,54.356704340485265
0,-13,109.94979083650561
1,-13,50.0
1,-13,343.81533774392057
2,-13,114.56779988122152
2,-13,159.94498337808807
2,-14,274.1389472439805
2,-14,397.93924381967963
3,-14,184.52427147468524
3,-14,144.66564048068622
4,-14,293.8160361008337
4,-14,196.40089532016248
5,-14,79.66239703477412
5,-14,50.0
6,-14,50.0
6,-14,50.0
6,-15,50.0
6,-15,50.0
7,-15,216.12765172814443
7,-15,74.41844788275574
7,-14,50.0
7,-14,50.0
6,-14,50.0
6,-14,180.26895324199597
7,-14,50.0
7,-14,102.91396928380897
8,-14,50.0
8,-14,154.13110603073883
9,-14,128.50231564869782
9,-14,50.0
10,-14,123.70937851406921
10,-14,291.20053023660495
11,-14,216.03172458249458
11,-14,279.5415029309562
12,-14,50.0
12,-14,50.0
13,-14,50.0
13,-14,50.0
14,-14,50.0
14,-14,50.0
14,-15,75.91882098530233
14,-15,50.0
15,-15,50.0
15,-15,50.0
14,-15,50.0
14,-15,69.23817345419876
14,-16,50.0
14,-16,79.00274604048839
14,-17,50.0
14,-17,50.0
14,-16,50.0
14,-16,123.28001896120936
15,-16,50.0
15,-16,213.5607469357997
16,-16,50.0
16,-16,50.0
16,-17,50.0
16,-17,50.0
16,-18,57.04092040972519
16,-18,50.0
16,-19,105.00162575275581
16,-19,50.0
16,-20,50.0
16,-20,50.0
17,-20,138.88391580054054
17,-20,50.0
18,-20,50.0
18,-20,50.0
19,-20,50.0
19,-20,50.0
20,-20,50.0
20,-20,50.0
20,-19,65.52797206381607
20,-19,50.0
20,-18,50.0
20,-18,50.0
20,-17,50.0
20,-17,50.0
20,-16,50.0
20,-16,50.0
20,-17,50.0
20,-17,50.0
20,-18,124.30030684622247
20,-18,50.0
20,-17,50.0
20,-17,50.0
20,-16,58.75398213043516
20,-16,50.0
20,-15,56.83484534707941
20,-15,61.47939834552952
20,-14,50.0
20,-14,92.42236106944247
20,-13,50.0
20,-13,50.0
20,-12,50.0
20,-12,63.07444729080839
20,-11,50.0
20,-11,213.1601127794443
20,-10,50.0
20,-10,50.0
20,-9,69.6809220786408
20,-9,50.0
20,-8,58.451473271716765
20,-8,50.0
19,-8,50.0
19,-8,50.0
18,-8,54.97067033307765
18,-8,50.0
17,-8,127.60396386606561
17,-8,149.22735256518803
16,-8,324.1574646487803
16,-8,174.60550426790016
15,-8,62.42143909038748
15,-8,240.35336398308536
14,-8,159.34091281149318
14,-8,69.5859683933765
13,-8,50.0
13,-8,105.11727764206134
12,-8,258.99678367909246
12,-8,350.27201629164904
11,-8,50.0
11,-8,50.0
10,-8,288.01238665614943
10,-8,50.0
10,-7,91.7599413506606
10,-7,50.0
9,-7,50.0
9,-7,292.700933920831
8,-7,145.44880003972096
8,-7,116.21586225714222
7,-7,383.33708611771993
7,-7,157.8880492854119
7,-8,150.75487183992345
7,-8,223.6178312477026
6,-8,150.51371372423972
6,-8,235.77517381411627
5,-8,281.95964641127347
5,-8,398.26445862390074
6,-8,366.9295016063683
6,-8,218.9041735200902
6,-9,252.6370163426604
6,-9,181.35741657072708
5,-9,321.28481879256145
5,-9,286.9838229217239
4,-9,121.14430174299329
4,-9,176.38024381085623
3,-9,318.2053502596787
3,-9,110.67250275740331
4,-9,161.49097084017112
4,-9,378.73093723607406
5,-9,173.94372480049847
5,-9,392.0415195636234
4,-9,180.11794462283447
4,-9,300.43705867146576
4,-10,50.0
4,-10,50.0
3,-10,386.3104163502378
3,-10,493.9269515743948
4,-10,54.18049179658367
4,-10,230.63507061797927
4,-11,145.06992641037928
4,-11,123.8894455529703
3,-11,50.0
3,-11,383.81727198118847
2,-11,120.22666722503547
2,-11,183.5092404269648
1,-11,50.0
1,-11,243.9468579596856
0,-11,151.68862294576823
0,-11,567.4154201891479
-1,-11,594.8755507195108
-1,-11,359.25280813515235
-1,-12,87.92964428045434
-1,-12,238.49031207352743
-2,-12,162.5273782395672
-2,-12,91.19051929506708
-3,-12,229.4804247072214
-3,-12,210.87931507845929
-3,-13,51.75118700670576
-3,-13,50.0
-4,-13,91.7773351970507
-4,-13,294.0907433128499
-5,-13,50.0
-5,-13,232.8772252908064
-6,-13,85.83604727721118
-6,-13,163.59287867259624
-5,-13,189.7048675549923
-5,-13,193.02094125312885
-6,-13,214.9953601736829
-6,-13,177.87806137898008
-6,-14,161.97105448608076
-6,-14,50.0
-7,-14,173.896064301696
-7,-14,50.0
-6,-14,173.77335629295092
-6,-14,50.0
-7,-14,95.0854664740236
-7,-14,90.6470240117247
-7,-15,230.76971488567276
-7,-15,50.0
-8,-15,164.3687308563892
-8,-15,113.16273409981966
-9,-15,145.85074943069085
-9,-15,277.39220109497444
-10,-15,50.0
-10,-15,138.253396693859
-11,-15,50.0
-11,-15,50.0
-10,-15,50.0
-10,-15,50.0
-11,-15,179.27136422765716
-11,-15,100.5224617086408
-12,-15,50.0
-12,-15,50.0
-13,-15,89.4243858807935
-13,-15,50.932832109912304
-14,-15,83.10112831900612
-14,-15,90.26179697371194
-15,-15,50.0
-15,-15,50.0
-15,-16,180.5324848624097
-15,-16,50.0
-16,-16,50.0
-16,-16,50.0
-17,-16,143.03294713950498
-17,-16,55.5975851705309
-18,-16,50.940085104661364
-18,-16,50.0
-19,-16,123.45178721902869
-19,-16,50.0
-20,-16,239.52988616662043
-20,-16,50.0
-19,-16,50.0
-19,-16,50.0
-19,-17,50.0
-19,-17,50.0
-18,-17,50.0
-18,-17,50.0
-18,-16,50.0
-18,-16,50.0
-17,-16,50.0
-17,-16,50.0
-16,-16,105.11779151702788
-16,-16,50.0
-15,-16,50.0
-15,-16,50.0
-15,-15,163.46712417859976
-15,-15,50.0
-14,-15,245.7551924531527
-14,-15,231.36264957147168
-13,-15,50.21827700543315
-13,-15,50.0
-12,-15,50.0
-12,-15,129.93806083179743
-12,-16,96.94246759731116
-12,-16,50.0
-12,-15,224.62272511949004
-12,-15,50.0
-13,-15,50.0
-13,-15,50.0
-12,-15,273.67398929340095
-12,-15,191.30976434539718
-11,-15,77.39682803439489
-11,-15,262.40158677153806
-10,-15,50.0
-10,-15,217.8092786029828
-9,-15,58.03152511312392
-9,-15,50.0
-8,-15,172.52989936934924
-8,-15,132.7387656979285
-9,-15,280.10162912259443
-9,-15,60.44671721929498
-9,-16,82.67434084972582
-9,-16,50.0
-9,-15,96.80280653873209
-9,-15,168.22211909950659
-8,-15,71.62359888877361
-8,-15,207.70679692515918
-8,-14,66.24896078547322
-8,-14,243.00876706272834
-7,-14,148.6181370523417
-7,-14,129.1886850267064
-6,-14,102.60882157727141
-6,-14,276.72890711918905
-5,-14,50.0
-5,-14,50.0
-5,-13,342.0276923844723
-5,-13,118.71048652520909
-4,-13,395.82696065745574
-4,-13,50.0
-3,-13,193.2186311696717
-3,-13,50.0
-2,-13,50.0
-2,-13,50.0
-1,-13,50.0
-1,-13,369.6968873638429
-1,-12,140.4132696624027
-1,-12,123.22930839740548
-2,-12,162.90227500899573
-2,-12,186.7083768591592
-1,-12,147.13484668724925
-1,-12,171.77551706507103
-1,-11,50.0
-1,-11,416.5952759011569
-1,-12,349.29140690154156
-1,-12,113.44259101484123
-2,-12,295.7109541247396
-2,-12,144.64119083258245
-1,-12,50.0
-1,-12,50.0
-1,-11,249.21434661688102
-1,-11,50.0
0,-11,62.466039334971384
0,-11,496.90758170523304
0,-10,166.23611551204954
0,-10,107.46775556633108
0,-9,483.65924389397003
0,-9,228.9019111609437
-1,-9,285.0738534637761
-1,-9,215.6920801835949
0,-9,206.91130689013553
0,-9,241.61021568072016
1,-9,381.32078070738515
1,-9,256.73872684137825
0,-9,225.02925884173348
0,-9,202.82229010593744
-1,-9,349.59882586071444
-1,-9,226.07285080730483
0,-9,209.94610868393247
0,-9,155.39819534244063
-1,-9,459.03641833243444
-1,-9,157.48442867355072
0,-9,185.34018003664383
0,-9,300.9034868263963
1,-9,356.09865533377166
1,-9,296.0586043131419
2,-9,395.7914735212496
2,-9,287.4963064902294
2,-8,50.0
2,-8,178.5108660112082
3,-8,148.91723259066978
3,-8,118.6159722966191
4,-8,157.7653172425008
4,-8,101.85782814639086
4,-9,469.38543424292516
4,-9,339.263022094828
3,-9,412.7709824974928
3,-9,309.88733185803505
2,-9,115.32503386030271
2,-9,72.7496759525987
1,-9,155.33489833017836
1,-9,340.8657798381454
1,-10,188.01115519145432
1,-10,306.20186796113114
0,-10,99.72839601070802
0,-10,289.5946904023436
0,-11,320.156208798292
0,-11,96.60902615434256
0,-12,164.3899359019642
0,-12,230.29632876680725
0,-11,223.21233179567602
0,-11,187.23109812500525
1,-11,50.0
1,-11,215.34271868430164
1,-12,50.0
1,-12,255.3863362880293
2,-12,147.20287228387875
2,-12,182.34143182906928
2,-11,326.7927225247879
2,-11,62.03930939742381
2,-10,50.0
2,-10,62.259886624938005
2,-9,373.8576471484887
2,-9,108.55374845063864
3,-9,221.70322193156898
3,-9,490.25739716756175
2,-9,289.81216906847516
2,-9,148.8107730907064
2,-8,255.00089558178882
2,-8,89.77050342227514
2,-9,135.46884018822638
2,-9,182.41411363731171
3,-9,50.0
3,-9,248.25642385839095
3,-8,121.03725732036725
3,-8,129.2561079709483
4,-8,237.18316509480593
4,-8,116.62995755307634
5,-8,449.48642962679656
5,-8,137.09156959375147
6,-8,137.54207073100176
6,-8,310.0313264877857
6,-7,298.6756034170294
6,-7,188.31198752982283
6,-6,526.7225173165568
6,-6,195.91412650536384
7,-6,548.8609466229823
7,-6,241.08557378319415
7,-7,183.50816206173408
7,-7,582.1305166880021
6,-7,74.27312848416031
6,-7,360.4402466796238
7,-7,50.0
7,-7,388.96025208354496
8,-7,165.61435916175463
8,-7,114.65128898529406
8,-6,270.6487182655622
8,-6,187.66910645998857
7,-6,164.40271496002293
7,-6,352.0316360652081
7,-5,51.20028210876387
7,-5,134.33620709527753
7,-4,427.0744126066782
7,-4,155.52869152247763
8,-4,266.93954110891696
8,-4,154.8169685574091
9,-4,255.06316409316705
9,-4,233.61214703347758
9,-3,237.02455892600207
9,-3,577.7124491364569
9,-2,231.20245664635797
9,-2,353.24462263156283
10,-2,50.0
10,-2,337.40123184308686
9,-2,271.6022554090938
9,-2,129.82547205730307
10,-2,145.18597997399664
10,-2,50.0
10,-1,247.51718089450435
10,-1,482.1899586482369
11,-1,85.51967557905586
11,-1,153.4368148672133
11,0,82.75711530771343
11,0,80.17564248446061
12,0,204.4727284074715
12,0,83.74385100805848
12,1,97.71352903421479
12,1,237.30471778951681
12,2,251.29565014023535
12,2,149.16282449789955
13,2,421.075730395352
13,2,121.42217007523902
13,3,50.0
13,3,377.8605421662911
12,3,78.53701761571394
12,3,50.0
12,4,232.82199699523258
12,4,362.438174589184
13,4,50.0
13,4,108.45538733637702
12,4,401.84869075520464
12,4,82.23528361287171
12,5,492.746032289341
12,5,50.0
13,5,50.0
13,5,69.69135004428799
14,5,135.31280603967167
14,5,50.0
13,5,209.93591343438635
13,5,50.0
13,4,168.82478031149915
13,4,50.0
14,4,131.154606035085
14,4,143.57883281446914
14,5,50.0
14,5,358.6947269518005
15,5,50.0
15,5,50.0
16,5,50.0
16,5,50.0
17,5,50.0
17,5,196.58312625348083
18,5,50.0
18,5,50.0
18,6,50.0
18,6,75.72044970346917
18,7,162.47390077600693
18,7,50.0
18,8,50.0
18,8,50.0
19,8,50.0
19,8,84.29603789805947
20,8,50.0
20,8,50.0
19,8,190.50515299344482
19,8,166.89247651369163
18,8,179.62963017730982
18,8,50.0
17,8,50.0
17,8,295.50664255813217
16,8,54.391109218952614
16,8,84.82095506394627
15,8,50.0
15,8,232.02299189308235
14,8,94.10396883011069
14,8,403.8693168374375
13,8,70.11965673547788
13,8,69.83624755653352
12,8,115.12501058468602
12,8,173.17044198470683
12,9,50.0
12,9,50.0
12,8,291.63252565217914
12,8,50.0
12,7,50.0
12,7,337.33728170285804
12,6,91.49166942745164
12,6,218.06985564950648
12,5,278.65365563835104
12,5,190.46420748904586
12,4,137.1119110244118
12,4,50.0
12,3,506.9914302433774
12,3,302.57737650398866
13,3,429.41395750512294
13,3,119.65933387326913
12,3,360.8868711295439
12,3,335.8317509775072
13,3,50.0
13,3,50.0
14,3,263.63128570098525
14,3,222.3052046338144
13,3,64.13213393008529
13,3,73.34667479562573
14,3,91.55458510488238
14,3,50.0
13,3,133.15714659638166
13,3,50.0
13,2,357.2552559132847
13,2,133.2299513760697
13,1,50.0
13,1,221.7042983578762
