16,-15,50.0
16,-15,50.0
16,-14,50.0
16,-14,50.0
16,-13,50.0
16,-13,50.0
16,-12,83.17973858965732
16,-12,50.0
16,-11,85.20713453125369
16,-11,50.0
15,-11,111.37478958753047
15,-11,172.15548495496026
14,-11,50.0
14,-11,50.0
15,-11,112.82416388774618
15,-11,149.26865667584525
14,-11,65.19481678378884
14,-11,169.97562959167877
14,-10,65.88617770335777
14,-10,50.0
13,-10,50.0
13,-10,50.0
12,-10,50.0
12,-10,50.0
11,-10,88.4249323128578
11,-10,136.11324594495156
11,-9,50.0
11,-9,134.6573663924751
12,-9,50.0
12,-9,68.52502496846073
12,-8,50.0
12,-8,236.1186045434761
11,-8,112.29308005886884
11,-8,173.59820476201236
11,-7,50.0
11,-7,50.0
10,-7,478.66579320576307
10,-7,118.57767470632845
9,-7,50.0
9,-7,299.4299616931509
8,-7,147.82551742783647
8,-7,50.0
8,-6,105.66686022209426
8,-6,367.34565553993855
8,-5,50.0
8,-5,411.5545863969527
8,-4,423.6099824915434
8,-4,322.3974121497995
7,-4,121.17573209815846
7,-4,423.1080046404806
7,-5,130.97755471623003
7,-5,319.3031171711291
7,-4,123.98843435543877
7,-4,50.0
8,-4,227.3445067566865
8,-4,169.9820108430768
7,-4,278.65704853936876
7,-4,50.0
6,-4,244.1304511029961
6,-4,253.11145604585403
6,-3,563.2107862732182
6,-3,349.31408583341175
5,-3,260.5439432975811
5,-3,287.83799970998837
4,-3,165.3158330861543
4,-3,304.4086044822553
4,-2,339.804211113389
4,-2,354.6449539018466
4,-1,170.07017823249117
4,-1,572.1632799933284
5,-1,214.28958558526602
5,-1,469.36466740989306
4,-1,499.35597692776656
4,-1,142.72947911444746
3,-1,449.18790805033416
3,-1,365.79026586681516
2,-1,249.58994607920476
2,-1,252.7400663893782
2,0,382.5023729175615
2,0,313.85008603223184
2,1,448.5132150486926
2,1,113.1846179872773
2,2,489.4886017569878
2,2,339.86292949728073
1,2,264.5656380401999
1,2,347.5691762436479
0,2,132.25099032489524
0,2,457.2114519315658
0,3,359.4522832302341
0,3,413.3130538654449
-1,3,293.2975367112815
-1,3,217.82843951658737
0,3,325.42362761107273
0,3,254.18737881957634
-1,3,364.4685839692535
-1,3,298.57466724040074
-2,3,369.54320749680966
-2,3,415.13878232087535
-2,4,459.9620903215247
-2,4,361.4503926721915
-2,5,326.5637106797195
-2,5,454.6391094178704
-2,6,361.460831719837
-2,6,325.928632044989
-1,6,144.18217542202282
-1,6,158.15664343543406
0,6,259.76450231470875
0,6,522.677921557888
-1,6,469.2871518947122
-1,6,569.6477467508762
-2,6,147.18926173830855
-2,6,334.6179986688492
-1,6,622.4291625219307
-1,6,327.9961752101722
-2,6,79.79726564437942
-2,6,286.61540562421357
-2,7,77.02190919459517
-2,7,155.48623970137817
-1,7,308.7042170632369
-1,7,193.1684265470642
-2,7,50.0
-2,7,343.70688518425317
-1,7,373.5905428693924
-1,7,277.20250384735846
-2,7,176.4609974402991
-2,7,220.43140299452483
-2,6,298.30022367002664
-2,6,319.85136200360546
-3,6,353.00103973752095
-3,6,119.15815421622537
-3,7,106.44982042865666
-3,7,280.4610914446639
-4,7,221.4896078151858
-4,7,329.4858574992427
-4,8,328.9702996132486
-4,8,321.9257846409838
-5,8,318.27049866313973
-5,8,128.27725772465442
-5,9,331.02487969073894
-5,9,370.8133847869934
-6,9,50.0
-6,9,425.1123620408183
-5,9,108.79979425317198
-5,9,79.81172506765745
-5,10,159.06605806521603
-5,10,493.71179442693483
-6,10,70.82341212276026
-6,10,67.72933681726515
-7,10,160.55278529710588
-7,10,50.0
-8,10,125.43824189567297
-8,10,50.0
-9,10,50.0
-9,10,50.0
-10,10,101.55460748218894
-10,10,94.47163897841713
-11,10,50.0
-11,10,56.73858004150367
-12,10,50.0
-12,10,193.16131895633282
-13,10,50.0
-13,10,50.0
-13,9,180.1984803035428
-13,9,50.0
-13,10,111.96013023706062
-13,10,175.63378827819375
-12,10,50.0
-12,10,50.0
-12,11,50.0
-12,11,50.0
-13,11,211.8580989349096
-13,11,84.49605450348749
-13,10,459.79586784732504
-13,10,225.63626734464378
-13,11,397.33981474814493
-13,11,50.0
-14,11,140.04532408855837
-14,11,50.0
-15,11,157.77222560916175
-15,11,50.0
-15,12,77.51518022707319
-15,12,145.72901766852976
-16,12,103.58923919253802
-16,12,50.0
-16,11,119.24942683015217
-16,11,50.0
-15,11,230.6702005909742
-15,11,50.0
-16,11,50.0
-16,11,275.74817534991104
-15,11,50.0
-15,11,120.71195915150003
-15,10,131.87080000433855
-15,10,50.0
-14,10,266.12137937363354
-14,10,245.1988914547356
-14,11,115.96494158190579
-14,11,50.0
-14,12,77.92778604483219
-14,12,341.1978193215648
-14,11,50.0
-14,11,50.0
-13,11,247.18796864328633
-13,11,50.0
-12,11,50.0
-12,11,50.0
-12,10,243.44159526546503
-12,10,399.1573703640096
-12,9,74.88133355912174
-12,9,171.5809763026548
-11,9,50.0
-11,9,163.89281962644606
-11,8,94.22917436437704
-11,8,291.1291376060153
-11,7,239.6504762443077
-11,7,50.0
-11,8,50.0
-11,8,218.14681160879206
-11,7,229.53361186263885
-11,7,50.0
-12,7,155.13537069836667
-12,7,103.59353287169705
-12,8,173.1343586765694
-12,8,50.0
-13,8,132.23845812695853
-13,8,53.46613198281585
-12,8,50.0
-12,8,344.98743109750296
-12,9,242.57725177257322
-12,9,166.75494047938957
-11,9,50.0
-11,9,393.7263036797665
-11,8,529.5148276628972
-11,8,286.8485639010562
-10,8,223.91736704776474
-10,8,420.63459385158234
-10,7,90.48650183221184
-10,7,192.71473790231963
-9,7,50.0
-9,7,150.56066596548533
-9,8,187.04879651686898
-9,8,165.78366967272098
-10,8,72.2491658564952
-10,8,50.0
-10,7,50.0
-10,7,164.5445918523808
-9,7,183.70140314120758
-9,7,192.13972663703117
-10,7,96.5212388966192
-10,7,200.6385093587838
-10,6,133.94476913526046
-10,6,167.78917988000535
-10,5,208.19135157154085
-10,5,133.88317544656462
-9,5,345.59010849417245
-9,5,251.0122021728444
-8,5,228.98436724146916
-8,5,312.1011147357521
-8,4,131.1729823997787
-8,4,489.50884656142057
-8,3,127.94036680992816
-8,3,109.06564660070359
-8,2,50.0
-8,2,71.58351759980013
-8,1,106.84299680944545
-8,1,228.06028139671906
-7,1,64.06298954359278
-7,1,184.2757085725692
-7,0,507.5176680753124
-7,0,361.9590659315942
-7,-1,249.89670486957374
-7,-1,362.55652877607145
-7,-2,50.0
-7,-2,464.88311269441454
-6,-2,290.1396063863028
-6,-2,472.3714083562325
-6,-3,202.80942701959862
-6,-3,307.5491028766264
-6,-4,126.45987761275602
-6,-4,410.46049787740355
-5,-4,50.0
-5,-4,449.119411284081
-4,-4,267.62618200050775
-4,-4,564.3795840619886
-3,-4,50.0
-3,-4,436.3712793787655
-3,-3,317.4105901563171
-3,-3,363.60370483072296
-3,-4,522.9090175479763
-3,-4,50.0
-3,-3,688.1965976423166
-3,-3,390.81272134552046
-3,-4,398.6789070735646
-3,-4,455.12035238398755
-3,-5,187.24218670563897
-3,-5,303.794891924579
-4,-5,202.58585642823937
-4,-5,307.13605484137986
-3,-5,268.72679277153094
-3,-5,348.89012266979364
-2,-5,225.31003595242984
-2,-5,186.4483203062693
-2,-6,194.06147049776305
-2,-6,50.0
-1,-6,318.24727050640826
-1,-6,185.84237985899375
-1,-7,404.780625265827
-1,-7,313.6550812154219
0,-7,341.2758292314569
0,-7,133.650884090277
0,-8,271.54933982417054
0,-8,359.7145610375167
-1,-8,422.32440076881164
-1,-8,300.5867917030646
-2,-8,50.0
-2,-8,223.87833540511352
-3,-8,506.7298330017234
-3,-8,365.16290782861086
-2,-8,50.0
-2,-8,210.79692379876607
-1,-8,50.0
-1,-8,223.5868530207684
-2,-8,460.86336083056176
-2,-8,280.44310198234035
-3,-8,277.68179716679515
-3,-8,272.7015356380743
-4,-8,390.1062018726822
-4,-8,377.386153936939
-3,-8,100.34884879419741
-3,-8,344.2065642343192
-4,-8,154.06563972014405
-4,-8,125.86100862430773
-3,-8,385.48682384713436
-3,-8,50.0
-4,-8,517.5890111019709
-4,-8,141.52513382377842
-3,-8,52.49451110560756
-3,-8,253.10658031193952
-2,-8,441.7659927779258
-2,-8,600.723965539501
-3,-8,123.40345282051855
-3,-8,213.70939271215127
-4,-8,173.1116728920563
-4,-8,288.3068193208674
-5,-8,123.23667257670353
-5,-8,69.38397930552316
-6,-8,150.21580742201166
-6,-8,174.65123095102936
-5,-8,457.84895827400766
-5,-8,180.64356820960265
-6,-8,216.19503847202307
-6,-8,233.37222531050918
-5,-8,82.69429486191811
-5,-8,383.2781239434198
-6,-8,176.07941147993466
-6,-8,481.9320821096496
-7,-8,50.0
-7,-8,319.1055441247009
-6,-8,178.8855907790428
-6,-8,250.98685522153113
-5,-8,303.3372802299107
-5,-8,332.53370207984267
-6,-8,66.6625688771147
-6,-8,156.9651227236846
-7,-8,479.3152735559254
-7,-8,138.54410150365555
-8,-8,50.0
-8,-8,50.0
-9,-8,188.74992295314752
-9,-8,50.0
-10,-8,110.16557074930503
-10,-8,138.42639486370174
-11,-8,50.0
-11,-8,102.20828879933963
-12,-8,104.40225397107632
-12,-8,119.07461877502168
-11,-8,219.15611738882018
-11,-8,206.75066766834598
-12,-8,149.92525017500603
-12,-8,67.73026731035583
-13,-8,50.0
-13,-8,330.33968127523116
-14,-8,205.10031662929552
-14,-8,50.0
-15,-8,50.0
-15,-8,50.0
-16,-8,50.0
-16,-8,50.0
-17,-8,50.0
-17,-8,50.0
-16,-8,214.89628844181192
-16,-8,50.0
-15,-8,209.18590197531884
-15,-8,50.0
-15,-7,50.0
-15,-7,178.5636891212182
-14,-7,146.64943744493118
-14,-7,50.0
-14,-8,315.1120375199449
-14,-8,116.51956192842731
-13,-8,50.0
-13,-8,106.58375755046828
-12,-8,183.48591820749647
-12,-8,67.01471877864559
-11,-8,180.17671414957738
-11,-8,277.1991024670794
-11,-7,401.92414690916286
-11,-7,86.88079232772748
-10,-7,50.0
-10,-7,211.8083782622192
-9,-7,269.42866563982125
-9,-7,136.39545587328504
-10,-7,492.1223129278756
-10,-7,137.6963003381657
-9,-7,418.01394019683875
-9,-7,275.43849431073
-9,-8,111.57625848360608
-9,-8,323.3720775152319
-9,-7,236.39793970904228
-9,-7,50.0
-8,-7,196.19318586684585
-8,-7,139.39869345529996
-7,-7,50.0
-7,-7,245.2489448395645
-7,-8,276.8834895835875
-7,-8,252.89967677582973
-6,-8,187.80318758793226
-6,-8,242.67071450737257
-5,-8,69.64186165515284
-5,-8,181.1194278069917
-5,-9,342.62220789426414
-5,-9,439.3357168979594
-6,-9,63.7197887972077
-6,-9,251.85784702022812
-5,-9,199.5210359466929
-5,-9,240.92898564746497
-4,-9,241.34513348865056
-4,-9,50.0
-5,-9,277.9830989574832
-5,-9,268.03201297378274
-4,-9,373.816242422547
-4,-9,91.41852678987345
-3,-9,214.70845935845412
-3,-9,273.868272393266
-3,-10,94.56348299503082
-3,-10,209.75853352988753
-3,-11,91.52318129153669
-3,-11,314.6100103205543
-2,-11,286.1109808439901
-2,-11,253.63795422775826
-1,-11,255.70541906197047
-1,-11,166.73106185825213
0,-11,248.06885596488718
0,-11,446.8955577084407
1,-11,50.0
1,-11,202.5667023664855
0,-11,158.63911013475604
0,-11,171.96682173911452
1,-11,50.0
1,-11,313.4264991361281
1,-12,310.76746049262476
1,-12,174.84119577188167
0,-12,290.31566556899924
0,-12,369.71378670849145
-1,-12,167.25352454808927
-1,-12,92.35176482354574
0,-12,250.02126274489655
0,-12,295.34761002741965
0,-13,319.9106236336189
0,-13,352.8273388780458
1,-13,373.4408553103184
1,-13,205.52843235352876
2,-13,102.41095542188705
2,-13,61.811453178622415
2,-14,280.3823090181026
2,-14,50.0
3,-14,69.4009449875014
3,-14,289.13363852644864
4,-14,50.0
4,-14,222.22671971486662
5,-14,50.0
5,-14,118.47421749150857
6,-14,308.6109671618018
6,-14,239.4809283571093
6,-15,89.73830371886778
6,-15,50.0
7,-15,130.30737297721632
7,-15,63.057175406410394
7,-14,254.88925618013369
7,-14,95.8445024335509
6,-14,90.2595355983089
6,-14,50.0
7,-14,102.55517637282531
7,-14,146.98185343006097
8,-14,164.7410200092941
8,-14,354.61972430201536
9,-14,50.0
9,-14,96.91928216826817
10,-14,202.8616700574342
10,-14,50.0
11,-14,137.96183407743976
11,-14,50.0
12,-14,80.05093287797919
12,-14,50.0
13,-14,50.0
13,-14,50.0
14,-14,50.0
14,-14,266.4509785510996
14,-15,50.0
14,-15,150.13267041712288
15,-15,107.73027735418974
15,-15,50.0
14,-15,50.0
14,-15,50.0
14,-16,50.0
14,-16,174.51775520749197
14,-17,119.49628883049999
14,-17,50.0
14,-16,168.1653213123093
14,-16,50.0
15,-16,205.8249168767597
15,-16,234.92359393668696
16,-16,50.0
16,-16,50.0
16,-17,50.0
16,-17,50.0
16,-18,50.0
16,-18,50.0
16,-19,77.29678709969411
16,-19,50.0
16,-20,50.0
16,-20,50.0
17,-20,50.0
17,-20,50.0
18,-20,50.0
18,-20,50.0
19,-20,50.0
19,-20,50.0
20,-20,50.0
20,-20,50.0
20,-19,50.0
20,-19,50.0
20,-18,50.0
20,-18,50.0
20,-17,50.0
20,-17,50.0
20,-16,50.0
20,-16,50.0
20,-17,50.0
20,-17,50.0
20,-18,50.0
20,-18,50.0
20,-17,50.0
20,-17,50.0
20,-16,50.0
20,-16,50.0
20,-15,145.7345121672761
20,-15,206.52279809667337
20,-14,50.0
20,-14,50.0
20,-13,50.0
20,-13,50.0
20,-12,276.8760135038468
20,-12,50.0
20,-11,78.48672633310645
20,-11,50.0
20,-10,50.0
20,-10,162.95632506850586
20,-9,50.0
20,-9,212.04662993538423
20,-8,50.0
20,-8,60.46332184793725
19,-8,221.02703217818888
19,-8,50.0
18,-8,50.0
18,-8,98.92865392788435
17,-8,72.7767176808147
17,-8,121.8448526800509
16,-8,50.0
16,-8,130.41152036321392
15,-8,113.02683312538407
15,-8,135.95579720178335
14,-8,170.10058006528732
14,-8,141.8385809616331
13,-8,50.0
13,-8,50.0
12,-8,291.31763116295156
12,-8,50.0
11,-8,92.21228276816365
11,-8,148.0245277078286
10,-8,405.87696058895153
10,-8,50.0
10,-7,119.19592405047558
10,-7,243.30962503109328
9,-7,197.56567991201067
9,-7,50.0
8,-7,177.80084504989918
8,-7,309.5734580138516
7,-7,70.72227464263563
7,-7,175.72861329445047
7,-8,121.4637798537608
7,-8,50.0
6,-8,182.37737050097127
6,-8,124.92238864894607
5,-8,370.49028450212796
5,-8,50.0
6,-8,117.09179676469014
6,-8,333.0066964198884
6,-9,77.50020610793108
6,-9,433.4775075863132
5,-9,152.8162577110765
5,-9,102.63229922323504
4,-9,347.0548687063201
4,-9,180.2814838070056
3,-9,50.0
3,-9,409.56713445098796
4,-9,319.64024800350853
4,-9,214.2326431551389
5,-9,168.24898298800497
5,-9,50.0
4,-9,208.3000154640006
4,-9,412.73810566756356
4,-10,63.50434444542387
4,-10,50.0
3,-10,327.4500722655939
3,-10,293.3999833618432
4,-10,352.8139423413495
4,-10,405.6669610927528
4,-11,244.9868698992447
4,-11,250.55236270064637
3,-11,260.5575654719173
3,-11,169.920257345428
2,-11,113.39775053778342
2,-11,348.30647766635235
1,-11,256.7203967209872
1,-11,50.0
0,-11,55.10612217920267
0,-11,145.91990196473404
-1,-11,340.7088514815523
-1,-11,50.0
-1,-12,52.527049601779765
-1,-12,248.42913175107577
-2,-12,101.86541982791285
-2,-12,129.73366219580979
-3,-12,121.39462665038323
-3,-12,68.50237619074909
-3,-13,161.91572335974655
-3,-13,50.0
-4,-13,126.40409705334709
-4,-13,61.52457113751825
-5,-13,64.38830800408496
-5,-13,102.24759737977513
-6,-13,50.0
-6,-13,136.40658850078177
-5,-13,209.9522480625788
-5,-13,262.90891719669537
-6,-13,52.88728273118562
-6,-13,311.97267715891894
-6,-14,120.17904600444534
-6,-14,91.48108712191109
-7,-14,126.87060536978693
-7,-14,197.5589036003734
-6,-14,50.0
-6,-14,67.77429209779922
-7,-14,193.49145449231514
-7,-14,90.36533465817146
-7,-15,50.99893865982256
-7,-15,135.51148407401962
-8,-15,92.47004225722723
-8,-15,109.07984162849382
-9,-15,65.24899926070535
-9,-15,206.82665775530296
-10,-15,309.05264270308817
-10,-15,50.0
-11,-15,96.14095481632981
-11,-15,129.86396253507274
-10,-15,247.0929403534407
-10,-15,50.0
-11,-15,50.0
-11,-15,50.0
-12,-15,125.15848120787628
-12,-15,111.57066348694384
-13,-15,50.0
-13,-15,128.08060186584416
-14,-15,86.45217475568488
-14,-15,57.13235409112281
-15,-15,50.0
-15,-15,50.0
-15,-16,227.73452502636698
-15,-16,50.0
-16,-16,50.0
-16,-16,50.0
-17,-16,50.0
-17,-16,50.0
-18,-16,206.73738300326923
-18,-16,50.0
-19,-16,50.0
-19,-16,130.604018645181
-20,-16,50.0
-20,-16,50.0
-19,-16,50.0
-19,-16,50.0
-19,-17,50.0
-19,-17,293.88996630084614
-18,-17,50.0
-18,-17,50.0
-18,-16,50.0
-18,-16,50.0
-17,-16,50.0
-17,-16,50.0
-16,-16,50.0
-16,-16,50.0
-15,-16,93.0895166553508
-15,-16,50.0
-15,-15,95.77263070523178
-15,-15,250.53117959466502
-14,-15,186.10253484836602
-14,-15,50.0
-13,-15,50.0
-13,-15,50.0
-12,-15,121.32049436263146
-12,-15,250.3004103682853
-12,-16,50.0
-12,-16,50.0
-12,-15,50.0
-12,-15,260.51158410523317
-13,-15,50.0
-13,-15,50.0
-12,-15,52.089806629749575
-12,-15,50.0
-11,-15,103.2427307591781
-11,-15,126.41913899048284
-10,-15,50.0
-10,-15,50.0
-9,-15,50.0
-9,-15,50.0
-8,-15,50.0
-8,-15,88.70771688682012
-9,-15,198.28623811615586
-9,-15,270.5959397762201
-9,-16,200.9522820014389
-9,-16,89.35452808210002
-9,-15,407.9598326546225
-9,-15,223.13086629238552
-8,-15,64.55369005047547
-8,-15,180.60141266390863
-8,-14,50.0
-8,-14,50.0
-7,-14,150.77910216900932
-7,-14,279.7498078353336
-6,-14,50.0
-6,-14,50.0
-5,-14,50.0
-5,-14,117.05969280495434
-5,-13,97.702281876276
-5,-13,341.85211726402713
-4,-13,255.95607344547375
-4,-13,117.84225099971223
-3,-13,50.0
-3,-13,258.28342269420597
-2,-13,50.0
-2,-13,268.17710322449386
-1,-13,356.9405292836865
-1,-13,94.02004572648443
-1,-12,308.78898437250893
-1,-12,50.0
-2,-12,56.620314137991414
-2,-12,50.0
-1,-12,442.71095027985194
-1,-12,203.33609366393586
-1,-11,50.0
-1,-11,351.68470150178143
-1,-12,50.0
-1,-12,415.9618789703868
-2,-12,52.48559322976902
-2,-12,50.0
-1,-12,217.4271554017296
-1,-12,85.96908443373708
-1,-11,102.09115745396556
-1,-11,415.40002835871644
0,-11,195.70017949535819
0,-11,216.75316658035177
0,-10,375.22891674340667
0,-10,368.2293996113675
0,-9,300.17608322583504
0,-9,310.13118520138823
-1,-9,375.06899364801495
-1,-9,127.0635994873165
0,-9,210.99763325582742
0,-9,304.907403481442
1,-9,335.81551566967835
1,-9,77.929452015246
0,-9,227.3586836585053
0,-9,161.41281718720998
-1,-9,225.25447437178883
-1,-9,136.64013184638264
0,-9,296.6985520936922
0,-9,259.22966882188484
-1,-9,234.384963642167
-1,-9,90.34220267387985
0,-9,174.3024722767305
0,-9,262.0784794131033
1,-9,228.01422172147915
1,-9,152.96209907901462
2,-9,167.67000275062512
2,-9,180.43414650951058
2,-8,50.912735351818924
2,-8,50.0
3,-8,172.030730183279
3,-8,547.4854041736027
4,-8,382.54532974690545
4,-8,289.91519729516097
4,-9,144.29414577627966
4,-9,340.92197775005485
3,-9,190.8045795469279
3,-9,171.11944609934466
2,-9,448.26042702303175
2,-9,221.62235420133052
1,-9,296.0752393210226
1,-9,187.81518941214267
1,-10,181.95371197763376
1,-10,302.93893179800875
0,-10,194.43901379375393
0,-10,204.28003743334037
0,-11,103.90074180441184
0,-11,169.7219779850197
0,-12,172.57540152200525
0,-12,64.23673433306617
0,-11,288.4997603129327
0,-11,363.1474661897307
1,-11,141.44313038501926
1,-11,297.2800394121373
1,-12,210.95165035921727
1,-12,231.36601692702322
2,-12,719.0820440702394
2,-12,227.64438783688996
2,-11,248.44973954703514
2,-11,349.5550850987548
2,-10,136.18150866505425
2,-10,187.44317557600525
2,-9,119.491449932585
2,-9,228.2316062980553
3,-9,141.5842470108412
3,-9,241.79068154273017
2,-9,262.0639153106365
2,-9,101.051463078936
2,-8,341.9557845314338
2,-8,50.0
2,-9,126.29490226785282
2,-9,50.0
3,-9,237.9683135035521
3,-9,50.0
3,-8,79.29587568765751
3,-8,340.6475813030282
4,-8,139.5257323447805
4,-8,371.0407090459837
5,-8,219.27251662446977
5,-8,181.97929516568843
6,-8,227.0023564966009
6,-8,208.02382240649365
6,-7,298.15593228516946
6,-7,294.2810856409074
6,-6,227.55196031396744
6,-6,310.11685543927587
7,-6,146.1244150395096
7,-6,145.12521961388364
7,-7,219.29086717090067
7,-7,330.5301983168917
6,-7,50.0
6,-7,163.96610151864843
7,-7,157.70858148615034
7,-7,219.42405256251703
8,-7,268.9191089567863
8,-7,78.86062123295443
8,-6,423.211820483773
8,-6,286.4278777984839
7,-6,243.8078929602751
7,-6,426.4529966825391
7,-5,246.39572772757649
7,-5,346.86580850579406
7,-4,50.0
7,-4,416.8036845869789
8,-4,175.1264571034542
8,-4,281.9923516808049
9,-4,179.26642823442558
9,-4,192.40959196967785
9,-3,305.891191132883
9,-3,58.016066576646125
9,-2,193.94930167175295
9,-2,308.75443673254483
10,-2,531.5501078192094
10,-2,156.84420158484306
9,-2,50.0
9,-2,166.59000159614948
10,-2,301.73597394675375
10,-2,228.26450580479963
10,-1,50.0
10,-1,150.2469062229174
11,-1,50.0
11,-1,209.90713810859145
11,0,105.03984288294315
11,0,251.56065728305316
12,0,238.89241976203806
12,0,223.4867978020519
12,1,119.94616333793292
12,1,50.0
12,2,273.0391661017575
12,2,263.33491068944704
13,2,116.89280295886424
13,2,207.61904607436867
13,3,68.32591083276331
13,3,236.22900877265417
12,3,336.02684771782344
12,3,443.54818130673823
12,4,50.0
12,4,96.26290385718625
13,4,66.21639190965196
13,4,240.404200301378
12,4,133.05994110955908
12,4,50.0
12,5,365.8420777571918
12,5,343.1369050506528
13,5,50.0
13,5,236.20419487337784
14,5,50.0
14,5,50.0
13,5,50.0
13,5,64.73309078228266
13,4,317.11701833547625
13,4,167.76382554100564
14,4,62.980976360203414
14,4,205.78421676734308
14,5,235.61786155100492
14,5,50.0
15,5,50.0
15,5,50.0
16,5,50.0
16,5,50.0
17,5,248.22079512496958
17,5,79.32838696550816
18,5,126.46784336350596
18,5,379.1936852608063
18,6,223.43521562505452
18,6,77.93394018350978
18,7,50.0
18,7,50.0
18,8,50.0
18,8,77.87689252462042
19,8,266.06763851609026
19,8,50.0
20,8,50.0
20,8,263.1243604849007
19,8,50.0
19,8,264.3172498533222
18,8,50.0
18,8,50.0
17,8,50.0
17,8,167.50609821471002
16,8,72.64757627270403
16,8,50.0
15,8,50.0
15,8,126.5373347275322
14,8,185.3728019895296
14,8,86.51965443659827
13,8,380.0105924496909
13,8,50.0
12,8,150.45359973216324
12,8,115.56800925784482
12,9,315.5435355724043
12,9,133.3569321500781
12,8,51.2428973645344
12,8,103.78983255490246
12,7,87.99350719691596
12,7,50.0
12,6,335.7146702603681
12,6,103.02631781506432
12,5,178.018881963981
12,5,236.57422466903904
12,4,193.2897270894384
12,4,206.27918778570546
12,3,324.47899828031797
12,3,177.06322804392255
13,3,50.0
13,3,93.8151396995023
12,3,50.0
12,3,344.4238791168772
13,3,104.63852724296338
13,3,298.5686026119354
14,3,190.17234812589467
14,3,83.58900667789132
13,3,50.0
13,3,147.83262503682045
14,3,53.48306448782277
14,3,98.74724469731933
13,3,210.1616460182154
13,3,50.0
13,2,156.01910609552377
13,2,146.19509966780856
13,1,256.1898670694932
13,1,50.0
