16,-15,100.0
16,-14,100.0
16,-13,100.0
16,-12,221.45190879439275
16,-11,100.0
15,-11,162.7171027080375
14,-11,100.0
15,-11,100.0
14,-11,100.0
14,-10,684.5009825332228
13,-10,100.0
12,-10,277.3687666210002
11,-10,644.5120928176241
11,-9,153.2011535555983
12,-9,299.5063834620086
12,-8,522.9696487638532
11,-8,122.02176897114771
11,-7,100.0
10,-7,686.3913485551639
9,-7,485.804864790023
8,-7,289.6133473964767
8,-6,753.877294564443
8,-5,285.3935578762395
8,-4,291.73981713782644
7,-4,742.3984901109311
7,-5,506.98492337110804
7,-4,462.76577182881795
8,-4,436.3848382261175
7,-4,209.38473701030497
6,-4,777.399545195218
6,-3,640.1162461598753
5,-3,387.6885098591265
4,-3,844.9461861849688
4,-2,205.7775055167965
4,-1,357.5502646730232
5,-1,137.96917673545983
4,-1,391.9239901813088
3,-1,400.7517123597348
2,-1,612.6647011059617
2,0,340.60839174744933
2,1,714.1673799632008
2,2,436.8917593001987
1,2,592.8778409511481
0,2,245.56820248343396
0,3,307.78490508465205
-1,3,720.9686262424825
0,3,577.1333151024961
-1,3,418.3028976602731
-2,3,614.8077126989508
-2,4,539.1857447785028
-2,5,568.5016776780901
-2,6,313.99248644743335
-1,6,239.8638610671722
0,6,885.1938092648597
-1,6,675.9210018082313
-2,6,804.0421247980055
-1,6,169.87954270858052
-2,6,369.951003231447
-2,7,863.4877312658982
-1,7,558.0494718961982
-2,7,254.1421279069005
-1,7,204.81424043955582
-2,7,532.2739194583168
-2,6,790.3043931971927
-3,6,456.9818171077173
-3,7,419.1020826293741
-4,7,225.46169219913497
-4,8,422.92586293915133
-5,8,194.4578067225729
-5,9,503.45945482872963
-6,9,217.25203361574438
-5,9,100.0
-5,10,227.51080988390476
-6,10,373.2180867492405
-7,10,100.0
-8,10,100.0
-9,10,125.07157816763825
-10,10,114.6426248109274
-11,10,100.0
-12,10,100.0
-13,10,313.36788179074574
-13,9,135.96340074687214
-13,10,100.0
-12,10,100.0
-12,11,100.0
-13,11,250.06611258497873
-13,10,100.0
-13,11,100.0
-14,11,340.3709970495856
-15,11,693.3654896139537
-15,12,100.0
-16,12,100.0
-16,11,136.56406881092414
-15,11,383.82171783412133
-16,11,100.0
-15,11,100.0
-15,10,100.0
-14,10,528.4380597328593
-14,11,100.0
-14,12,325.2870672291269
-14,11,264.9459588083979
-13,11,100.0
-12,11,100.0
-12,10,142.1305849232643
-12,9,311.9299941444675
-11,9,100.0
-11,8,120.12987925764216
-11,7,315.1279931862387
-11,8,139.4873196968979
-11,7,124.65358043248767
-12,7,109.97886264448564
-12,8,100.0
-13,8,100.0
-12,8,100.0
-12,9,100.0
-11,9,707.8797120326099
-11,8,208.5520523840451
-10,8,417.84947186457094
-10,7,202.69412355140832
-9,7,127.24695385415637
-9,8,100.0
-10,8,338.92146271651825
-10,7,428.21039833181936
-9,7,307.0148497962171
-10,7,473.8264807715099
-10,6,446.97596523169875
-10,5,497.6109626205034
-9,5,139.3608675156402
-8,5,223.89922172150867
-8,4,295.7362261554759
-8,3,518.1959542095193
-8,2,724.5127538174607
-8,1,385.16833357358485
-7,1,300.2972450881438
-7,0,378.6806319735995
-7,-1,182.2663488428517
-7,-2,272.7069365111979
-6,-2,421.51076562294895
-6,-3,643.9920286081332
-6,-4,484.56105854221056
-5,-4,678.5592890248178
-4,-4,493.6361336432759
-3,-4,265.9197697702805
-3,-3,246.8735960682058
-3,-4,285.5034378467027
-3,-3,389.2454133367693
-3,-4,575.768963476481
-3,-5,637.8245442522817
-4,-5,295.596411116687
-3,-5,323.6859941678805
-2,-5,693.2764847634744
-2,-6,719.1069804455389
-1,-6,295.4567642856671
-1,-7,553.1743879221417
0,-7,384.0968243469882
0,-8,100.0
-1,-8,468.88088575687783
-2,-8,630.404999152762
-3,-8,547.6267893411916
-2,-8,253.5405829393076
-1,-8,636.8668325853843
-2,-8,111.33175464750974
-3,-8,123.93616479235222
-4,-8,600.5779404223821
-3,-8,433.90550921739555
-4,-8,100.0
-3,-8,822.221022599706
-4,-8,100.0
-3,-8,311.2611590187329
-2,-8,332.5968972166906
-3,-8,493.18158667939446
-4,-8,525.7872124922795
-5,-8,170.87409171707267
-6,-8,375.4239475298111
-5,-8,407.50067906176594
-6,-8,297.7298995024065
-5,-8,214.57435380342264
-6,-8,441.16302395629566
-7,-8,149.34816927458576
-6,-8,100.0
-5,-8,278.22525522663074
-6,-8,100.0
-7,-8,530.1094183621346
-8,-8,181.62584405365084
-9,-8,100.0
-10,-8,159.5517289830076
-11,-8,133.4805804857624
-12,-8,198.6844907409079
-11,-8,219.86436500531715
-12,-8,406.54419229717155
-13,-8,260.8603659604447
-14,-8,100.0
-15,-8,524.4459979097699
-16,-8,562.0253149918425
-17,-8,100.0
-16,-8,305.9563491302806
-15,-8,358.9700795295694
-15,-7,137.32909684214337
-14,-7,413.80538189345714
-14,-8,565.2796407913477
-13,-8,206.6030693492312
-12,-8,235.70436878694517
-11,-8,224.32666821578277
-11,-7,632.576011211152
-10,-7,427.8907382950802
-9,-7,204.01778044771012
-10,-7,169.76001496672197
-9,-7,211.059674038275
-9,-8,207.0392670783046
-9,-7,169.0564506856781
-8,-7,223.38674765835546
-7,-7,613.0326092094261
-7,-8,499.516999683448
-6,-8,391.30043307994094
-5,-8,783.613456040934
-5,-9,180.35989544567605
-6,-9,641.782827865887
-5,-9,100.0
-4,-9,735.7531477860775
-5,-9,463.2697963274507
-4,-9,286.2434853006027
-3,-9,229.839890330472
-3,-10,359.03562288142524
-3,-11,707.9589983586545
-2,-11,100.0
-1,-11,722.4891535861622
0,-11,302.82255654000033
1,-11,461.2702399405438
0,-11,283.8906815979567
1,-11,179.58492031180876
1,-12,503.57207839093445
0,-12,347.62344369629545
-1,-12,100.0
0,-12,288.226516291372
0,-13,190.39382203277682
1,-13,141.7097465013398
2,-13,244.66831676879323
2,-14,122.96795676125275
3,-14,245.59437023868747
4,-14,100.0
5,-14,371.8914536924492
6,-14,221.8680536802429
6,-15,289.14668732383734
7,-15,100.0
7,-14,218.15155547505938
6,-14,358.35529020412264
7,-14,293.09372791048156
8,-14,644.9494140152096
9,-14,613.0347539809234
10,-14,194.14080656419978
11,-14,220.68357700494943
12,-14,100.0
13,-14,100.0
14,-14,100.0
14,-15,100.0
15,-15,100.0
14,-15,109.29717693236555
14,-16,100.0
14,-17,177.52942350886343
14,-16,100.0
15,-16,100.0
16,-16,157.41779857144115
16,-17,100.0
16,-18,100.0
16,-19,100.0
16,-20,100.0
17,-20,100.0
18,-20,100.0
19,-20,100.0
20,-20,100.0
20,-19,100.0
20,-18,100.0
20,-17,100.0
20,-16,100.0
20,-17,100.0
20,-18,100.0
20,-17,100.0
20,-16,100.0
20,-15,100.0
20,-14,100.0
20,-13,100.0
20,-12,100.0
20,-11,100.0
20,-10,100.0
20,-9,100.0
20,-8,100.0
19,-8,100.0
18,-8,100.0
17,-8,198.46506235239292
16,-8,113.2911638087964
15,-8,100.0
14,-8,223.6588518782835
13,-8,100.0
12,-8,100.0
11,-8,249.11557165159488
10,-8,270.40920423490945
10,-7,274.69367449752224
9,-7,108.33081498072744
8,-7,281.5763689669095
7,-7,316.46496179089627
7,-8,100.0
6,-8,832.3397085675107
5,-8,484.09982438798477
6,-8,604.7323106951591
6,-9,491.5693515629773
5,-9,651.5240882066892
4,-9,570.0286854423172
3,-9,559.2865083458994
4,-9,100.0
5,-9,579.9154256347194
4,-9,571.8466865709083
4,-10,164.70619857984389
3,-10,436.59286860448356
4,-10,314.0277635424479
4,-11,588.7459391186374
3,-11,362.5044666428324
2,-11,396.0781027277893
1,-11,509.51298017707956
0,-11,276.14329500280684
-1,-11,207.94034826191879
-1,-12,127.1755540590558
-2,-12,238.6763917265024
-3,-12,216.2379274272057
-3,-13,393.1657186940522
-4,-13,550.8827516152749
-5,-13,336.06008968550526
-6,-13,136.7345837342546
-5,-13,410.8211376037322
-6,-13,543.4595297320802
-6,-14,173.21160737228502
-7,-14,156.02857717211518
-6,-14,219.11950495468355
-7,-14,222.99280726856637
-7,-15,392.6449732217788
-8,-15,216.08182034502516
-9,-15,636.6572018113604
-10,-15,100.0
-11,-15,189.66082192291952
-10,-15,115.52838965345262
-11,-15,100.0
-12,-15,100.0
-13,-15,182.910934152577
-14,-15,625.5383376882746
-15,-15,100.0
-15,-16,100.0
-16,-16,212.99877711174054
-17,-16,100.0
-18,-16,100.0
-19,-16,100.0
-20,-16,100.0
-19,-16,100.0
-19,-17,100.0
-18,-17,160.9929373986035
-18,-16,100.0
-17,-16,274.47209804052363
-16,-16,124.64934665566545
-15,-16,100.0
-15,-15,100.0
-14,-15,100.0
-13,-15,272.8523016156728
-12,-15,169.82202529631257
-12,-16,258.4044937609324
-12,-15,100.0
-13,-15,100.0
-12,-15,100.0
-11,-15,100.0
-10,-15,276.45031720558154
-9,-15,100.0
-8,-15,291.3319739456246
-9,-15,151.82548636475374
-9,-16,411.7597625711419
-9,-15,100.0
-8,-15,225.62847049728185
-8,-14,152.30016255207383
-7,-14,115.66475504974329
-6,-14,425.9754282684235
-5,-14,771.1875304437777
-5,-13,242.21466424055845
-4,-13,265.34499031584926
-3,-13,121.15917857546523
-2,-13,210.39535656362355
-1,-13,100.0
-1,-12,637.4559944159221
-2,-12,602.6533366698392
-1,-12,605.5037390380957
-1,-11,344.40507515614365
-1,-12,228.36227976822448
-2,-12,246.58752292331286
-1,-12,245.1414411829978
-1,-11,321.9513366612583
0,-11,100.0
0,-10,384.0881236262887
0,-9,100.0
-1,-9,121.46557237787795
0,-9,669.8501775693074
1,-9,321.9141724126049
0,-9,241.75356527753374
-1,-9,126.73492651752753
0,-9,297.22670336692147
-1,-9,100.0
0,-9,218.00495728365456
1,-9,431.83332880493793
2,-9,623.479739550279
2,-8,710.3540584755505
3,-8,450.9133090645445
4,-8,466.8839830241243
4,-9,160.41868842806605
3,-9,517.1651905155753
2,-9,736.150235013487
1,-9,1100.0103069049244
1,-10,521.5017072217561
0,-10,538.8265704995644
0,-11,147.76138886169684
0,-12,123.88363324721689
0,-11,594.0636942625948
1,-11,144.22870131452896
1,-12,142.4242908889407
2,-12,311.06995711808474
2,-11,347.3928166195184
2,-10,200.0846535736866
2,-9,415.61551393831445
3,-9,167.30552433444015
2,-9,100.0
2,-8,357.65128332975013
2,-9,431.235852026349
3,-9,641.6849631669878
3,-8,413.36039610341624
4,-8,686.130307195787
5,-8,432.0912043903662
6,-8,278.6150810977973
6,-7,257.37107669327503
6,-6,532.7958791396343
7,-6,769.637326417916
7,-7,837.9937880477437
6,-7,669.3422293235827
7,-7,663.5054277316272
8,-7,252.76344521275712
8,-6,406.817266875502
7,-6,478.75269050523974
7,-5,119.00887290837835
7,-4,431.715533856943
8,-4,546.5365551590725
9,-4,322.9649253486013
9,-3,734.4997062224751
9,-2,629.7821023924498
10,-2,100.0
9,-2,214.91756228202536
10,-2,389.8446387433145
10,-1,157.93520368992813
11,-1,140.59051553672268
11,0,382.50943902438945
12,0,299.5641774491818
12,1,325.1968734371408
12,2,448.60250695151205
13,2,195.75043927963728
13,3,127.326447388605
12,3,258.3484317894399
12,4,212.43792631875846
13,4,100.0
12,4,163.01640001454138
12,5,100.0
13,5,185.2102215365794
14,5,460.02394308424556
13,5,342.71348866054666
13,4,133.54392450679396
14,4,383.84734807192245
14,5,191.2210256921602
15,5,154.8293302503854
16,5,100.0
17,5,100.0
18,5,100.0
18,6,100.0
18,7,176.11749710380028
18,8,182.23682958465875
19,8,100.0
20,8,100.0
19,8,100.0
18,8,100.0
17,8,100.0
16,8,492.4434022378566
15,8,100.0
14,8,145.38733007603065
13,8,100.0
12,8,139.0386049350668
12,9,327.8762278918227
12,8,242.07770838439447
12,7,100.0
12,6,397.7507733803211
12,5,296.80259735766754
12,4,100.0
12,3,109.93578558317849
13,3,618.1750199138983
12,3,100.0
13,3,100.0
14,3,236.51676591510784
13,3,165.6432608852078
14,3,166.0317258395262
13,3,515.550011703506
13,2,100.0
13,1,100.0
