16,-15,50.0
16,-15,50.0
16,-14,50.0
16,-14,50.0
16,-13,50.0
16,-13,50.0
16,-12,50.0
16,-12,64.62119345195096
16,-11,50.0
16,-11,50.0
15,-11,142.65389815596384
15,-11,50.0
14,-11,50.0
14,-11,377.84832185283244
15,-11,50.0
15,-11,50.0
14,-11,189.20261628486017
14,-11,183.0347863903272
14,-10,50.0
14,-10,50.0
13,-10,133.4395491667525
13,-10,140.20002425967235
12,-10,232.6802047824018
12,-10,290.646482965437
11,-10,50.0
11,-10,194.3124489940648
11,-9,223.1845208938883
11,-9,254.45926271610819
12,-9,217.84713818375002
12,-9,50.0
12,-8,206.79139332174657
12,-8,102.41478301342495
11,-8,50.0
11,-8,50.0
11,-7,369.87377143947276
11,-7,50.0
10,-7,217.44621570308266
10,-7,215.84856380459735
9,-7,50.0
9,-7,50.0
8,-7,292.02108478803734
8,-7,345.84876150770674
8,-6,236.00996342086975
8,-6,186.1595781509538
8,-5,259.66269364822574
8,-5,310.7878951247539
8,-4,198.92885682796708
8,-4,418.7081889720631
7,-4,383.1857248801379
7,-4,112.99658683997538
7,-5,50.0
7,-5,67.37367856888042
7,-4,374.215127820508
7,-4,250.15224855683698
8,-4,227.33745863791373
8,-4,50.0
7,-4,166.95141343079692
7,-4,176.49218627105188
6,-4,236.45377098596407
6,-4,131.64443746267892
6,-3,361.12582639258204
6,-3,172.50689165103225
5,-3,166.71698443170843
5,-3,344.9977359797634
4,-3,138.954479894332
4,-3,307.17040148828073
4,-2,365.16434545931963
4,-2,584.082673670114
4,-1,250.5240284469926
4,-1,473.62407029518386
5,-1,564.8805853710926
5,-1,50.0
4,-1,238.31641417351682
4,-1,278.70304674214697
3,-1,263.8862737154504
3,-1,230.55100975855095
2,-1,406.2061940965075
2,-1,293.635156553995
2,0,274.06814238519655
2,0,508.8045517859847
2,1,602.8814911044885
2,1,380.2558450418263
2,2,166.88172619321614
2,2,484.77631835118166
1,2,360.0634772087747
1,2,482.84939884838457
0,2,232.2522906930968
0,2,401.68557311284553
0,3,581.822281866451
0,3,211.71685195097086
-1,3,378.07620065571274
-1,3,311.1924771076731
0,3,291.86180268050543
0,3,387.5622183376037
-1,3,498.8583199631295
-1,3,325.65239582224376
-2,3,236.30167689360712
-2,3,311.3726176480617
-2,4,414.46769698492085
-2,4,314.880242019649
-2,5,372.83986435235033
-2,5,566.1976861788446
-2,6,475.6648212301523
-2,6,395.14736259115
-1,6,512.98541948815
-1,6,157.77979801729117
0,6,188.36088014788618
0,6,224.09394342431733
-1,6,55.27897925959513
-1,6,165.95740214940813
-2,6,96.06110331610552
-2,6,291.1868610298901
-1,6,321.1437222062224
-1,6,243.07976492745917
-2,6,400.2988182201287
-2,6,645.3939233139745
-2,7,299.1800203993274
-2,7,120.98827192694961
-1,7,434.79719320617266
-1,7,333.64769092435216
-2,7,203.59189033471702
-2,7,497.58609283247335
-1,7,312.56467948233126
-1,7,238.1753076086305
-2,7,360.1669530202951
-2,7,426.42088128544674
-2,6,366.9751380007693
-2,6,359.18676882416275
-3,6,416.37903251205506
-3,6,211.318629781882
-3,7,402.2537537407132
-3,7,286.451956245781
-4,7,405.0876181535298
-4,7,291.9991896040033
-4,8,229.14833460409972
-4,8,287.58715975803034
-5,8,233.05323713177359
-5,8,381.87279138897145
-5,9,69.31585994600377
-5,9,292.95588110201743
-6,9,50.0
-6,9,208.09819838546667
-5,9,301.58768098520443
-5,9,50.0
-5,10,165.1362933161161
-5,10,66.65417182264557
-6,10,139.32586040854795
-6,10,150.4801830080048
-7,10,345.2786895222189
-7,10,50.0
-8,10,351.5066206351653
-8,10,262.383207922931
-9,10,50.0
-9,10,283.9769245580139
-10,10,50.0
-10,10,74.84968178785911
-11,10,50.0
-11,10,80.56340138140001
-12,10,371.7013834365274
-12,10,79.36409234437613
-13,10,252.54042116779837
-13,10,262.32026244831957
-13,9,50.0
-13,9,138.45110550916547
-13,10,523.7285178922723
-13,10,50.0
-12,10,99.07914149503583
-12,10,50.0
-12,11,50.0
-12,11,89.96435705995928
-13,11,102.53447913460204
-13,11,172.99503035239005
-13,10,50.0
-13,10,313.21005994308035
-13,11,50.0
-13,11,131.693179560712
-14,11,122.91628199414757
-14,11,50.0
-15,11,50.0
-15,11,50.0
-15,12,144.26498093510912
-15,12,50.0
-16,12,50.0
-16,12,140.18500382393705
-16,11,110.9805549367591
-16,11,97.28529149894706
-15,11,50.0
-15,11,50.0
-16,11,50.0
-16,11,53.11697355302807
-15,11,121.414243766152
-15,11,221.6177294728057
-15,10,60.756081303602194
-15,10,50.0
-14,10,50.0
-14,10,50.0
-14,11,50.0
-14,11,50.0
-14,12,435.7560903764404
-14,12,50.0
-14,11,50.0
-14,11,114.43948089216707
-13,11,87.22134429212267
-13,11,129.10650008128061
-12,11,50.0
-12,11,86.9518794326387
-12,10,50.0
-12,10,189.9988917020951
-12,9,146.95038616371602
-12,9,220.3670531256709
-11,9,435.527662828631
-11,9,481.4690064511559
-11,8,50.0
-11,8,381.94063601610577
-11,7,81.65679534463112
-11,7,172.0247397018159
-11,8,52.770929304543756
-11,8,50.0
-11,7,348.87377840393833
-11,7,81.77147503941464
-12,7,249.3528848104887
-12,7,50.0
-12,8,50.0
-12,8,273.7571176790495
-13,8,399.3650209519837
-13,8,50.0
-12,8,50.0
-12,8,50.0
-12,9,101.50637214380494
-12,9,389.27828660930885
-11,9,355.9730753258972
-11,9,177.76064457655104
-11,8,144.3289256858309
-11,8,60.93738673465005
-10,8,91.97409534359386
-10,8,235.43917146491526
-10,7,153.14815574181495
-10,7,50.0
-9,7,92.68357792151959
-9,7,94.46933084128449
-9,8,226.9935148156222
-9,8,50.0
-10,8,325.6107124882328
-10,8,50.0
-10,7,291.8546440315947
-10,7,197.70532518692477
-9,7,50.0
-9,7,84.7375047999394
-10,7,222.96576772476126
-10,7,178.28979845061446
-10,6,334.6182317647635
-10,6,225.93837883452602
-10,5,297.13579596225406
-10,5,204.40561609839742
-9,5,280.1819703533751
-9,5,142.5544283522895
-8,5,193.75924950484585
-8,5,341.01142017704717
-8,4,423.18020099845813
-8,4,168.27095647921564
-8,3,529.1649421821296
-8,3,500.6418351398315
-8,2,183.19158635814023
-8,2,211.96178289788253
-8,1,395.6119187511256
-8,1,441.85045036105896
-7,1,291.240358542427
-7,1,492.22088715516986
-7,0,494.52132488381733
-7,0,565.8378562821457
-7,-1,201.78047941989067
-7,-1,298.4807493585303
-7,-2,518.6154173868356
-7,-2,50.0
-6,-2,348.0566609743181
-6,-2,303.49199475512563
-6,-3,388.55230194827243
-6,-3,504.5824175971938
-6,-4,418.5054949508948
-6,-4,143.3664657919253
-5,-4,442.51203864929596
-5,-4,266.0344320290838
-4,-4,355.5813368475434
-4,-4,50.0
-3,-4,185.78050872332057
-3,-4,257.0951769905558
-3,-3,549.1514067811739
-3,-3,252.3412504518756
-3,-4,134.29002013005413
-3,-4,130.02842195469128
-3,-3,367.65297510995794
-3,-3,350.8382295808619
-3,-4,77.749422023296
-3,-4,154.1974718535376
-3,-5,82.6632007870138
-3,-5,205.63627530107058
-4,-5,50.0
-4,-5,189.92553656791415
-3,-5,566.2285600788648
-3,-5,319.9501998795914
-2,-5,305.46135736164257
-2,-5,459.0795181464493
-2,-6,81.08883581914085
-2,-6,317.9443382808227
-1,-6,164.01915821545936
-1,-6,363.21432008763037
-1,-7,74.00271215284144
-1,-7,300.3360183804125
0,-7,50.0
0,-7,472.7753368334417
0,-8,305.01427055101055
0,-8,79.15293165777013
-1,-8,186.46902001129368
-1,-8,341.4372331997645
-2,-8,115.56513344190279
-2,-8,232.73239895833188
-3,-8,74.10558645544542
-3,-8,362.0873399043703
-2,-8,286.98367823060767
-2,-8,79.82787542993896
-1,-8,222.9435970533275
-1,-8,56.02416653744805
-2,-8,262.38563721416847
-2,-8,254.5078673244896
-3,-8,352.9287232156495
-3,-8,75.74634616799656
-4,-8,267.0629809906709
-4,-8,613.7437926773027
-3,-8,118.03017684468847
-3,-8,460.804461372124
-4,-8,134.4805273250768
-4,-8,255.96591583766693
-3,-8,195.7499129647354
-3,-8,387.2210609019827
-4,-8,217.71808872261246
-4,-8,231.0871455543309
-3,-8,283.3171948061353
-3,-8,480.24606035094484
-2,-8,561.0181949261199
-2,-8,167.27596407262408
-3,-8,84.45186732068447
-3,-8,233.96917400720417
-4,-8,228.89304606257951
-4,-8,50.0
-5,-8,197.93881458130622
-5,-8,59.26253719504584
-6,-8,326.64452199677453
-6,-8,266.4489168359931
-5,-8,458.22736196720757
-5,-8,50.0
-6,-8,50.0
-6,-8,260.34378186547997
-5,-8,225.773229632277
-5,-8,73.86473670360229
-6,-8,354.1425618714769
-6,-8,115.60132017556711
-7,-8,278.23740525984215
-7,-8,619.685244878706
-6,-8,50.0
-6,-8,162.41292384208964
-5,-8,167.91518362639226
-5,-8,347.421136542373
-6,-8,153.62086576166962
-6,-8,435.9377538377688
-7,-8,213.86844079522473
-7,-8,92.3185168433649
-8,-8,99.14395587110229
-8,-8,200.55337328966044
-9,-8,241.17741608724805
-9,-8,50.0
-10,-8,367.32729538184947
-10,-8,124.21416487366379
-11,-8,164.28589287193063
-11,-8,75.22782462309597
-12,-8,220.6441506713875
-12,-8,50.0
-11,-8,255.59109699608996
-11,-8,164.11273979345216
-12,-8,50.0
-12,-8,98.63950201852457
-13,-8,50.0
-13,-8,268.17689041690596
-14,-8,406.0255257530046
-14,-8,50.0
-15,-8,453.3535818738193
-15,-8,111.41348673710692
-16,-8,50.0
-16,-8,211.81329274364654
-17,-8,50.0
-17,-8,50.0
-16,-8,179.51322434688404
-16,-8,429.3015398339593
-15,-8,97.13302432726495
-15,-8,401.5684955363071
-15,-7,225.20793244561764
-15,-7,174.12654547080868
-14,-7,238.58425066828525
-14,-7,82.57569818113075
-14,-8,66.6708002961215
-14,-8,50.0
-13,-8,221.6646152032626
-13,-8,50.0
-12,-8,90.32473860900942
-12,-8,50.0
-11,-8,196.06584943081447
-11,-8,416.6274816030344
-11,-7,109.62858887048377
-11,-7,321.929713742801
-10,-7,168.7121269489312
-10,-7,264.0300592510857
-9,-7,208.48447778492127
-9,-7,217.93538183537055
-10,-7,239.78105958734642
-10,-7,162.0946437496595
-9,-7,76.88679895165379
-9,-7,114.72862827693551
-9,-8,185.05275229438502
-9,-8,50.0
-9,-7,413.8505890831149
-9,-7,133.98496602398663
-8,-7,50.0
-8,-7,50.0
-7,-7,275.53447072992947
-7,-7,194.08239732669196
-7,-8,402.8944358368558
-7,-8,185.17717424793105
-6,-8,331.75571791785956
-6,-8,108.43009255282368
-5,-8,148.42588753506612
-5,-8,50.0
-5,-9,127.39837177007794
-5,-9,50.0
-6,-9,261.3096794900328
-6,-9,126.5621422623253
-5,-9,101.92561568555062
-5,-9,256.9686914151041
-4,-9,321.4026684244667
-4,-9,256.3998128188358
-5,-9,135.2854345624744
-5,-9,292.70724155054324
-4,-9,208.85569463675301
-4,-9,131.10847325337295
-3,-9,363.5651069912127
-3,-9,50.0
-3,-10,50.0
-3,-10,203.39274194868455
-3,-11,194.3136099803577
-3,-11,258.5908515088317
-2,-11,114.59755981363953
-2,-11,252.0454196765495
-1,-11,388.9229775680745
-1,-11,50.0
0,-11,75.71665224848759
0,-11,421.3502160326395
1,-11,223.90803513182385
1,-11,399.32308357312365
0,-11,260.63627697421066
0,-11,328.2641637599103
1,-11,265.1066089611187
1,-11,222.43900219213654
1,-12,445.2723693297188
1,-12,301.3995288880129
0,-12,244.7836053300645
0,-12,202.680359661217
-1,-12,50.0
-1,-12,248.39905799950992
0,-12,187.60625907919194
0,-12,128.30705202976748
0,-13,115.62306451779814
0,-13,323.7931703962703
1,-13,50.0
1,-13,152.47441708214023
2,-13,218.6284945221693
2,-13,233.27617167121105
2,-14,338.47828971090087
2,-14,137.8358792933795
3,-14,283.1690701249282
3,-14,50.0
4,-14,177.63857576835136
4,-14,50.0
5,-14,50.0
5,-14,126.1006607613812
6,-14,190.81614030068715
6,-14,295.53330265322245
6,-15,133.28678757620375
6,-15,51.39341498071006
7,-15,50.0
7,-15,218.92414662681364
7,-14,121.11646144896359
7,-14,50.0
6,-14,61.961399104437774
6,-14,50.0
7,-14,203.31551628028365
7,-14,50.0
8,-14,50.0
8,-14,311.97348434248795
9,-14,203.55683380238332
9,-14,137.17804456814144
10,-14,50.0
10,-14,116.65950183630484
11,-14,174.80143486618505
11,-14,167.3803708465466
12,-14,192.82460920940687
12,-14,55.04396241176762
13,-14,79.67814146720663
13,-14,116.93848764687635
14,-14,80.27779671103805
14,-14,119.4263676651956
14,-15,65.63829710975467
14,-15,50.0
15,-15,50.0
15,-15,93.32925577935805
14,-15,107.37206457283995
14,-15,50.0
14,-16,50.0
14,-16,98.58724608868492
14,-17,50.0
14,-17,57.716215717714505
14,-16,50.0
14,-16,50.0
15,-16,161.89417721843787
15,-16,151.64936117085284
16,-16,50.0
16,-16,53.1050066964447
16,-17,50.0
16,-17,50.0
16,-18,50.0
16,-18,92.10878769368739
16,-19,50.0
16,-19,50.0
16,-20,50.0
16,-20,50.0
17,-20,50.0
17,-20,61.636545529322774
18,-20,50.0
18,-20,130.57750879514745
19,-20,50.0
19,-20,50.0
20,-20,50.0
20,-20,50.0
20,-19,50.0
20,-19,50.0
20,-18,50.0
20,-18,50.0
20,-17,50.0
20,-17,50.0
20,-16,50.0
20,-16,50.0
20,-17,50.0
20,-17,50.0
20,-18,50.0
20,-18,50.0
20,-17,50.0
20,-17,50.0
20,-16,50.0
20,-16,59.17000454481426
20,-15,50.0
20,-15,97.95085049503462
20,-14,50.0
20,-14,50.0
20,-13,50.0
20,-13,50.0
20,-12,50.0
20,-12,288.8871648197915
20,-11,50.0
20,-11,212.75528267405832
20,-10,174.42376558621322
20,-10,50.0
20,-9,482.3916868631473
20,-9,50.0
20,-8,50.0
20,-8,172.74264335211865
19,-8,50.0
19,-8,50.0
18,-8,75.21870102556588
18,-8,107.90647191749596
17,-8,68.10297288741376
17,-8,119.0067954729677
16,-8,50.0
16,-8,50.0
15,-8,87.34147819025972
15,-8,50.0
14,-8,75.68570017914047
14,-8,50.0
13,-8,50.0
13,-8,257.666865757232
12,-8,71.35795576428283
12,-8,257.0507346594868
11,-8,50.0
11,-8,203.1374975931591
10,-8,194.95233292949365
10,-8,195.46247934177995
10,-7,159.7305490290448
10,-7,123.96922428457238
9,-7,365.9689677938983
9,-7,363.93794263303414
8,-7,267.5838600325113
8,-7,198.0436556543648
7,-7,202.78787082393845
7,-7,180.38427927289902
7,-8,187.1624563209926
7,-8,331.39568083759764
6,-8,64.10323516896322
6,-8,125.20962096315148
5,-8,412.77760240567153
5,-8,212.97227330266116
6,-8,256.7637978968315
6,-8,111.2764775218351
6,-9,288.98822193122624
6,-9,184.0875348025562
5,-9,50.0
5,-9,142.19061646543133
4,-9,336.89630576620254
4,-9,50.0
3,-9,57.857618829394596
3,-9,151.5746693621766
4,-9,299.3070298179539
4,-9,560.5552739634333
5,-9,208.9550911385238
5,-9,258.0059451264431
4,-9,261.20637115234365
4,-9,75.70418044561345
4,-10,71.4905140108502
4,-10,197.12254078307146
3,-10,259.50563164047344
3,-10,268.6135909904488
4,-10,450.8388033085428
4,-10,189.71461501942457
4,-11,50.0
4,-11,201.9218303899422
3,-11,100.95454970614637
3,-11,50.0
2,-11,307.94359809367364
2,-11,173.0145561024974
1,-11,50.0
1,-11,50.0
0,-11,381.19176990476626
0,-11,143.14032105880295
-1,-11,138.8721774676422
-1,-11,115.42533570596908
-1,-12,187.1115940525682
-1,-12,138.72570947289526
-2,-12,262.6052898309167
-2,-12,152.68717529222303
-3,-12,179.73745916569914
-3,-12,238.25458845467338
-3,-13,126.08126596075374
-3,-13,375.43322836846994
-4,-13,50.0
-4,-13,50.0
-5,-13,89.64608349069553
-5,-13,93.3166287357543
-6,-13,182.35161687444975
-6,-13,50.0
-5,-13,212.85159466876925
-5,-13,150.0076207565238
-6,-13,198.8117731892633
-6,-13,179.05771999975306
-6,-14,410.565496085777
-6,-14,50.0
-7,-14,65.79325862568079
-7,-14,430.1490870004993
-6,-14,85.01432159135241
-6,-14,229.68275532592162
-7,-14,72.67462708590332
-7,-14,278.89136131436345
-7,-15,50.0
-7,-15,211.38949344358707
-8,-15,124.2564588692919
-8,-15,50.0
-9,-15,50.0
-9,-15,50.0
-10,-15,141.50731379017864
-10,-15,153.63258503612514
-11,-15,394.0229539073223
-11,-15,50.0
-10,-15,92.05202807760526
-10,-15,57.49470589441674
-11,-15,123.30059576718254
-11,-15,50.0
-12,-15,50.0
-12,-15,50.0
-13,-15,50.0
-13,-15,50.0
-14,-15,50.0
-14,-15,50.0
-15,-15,78.66831882292888
-15,-15,50.0
-15,-16,187.9463144284569
-15,-16,69.7003215863914
-16,-16,50.0
-16,-16,50.0
-17,-16,53.006557369725904
-17,-16,50.0
-18,-16,50.0
-18,-16,50.0
-19,-16,50.0
-19,-16,50.0
-20,-16,50.0
-20,-16,50.0
-19,-16,85.27484647965406
-19,-16,50.0
-19,-17,50.0
-19,-17,50.0
-18,-17,50.0
-18,-17,50.0
-18,-16,50.0
-18,-16,182.63572285436683
-17,-16,50.0
-17,-16,50.0
-16,-16,118.32294361995974
-16,-16,50.0
-15,-16,51.06592977026044
-15,-16,50.0
-15,-15,50.0
-15,-15,50.0
-14,-15,94.70298179932381
-14,-15,50.0
-13,-15,134.66496453095405
-13,-15,50.0
-12,-15,351.4655334480226
-12,-15,50.0
-12,-16,50.0
-12,-16,139.9989708075576
-12,-15,429.8778467571027
-12,-15,50.0
-13,-15,159.10427019900374
-13,-15,50.0
-12,-15,50.0
-12,-15,50.0
-11,-15,50.0
-11,-15,381.51942706623885
-10,-15,81.55144158906714
-10,-15,50.0
-9,-15,287.37544412192483
-9,-15,107.43968752015958
-8,-15,50.0
-8,-15,50.0
-9,-15,88.98534109858944
-9,-15,62.714121726998385
-9,-16,50.0
-9,-16,50.0
-9,-15,50.0
-9,-15,52.63176780254585
-8,-15,50.0
-8,-15,357.4227865916544
-8,-14,66.44619460285674
-8,-14,258.4237027883803
-7,-14,325.02025485382194
-7,-14,281.7117959132721
-6,-14,211.80284703545504
-6,-14,159.2196170032202
-5,-14,83.41916900080342
-5,-14,104.66326584089141
-5,-13,265.0899410977331
-5,-13,50.0
-4,-13,195.88109806098038
-4,-13,185.96760677723674
-3,-13,300.2503462426729
-3,-13,50.0
-2,-13,135.03355729639628
-2,-13,167.12632108621185
-1,-13,50.0
-1,-13,255.5641496001087
-1,-12,158.76914344028836
-1,-12,235.74872188460168
-2,-12,219.26142064071126
-2,-12,50.0
-1,-12,266.7745580364239
-1,-12,53.80467533034738
-1,-11,393.06301953179377
-1,-11,66.67045746815879
-1,-12,243.61414134149425
-1,-12,156.81870129238322
-2,-12,93.00463855159437
-2,-12,229.11751890084332
-1,-12,124.16107114209794
-1,-12,50.0
-1,-11,100.28662772696175
-1,-11,265.86742930671005
0,-11,154.6443389653922
0,-11,50.0
0,-10,329.2490507133321
0,-10,334.25874548128036
0,-9,154.18181560265623
0,-9,212.4458514144424
-1,-9,329.0016200857186
-1,-9,411.7504176773191
0,-9,200.08669202381748
0,-9,150.14609835355972
1,-9,250.37444079554336
1,-9,118.15523583794027
0,-9,291.36831616336286
0,-9,268.86049696003374
-1,-9,353.2186432668544
-1,-9,214.06910827029225
0,-9,271.90410806040035
0,-9,231.52919273930922
-1,-9,453.2360001679445
-1,-9,199.4154124072351
0,-9,321.77476166479215
0,-9,133.2191770558636
1,-9,111.13469064240925
1,-9,267.44040012476273
2,-9,64.39590744241272
2,-9,174.19111201927257
2,-8,241.18118066802876
2,-8,233.3822689412042
3,-8,271.4936468350538
3,-8,285.31392461351527
4,-8,186.80694976371285
4,-8,246.69804473371508
4,-9,179.36806113669553
4,-9,398.2179002978791
3,-9,456.5815397330954
3,-9,395.99012053575655
2,-9,513.6762108601213
2,-9,91.48581710088497
1,-9,295.2195475169974
1,-9,296.5251543102913
1,-10,135.6939466803963
1,-10,188.72677101405282
0,-10,169.95945694316734
0,-10,127.7285801988171
0,-11,342.26777431770745
0,-11,50.0
0,-12,319.98287322833204
0,-12,50.0
0,-11,100.31125903805398
0,-11,55.21755541565962
1,-11,50.0
1,-11,308.3142166099411
1,-12,261.5926404695211
1,-12,50.0
2,-12,415.2915691976858
2,-12,203.80953450133472
2,-11,108.73037643202909
2,-11,323.23629232145106
2,-10,329.9260433392607
2,-10,375.7654687553277
2,-9,279.6538448335218
2,-9,294.02612945128504
3,-9,123.01177132
3,-9,222.03342754574376
2,-9,233.36233203219734
2,-9,149.18373592000015
2,-8,510.54304532616015
2,-8,579.1672881080183
2,-9,442.6995254708969
2,-9,97.15499752689662
3,-9,252.9605696276687
3,-9,251.3171054759507
3,-8,127.33363271688827
3,-8,80.00382460815945
4,-8,326.09409951255384
4,-8,290.86345294131974
5,-8,190.45102819718605
5,-8,191.14242644668101
6,-8,50.0
6,-8,259.71423232730666
6,-7,340.66336193095754
6,-7,145.61105825398192
6,-6,481.094255871618
6,-6,357.02267594467037
7,-6,508.04134536019774
7,-6,383.93488093699443
7,-7,78.14297743966114
7,-7,176.16130827327325
6,-7,312.1914417749314
6,-7,166.64774162303794
7,-7,427.7383202667055
7,-7,160.04041140769783
8,-7,520.1551855094741
8,-7,50.0
8,-6,101.1497487845153
8,-6,174.60121308664384
7,-6,115.254019011986
7,-6,424.73521217993346
7,-5,146.5615218252921
7,-5,273.93957834594585
7,-4,261.2196987350034
7,-4,237.24228379891872
8,-4,95.8769871115341
8,-4,149.6053152127551
9,-4,190.0388173463703
9,-4,50.0
9,-3,305.73953919822173
9,-3,194.33748423345227
9,-2,50.0
9,-2,219.23405333569124
10,-2,366.4360629059702
10,-2,146.23422894143891
9,-2,282.6691624352744
9,-2,220.2125741730515
10,-2,169.29314545088295
10,-2,419.0252824751817
10,-1,207.99207143015894
10,-1,101.36431241823061
11,-1,131.80789737190017
11,-1,528.7620263892404
11,0,238.5416006907064
11,0,287.43786501951246
12,0,447.2266763650844
12,0,50.0
12,1,123.73721448652856
12,1,234.0689587302853
12,2,50.0
12,2,129.73648085446223
13,2,57.369246280523285
13,2,193.06071531564436
13,3,95.3251090792308
13,3,266.41394522750943
12,3,318.5825537287579
12,3,305.28961472149064
12,4,521.1590595661556
12,4,73.54321462563394
13,4,50.0
13,4,221.77440091755926
12,4,320.95520697680934
12,4,50.0
12,5,50.0
12,5,393.2836566675152
13,5,230.62621699451012
13,5,96.24294305460951
14,5,157.7772420689474
14,5,146.1840244571508
13,5,78.14816155463083
13,5,426.5765358356671
13,4,444.0969514559346
13,4,103.9735911673419
14,4,273.870520737946
14,4,99.75633453191196
14,5,82.61581389884603
14,5,160.33691590289303
15,5,50.0
15,5,196.79961241294995
16,5,198.6170312114852
16,5,54.63686722904288
17,5,95.66803315621148
17,5,93.17658358666245
18,5,96.76040030810742
18,5,50.0
18,6,194.60539002738082
18,6,148.27289702508244
18,7,91.57306051174513
18,7,50.0
18,8,50.0
18,8,52.50073361450729
19,8,128.81248007881447
19,8,189.73893034706015
20,8,50.0
20,8,50.0
19,8,125.69433438906101
19,8,50.0
18,8,64.58933500846237
18,8,50.0
17,8,226.646072976554
17,8,89.88274888125136
16,8,50.0
16,8,89.15078936582744
15,8,151.96876581702008
15,8,50.0
14,8,50.0
14,8,50.0
13,8,155.23062724117375
13,8,50.0
12,8,218.50389074084055
12,8,384.4982112078829
12,9,381.07320092371344
12,9,120.96941569029391
12,8,152.9775234050592
12,8,210.65640248613357
12,7,96.83216423489506
12,7,142.51389672282167
12,6,189.62134882178682
12,6,218.01829884896893
12,5,50.0
12,5,230.12090698995036
12,4,134.0907354506983
12,4,61.627100601691325
12,3,116.1769346635951
12,3,50.0
13,3,406.337162200393
13,3,216.23788153930744
12,3,50.0
12,3,140.81818638096016
13,3,111.89794992463028
13,3,96.01421545903887
14,3,96.01426435816174
14,3,212.204493136187
13,3,256.48047185276874
13,3,50.0
14,3,341.2426733014263
14,3,294.1153369424826
13,3,196.97493560205976
13,3,86.96047664474588
13,2,128.5010933558052
13,2,117.05037439029755
13,1,156.93222748722582
13,1,85.47924655635877
