16,-15,129.6003078013935
16,-14,207.40264261987278
16,-13,100.0
16,-12,100.0
16,-11,100.0
15,-11,100.0
14,-11,100.0
15,-11,143.0470403095022
14,-11,187.6140684374396
14,-10,100.0
13,-10,100.0
12,-10,227.62510122856202
11,-10,366.6767053102866
11,-9,100.0
12,-9,100.0
12,-8,313.2188523122967
11,-8,181.54504065786318
11,-7,214.9234753970968
10,-7,132.3571623094989
9,-7,351.78599658783156
8,-7,585.4023260148726
8,-6,156.9146242000166
8,-5,145.87163843597102
8,-4,366.88542000243456
7,-4,100.0
7,-5,710.7689308079448
7,-4,580.8493004314271
8,-4,402.147759160261
7,-4,463.52851736606897
6,-4,100.0
6,-3,1123.7468008672527
5,-3,157.1494667868456
4,-3,372.1041121049339
4,-2,100.0
4,-1,526.8168077810079
5,-1,1005.9641468294017
4,-1,390.8328900429257
3,-1,583.3136070522339
2,-1,824.5324427785933
2,0,582.3713583066758
2,1,1018.2800618902231
2,2,562.5893517296859
1,2,1022.1432431753835
0,2,682.7833900949136
0,3,713.3385071875697
-1,3,273.7334862311896
0,3,572.1632304973539
-1,3,482.34097410483616
-2,3,719.1005165320931
-2,4,565.4543093327039
-2,5,298.91130875887706
-2,6,455.0500036402309
-1,6,316.68302340213745
0,6,522.0550863471809
-1,6,293.0598577283893
-2,6,602.4607116277757
-1,6,322.16068233692596
-2,6,299.93122858998004
-2,7,373.20631280786955
-1,7,176.9488289019603
-2,7,316.2359963123866
-1,7,473.5385733012449
-2,7,301.8095729807791
-2,6,454.24895285109045
-3,6,254.8486422683924
-3,7,348.0698513395238
-4,7,100.0
-4,8,100.0
-5,8,366.3796896958967
-5,9,560.263545491468
-6,9,376.4025894215439
-5,9,196.61189201090315
-5,10,100.0
-6,10,209.18493570102916
-7,10,265.2233760528017
-8,10,100.0
-9,10,100.0
-10,10,294.41062078902706
-11,10,586.8616024135508
-12,10,100.0
-13,10,100.0
-13,9,107.20726017879176
-13,10,100.0
-12,10,152.5750599543917
-12,11,100.0
-13,11,166.77537151151267
-13,10,100.0
-13,11,491.5415732974601
-14,11,538.9324813175539
-15,11,100.0
-15,12,124.39844937410538
-16,12,100.0
-16,11,103.20070376910903
-15,11,100.0
-16,11,100.0
-15,11,161.58125763025754
-15,10,326.9423934206569
-14,10,131.09060887915953
-14,11,197.04669037633073
-14,12,100.0
-14,11,128.27686323909023
-13,11,111.99171646929344
-12,11,287.30297817947337
-12,10,100.0
-12,9,274.53660658535955
-11,9,191.12423642384192
-11,8,116.57882041152672
-11,7,178.7038790920547
-11,8,170.5159050024277
-11,7,315.4892189223924
-12,7,362.422861953551
-12,8,223.0626813166914
-13,8,100.0
-12,8,125.2383691705031
-12,9,100.0
-11,9,100.0
-11,8,100.0
-10,8,166.84017203586333
-10,7,185.3086518799058
-9,7,175.6933281870479
-9,8,279.1747916391445
-10,8,193.22815373602845
-10,7,167.0529639826104
-9,7,641.4837181149924
-10,7,243.0638480500893
-10,6,216.01366692306462
-10,5,693.1769373456057
-9,5,262.55065507887696
-8,5,204.6312376393946
-8,4,278.9090111871642
-8,3,484.31231669444065
-8,2,343.23629424765767
-8,1,332.5358876195399
-7,1,392.8826271205312
-7,0,372.20199270172543
-7,-1,380.88418998880104
-7,-2,110.80126528792044
-6,-2,106.13875257237726
-6,-3,530.3177018679633
-6,-4,630.1905254711742
-5,-4,456.6774247183695
-4,-4,247.44811241591964
-3,-4,397.25204740092727
-3,-3,557.4538954757219
-3,-4,497.4525756665436
-3,-3,871.6351984393243
-3,-4,392.048264882507
-3,-5,250.2996319417776
-4,-5,697.1241397532983
-3,-5,579.8096908454977
-2,-5,267.72175642021483
-2,-6,678.318292354578
-1,-6,729.6173294160574
-1,-7,493.04716491586845
0,-7,558.8056878918828
0,-8,344.58435540758626
-1,-8,252.81885951495482
-2,-8,157.08538537592366
-3,-8,921.6281240042877
-2,-8,361.46695864935316
-1,-8,408.2947818757243
-2,-8,1003.9439427819125
-3,-8,311.6949332355313
-4,-8,100.0
-3,-8,746.0111226126901
-4,-8,100.0
-3,-8,154.67434794999792
-4,-8,293.61875989880645
-3,-8,275.4456166032744
-2,-8,297.4218532113922
-3,-8,131.0500988511909
-4,-8,419.89194880886834
-5,-8,295.42203342892606
-6,-8,665.3114997942058
-5,-8,332.64362197801756
-6,-8,446.4798737688181
-5,-8,100.0
-6,-8,257.8656206178989
-7,-8,100.0
-6,-8,506.8606844978758
-5,-8,429.425395834313
-6,-8,100.0
-7,-8,697.0435151099085
-8,-8,184.76591699808026
-9,-8,100.0
-10,-8,139.06256183322202
-11,-8,395.0471292874282
-12,-8,625.4228720379357
-11,-8,100.0
-12,-8,435.05857287647876
-13,-8,317.95288918579246
-14,-8,174.14669598673777
-15,-8,100.0
-16,-8,231.93481375985903
-17,-8,100.0
-16,-8,172.2937626891204
-15,-8,189.5225398837843
-15,-7,100.0
-14,-7,304.93413809107847
-14,-8,100.0
-13,-8,100.0
-12,-8,245.15674029984137
-11,-8,100.0
-11,-7,100.0
-10,-7,141.54147288679513
-9,-7,591.7364328298379
-10,-7,288.91222889139794
-9,-7,168.80928029755785
-9,-8,443.15058098496894
-9,-7,347.24699705038114
-8,-7,466.26915264041486
-7,-7,100.0
-7,-8,408.20400481848344
-6,-8,100.0
-5,-8,385.4294261002548
-5,-9,601.7256675410677
-6,-9,136.3449206180028
-5,-9,100.0
-4,-9,379.24172489562454
-5,-9,275.0561265119624
-4,-9,100.0
-3,-9,413.37804561601826
-3,-10,333.24785066691146
-3,-11,417.18390173830073
-2,-11,100.0
-1,-11,334.89132475648694
0,-11,162.89694024628102
1,-11,248.8061235929707
0,-11,273.1112775619389
1,-11,640.4410390356607
1,-12,100.0
0,-12,109.56617230861491
-1,-12,345.5611550315657
0,-12,376.3209960209232
0,-13,475.44765852647066
1,-13,100.0
2,-13,129.15102254441604
2,-14,191.474412524512
3,-14,110.36438238288234
4,-14,100.0
5,-14,586.8570490320564
6,-14,100.0
6,-15,170.93448554314674
7,-15,225.50064913685895
7,-14,375.7654746144148
6,-14,320.2299825894403
7,-14,100.0
8,-14,182.84133440308472
9,-14,116.80729219215061
10,-14,248.4075418388725
11,-14,100.0
12,-14,241.62524548238264
13,-14,100.0
14,-14,168.29909976352107
14,-15,170.08363734547078
15,-15,210.99089592763988
14,-15,100.0
14,-16,279.85549821744576
14,-17,106.97345982312365
14,-16,100.0
15,-16,100.0
16,-16,128.71696371937455
16,-17,100.0
16,-18,100.0
16,-19,100.0
16,-20,100.0
17,-20,100.0
18,-20,100.0
19,-20,100.0
20,-20,100.0
20,-19,100.0
20,-18,100.0
20,-17,100.0
20,-16,174.68888032815278
20,-17,100.0
20,-18,100.0
20,-17,100.0
20,-16,100.0
20,-15,100.0
20,-14,100.0
20,-13,399.15670604814534
20,-12,100.0
20,-11,218.3733407351354
20,-10,100.0
20,-9,100.0
20,-8,142.90689560758
19,-8,100.0
18,-8,100.0
17,-8,100.0
16,-8,100.0
15,-8,414.557557208505
14,-8,120.26587946167729
13,-8,161.03747097031817
12,-8,100.0
11,-8,109.22177128230001
10,-8,222.09267904356818
10,-7,397.2121603093585
9,-7,623.869431762437
8,-7,284.1986776592763
7,-7,189.6990414434843
7,-8,219.84025125501674
6,-8,343.7406858477636
5,-8,431.88399834711254
6,-8,687.540002577618
6,-9,696.138623027909
5,-9,176.58613233121355
4,-9,649.2051380791668
3,-9,150.85473767317688
4,-9,142.81038260532108
5,-9,193.1053912952751
4,-9,100.0
4,-10,312.31626439029117
3,-10,100.0
4,-10,154.48576742371614
4,-11,100.0
3,-11,526.890573455185
2,-11,464.14295505988696
1,-11,100.0
0,-11,466.5704362395081
-1,-11,494.76256564676453
-1,-12,348.40840695841024
-2,-12,161.0330372073323
-3,-12,137.2682971288387
-3,-13,469.7702404833682
-4,-13,375.52479050708035
-5,-13,378.88469246146025
-6,-13,100.0
-5,-13,195.2133054870369
-6,-13,151.8330799401893
-6,-14,100.0
-7,-14,100.0
-6,-14,100.0
-7,-14,400.9285088739938
-7,-15,235.75082659627128
-8,-15,201.32162372600624
-9,-15,193.4111404654236
-10,-15,100.0
-11,-15,100.0
-10,-15,274.14225324883205
-11,-15,126.17045828870651
-12,-15,166.5845364462483
-13,-15,100.0
-14,-15,100.0
-15,-15,100.0
-15,-16,100.0
-16,-16,100.0
-17,-16,100.0
-18,-16,186.52147713952337
-19,-16,100.0
-20,-16,100.0
-19,-16,109.6418376509157
-19,-17,100.0
-18,-17,100.0
-18,-16,100.0
-17,-16,184.4525899245172
-16,-16,100.0
-15,-16,100.0
-15,-15,100.0
-14,-15,143.83243734059718
-13,-15,100.0
-12,-15,158.65186226389116
-12,-16,192.51979098470127
-12,-15,187.63811752756496
-13,-15,110.43432095129208
-12,-15,271.86248617230837
-11,-15,100.0
-10,-15,100.0
-9,-15,149.37359745040092
-8,-15,269.1857625452727
-9,-15,100.0
-9,-16,100.0
-9,-15,100.0
-8,-15,480.2328982770412
-8,-14,136.0513396146844
-7,-14,255.36772647903138
-6,-14,174.45659901379338
-5,-14,100.0
-5,-13,559.1940746910004
-4,-13,378.9304628960218
-3,-13,132.06976384010557
-2,-13,100.0
-1,-13,107.20674257792152
-1,-12,501.3969336638895
-2,-12,477.1321559152043
-1,-12,160.07986079543878
-1,-11,605.3584496357969
-1,-12,100.0
-2,-12,100.0
-1,-12,133.11934251854677
-1,-11,476.81572327940813
0,-11,564.0470075774032
0,-10,100.0
0,-9,446.16931768583225
-1,-9,439.28197671152543
0,-9,100.0
1,-9,297.93768310330853
0,-9,832.6151047952713
-1,-9,447.5372159717755
0,-9,273.80652108997344
-1,-9,364.3029540395152
0,-9,966.9782990137239
1,-9,159.27300746833055
2,-9,147.6378876058517
2,-8,108.57995533046449
3,-8,361.2076060767792
4,-8,576.0610294145006
4,-9,169.25497525299534
3,-9,575.2408599204448
2,-9,314.2691080624211
1,-9,280.74911577328623
1,-10,591.2147743608762
0,-10,366.70772301811076
0,-11,969.4875749635936
0,-12,150.88632167171914
0,-11,100.0
1,-11,539.8186384850591
1,-12,100.0
2,-12,465.3455468834605
2,-11,100.0
2,-10,278.0373389133525
2,-9,427.14564987433914
3,-9,557.3131701197489
2,-9,319.7886213587325
2,-8,348.8818593192698
2,-9,166.78989161849915
3,-9,310.2756461333609
3,-8,572.1682024621643
4,-8,100.0
5,-8,441.43539561985676
6,-8,387.14765351824815
6,-7,617.2878728397934
6,-6,670.4120034611694
7,-6,381.93914458049204
7,-7,374.4860967542709
6,-7,130.09843982814667
7,-7,323.31524506195314
8,-7,480.3505122023355
8,-6,350.9966759719035
7,-6,275.32534321765456
7,-5,470.9137875112601
7,-4,457.164973190694
8,-4,247.42360836403802
9,-4,100.0
9,-3,416.2524583209408
9,-2,100.0
10,-2,249.84301784261302
9,-2,286.30306672988655
10,-2,302.5038545557704
10,-1,459.2495642898791
11,-1,443.1987620815353
11,0,383.08254043470714
12,0,100.0
12,1,448.61980173041894
12,2,480.4935917175467
13,2,176.45520581178764
13,3,405.6184590681137
12,3,180.79003557128348
12,4,100.0
13,4,100.0
12,4,189.87822267970398
12,5,429.41090071997303
13,5,733.1451970315687
14,5,139.4867324169814
13,5,329.6818280499787
13,4,230.77805851941326
14,4,364.6011705353026
14,5,201.50547166938244
15,5,100.0
16,5,100.0
17,5,100.0
18,5,100.0
18,6,100.0
18,7,100.0
18,8,100.0
19,8,145.4180505464642
20,8,100.0
19,8,171.20725614561908
18,8,222.89452421053755
17,8,100.0
16,8,235.26257204060005
15,8,100.0
14,8,100.0
13,8,164.43679667560676
12,8,349.13071639826813
12,9,157.34309392432405
12,8,291.83666683280546
12,7,397.0701890300055
12,6,213.13516999802653
12,5,100.0
12,4,100.0
12,3,100.0
13,3,187.83587380784095
12,3,162.2857055877265
13,3,256.6994506425223
14,3,162.20177140078
13,3,536.4903218397512
14,3,286.85070984019126
13,3,100.0
13,2,278.1227221719043
13,1,430.31072144887145
