16,-15,100.0
16,-14,173.54284449757742
16,-13,881.0601788292172
16,-12,141.09517712420683
16,-11,100.0
15,-11,100.0
14,-11,100.0
15,-11,100.0
14,-11,269.4815183895804
14,-10,100.0
13,-10,215.3087552427782
12,-10,100.0
11,-10,100.0
11,-9,129.82097764418216
12,-9,100.0
12,-8,128.34940839693598
11,-8,326.0668900615736
11,-7,676.4298236718475
10,-7,248.24931423833783
9,-7,637.506169838422
8,-7,471.7364566438655
8,-6,350.87944917856004
8,-5,618.8338017768746
8,-4,186.6515286856168
7,-4,276.61947410306044
7,-5,731.4156049270368
7,-4,823.0966132980491
8,-4,269.50460575258376
7,-4,104.18828810506409
6,-4,772.7837667986182
6,-3,335.9715766040348
5,-3,385.80137200932916
4,-3,703.5139023726823
4,-2,602.8317604899873
4,-1,204.51400647056298
5,-1,785.0419181682444
4,-1,778.7331900712716
3,-1,555.5521785977528
2,-1,408.3979774397975
2,0,450.4657718548804
2,1,169.94624508322303
2,2,709.6203119965982
1,2,1006.4109621250265
0,2,1109.143471013862
0,3,672.7490294551145
-1,3,920.3798537952883
0,3,334.0301057980993
-1,3,1049.310503087308
-2,3,403.49289620206775
-2,4,749.770979840861
-2,5,536.0024668103798
-2,6,331.84357866219636
-1,6,582.2828518556003
0,6,236.35875471546447
-1,6,402.8248112878563
-2,6,169.6870322177774
-1,6,294.6301950971187
-2,6,820.3945775087371
-2,7,472.0570525695299
-1,7,339.37190738427205
-2,7,479.24864918558046
-1,7,338.92704612017957
-2,7,327.6511688357025
-2,6,473.0023878403398
-3,6,541.317817861142
-3,7,251.05255456126085
-4,7,100.0
-4,8,326.0338102026077
-5,8,169.76197182182682
-5,9,202.46215000300208
-6,9,563.5534141822304
-5,9,304.34188179869886
-5,10,100.0
-6,10,100.0
-7,10,196.54343958960027
-8,10,503.011395158226
-9,10,265.1658436263508
-10,10,237.33571637533
-11,10,288.87718944029746
-12,10,224.4514317676626
-13,10,100.0
-13,9,118.21035940381762
-13,10,100.0
-12,10,244.5190816071597
-12,11,684.0491150225242
-13,11,100.0
-13,10,100.0
-13,11,100.0
-14,11,181.11892976431776
-15,11,468.5769165194508
-15,12,307.950499479492
-16,12,242.14818553321933
-16,11,156.19216338133407
-15,11,173.06104016585817
-16,11,147.99956086154938
-15,11,530.0064968723082
-15,10,100.0
-14,10,113.1039412450021
-14,11,302.7959612539586
-14,12,100.0
-14,11,100.0
-13,11,100.0
-12,11,286.1241985227731
-12,10,100.0
-12,9,217.77354063106725
-11,9,668.689814633934
-11,8,100.0
-11,7,688.7967896140611
-11,8,452.67722186802325
-11,7,373.1604253103832
-12,7,444.4825047636452
-12,8,375.99042055562256
-13,8,411.06773586189786
-12,8,265.23892104616846
-12,9,464.80972175287013
-11,9,339.50141071508375
-11,8,293.3222145513634
-10,8,100.0
-10,7,289.5514981673233
-9,7,156.40553161965818
-9,8,734.3807740848104
-10,8,391.8993630429332
-10,7,476.86099479987166
-9,7,284.42661929717883
-10,7,100.0
-10,6,695.0666510549961
-10,5,321.09077475805407
-9,5,168.0816113034789
-8,5,408.2527832889906
-8,4,476.39806848997426
-8,3,412.468611464968
-8,2,575.3741670719962
-8,1,103.05095413791435
-7,1,336.6153927530304
-7,0,393.80263097221086
-7,-1,346.0461672113996
-7,-2,570.7989986392793
-6,-2,474.1525185413886
-6,-3,395.5446153454778
-6,-4,860.3394669311019
-5,-4,555.9415867275761
-4,-4,672.4845117164823
-3,-4,376.3588313553193
-3,-3,613.9543287331278
-3,-4,185.52530502602337
-3,-3,241.87526283825332
-3,-4,966.506037249808
-3,-5,778.711680996145
-4,-5,554.7209810768582
-3,-5,179.01684793889598
-2,-5,233.38456881075473
-2,-6,190.35488672803393
-1,-6,624.7940433572314
-1,-7,386.52500035809885
0,-7,489.5971423909583
0,-8,295.94911335904857
-1,-8,501.7180110122542
-2,-8,483.9491434047579
-3,-8,270.7083797879469
-2,-8,100.0
-1,-8,620.4564692720802
-2,-8,864.0121481694325
-3,-8,421.2232575281197
-4,-8,732.8606960428739
-3,-8,515.2042958890286
-4,-8,210.10632990177467
-3,-8,494.9656355538941
-4,-8,358.1729334803347
-3,-8,601.5764482317891
-2,-8,287.6906175086687
-3,-8,100.0
-4,-8,935.3679704133563
-5,-8,226.9417940260039
-6,-8,483.2659453966651
-5,-8,245.680478274487
-6,-8,100.0
-5,-8,613.4722512569256
-6,-8,267.9177038463999
-7,-8,672.6995111817118
-6,-8,263.899833270284
-5,-8,591.3567746451729
-6,-8,185.66017264130795
-7,-8,451.10004809505347
-8,-8,229.56062989259362
-9,-8,136.20835095049918
-10,-8,362.3162127350725
-11,-8,222.82204550649234
-12,-8,118.59663851506832
-11,-8,100.0
-12,-8,100.0
-13,-8,335.77240386509027
-14,-8,141.8787990247248
-15,-8,100.0
-16,-8,100.0
-17,-8,314.166077711609
-16,-8,100.0
-15,-8,189.21688223447026
-15,-7,303.37182821069393
-14,-7,278.4454838819491
-14,-8,190.13049793653806
-13,-8,133.10694732768033
-12,-8,100.0
-11,-8,199.9673907079699
-11,-7,338.56263323386383
-10,-7,852.0313646283041
-9,-7,626.4253060408541
-10,-7,226.69102611480216
-9,-7,358.7926204631725
-9,-8,369.2319577165927
-9,-7,378.9017182648617
-8,-7,227.83524526319684
-7,-7,187.008545835696
-7,-8,383.0037283071085
-6,-8,116.53180363525394
-5,-8,571.4357386453016
-5,-9,275.2694745778151
-6,-9,220.78995071835325
-5,-9,440.3350596929357
-4,-9,318.40031327391085
-5,-9,171.81716250297518
-4,-9,100.0
-3,-9,261.06347757496906
-3,-10,833.4137522839717
-3,-11,462.45143391510186
-2,-11,437.86350644482604
-1,-11,213.9370762807223
0,-11,320.83148680220654
1,-11,620.8144413974169
0,-11,468.4903077996497
1,-11,310.8923360580255
1,-12,423.827149143848
0,-12,468.6221705187448
-1,-12,342.3377009537883
0,-12,785.6562457583684
0,-13,100.0
1,-13,263.61181364203156
2,-13,159.01868933174967
2,-14,648.7747643434716
3,-14,356.48211598958943
4,-14,100.0
5,-14,100.0
6,-14,485.34693289615745
6,-15,100.0
7,-15,100.0
7,-14,100.0
6,-14,649.5046424980108
7,-14,100.0
8,-14,100.0
9,-14,123.33525362605242
10,-14,317.0707991129663
11,-14,167.9687267111747
12,-14,139.68824106296063
13,-14,223.87120484004762
14,-14,256.348446512382
14,-15,100.0
15,-15,182.55991245527838
14,-15,142.39177183742703
14,-16,100.0
14,-17,272.85630209026954
14,-16,100.0
15,-16,100.0
16,-16,100.0
16,-17,100.0
16,-18,100.0
16,-19,100.0
16,-20,100.0
17,-20,281.40331028497826
18,-20,100.0
19,-20,100.0
20,-20,100.0
20,-19,100.0
20,-18,187.59237807407806
20,-17,100.0
20,-16,100.0
20,-17,100.0
20,-18,100.0
20,-17,100.0
20,-16,152.74348174695103
20,-15,100.0
20,-14,100.0
20,-13,100.0
20,-12,100.0
20,-11,100.0
20,-10,100.0
20,-9,100.0
20,-8,100.0
19,-8,100.0
18,-8,100.0
17,-8,436.8745434130996
16,-8,268.0371100849104
15,-8,257.7344104910739
14,-8,272.45206976990926
13,-8,315.2611250463426
12,-8,100.0
11,-8,365.88552175437815
10,-8,781.3539593980447
10,-7,100.0
9,-7,397.6730314392681
8,-7,113.77348627274927
7,-7,705.7767951091155
7,-8,137.16523395397647
6,-8,100.0
5,-8,179.7728426968864
6,-8,270.9837574738662
6,-9,626.5272744563074
5,-9,528.7339641208739
4,-9,384.61128573959206
3,-9,567.9186470942647
4,-9,499.05440708742526
5,-9,415.6068449597455
4,-9,155.91767703987068
4,-10,615.3698806465557
3,-10,300.2901249126228
4,-10,269.89162692869155
4,-11,100.0
3,-11,786.9556127825128
2,-11,637.728470960902
1,-11,288.65218781313945
0,-11,424.7050538627117
-1,-11,210.85967173825426
-1,-12,376.8329707111885
-2,-12,100.0
-3,-12,538.3936300799992
-3,-13,196.93422428057085
-4,-13,100.0
-5,-13,125.30048199697029
-6,-13,227.6646991926073
-5,-13,100.0
-6,-13,181.4896056418857
-6,-14,290.6079060625978
-7,-14,255.3236302482294
-6,-14,100.0
-7,-14,264.70677334176173
-7,-15,100.0
-8,-15,419.66564437501114
-9,-15,556.4504708376363
-10,-15,100.0
-11,-15,100.0
-10,-15,100.0
-11,-15,211.3231365070308
-12,-15,100.0
-13,-15,181.14884621513568
-14,-15,100.0
-15,-15,100.0
-15,-16,100.0
-16,-16,100.0
-17,-16,133.50162036418695
-18,-16,100.0
-19,-16,100.0
-20,-16,100.0
-19,-16,100.0
-19,-17,100.0
-18,-17,100.0
-18,-16,100.0
-17,-16,100.0
-16,-16,218.844927355307
-15,-16,216.93160149285507
-15,-15,100.0
-14,-15,100.0
-13,-15,249.51539177989721
-12,-15,119.57623758799836
-12,-16,100.0
-12,-15,166.88636863361344
-13,-15,128.13752897037742
-12,-15,190.11370827683155
-11,-15,313.07548110939933
-10,-15,100.0
-9,-15,100.0
-8,-15,100.0
-9,-15,100.0
-9,-16,100.0
-9,-15,100.0
-8,-15,180.18249874379757
-8,-14,141.57279773271466
-7,-14,149.85605028463817
-6,-14,462.5218688914573
-5,-14,100.0
-5,-13,100.0
-4,-13,565.110703419391
-3,-13,100.0
-2,-13,100.0
-1,-13,546.1967404254634
-1,-12,211.16983250848668
-2,-12,113.93487392953831
-1,-12,124.9970619194538
-1,-11,564.4138043413412
-1,-12,200.3244095923958
-2,-12,930.4246686971011
-1,-12,491.8913100867569
-1,-11,346.45976178869375
0,-11,280.28048926359725
0,-10,205.677622158267
0,-9,610.6848530089682
-1,-9,133.57264938817593
0,-9,348.72229015227106
1,-9,331.486768189437
0,-9,198.42087801083008
-1,-9,517.8010359166282
0,-9,381.57171265383016
-1,-9,466.2424019043639
0,-9,276.3432079307736
1,-9,458.8879061700902
2,-9,725.3465806110759
2,-8,236.28676513963617
3,-8,290.73013940751815
4,-8,703.3513613412448
4,-9,347.3683070174974
3,-9,378.3899591677695
2,-9,1012.435757829815
1,-9,378.18807477851664
1,-10,107.71882930668556
0,-10,281.3723980433904
0,-11,647.3233366966201
0,-12,653.7680642600928
0,-11,792.6796707100434
1,-11,341.3963868426008
1,-12,216.1631669258691
2,-12,188.93731131582174
2,-11,385.5867814324977
2,-10,460.13828013725134
2,-9,651.7685346445625
3,-9,368.4408914232285
2,-9,354.76252142584417
2,-8,399.37871421728534
2,-9,261.73594430161035
3,-9,640.459276314359
3,-8,312.0991223711517
4,-8,567.7705142441553
5,-8,295.6904258700805
6,-8,381.3244548068863
6,-7,100.0
6,-6,148.21500659199327
7,-6,364.5122274892635
7,-7,100.0
6,-7,217.62529002895235
7,-7,319.2854106355897
8,-7,474.3237991638127
8,-6,618.7966538522589
7,-6,188.66935892369423
7,-5,113.07446665344875
7,-4,420.05919818681707
8,-4,324.48221268663843
9,-4,134.2965454117076
9,-3,447.67439995009227
9,-2,450.9687408959381
10,-2,264.9376059912754
9,-2,320.8996205169093
10,-2,314.127994359433
10,-1,778.1844161297736
11,-1,133.193276619137
11,0,229.45947411390696
12,0,189.0154448325709
12,1,524.3882835923944
12,2,100.0
13,2,489.34704740342397
13,3,358.686059643983
12,3,275.6144682663596
12,4,100.0
13,4,515.2921474574822
12,4,457.72551283763534
12,5,374.8466765935992
13,5,245.73711173350043
14,5,237.8332167468172
13,5,100.0
13,4,237.22361369608018
14,4,100.0
14,5,100.0
15,5,578.8167913455915
16,5,100.0
17,5,160.1272846938491
18,5,289.28400506871196
18,6,100.0
18,7,253.10126053030632
18,8,159.2972573844032
19,8,100.0
20,8,109.04130222549375
19,8,100.0
18,8,100.0
17,8,100.0
16,8,138.6814462819455
15,8,100.0
14,8,100.0
13,8,289.66719896634197
12,8,100.0
12,9,100.0
12,8,100.0
12,7,437.7970528212223
12,6,178.32862407298694
12,5,372.53886950486356
12,4,455.06736409439816
12,3,327.30719346684873
13,3,234.92980539996174
12,3,288.5871808664746
13,3,314.88809322443177
14,3,480.85835239832795
13,3,109.81616307035418
14,3,238.20892979311347
13,3,526.743358089843
13,2,234.73214606936983
13,1,236.94222336176873
