16,-15,50.0
16,-15,50.0
16,-14,50.0
16,-14,50.0
16,-13,50.0
16,-13,50.0
16,-12,50.0
16,-12,50.0
16,-11,191.00149054935017
16,-11,50.0
15,-11,50.0
15,-11,50.0
14,-11,50.0
14,-11,145.6905340063382
15,-11,50.0
15,-11,50.0
14,-11,100.50053868363527
14,-11,158.07919637049466
14,-10,140.99434329219122
14,-10,142.0845129255971
13,-10,173.45343872798657
13,-10,70.12580304067701
12,-10,50.0
12,-10,185.38605046671012
11,-10,165.79025112206926
11,-10,116.01062995958051
11,-9,472.7231950102571
11,-9,96.491668730393
12,-9,327.2780233886934
12,-9,50.0
12,-8,55.00310441482808
12,-8,50.0
11,-8,164.04599999078712
11,-8,188.5121817728294
11,-7,226.82011664180288
11,-7,235.62035336186636
10,-7,175.88280421609625
10,-7,228.11310336785294
9,-7,191.23903182730191
9,-7,50.0
8,-7,346.99562789761364
8,-7,321.41189136402784
8,-6,50.0
8,-6,50.0
8,-5,262.8082379799893
8,-5,176.2348409654913
8,-4,149.56097996273428
8,-4,262.87671910622987
7,-4,269.4172210869786
7,-4,72.88843313673314
7,-5,517.2470119209045
7,-5,259.0954712337724
7,-4,185.3785801304064
7,-4,50.0
8,-4,317.20730012203563
8,-4,415.4746338323305
7,-4,261.20121187555145
7,-4,357.4987729619653
6,-4,50.0
6,-4,335.0357087341754
6,-3,201.57083968769933
6,-3,164.8276557136985
5,-3,50.093564426410126
5,-3,514.3102766405651
4,-3,431.2227692064782
4,-3,462.6328667334427
4,-2,188.25267001565678
4,-2,394.42701864253564
4,-1,480.4214184980491
4,-1,453.6031636198802
5,-1,456.0859098201968
5,-1,227.1023160198601
4,-1,282.75199516987686
4,-1,528.9786280141032
3,-1,314.99970721341964
3,-1,145.64480904336338
2,-1,276.27588613342556
2,-1,224.3054984812751
2,0,441.36000147485254
2,0,367.59457771167774
2,1,470.9509359129304
2,1,294.26085392823416
2,2,83.8351509971053
2,2,304.7543774329007
1,2,351.8972866859409
1,2,366.3534793456089
0,2,470.93990407552036
0,2,349.4455140263822
0,3,171.59415873969706
0,3,195.56134417289272
-1,3,371.35964201343205
-1,3,202.1737980387976
0,3,233.79494641919476
0,3,379.6386924626773
-1,3,373.94474082617654
-1,3,287.08484439435927
-2,3,324.83433390231255
-2,3,572.0716769489484
-2,4,297.73864962745125
-2,4,168.52572436724986
-2,5,309.7147501072342
-2,5,155.35902479920085
-2,6,478.2129833034045
-2,6,318.62537955271017
-1,6,198.66749877744877
-1,6,380.5725236487698
0,6,408.47688119647654
0,6,199.43529455256157
-1,6,269.91301246860695
-1,6,96.52619030334293
-2,6,411.6860793022729
-2,6,260.96188261125263
-1,6,50.39599595107509
-1,6,69.18290768741372
-2,6,501.7282263537521
-2,6,517.7823541082819
-2,7,231.3291210901951
-2,7,242.52860316441593
-1,7,678.7352355066246
-1,7,234.20088458827666
-2,7,135.7459991541205
-2,7,457.15897662488186
-1,7,498.3908594007851
-1,7,280.1068522535377
-2,7,164.33628155675964
-2,7,98.35844094882358
-2,6,253.23385514615853
-2,6,334.5012664662957
-3,6,150.97759815573704
-3,6,291.947268914467
-3,7,385.9981075355956
-3,7,236.46530356523914
-4,7,313.85950064717815
-4,7,211.0215449697067
-4,8,279.35349034158145
-4,8,50.0
-5,8,50.0
-5,8,218.19025779143504
-5,9,454.5225000850062
-5,9,156.1293839165725
-6,9,211.44407092858484
-6,9,339.6307503285112
-5,9,50.0
-5,9,434.90572326165073
-5,10,128.8547835229985
-5,10,247.66328985489827
-6,10,50.0
-6,10,258.61330778617753
-7,10,441.87027704487355
-7,10,50.0
-8,10,91.63388748803871
-8,10,364.4507805211175
-9,10,400.6918128831671
-9,10,56.24939009858531
-10,10,179.0584850999278
-10,10,137.37774980385598
-11,10,163.31738502458276
-11,10,50.0
-12,10,124.46713012838148
-12,10,60.44450499070922
-13,10,218.0362386175904
-13,10,50.0
-13,9,126.99395709386788
-13,9,72.99000169524871
-13,10,232.99920917364278
-13,10,50.0
-12,10,50.0
-12,10,458.9426994920225
-12,11,146.3198406105989
-12,11,384.79572515765426
-13,11,50.0
-13,11,199.48935450161267
-13,10,191.12584107402597
-13,10,195.95391358438928
-13,11,50.0
-13,11,61.08586331748591
-14,11,121.0600042829124
-14,11,213.71294963477007
-15,11,107.97496874524902
-15,11,60.231266767301854
-15,12,50.0
-15,12,155.49460605740146
-16,12,55.33479674341128
-16,12,59.58347305836105
-16,11,50.0
-16,11,50.0
-15,11,50.0
-15,11,358.354955552049
-16,11,50.0
-16,11,176.89841512138344
-15,11,50.0
-15,11,103.88806605537906
-15,10,163.81040281900601
-15,10,244.27527549028247
-14,10,101.3733202573971
-14,10,50.0
-14,11,50.0
-14,11,84.87120918593334
-14,12,217.31821848450625
-14,12,130.67611439411885
-14,11,263.9042630084328
-14,11,50.0
-13,11,50.0
-13,11,50.0
-12,11,325.1697189111686
-12,11,118.10576544547999
-12,10,169.64371209689762
-12,10,50.0
-12,9,338.7429467227462
-12,9,224.21101664981137
-11,9,51.00058007233487
-11,9,131.74259740505846
-11,8,95.63122134607084
-11,8,113.11128605431693
-11,7,50.0
-11,7,50.0
-11,8,563.3288952410699
-11,8,179.9019189570673
-11,7,142.3337939987425
-11,7,223.12784329861228
-12,7,317.90459144859403
-12,7,155.26008199971636
-12,8,147.8783831245465
-12,8,50.0
-13,8,156.74835718573866
-13,8,270.51990974703324
-12,8,590.0350188337235
-12,8,179.44042931321667
-12,9,71.37043668092889
-12,9,322.0673846691136
-11,9,571.9956533901284
-11,9,248.32162511349543
-11,8,50.0
-11,8,119.04668422951138
-10,8,515.6607432052502
-10,8,232.38024227955444
-10,7,364.773466632208
-10,7,254.68684182178504
-9,7,512.34878955176
-9,7,135.6540916082085
-9,8,64.11497208958352
-9,8,50.0
-10,8,167.02470566991516
-10,8,212.7337106721558
-10,7,58.122651877892665
-10,7,179.27450630940683
-9,7,50.0
-9,7,206.63536645677806
-10,7,277.83436124729485
-10,7,173.83190212872438
-10,6,161.54460980850038
-10,6,271.57317207446386
-10,5,230.49557039266747
-10,5,402.89376788277644
-9,5,174.63534626541292
-9,5,50.0
-8,5,50.0
-8,5,261.821397919706
-8,4,50.18433878327414
-8,4,159.85106950344166
-8,3,493.5809196197006
-8,3,415.08957055006215
-8,2,50.0
-8,2,85.60033862793051
-8,1,529.3885887211912
-8,1,203.60486982660964
-7,1,190.92634994844954
-7,1,92.73283330144704
-7,0,279.17202415616634
-7,0,162.9349227279505
-7,-1,217.36558686752633
-7,-1,435.36001448169134
-7,-2,277.6584715427089
-7,-2,216.7800110438009
-6,-2,404.33896337983936
-6,-2,642.2148935851039
-6,-3,376.54812614884986
-6,-3,237.5916898034469
-6,-4,569.034693419557
-6,-4,240.29856374290256
-5,-4,246.998137293562
-5,-4,403.67274893497637
-4,-4,266.6395644152016
-4,-4,306.8859633874129
-3,-4,173.55243162208043
-3,-4,376.5892020125249
-3,-3,203.56796460457304
-3,-3,200.70751029458089
-3,-4,184.2029223290446
-3,-4,140.13504204558495
-3,-3,411.54313072495034
-3,-3,398.3512330838991
-3,-4,311.5756881948367
-3,-4,227.92376361954018
-3,-5,272.16869288077305
-3,-5,50.0
-4,-5,435.5703342749779
-4,-5,319.04231656868456
-3,-5,275.9472399455293
-3,-5,272.00412550103607
-2,-5,50.0
-2,-5,501.5234596205308
-2,-6,50.0
-2,-6,594.2659252748822
-1,-6,258.4342420748419
-1,-6,176.08726104938916
-1,-7,598.7559361765097
-1,-7,387.17138015089455
0,-7,272.53456140020063
0,-7,263.83220341841746
0,-8,310.3240001610152
0,-8,419.97015913005976
-1,-8,347.812072724682
-1,-8,292.7008458069822
-2,-8,202.92853955576703
-2,-8,383.10123398215285
-3,-8,50.0
-3,-8,147.94896369798045
-2,-8,330.75881837633915
-2,-8,269.85170016907813
-1,-8,222.2947022934579
-1,-8,211.1435973944839
-2,-8,50.0
-2,-8,198.384971739793
-3,-8,234.66993764573422
-3,-8,102.93896288677476
-4,-8,225.9482806979079
-4,-8,285.7603016255981
-3,-8,147.24143380579773
-3,-8,178.79971575163867
-4,-8,349.37024269291123
-4,-8,224.51513547891537
-3,-8,103.11767133650392
-3,-8,284.0158136882952
-4,-8,50.0
-4,-8,388.9069184347132
-3,-8,283.85500691962375
-3,-8,320.42808044467586
-2,-8,429.6972554794012
-2,-8,204.47692801548888
-3,-8,219.04941248817627
-3,-8,385.7732744906371
-4,-8,229.50454962703648
-4,-8,315.87332892212885
-5,-8,294.9857716297021
-5,-8,105.96555287166686
-6,-8,192.16867454853573
-6,-8,107.46193788148048
-5,-8,393.2113820566831
-5,-8,284.5226304943809
-6,-8,50.0
-6,-8,223.79377388036858
-5,-8,142.14214965038886
-5,-8,497.03900489272417
-6,-8,202.2861049892229
-6,-8,237.4786919317885
-7,-8,148.51915422017305
-7,-8,201.42843784476483
-6,-8,296.69939141978097
-6,-8,50.0
-5,-8,228.48239626149035
-5,-8,251.6591236465162
-6,-8,453.1459308646549
-6,-8,275.9108622663061
-7,-8,50.0
-7,-8,275.11859372631113
-8,-8,50.0
-8,-8,294.7951065221772
-9,-8,156.10566594572376
-9,-8,302.1287831231442
-10,-8,203.2080913836531
-10,-8,148.06571794608845
-11,-8,176.19303516343797
-11,-8,352.04496060295435
-12,-8,50.0
-12,-8,50.0
-11,-8,74.13598322179544
-11,-8,50.0
-12,-8,50.0
-12,-8,80.49881627457117
-13,-8,176.20134705440978
-13,-8,73.82497801631203
-14,-8,257.35385963836177
-14,-8,50.0
-15,-8,206.5814719461271
-15,-8,324.01040614072633
-16,-8,51.76775877383599
-16,-8,50.0
-17,-8,132.9344360254974
-17,-8,50.0
-16,-8,90.3756833611053
-16,-8,50.0
-15,-8,271.7098677145713
-15,-8,50.0
-15,-7,50.0
-15,-7,50.0
-14,-7,103.38321909595393
-14,-7,122.85777115842745
-14,-8,150.51784744725873
-14,-8,130.41369615766817
-13,-8,114.27388519987667
-13,-8,298.88278793960296
-12,-8,132.4717576724153
-12,-8,136.66707919236407
-11,-8,50.0
-11,-8,254.34009915429627
-11,-7,179.3422473826017
-11,-7,204.32118990583947
-10,-7,374.01750653926604
-10,-7,114.73511009214894
-9,-7,50.0
-9,-7,51.98132612321204
-10,-7,126.49181970252204
-10,-7,142.0661826080073
-9,-7,257.10630610037526
-9,-7,50.0
-9,-8,154.49938867575904
-9,-8,161.5659070318618
-9,-7,388.4971407641396
-9,-7,97.86926633733145
-8,-7,363.1551907736257
-8,-7,156.67373963888022
-7,-7,78.20748604030858
-7,-7,97.55350758059814
-7,-8,473.65275050208163
-7,-8,183.0848475281434
-6,-8,266.5836882115767
-6,-8,147.53142274363574
-5,-8,111.07432865126
-5,-8,304.11165013126936
-5,-9,147.72912405969873
-5,-9,405.0443114394835
-6,-9,150.144983302279
-6,-9,103.08423720069136
-5,-9,102.78997569645627
-5,-9,94.96597985740755
-4,-9,195.38604398456198
-4,-9,172.21360634326453
-5,-9,50.0
-5,-9,50.0
-4,-9,94.32324429985874
-4,-9,717.6881337099218
-3,-9,379.89718982044343
-3,-9,136.54009927436522
-3,-10,132.02735744283387
-3,-10,183.41706213881088
-3,-11,296.60628456329624
-3,-11,189.6111568162054
-2,-11,143.84934458573315
-2,-11,89.15665904692393
-1,-11,94.2348110360958
-1,-11,215.30783879953867
0,-11,264.44444658175996
0,-11,194.14145785483834
1,-11,382.50757277552077
1,-11,152.95265294778824
0,-11,194.90678709367413
0,-11,50.0
1,-11,172.65220882208095
1,-11,266.6657651676412
1,-12,396.01290335223985
1,-12,177.29087439389662
0,-12,50.0
0,-12,50.0
-1,-12,352.46105425371695
-1,-12,50.0
0,-12,225.46366744445663
0,-12,50.0
0,-13,108.41265740691149
0,-13,93.00338956105288
1,-13,50.0
1,-13,122.0780442412958
2,-13,129.68370963077422
2,-13,50.0
2,-14,238.7064099846258
2,-14,72.42722268247425
3,-14,50.0
3,-14,163.92772242376034
4,-14,168.84844933601104
4,-14,96.7360138883634
5,-14,50.0
5,-14,429.10479922192854
6,-14,88.13134430663331
6,-14,159.90277373102003
6,-15,164.03168623539557
6,-15,50.0
7,-15,314.32633850276204
7,-15,50.0
7,-14,150.13948803023501
7,-14,53.125244082563924
6,-14,182.24216467932152
6,-14,155.9766097991681
7,-14,263.0738286924833
7,-14,58.63120607382163
8,-14,50.0
8,-14,91.46665721006505
9,-14,50.0
9,-14,50.0
10,-14,50.0
10,-14,142.50778012364148
11,-14,50.0
11,-14,50.0
12,-14,194.98233024889578
12,-14,265.7367408108996
13,-14,140.44895120386087
13,-14,50.0
14,-14,50.0
14,-14,50.0
14,-15,50.0
14,-15,50.0
15,-15,50.0
15,-15,50.0
14,-15,171.44592269950724
14,-15,50.0
14,-16,102.09408414880765
14,-16,75.22906547438797
14,-17,271.72987032522553
14,-17,50.0
14,-16,50.0
14,-16,114.3884205509027
15,-16,76.80468170439539
15,-16,50.0
16,-16,50.0
16,-16,50.0
16,-17,50.0
16,-17,50.0
16,-18,50.0
16,-18,50.0
16,-19,50.0
16,-19,161.99748926611437
16,-20,50.0
16,-20,56.75736302069937
17,-20,50.0
17,-20,50.0
18,-20,50.0
18,-20,50.0
19,-20,50.0
19,-20,120.69126492880588
20,-20,50.0
20,-20,50.0
20,-19,50.0
20,-19,50.0
20,-18,50.0
20,-18,50.0
20,-17,92.33830942152318
20,-17,50.0
20,-16,50.0
20,-16,50.0
20,-17,50.0
20,-17,134.17238957784224
20,-18,50.0
20,-18,50.0
20,-17,121.56671759486545
20,-17,50.0
20,-16,50.0
20,-16,50.0
20,-15,50.0
20,-15,50.0
20,-14,50.0
20,-14,348.3250285921972
20,-13,50.0
20,-13,50.0
20,-12,50.0
20,-12,97.5204096167405
20,-11,50.0
20,-11,95.76518369634883
20,-10,50.0
20,-10,50.0
20,-9,111.40187802105208
20,-9,50.0
20,-8,50.0
20,-8,59.62263874169206
19,-8,50.0
19,-8,50.0
18,-8,166.76413501996308
18,-8,50.0
17,-8,50.0
17,-8,204.88646298488894
16,-8,50.0
16,-8,54.580326892211616
15,-8,97.50798442536428
15,-8,120.03189744442818
14,-8,217.55414746525724
14,-8,50.0
13,-8,81.70673856742367
13,-8,50.0
12,-8,50.0
12,-8,85.97340951970239
11,-8,114.66725826110823
11,-8,66.8489848716902
10,-8,99.7896148194674
10,-8,177.24352282551305
10,-7,50.0
10,-7,234.31279522870315
9,-7,50.0
9,-7,366.38030079108785
8,-7,223.20283320740708
8,-7,267.14681188890313
7,-7,298.3587676868734
7,-7,274.94072912405795
7,-8,83.18626261151358
7,-8,87.7149829691548
6,-8,68.71658561643504
6,-8,492.9454921881836
5,-8,388.9227847049252
5,-8,53.657441054003755
6,-8,263.05183124237357
6,-8,227.33079798184946
6,-9,103.5039787993334
6,-9,264.9781405717784
5,-9,281.2333658351764
5,-9,105.43584488472409
4,-9,122.6582059687642
4,-9,143.60119143443026
3,-9,382.5829962476937
3,-9,207.39320319102427
4,-9,243.2551938036467
4,-9,100.36606548777283
5,-9,107.30300352038446
5,-9,111.53724789625062
4,-9,224.398256818005
4,-9,60.38699585199538
4,-10,137.8655714234765
4,-10,153.60910798771425
3,-10,50.0
3,-10,263.9391848594211
4,-10,144.93850079684466
4,-10,314.3686840222065
4,-11,159.0977713917095
4,-11,156.71668377585837
3,-11,131.39727685989513
3,-11,356.5334062699902
2,-11,101.6683769641537
2,-11,228.14448778388547
1,-11,232.2499618219678
1,-11,293.68755195417145
0,-11,263.5107765639268
0,-11,247.05295684489764
-1,-11,469.7153223191193
-1,-11,191.74786833998027
-1,-12,63.015836749896124
-1,-12,207.8429247988035
-2,-12,57.18438286154489
-2,-12,162.88904089852622
-3,-12,237.88294761653395
-3,-12,209.70771542733496
-3,-13,221.0852781361869
-3,-13,235.25241936245303
-4,-13,578.8659431552571
-4,-13,50.0
-5,-13,169.78650700139016
-5,-13,50.0
-6,-13,260.8761956501701
-6,-13,154.59807175592306
-5,-13,50.0
-5,-13,50.0
-6,-13,428.43755134977795
-6,-13,50.0
-6,-14,395.71003412581865
-6,-14,50.0
-7,-14,50.0
-7,-14,243.1213351737938
-6,-14,171.81309610179449
-6,-14,104.27304890859405
-7,-14,323.9100071630771
-7,-14,50.0
-7,-15,55.65186119822383
-7,-15,50.0
-8,-15,50.0
-8,-15,64.37140213462357
-9,-15,50.0
-9,-15,50.0
-10,-15,50.0
-10,-15,50.0
-11,-15,52.76774209134622
-11,-15,50.0
-10,-15,126.24849756462466
-10,-15,50.0
-11,-15,50.0
-11,-15,50.0
-12,-15,207.77406785864216
-12,-15,56.82366003571947
-13,-15,131.29950056133862
-13,-15,50.0
-14,-15,50.0
-14,-15,50.0
-15,-15,50.0
-15,-15,235.9027482427121
-15,-16,185.29942973863638
-15,-16,67.2643768744789
-16,-16,50.0
-16,-16,50.0
-17,-16,50.0
-17,-16,132.7817579813015
-18,-16,114.58241227157362
-18,-16,50.0
-19,-16,253.3893699751382
-19,-16,50.0
-20,-16,50.0
-20,-16,61.78725450992616
-19,-16,50.0
-19,-16,50.0
-19,-17,50.0
-19,-17,89.88694125170349
-18,-17,50.0
-18,-17,50.0
-18,-16,50.0
-18,-16,50.0
-17,-16,50.0
-17,-16,50.0
-16,-16,69.35336151670874
-16,-16,50.0
-15,-16,50.0
-15,-16,50.0
-15,-15,245.13301045378435
-15,-15,50.0
-14,-15,50.0
-14,-15,50.0
-13,-15,96.1285767963695
-13,-15,50.0
-12,-15,50.0
-12,-15,115.49023652018747
-12,-16,77.80778147942127
-12,-16,50.0
-12,-15,50.0
-12,-15,170.81004452788346
-13,-15,63.565317179970535
-13,-15,50.0
-12,-15,50.0
-12,-15,50.0
-11,-15,296.31666747582005
-11,-15,50.0
-10,-15,50.0
-10,-15,119.54577924755354
-9,-15,50.0
-9,-15,50.0
-8,-15,258.01224854016664
-8,-15,54.41754552574178
-9,-15,92.911499611483
-9,-15,165.31048880760108
-9,-16,97.10868811997811
-9,-16,50.0
-9,-15,50.0
-9,-15,166.18896095705335
-8,-15,50.0
-8,-15,50.0
-8,-14,50.0
-8,-14,50.0
-7,-14,86.29921396545501
-7,-14,99.63660655803979
-6,-14,266.72570137186904
-6,-14,78.81613580185301
-5,-14,50.0
-5,-14,171.5521730968152
-5,-13,58.741659537673684
-5,-13,97.4377765134604
-4,-13,50.0
-4,-13,134.9719651671204
-3,-13,268.47921981735146
-3,-13,144.72489251451898
-2,-13,393.89085098586884
-2,-13,247.41222517732473
-1,-13,231.81788043715903
-1,-13,96.24912673953757
-1,-12,247.12841519368652
-1,-12,111.09131192835304
-2,-12,181.85522303831902
-2,-12,385.36736404441274
-1,-12,270.87439273468925
-1,-12,50.0
-1,-11,242.33652758619453
-1,-11,242.44606988308513
-1,-12,50.0
-1,-12,282.73156191939836
-2,-12,53.132554539842175
-2,-12,350.219794693752
-1,-12,50.0
-1,-12,132.96201002294902
-1,-11,306.6248477698854
-1,-11,295.10916953540163
0,-11,144.9539584529054
0,-11,70.48341932735747
0,-10,248.5348158350918
0,-10,50.0
0,-9,175.02451407983176
0,-9,189.27060444715775
-1,-9,416.51309270976185
-1,-9,272.7230198674799
0,-9,310.28847315454396
0,-9,146.23458385408688
1,-9,165.37096193006687
1,-9,403.6433112152265
0,-9,202.0663083980663
0,-9,50.0
-1,-9,232.4514980057221
-1,-9,88.87497221122953
0,-9,345.2807851072797
0,-9,334.7802216963846
-1,-9,110.8268563338859
-1,-9,382.26604895113
0,-9,233.71812330932264
0,-9,334.8449600536925
1,-9,267.52195666011795
1,-9,197.48395814269654
2,-9,284.9275955976841
2,-9,72.29666278367974
2,-8,190.02364162604806
2,-8,161.8160968843392
3,-8,274.46066938596454
3,-8,131.29383598620282
4,-8,50.0
4,-8,270.81968930914337
4,-9,369.7829339368572
4,-9,245.6512501370338
3,-9,59.209503098708865
3,-9,348.7207791845012
2,-9,357.75163357760283
2,-9,346.0036777390119
1,-9,255.13040849097106
1,-9,153.03781835813416
1,-10,357.4593295322612
1,-10,265.90230004375337
0,-10,50.0
0,-10,143.09606882193606
0,-11,344.42263332419054
0,-11,50.0
0,-12,395.8127766578284
0,-12,150.0248241028277
0,-11,140.97573603078365
0,-11,50.0
1,-11,229.121623326747
1,-11,237.15334747564359
1,-12,361.67761784546724
1,-12,76.24657810291292
2,-12,141.5482816476014
2,-12,497.737422188986
2,-11,338.2266459368351
2,-11,227.3287682389078
2,-10,116.0568973033883
2,-10,243.1413369929176
2,-9,218.56104285740258
2,-9,268.12602013046217
3,-9,309.55162146983776
3,-9,376.98108426252804
2,-9,264.1789352937942
2,-9,79.79962884574168
2,-8,74.485102334173
2,-8,50.0
2,-9,303.211835368176
2,-9,66.08162705836654
3,-9,50.0
3,-9,342.1275468463482
3,-8,50.0
3,-8,396.7469180472274
4,-8,477.1572186142308
4,-8,132.33145386549486
5,-8,197.89793346910923
5,-8,599.7704520028276
6,-8,50.0
6,-8,360.70774066220537
6,-7,226.67822957010014
6,-7,214.00558230276346
6,-6,343.4083737275175
6,-6,139.7710066048181
7,-6,171.20959338718117
7,-6,273.422385749039
7,-7,241.51002317811665
7,-7,98.21027764001902
6,-7,123.28209648697776
6,-7,295.0599232330482
7,-7,258.37444547853477
7,-7,317.4236517528661
8,-7,117.74781002565913
8,-7,249.99250545798887
8,-6,463.0848096233589
8,-6,64.30495879832651
7,-6,332.69525453820734
7,-6,76.33717053163532
7,-5,238.02312148775786
7,-5,293.8341667067655
7,-4,312.20162384374794
7,-4,236.92706897698176
8,-4,447.31058811430046
8,-4,349.1560827061107
9,-4,222.04615295588906
9,-4,113.08617109261539
9,-3,362.483072621164
9,-3,69.41742426936962
9,-2,371.4174001601745
9,-2,328.96373274863856
10,-2,50.0
10,-2,122.77178097789847
9,-2,366.13317741086735
9,-2,89.17194461015424
10,-2,116.06458362088405
10,-2,406.31873480437736
10,-1,247.07909280050018
10,-1,138.4599768443823
11,-1,233.82058465334063
11,-1,398.65350340510645
11,0,357.68642677296236
11,0,158.5068712535815
12,0,455.06824282527043
12,0,160.1088116485118
12,1,161.15158556182425
12,1,225.34179269116203
12,2,50.0
12,2,359.42287310240897
13,2,55.01098698289297
13,2,226.60812677025123
13,3,215.55957823786557
13,3,212.02749591321816
12,3,393.2554262549553
12,3,50.476130164721525
12,4,50.0
12,4,50.0
13,4,226.81052895363746
13,4,50.0
12,4,415.17505510946205
12,4,100.06071232780982
12,5,241.25663457431375
12,5,344.0520260861914
13,5,50.0
13,5,111.14678953376998
14,5,50.0
14,5,50.0
13,5,50.0
13,5,171.10870221740672
13,4,347.14446202895783
13,4,370.72771252828784
14,4,416.7891407874252
14,4,224.6133608145596
14,5,73.9616724321317
14,5,84.56222241339952
15,5,338.26568259281726
15,5,135.298532854904
16,5,50.0
16,5,70.22622469419548
17,5,50.0
17,5,159.25743881634187
18,5,178.80582396913837
18,5,50.0
18,6,110.69450589340497
18,6,74.00327595571778
18,7,50.0
18,7,206.5926796801197
18,8,50.0
18,8,50.0
19,8,50.0
19,8,50.0
20,8,149.66350642396173
20,8,195.88733055958343
19,8,72.3634398751634
19,8,50.0
18,8,164.6363668809628
18,8,316.69904326999006
17,8,50.0
17,8,50.0
16,8,50.0
16,8,50.0
15,8,50.0
15,8,56.79963576241188
14,8,50.0
14,8,141.66535682998403
13,8,158.24787980077895
13,8,212.80009599404048
12,8,50.0
12,8,50.0
12,9,208.40501523760202
12,9,319.4596545291995
12,8,156.5675456442159
12,8,396.73283839471594
12,7,50.0
12,7,300.0422631453078
12,6,405.45345327262737
12,6,50.0
12,5,223.25669575380414
12,5,312.3528365777502
12,4,114.13973007763052
12,4,50.0
12,3,303.33756455048064
12,3,291.94140111669293
13,3,323.7600839142558
13,3,84.02061856323283
12,3,67.60504022427503
12,3,305.7315939738262
13,3,140.36247123848682
13,3,50.0
14,3,66.03965748001245
14,3,394.5277545368863
13,3,270.2681759010437
13,3,271.7022099157036
14,3,168.33800135885585
14,3,159.83213567038763
13,3,232.49586170744232
13,3,470.4014783244861
13,2,171.91778854300543
13,2,101.3558618899542
13,1,57.21470954978052
13,1,50.0
