16,-15,100.0
16,-14,100.0
16,-13,330.2500343833281
16,-12,100.0
16,-11,100.0
15,-11,452.4438894600656
14,-11,100.0
15,-11,113.7693628345445
14,-11,386.6186696576662
14,-10,100.0
13,-10,478.4641430247201
12,-10,146.2855321094995
11,-10,194.15677407533755
11,-9,478.605805548479
12,-9,100.0
12,-8,328.2874871084648
11,-8,100.0
11,-7,100.0
10,-7,403.5913421125827
9,-7,507.8830193417325
8,-7,450.78916602512663
8,-6,345.36325286711366
8,-5,217.67307120299142
8,-4,595.2426124020219
7,-4,317.95925913607823
7,-5,187.8323725257842
7,-4,611.7728527370723
8,-4,247.6233684395849
7,-4,628.9100846921424
6,-4,686.3012694430596
6,-3,467.1439402739872
5,-3,399.20516833143836
4,-3,707.0845771920424
4,-2,296.9156880967376
4,-1,872.0793564844926
5,-1,220.0718812963629
4,-1,770.3286025776906
3,-1,404.69199407572984
2,-1,316.899364646265
2,0,268.41526290763267
2,1,854.8970805879221
2,2,296.4291794164709
1,2,404.14198510135714
0,2,569.3622235968201
0,3,849.124951512885
-1,3,816.7680850150582
0,3,616.9351106975201
-1,3,1063.2405133107459
-2,3,509.37546664950304
-2,4,100.0
-2,5,100.0
-2,6,774.7007068863032
-1,6,410.6297283110192
0,6,605.1794135176903
-1,6,906.9304567840827
-2,6,392.1891894409601
-1,6,146.36849450213663
-2,6,974.5815939185532
-2,7,307.2010493558656
-1,7,841.8656502937905
-2,7,428.850394745887
-1,7,833.1055274900373
-2,7,392.2630951823764
-2,6,407.59306874455615
-3,6,295.5086572820532
-3,7,289.68744830586746
-4,7,385.8571318386794
-4,8,689.6433897155191
-5,8,581.9778252781209
-5,9,252.70783180287717
-6,9,803.5658388615589
-5,9,100.0
-5,10,219.8996220503673
-6,10,377.6729444716485
-7,10,270.62561092370055
-8,10,548.5262251686588
-9,10,289.00650248600533
-10,10,100.0
-11,10,100.0
-12,10,100.0
-13,10,100.0
-13,9,100.0
-13,10,330.4025904907411
-12,10,259.34577489893854
-12,11,100.0
-13,11,100.0
-13,10,100.0
-13,11,269.30152335487725
-14,11,100.0
-15,11,158.61455448222873
-15,12,100.0
-16,12,100.0
-16,11,355.0041510274713
-15,11,100.0
-16,11,100.0
-15,11,100.0
-15,10,184.82906401125354
-14,10,100.0
-14,11,223.5292334871533
-14,12,100.0
-14,11,100.0
-13,11,100.0
-12,11,287.2725456230175
-12,10,206.4622968786329
-12,9,439.428772319068
-11,9,546.0392114864992
-11,8,260.7803239133073
-11,7,259.260751091428
-11,8,388.245007859952
-11,7,388.97222302591473
-12,7,224.4188717383763
-12,8,100.0
-13,8,101.0200217300286
-12,8,817.8277069191384
-12,9,148.88593917529087
-11,9,379.9284214812361
-11,8,333.69523982267094
-10,8,142.1151010404927
-10,7,285.36116416844095
-9,7,328.98019993946616
-9,8,525.4207427061172
-10,8,762.3968504398057
-10,7,401.5512209202932
-9,7,100.0
-10,7,265.9247924658337
-10,6,235.10297114451643
-10,5,322.47285413475424
-9,5,331.85990525980895
-8,5,289.0752011067873
-8,4,230.84400255137012
-8,3,343.32851679118073
-8,2,790.6696480665042
-8,1,780.442078082106
-7,1,100.0
-7,0,112.87919669126859
-7,-1,222.92868954108258
-7,-2,460.6746278274515
-6,-2,553.3329509438023
-6,-3,316.78677345088346
-6,-4,766.3928012658505
-5,-4,532.1862059495315
-4,-4,688.2519278342925
-3,-4,138.06773405813158
-3,-3,238.50525379315496
-3,-4,1030.93016851425
-3,-3,403.04259260910163
-3,-4,100.0
-3,-5,656.3243845083416
-4,-5,541.0352621748473
-3,-5,307.63513753875816
-2,-5,684.3868700794499
-2,-6,411.9775441352401
-1,-6,432.5164081560344
-1,-7,184.22042916121984
0,-7,100.0
0,-8,233.97753215353288
-1,-8,207.59694866198748
-2,-8,280.96254334392927
-3,-8,347.6245822039064
-2,-8,502.7714103177163
-1,-8,638.0202428583326
-2,-8,279.0316765578587
-3,-8,348.9607748890652
-4,-8,814.3838846326055
-3,-8,647.7379199965349
-4,-8,406.6480792738965
-3,-8,292.7525376267603
-4,-8,826.3596613968972
-3,-8,253.429490652146
-2,-8,596.1636044023135
-3,-8,970.9023901189328
-4,-8,430.1580355709464
-5,-8,194.1183554710559
-6,-8,100.0
-5,-8,404.5556480036862
-6,-8,219.0506875484359
-5,-8,323.43896313117347
-6,-8,100.02745887437794
-7,-8,225.79243421889146
-6,-8,330.49920151222113
-5,-8,333.6681015034798
-6,-8,171.9920702685923
-7,-8,405.08325204347364
-8,-8,100.0
-9,-8,647.834435536702
-10,-8,100.0
-11,-8,179.21465212629585
-12,-8,203.61500577029295
-11,-8,605.2949342056065
-12,-8,341.7454068405865
-13,-8,202.40057340761888
-14,-8,229.49538865985625
-15,-8,410.62621756345106
-16,-8,100.0
-17,-8,145.55955383684972
-16,-8,201.7024681347421
-15,-8,149.96266328075836
-15,-7,240.11318917699404
-14,-7,128.8651752708023
-14,-8,182.23757227311853
-13,-8,100.0
-12,-8,100.0
-11,-8,355.8970695656686
-11,-7,100.0
-10,-7,273.43505114789434
-9,-7,448.63119682930966
-10,-7,252.68908065242582
-9,-7,313.78112575149726
-9,-8,685.6825454312118
-9,-7,100.0
-8,-7,340.966725922706
-7,-7,241.74094610901653
-7,-8,100.0
-6,-8,216.46691890113422
-5,-8,1019.0422545991757
-5,-9,100.0
-6,-9,287.50945197280373
-5,-9,208.50593931019193
-4,-9,186.54763950079408
-5,-9,684.17693977385
-4,-9,465.53336870393406
-3,-9,417.77015162747807
-3,-10,100.0
-3,-11,100.0
-2,-11,305.4909356505437
-1,-11,540.4367950181132
0,-11,504.65078094891663
1,-11,588.9465373965946
0,-11,282.079906730928
1,-11,756.1673105444614
1,-12,319.2264078298652
0,-12,531.6817442463938
-1,-12,254.31115165615626
0,-12,242.7134253736839
0,-13,257.5939447899656
1,-13,534.5599686637174
2,-13,100.0
2,-14,100.0
3,-14,442.4669241304228
4,-14,100.0
5,-14,360.0533561583121
6,-14,216.244412153324
6,-15,100.0
7,-15,158.71775119844276
7,-14,100.0
6,-14,270.2679810474991
7,-14,669.958152279032
8,-14,433.30533237926625
9,-14,278.93655853253773
10,-14,100.0
11,-14,163.14494613029922
12,-14,205.81092174935193
13,-14,100.0
14,-14,100.0
14,-15,100.0
15,-15,100.0
14,-15,100.0
14,-16,120.02849667294846
14,-17,100.0
14,-16,255.55619006935095
15,-16,292.957675915765
16,-16,100.0
16,-17,100.0
16,-18,100.0
16,-19,100.0
16,-20,150.02531153089862
17,-20,100.0
18,-20,100.0
19,-20,229.64129044176786
20,-20,100.0
20,-19,108.99820496442118
20,-18,100.0
20,-17,100.0
20,-16,100.0
20,-17,100.0
20,-18,100.0
20,-17,100.0
20,-16,158.14485745001286
20,-15,100.0
20,-14,100.0
20,-13,100.0
20,-12,100.0
20,-11,100.0
20,-10,100.0
20,-9,100.0
20,-8,100.0
19,-8,100.0
18,-8,240.14367716835594
17,-8,100.0
16,-8,100.0
15,-8,113.98002427548899
14,-8,100.0
13,-8,258.2176967092492
12,-8,191.60991755191853
11,-8,314.20244689362977
10,-8,109.10701551076193
10,-7,197.78352597956257
9,-7,126.50387609442423
8,-7,501.81866717176706
7,-7,507.5563979706249
7,-8,214.11529222004583
6,-8,630.5849291340643
5,-8,288.8966125305317
6,-8,284.3963111496468
6,-9,359.6957480845858
5,-9,266.3822364483871
4,-9,708.2619107450265
3,-9,218.52869783264475
4,-9,555.0978502553894
5,-9,587.1036071241845
4,-9,134.82107176491337
4,-10,254.71225691872078
3,-10,543.2408491025599
4,-10,253.45504982859302
4,-11,528.4812711154156
3,-11,246.45051591812006
2,-11,534.0152495904312
1,-11,220.24620034004073
0,-11,100.0
-1,-11,593.9608113970469
-1,-12,268.7201577149161
-2,-12,383.14849922977606
-3,-12,201.58270398895445
-3,-13,265.711190028136
-4,-13,239.97326679277035
-5,-13,100.0
-6,-13,396.95305310920753
-5,-13,100.0
-6,-13,159.8909791975307
-6,-14,100.0
-7,-14,268.1622696854778
-6,-14,215.7383748977328
-7,-14,188.19685855842567
-7,-15,175.85670429471378
-8,-15,208.31192302582878
-9,-15,282.49786952919396
-10,-15,226.8894899951088
-11,-15,117.22323112163802
-10,-15,472.04383323574535
-11,-15,247.96794052366872
-12,-15,100.0
-13,-15,100.0
-14,-15,100.0
-15,-15,100.0
-15,-16,100.0
-16,-16,100.0
-17,-16,100.0
-18,-16,100.0
-19,-16,101.08445516721008
-20,-16,100.0
-19,-16,100.0
-19,-17,100.0
-18,-17,100.0
-18,-16,118.96365346330195
-17,-16,100.0
-16,-16,209.83717928833514
-15,-16,100.0
-15,-15,100.0
-14,-15,100.0
-13,-15,138.1746359456623
-12,-15,100.0
-12,-16,100.0
-12,-15,100.0
-13,-15,100.0
-12,-15,100.0
-11,-15,402.2341859533584
-10,-15,312.7325857986559
-9,-15,222.96513236841474
-8,-15,199.5150366962091
-9,-15,129.5931374829435
-9,-16,321.5567572519801
-9,-15,328.88027397406074
-8,-15,100.0
-8,-14,100.0
-7,-14,238.5345128659322
-6,-14,566.4543966092904
-5,-14,100.0
-5,-13,220.92682640697606
-4,-13,363.31086417329243
-3,-13,520.6720555869165
-2,-13,300.9906273601347
-1,-13,297.2975495349741
-1,-12,196.00005288826625
-2,-12,550.4862977341772
-1,-12,136.7687080494231
-1,-11,662.4275682769653
-1,-12,878.4571404937233
-2,-12,100.0
-1,-12,180.8432148534898
-1,-11,569.4081529692655
0,-11,375.24391442034783
0,-10,436.89736009320626
0,-9,355.54627983159537
-1,-9,379.4245233708334
0,-9,401.758294790551
1,-9,100.0
0,-9,243.172757242299
-1,-9,616.7776260946733
0,-9,223.24129626228267
-1,-9,100.0
0,-9,192.77456421268994
1,-9,624.6423116003543
2,-9,721.653405940428
2,-8,121.04828873364798
3,-8,603.015158777999
4,-8,568.3525706316233
4,-9,540.4123964382826
3,-9,100.0
2,-9,737.6962961452859
1,-9,533.8706754303637
1,-10,300.38576595752966
0,-10,124.41688000317984
0,-11,232.16226749040547
0,-12,338.75725958705027
0,-11,293.2432775545771
1,-11,148.3514003451226
1,-12,612.3344552713385
2,-12,374.3602880658166
2,-11,507.6420176498956
2,-10,397.3514047281951
2,-9,764.4880824268064
3,-9,369.1157727137095
2,-9,390.8557374938729
2,-8,210.59880858422935
2,-9,1016.270488162631
3,-9,226.62003676926787
3,-8,365.70422768218833
4,-8,476.6853260652442
5,-8,220.96850351861622
6,-8,350.6333527959072
6,-7,752.6799674424437
6,-6,281.1948052430691
7,-6,252.35928983974273
7,-7,366.87472405097
6,-7,359.1956413302487
7,-7,301.8630525402778
8,-7,407.9566331401122
8,-6,342.0009442466023
7,-6,445.31773386164923
7,-5,355.1410382295138
7,-4,891.6729961899899
8,-4,629.1551830990231
9,-4,462.6330946421996
9,-3,735.3543788542539
9,-2,257.11782421236023
10,-2,100.0
9,-2,919.1999370751058
10,-2,190.41254968639907
10,-1,365.0903282478007
11,-1,537.2589292795126
11,0,558.9135413054416
12,0,523.3880608592106
12,1,127.48647883717665
12,2,215.13849801669716
13,2,244.91370935982258
13,3,434.3371221664029
12,3,100.0
12,4,186.5388397091614
13,4,349.8540370357307
12,4,458.65364841006397
12,5,231.31372838553838
13,5,100.0
14,5,100.0
13,5,486.932537087525
13,4,100.0
14,4,182.5404550337595
14,5,100.0
15,5,609.4017970780882
16,5,184.35061989171788
17,5,143.43387554836244
18,5,350.42579096250006
18,6,100.0
18,7,100.0
18,8,100.0
19,8,100.0
20,8,100.0
19,8,100.0
18,8,100.0
17,8,116.62569018894953
16,8,486.1347342610183
15,8,343.0903858563457
14,8,100.0
13,8,100.0
12,8,135.5596602234614
12,9,100.0
12,8,100.0
12,7,218.62304857291275
12,6,222.48086196572498
12,5,100.0
12,4,363.3790547295505
12,3,287.06799017216827
13,3,248.31428481739653
12,3,100.0
13,3,100.0
14,3,100.0
13,3,114.81041658403737
14,3,100.0
13,3,122.67214683036453
13,2,100.0
13,1,183.93551000548757
