16,-15,100.0
16,-14,304.85199409482834
16,-13,166.5499347582119
16,-12,262.4805626331149
16,-11,346.77790225514974
15,-11,100.0
14,-11,100.0
15,-11,129.8659815614187
14,-11,122.46138919063614
14,-10,229.85408113779306
13,-10,183.4109012110868
12,-10,305.52855805994943
11,-10,319.9688271534435
11,-9,100.0
12,-9,213.20844149014366
12,-8,444.8932104105845
11,-8,100.0
11,-7,363.48784847673244
10,-7,167.4953578587307
9,-7,266.2528661104742
8,-7,167.36757043383705
8,-6,383.63881463909354
8,-5,438.29787599602065
8,-4,452.3965370624836
7,-4,188.1654964900881
7,-5,674.0190557967518
7,-4,240.6843374315045
8,-4,543.067189605128
7,-4,437.01806876700397
6,-4,170.89742421219034
6,-3,363.6155918313618
5,-3,591.8313339355568
4,-3,431.51613612898285
4,-2,372.6471458684214
4,-1,973.2234460310564
5,-1,580.6340733678021
4,-1,356.63931443761123
3,-1,576.7346792834052
2,-1,876.2107158764804
2,0,880.3463124360039
2,1,827.7849393680076
2,2,616.845676863943
1,2,783.5925775957724
0,2,622.9664912496854
0,3,798.8139232546661
-1,3,674.0796829290556
0,3,658.503739889973
-1,3,447.16214440448886
-2,3,439.90540996343304
-2,4,1098.6012705156354
-2,5,773.6400893059925
-2,6,573.7131468510905
-1,6,428.2951000467467
0,6,749.7445061972409
-1,6,399.2643954697411
-2,6,551.3054776484358
-1,6,243.46283665796307
-2,6,456.51238987348177
-2,7,426.95536254635635
-1,7,443.95966255501736
-2,7,100.0
-1,7,624.941456445823
-2,7,450.139035370031
-2,6,330.45444492911923
-3,6,705.4574325098529
-3,7,438.549322969401
-4,7,322.4152200412678
-4,8,605.5351428676795
-5,8,100.0
-5,9,235.57120354451976
-6,9,856.6862495900517
-5,9,407.12702549258927
-5,10,365.1760286278885
-6,10,273.511239510521
-7,10,337.0776206061412
-8,10,100.0
-9,10,224.20120721898385
-10,10,170.51486757693385
-11,10,100.0
-12,10,100.0
-13,10,287.1766775674355
-13,9,192.65160518263352
-13,10,187.9605698817869
-12,10,160.4998151412985
-12,11,100.0
-13,11,106.09082183624375
-13,10,299.5790914379321
-13,11,137.37041165045073
-14,11,100.0
-15,11,100.0
-15,12,288.37886355401224
-16,12,100.0
-16,11,186.44643501488338
-15,11,100.0
-16,11,108.22253821218195
-15,11,270.3211446351793
-15,10,364.8054107719243
-14,10,100.0
-14,11,100.0
-14,12,451.00791746158797
-14,11,256.00510976038845
-13,11,544.2483392598214
-12,11,100.0
-12,10,223.29736073477312
-12,9,216.06145947536658
-11,9,117.07940809436926
-11,8,133.76765548760721
-11,7,218.11723090800177
-11,8,100.0
-11,7,313.0072835888062
-12,7,100.0
-12,8,739.4112655597014
-13,8,103.24666334821146
-12,8,340.64615574816867
-12,9,286.873583481416
-11,9,699.1584854663332
-11,8,100.0
-10,8,283.98874616756444
-10,7,100.0
-9,7,490.94016052618997
-9,8,346.0770895605347
-10,8,150.5922987807493
-10,7,100.0
-9,7,548.2597089899534
-10,7,458.11038433083127
-10,6,159.0564067837413
-10,5,288.72898518442054
-9,5,141.77082245940272
-8,5,404.72566279359955
-8,4,160.35940045406676
-8,3,449.7358613597697
-8,2,312.1598268107699
-8,1,870.8551427353378
-7,1,294.3873685960031
-7,0,157.74489186104444
-7,-1,604.2414872636438
-7,-2,154.40782300901418
-6,-2,553.2431768712919
-6,-3,315.3202146688933
-6,-4,305.21237284693086
-5,-4,116.96253040191289
-4,-4,386.17861940160515
-3,-4,294.97658322673664
-3,-3,288.2366131483894
-3,-4,805.5847335608221
-3,-3,238.19147491656207
-3,-4,726.0478190085774
-3,-5,387.64252268963503
-4,-5,332.74370025195185
-3,-5,141.91874176849785
-2,-5,564.783486113069
-2,-6,513.6538008872244
-1,-6,100.0
-1,-7,229.20162729127748
0,-7,690.8710342429977
0,-8,532.998449053303
-1,-8,509.5059886242044
-2,-8,566.7205316513905
-3,-8,115.34141450683069
-2,-8,683.936328637544
-1,-8,783.7315991488051
-2,-8,163.22009915856367
-3,-8,197.04514078150538
-4,-8,100.0
-3,-8,291.8287149039571
-4,-8,765.0398880337572
-3,-8,100.0
-4,-8,256.8451408570922
-3,-8,357.43526951312896
-2,-8,352.4871921740404
-3,-8,465.68720834918474
-4,-8,308.25142978705435
-5,-8,323.6381594716513
-6,-8,763.2690792670568
-5,-8,283.2617200830196
-6,-8,100.0
-5,-8,401.7670888935616
-6,-8,175.27871335601407
-7,-8,174.45659420405988
-6,-8,425.76374599977265
-5,-8,398.0714101241187
-6,-8,448.9596225394991
-7,-8,572.4079894829414
-8,-8,599.8997331657337
-9,-8,251.19393136821742
-10,-8,485.8606104296073
-11,-8,113.7637971977964
-12,-8,380.1942813929195
-11,-8,394.7371918424425
-12,-8,100.0
-13,-8,100.0
-14,-8,100.0
-15,-8,100.0
-16,-8,100.0
-17,-8,230.65658071611398
-16,-8,232.09165179075987
-15,-8,553.9423532265698
-15,-7,546.773212761307
-14,-7,100.0
-14,-8,100.0
-13,-8,345.9295775552174
-12,-8,478.12792404118295
-11,-8,630.8884492335455
-11,-7,338.2043668994785
-10,-7,620.5741396139622
-9,-7,273.81002881783616
-10,-7,315.7157793557059
-9,-7,100.0
-9,-8,191.92938459055986
-9,-7,166.97436855829093
-8,-7,306.94285639314796
-7,-7,105.35710964495838
-7,-8,693.1130340087245
-6,-8,153.94904223044108
-5,-8,547.6101699826789
-5,-9,122.54038344560726
-6,-9,119.23916980008194
-5,-9,576.6666449242005
-4,-9,112.2855100592626
-5,-9,196.7118293532048
-4,-9,664.7611341436159
-3,-9,339.2654456903052
-3,-10,585.5166724810832
-3,-11,260.87284800951886
-2,-11,582.9930271429301
-1,-11,352.8513262906032
0,-11,337.17136726652114
1,-11,145.00773019001832
0,-11,177.37985127668145
1,-11,463.932488635884
1,-12,523.8114622330656
0,-12,326.81951679188126
-1,-12,100.0
0,-12,226.3351180296485
0,-13,227.8556216400787
1,-13,547.4894498224626
2,-13,196.41837417063627
2,-14,149.86049272098222
3,-14,134.4611179475204
4,-14,100.0
5,-14,133.70069055093302
6,-14,190.94429714753548
6,-15,100.0
7,-15,320.97653881958377
7,-14,185.28171090637872
6,-14,234.88028105290547
7,-14,206.81443327189265
8,-14,216.83619377980693
9,-14,216.8294544353315
10,-14,100.0
11,-14,238.5219167402226
12,-14,100.0
13,-14,100.0
14,-14,100.0
14,-15,100.0
15,-15,100.0
14,-15,182.92812061336022
14,-16,100.0
14,-17,100.0
14,-16,279.4250798808132
15,-16,100.0
16,-16,100.0
16,-17,100.0
16,-18,100.0
16,-19,100.0
16,-20,100.0
17,-20,100.0
18,-20,100.0
19,-20,100.0
20,-20,100.0
20,-19,100.0
20,-18,100.0
20,-17,100.0
20,-16,100.0
20,-17,100.75671355073493
20,-18,100.0
20,-17,100.0
20,-16,100.0
20,-15,100.0
20,-14,158.06588112272956
20,-13,100.0
20,-12,100.0
20,-11,103.03425291932808
20,-10,100.0
20,-9,125.30252575949345
20,-8,135.41276657245785
19,-8,100.0
18,-8,154.9334228296635
17,-8,209.112501240254
16,-8,100.0
15,-8,100.0
14,-8,100.0
13,-8,128.98333681323038
12,-8,363.539870251552
11,-8,100.0
10,-8,525.2867339328227
10,-7,216.66170755107706
9,-7,657.0217700324338
8,-7,442.4972453581179
7,-7,274.52033414615903
7,-8,694.7565805691444
6,-8,100.0
5,-8,366.7894867300488
6,-8,342.32459464427626
6,-9,471.4301773069477
5,-9,100.0
4,-9,287.13450420269874
3,-9,304.97947280933397
4,-9,100.0
5,-9,190.24188906090671
4,-9,278.40659464601305
4,-10,100.0
3,-10,1012.3930097179764
4,-10,383.4106272282899
4,-11,400.7109716853439
3,-11,588.2775079695875
2,-11,260.32188738890727
1,-11,282.53617025100823
0,-11,111.26059050986782
-1,-11,328.6561804632166
-1,-12,676.6758948163463
-2,-12,204.01457920057305
-3,-12,147.48902633103188
-3,-13,280.16611661103184
-4,-13,145.70351589255418
-5,-13,204.52557209625178
-6,-13,479.91874008192326
-5,-13,212.10018850042056
-6,-13,235.31781348605864
-6,-14,100.0
-7,-14,169.3939740130274
-6,-14,405.5207021613693
-7,-14,144.96333892210308
-7,-15,336.72277696968445
-8,-15,100.0
-9,-15,100.0
-10,-15,373.3806688315124
-11,-15,577.6564688805397
-10,-15,245.1858682753185
-11,-15,100.0
-12,-15,392.2385047410018
-13,-15,100.0
-14,-15,109.77910181637611
-15,-15,100.0
-15,-16,100.0
-16,-16,100.0
-17,-16,100.0
-18,-16,100.0
-19,-16,100.0
-20,-16,100.0
-19,-16,100.0
-19,-17,100.0
-18,-17,100.0
-18,-16,100.0
-17,-16,100.0
-16,-16,100.0
-15,-16,100.0
-15,-15,100.0
-14,-15,100.0
-13,-15,382.72310793888937
-12,-15,112.37342827664348
-12,-16,100.0
-12,-15,125.66928914421311
-13,-15,100.0
-12,-15,199.93656073661668
-11,-15,176.60590588668546
-10,-15,192.52727642991664
-9,-15,256.56264302830255
-8,-15,167.82631745055048
-9,-15,348.8467770094211
-9,-16,113.68167265367883
-9,-15,138.5860675239444
-8,-15,240.0030611891831
-8,-14,541.2009062316413
-7,-14,249.4824440411593
-6,-14,212.9277219327541
-5,-14,628.2809043015563
-5,-13,100.0
-4,-13,219.93393605679518
-3,-13,145.17907008656508
-2,-13,243.57663530736855
-1,-13,100.0
-1,-12,314.93152502865536
-2,-12,498.09132129957374
-1,-12,285.4265447550462
-1,-11,670.1413487156747
-1,-12,292.80563421965223
-2,-12,227.15413171250518
-1,-12,445.745498810172
-1,-11,100.0
0,-11,113.56225613143921
0,-10,930.3993250522215
0,-9,383.1736766316476
-1,-9,502.9278255474002
0,-9,362.11226427341205
1,-9,304.67222472586263
0,-9,402.25085824502366
-1,-9,393.50067711641293
0,-9,620.2018057116827
-1,-9,342.95479115417885
0,-9,284.542638640815
1,-9,267.5007710288116
2,-9,339.73335298965844
2,-8,296.4936663784105
3,-8,351.28163932355744
4,-8,403.1418416830202
4,-9,246.86001275576518
3,-9,334.14475790189147
2,-9,562.4377369442875
1,-9,564.7842516421248
1,-10,712.3098460252502
0,-10,168.30429936504913
0,-11,100.0
0,-12,100.0
0,-11,100.0
1,-11,249.1250634959295
1,-12,100.0
2,-12,491.9104033675996
2,-11,576.1052774297502
2,-10,757.8915547507017
2,-9,100.0
3,-9,255.7708852942968
2,-9,194.68511760746603
2,-8,337.6886441803333
2,-9,319.64142378873055
3,-9,429.1928852484764
3,-8,381.3806777406125
4,-8,250.86906734066645
5,-8,184.56348632806154
6,-8,227.8361942922478
6,-7,103.03825933486297
6,-6,361.7625035521226
7,-6,262.78409236401984
7,-7,370.17213500226296
6,-7,486.8862616050081
7,-7,135.10627157621897
8,-7,180.83781914273752
8,-6,259.1401114196025
7,-6,247.58501883822964
7,-5,100.0
7,-4,248.66626676142783
8,-4,708.6364067129709
9,-4,739.1527485520073
9,-3,100.0
9,-2,100.0
10,-2,1221.5015030979462
9,-2,355.50967665746015
10,-2,626.2592967626867
10,-1,210.58878149598203
11,-1,610.2625946626845
11,0,736.2433814529196
12,0,728.8188387277487
12,1,383.430448439893
12,2,100.0
13,2,100.0
13,3,100.0
12,3,261.3757567072255
12,4,161.18822616799656
13,4,517.5257511326054
12,4,331.6264886289392
12,5,144.73739344257646
13,5,472.2686201827848
14,5,100.0
13,5,128.74538726508317
13,4,498.63988991553975
14,4,100.0
14,5,100.0
15,5,146.877671656333
16,5,309.3962304468663
17,5,108.03482838945071
18,5,100.0
18,6,100.0
18,7,100.0
18,8,653.9435865043089
19,8,100.0
20,8,100.0
19,8,100.0
18,8,100.0
17,8,273.6233593654646
16,8,100.0
15,8,100.0
14,8,302.45227080510125
13,8,128.34192407898308
12,8,597.0920609666182
12,9,100.0
12,8,410.8358834763906
12,7,266.55755557694295
12,6,191.18097181156125
12,5,212.05620776981658
12,4,100.0
12,3,298.10737168559297
13,3,353.0254746338266
12,3,100.0
13,3,180.56805505250213
14,3,282.51476514607106
13,3,100.0
14,3,100.0
13,3,345.82482217902435
13,2,100.0
13,1,323.5714039587133
