16,-15,149.20948229998137
16,-15,50.0
16,-14,134.50344084597808
16,-14,50.0
16,-13,83.81010888290507
16,-13,50.0
16,-12,50.0
16,-12,50.0
16,-11,82.3841196347702
16,-11,86.05057625302892
15,-11,50.0
15,-11,54.10738824212335
14,-11,50.0
14,-11,50.0
15,-11,50.0
15,-11,50.0
14,-11,68.84730685069796
14,-11,541.3308281586203
14,-10,225.9756650522338
14,-10,214.48291221065165
13,-10,68.79362921165446
13,-10,234.67920186979563
12,-10,181.72267830410496
12,-10,130.48533426306295
11,-10,52.704880266927134
11,-10,65.82218660228892
11,-9,278.3349803907363
11,-9,104.85515661476327
12,-9,198.0520089678613
12,-9,191.95085348209597
12,-8,222.5758167819214
12,-8,149.48185153509365
11,-8,161.7337444436103
11,-8,134.43389217082168
11,-7,149.38983885527676
11,-7,253.91715831604313
10,-7,131.10080258351033
10,-7,50.0
9,-7,50.0
9,-7,50.0
8,-7,135.75376840143218
8,-7,189.15617542822866
8,-6,171.35701527371066
8,-6,117.61211237221215
8,-5,348.2329507491743
8,-5,366.434489138806
8,-4,203.9458287189801
8,-4,364.2888853037573
7,-4,67.25929210782303
7,-4,208.85749623717518
7,-5,252.72411753436836
7,-5,231.7661682127114
7,-4,233.52986323582323
7,-4,230.25946500663818
8,-4,299.9134909794803
8,-4,376.99918744111557
7,-4,50.0
7,-4,111.66897040511215
6,-4,50.0
6,-4,69.56717081235163
6,-3,503.47842281726116
6,-3,204.41871669113473
5,-3,135.78629714484123
5,-3,429.1190397295789
4,-3,242.1148063849782
4,-3,179.01382046911112
4,-2,648.0544886842229
4,-2,429.53202688701367
4,-1,369.67668270823054
4,-1,181.6417557421885
5,-1,304.9009030884522
5,-1,271.604326340432
4,-1,554.8120718439429
4,-1,343.36818749351727
3,-1,392.78361107958364
3,-1,468.3221862266714
2,-1,623.0985841637614
2,-1,352.4697871250044
2,0,343.6594949333601
2,0,131.17021629259767
2,1,232.1667041779041
2,1,320.3753730231411
2,2,397.85780970691445
2,2,452.5217971619751
1,2,342.5720948345722
1,2,497.0505577467037
0,2,536.2043674502321
0,2,261.5323787003226
0,3,900.0
0,3,639.8160409473846
-1,3,464.4923489810534
-1,3,445.443811252263
0,3,488.22186442932747
0,3,324.98721584654214
-1,3,395.6777019924045
-1,3,246.2985737771054
-2,3,370.4084680328169
-2,3,344.81586100101885
-2,4,371.17951286850536
-2,4,456.05755868596395
-2,5,234.18500447562664
-2,5,390.5594913087174
-2,6,224.5370356167233
-2,6,123.5483140258923
-1,6,319.1724049789356
-1,6,275.4217166162705
0,6,313.633516255311
0,6,132.6017814731077
-1,6,157.07377605716817
-1,6,373.9770731941564
-2,6,242.26852133413925
-2,6,50.0
-1,6,221.53538622568146
-1,6,202.6834453159314
-2,6,318.9361677353413
-2,6,116.60888686710739
-2,7,342.06345369840886
-2,7,50.0
-1,7,419.44726764397393
-1,7,162.65986325393106
-2,7,233.59631370526242
-2,7,168.53384206215856
-1,7,357.77034914691137
-1,7,254.1797497449441
-2,7,265.14784590861046
-2,7,222.89611801841866
-2,6,244.6061011435354
-2,6,544.6237176760485
-3,6,477.5611802449105
-3,6,441.448837232288
-3,7,271.37343325580963
-3,7,244.7711057101185
-4,7,168.56154108002792
-4,7,50.0
-4,8,204.6842216990416
-4,8,406.847720122116
-5,8,229.76931016704435
-5,8,100.75750092193655
-5,9,395.59453428178756
-5,9,335.0743559702029
-6,9,140.97749630017577
-6,9,169.42406503643835
-5,9,246.53238879301787
-5,9,110.05785452555361
-5,10,377.8942244553043
-5,10,218.64492145222405
-6,10,145.56696354341625
-6,10,380.04946318120744
-7,10,525.9178914940647
-7,10,257.58362270735876
-8,10,164.23640003533305
-8,10,50.0
-9,10,157.39308631154648
-9,10,50.0
-10,10,60.2043309834371
-10,10,332.52417199591656
-11,10,184.41306201360447
-11,10,237.6137512971222
-12,10,100.21553785403302
-12,10,50.0
-13,10,50.0
-13,10,81.68973152779178
-13,9,50.0
-13,9,50.0
-13,10,304.32628875852583
-13,10,50.0
-12,10,117.2720972874817
-12,10,181.44528006192894
-12,11,330.5130405508336
-12,11,133.94144817801845
-13,11,167.9702008273163
-13,11,210.48843285064402
-13,10,175.20675136279573
-13,10,50.0
-13,11,119.28149698169645
-13,11,202.81445715129803
-14,11,50.0
-14,11,50.0
-15,11,297.47537269281725
-15,11,50.0
-15,12,123.9982896753076
-15,12,50.0
-16,12,53.28221406934206
-16,12,233.1702087937026
-16,11,50.0
-16,11,50.0
-15,11,50.0
-15,11,50.0
-16,11,253.05778862655757
-16,11,98.96094816974417
-15,11,50.0
-15,11,204.72052843959577
-15,10,154.36957588270786
-15,10,50.0
-14,10,108.08489189148926
-14,10,389.6939431170856
-14,11,201.60378184781968
-14,11,306.9177914767155
-14,12,138.00782082875793
-14,12,88.0178730165887
-14,11,180.3505860153059
-14,11,50.0
-13,11,50.0
-13,11,50.0
-12,11,167.00416781736777
-12,11,171.13792124398768
-12,10,81.56278221171928
-12,10,195.19099999465632
-12,9,50.0
-12,9,384.96668359731217
-11,9,291.1905040609165
-11,9,213.88200536995527
-11,8,228.6333720756519
-11,8,352.59640439521456
-11,7,137.7219418593051
-11,7,226.32019149932475
-11,8,87.6058275033163
-11,8,216.8315222775184
-11,7,151.615776278605
-11,7,106.27006012341973
-12,7,115.31943263785435
-12,7,280.03126560037623
-12,8,50.0
-12,8,50.0
-13,8,195.96575471655856
-13,8,173.07382319705343
-12,8,50.0
-12,8,50.0
-12,9,237.3032205035242
-12,9,118.01309035433461
-11,9,173.88739831192154
-11,9,326.3769142134637
-11,8,367.19391057784196
-11,8,211.08982553101637
-10,8,201.8516092377803
-10,8,496.8843529501636
-10,7,285.3628272761656
-10,7,50.0
-9,7,262.6441994435081
-9,7,201.17763226005872
-9,8,345.30715929160885
-9,8,50.0
-10,8,256.7192152522352
-10,8,397.4652714837275
-10,7,50.0
-10,7,278.1783708005293
-9,7,50.0
-9,7,50.0
-10,7,182.73271434206742
-10,7,153.93723457138697
-10,6,277.8171220828546
-10,6,384.93369819636905
-10,5,180.3707989719306
-10,5,50.0
-9,5,171.87362674129938
-9,5,50.0
-8,5,326.7545665309834
-8,5,370.5030483336845
-8,4,300.0599215299463
-8,4,361.25481306972836
-8,3,370.21855945991314
-8,3,367.25714172953747
-8,2,332.9824587582167
-8,2,50.0
-8,1,290.46172440040635
-8,1,268.5021977230267
-7,1,434.98741198601294
-7,1,234.98594475193832
-7,0,140.73608836474926
-7,0,121.10575898729965
-7,-1,323.8530036025301
-7,-1,189.39111264674636
-7,-2,196.46632319837352
-7,-2,498.72076779463
-6,-2,404.6421908572382
-6,-2,318.10907476436773
-6,-3,615.249776365465
-6,-3,50.63881857898281
-6,-4,281.57854255798304
-6,-4,334.010590947947
-5,-4,215.02635610344623
-5,-4,96.20164573440297
-4,-4,347.95298882295555
-4,-4,486.55731457741297
-3,-4,551.8369166979064
-3,-4,262.1410547728977
-3,-3,190.24919711596618
-3,-3,344.10829421112857
-3,-4,50.0
-3,-4,249.6938550726088
-3,-3,368.22433568650604
-3,-3,50.0
-3,-4,251.172329448058
-3,-4,50.0
-3,-5,174.89937317914388
-3,-5,193.13845750011234
-4,-5,294.9314965056856
-4,-5,205.1189878924697
-3,-5,137.57942186050644
-3,-5,431.9478335108428
-2,-5,479.27260719497264
-2,-5,326.5813998667037
-2,-6,299.136354159158
-2,-6,311.42223489199614
-1,-6,70.44848481129546
-1,-6,423.7354822935882
-1,-7,224.19833360863117
-1,-7,554.5294424067641
0,-7,456.2919902053735
0,-7,301.3878109196645
0,-8,271.3944727340956
0,-8,420.95860355383775
-1,-8,61.65417609158985
-1,-8,245.20345228761377
-2,-8,249.21545204441895
-2,-8,50.0
-3,-8,179.24230098291093
-3,-8,530.3952229118908
-2,-8,273.75678345359864
-2,-8,206.3464904663923
-1,-8,104.63400305959914
-1,-8,475.9615204321986
-2,-8,374.4353120078763
-2,-8,70.05050368779214
-3,-8,180.6622281491943
-3,-8,211.75802549117915
-4,-8,219.75756829386108
-4,-8,292.57325973077377
-3,-8,199.3494499676046
-3,-8,249.4657662099597
-4,-8,369.1152445562175
-4,-8,237.81965631475492
-3,-8,409.1713025991556
-3,-8,255.79695473864183
-4,-8,447.91176591891127
-4,-8,246.15293504488517
-3,-8,333.9808090021188
-3,-8,152.26744001199782
-2,-8,212.77750781945434
-2,-8,324.5331604439131
-3,-8,222.20078236170136
-3,-8,284.78189133638585
-4,-8,351.01909831141484
-4,-8,94.57727688771975
-5,-8,380.51784958410326
-5,-8,85.9744867866487
-6,-8,435.2438757579744
-6,-8,289.3612716949963
-5,-8,221.34439807069393
-5,-8,50.0
-6,-8,508.82569235992503
-6,-8,50.870517550738526
-5,-8,246.35307647308755
-5,-8,238.1373188761343
-6,-8,50.0
-6,-8,51.396386012789264
-7,-8,588.8315438462507
-7,-8,50.0
-6,-8,164.2641411011377
-6,-8,50.0
-5,-8,292.9776990719416
-5,-8,137.80972815615718
-6,-8,454.5356601470395
-6,-8,370.42251812062386
-7,-8,490.54370788800907
-7,-8,390.9393536630472
-8,-8,185.70339001324953
-8,-8,134.25238687825973
-9,-8,50.0
-9,-8,410.35832392001885
-10,-8,188.96938605285388
-10,-8,171.11185557707918
-11,-8,178.1851377921858
-11,-8,238.05259831916106
-12,-8,50.0
-12,-8,53.15154573296242
-11,-8,135.82522439296122
-11,-8,271.57927262172484
-12,-8,230.53294617709577
-12,-8,171.33554216715208
-13,-8,174.94501823743815
-13,-8,97.38319905833832
-14,-8,402.4917164259543
-14,-8,50.0
-15,-8,53.381912665954324
-15,-8,50.0
-16,-8,50.0
-16,-8,65.25175972379769
-17,-8,275.918722714875
-17,-8,50.0
-16,-8,50.0
-16,-8,50.0
-15,-8,88.2055253049634
-15,-8,278.8613572746471
-15,-7,269.0124543574084
-15,-7,235.60979957776283
-14,-7,50.0
-14,-7,50.0
-14,-8,103.82505782273839
-14,-8,50.0
-13,-8,96.97593373943079
-13,-8,50.0
-12,-8,313.0968132984702
-12,-8,50.0
-11,-8,106.97543846350858
-11,-8,181.04207200675864
-11,-7,50.0
-11,-7,134.31095196428234
-10,-7,237.0453730525179
-10,-7,217.17698418813683
-9,-7,505.8315935833001
-9,-7,68.80303428571179
-10,-7,238.7620772942125
-10,-7,114.16744986533382
-9,-7,50.0
-9,-7,116.93773873019546
-9,-8,381.11107149241127
-9,-8,149.67138531447756
-9,-7,50.0
-9,-7,65.29148342435259
-8,-7,74.57784199712249
-8,-7,214.35444790772746
-7,-7,372.04993891785136
-7,-7,113.09665653806512
-7,-8,104.95122909378132
-7,-8,50.0
-6,-8,164.81648486853288
-6,-8,256.8672801798622
-5,-8,442.8540727209755
-5,-8,331.74572884431564
-5,-9,123.37884457457409
-5,-9,213.64749915813678
-6,-9,90.4476754790328
-6,-9,237.47842726026934
-5,-9,120.1315012717083
-5,-9,80.42893584314254
-4,-9,50.0
-4,-9,250.0109271029743
-5,-9,459.44424215442206
-5,-9,251.7118624252887
-4,-9,125.75264393162577
-4,-9,112.5919422984804
-3,-9,302.77683227152176
-3,-9,50.0
-3,-10,300.86044002927383
-3,-10,85.13159087777686
-3,-11,313.1707073468277
-3,-11,278.6677091784261
-2,-11,155.3984647465232
-2,-11,595.2189185946706
-1,-11,135.17927563149993
-1,-11,122.78894666666197
0,-11,133.338126286872
0,-11,285.73114157863995
1,-11,198.88999539546745
1,-11,238.46314296260908
0,-11,180.66238631811353
0,-11,251.40556405124394
1,-11,170.2143853324173
1,-11,153.92716872161907
1,-12,258.81423663678663
1,-12,68.37598469543977
0,-12,203.0381861026469
0,-12,157.24299677714725
-1,-12,286.0040415596691
-1,-12,161.57658198178555
0,-12,60.89843815870246
0,-12,253.8201179095181
0,-13,95.47248455822219
0,-13,140.06713744010986
1,-13,69.10031900024727
1,-13,88.97130494606014
2,-13,237.63553514414343
2,-13,260.23839367234615
2,-14,213.203475332555
2,-14,105.22584063985809
3,-14,50.0
3,-14,71.27231879210066
4,-14,159.86578837411162
4,-14,50.0
5,-14,50.0
5,-14,230.05844461210492
6,-14,124.89448962106482
6,-14,121.53796457520221
6,-15,71.47987647543482
6,-15,57.4290199698403
7,-15,302.2015690486397
7,-15,267.92744752972703
7,-14,146.15787035265114
7,-14,185.40098367880904
6,-14,325.69250553995465
6,-14,50.0
7,-14,72.86302460597149
7,-14,50.0
8,-14,50.0
8,-14,175.18765673467638
9,-14,193.84177235108558
9,-14,63.658573212086324
10,-14,50.0
10,-14,208.75824020690547
11,-14,66.49769111579613
11,-14,50.0
12,-14,50.0
12,-14,50.0
13,-14,50.0
13,-14,50.0
14,-14,50.0
14,-14,84.98569447488299
14,-15,50.0
14,-15,50.0
15,-15,290.2607955353535
15,-15,380.3802088818847
14,-15,224.0673047350559
14,-15,50.0
14,-16,50.0
14,-16,50.0
14,-17,62.15021591476635
14,-17,155.75559418696835
14,-16,95.2675581400412
14,-16,50.0
15,-16,50.0
15,-16,142.43262839164495
16,-16,50.0
16,-16,50.0
16,-17,50.0
16,-17,50.0
16,-18,50.0
16,-18,50.0
16,-19,50.0
16,-19,152.52242349135508
16,-20,50.0
16,-20,50.0
17,-20,50.0
17,-20,50.0
18,-20,50.0
18,-20,50.0
19,-20,124.835747637412
19,-20,50.0
20,-20,165.68687197877313
20,-20,50.0
20,-19,146.70944300198852
20,-19,50.0
20,-18,50.0
20,-18,50.0
20,-17,50.0
20,-17,50.0
20,-16,50.0
20,-16,50.0
20,-17,50.0
20,-17,128.97606659255155
20,-18,50.0
20,-18,56.60451665782776
20,-17,50.0
20,-17,50.0
20,-16,50.0
20,-16,50.0
20,-15,50.0
20,-15,50.0
20,-14,50.0
20,-14,66.03793231957316
20,-13,50.0
20,-13,50.0
20,-12,79.0417668801043
20,-12,135.14433743058103
20,-11,188.34994550117005
20,-11,50.0
20,-10,50.0
20,-10,50.0
20,-9,70.23831784712017
20,-9,50.0
20,-8,174.00673418094397
20,-8,50.0
19,-8,50.0
19,-8,50.0
18,-8,50.0
18,-8,89.67350353208339
17,-8,199.0052812265026
17,-8,50.0
16,-8,230.88909601888787
16,-8,50.0
15,-8,50.0
15,-8,92.84859651087761
14,-8,102.13896177385767
14,-8,50.0
13,-8,164.88774250138016
13,-8,50.0
12,-8,187.8671321723305
12,-8,50.0
11,-8,295.84834269814473
11,-8,143.2472251811154
10,-8,50.0
10,-8,142.37649390844294
10,-7,116.74365468485047
10,-7,398.4988274707889
9,-7,247.0964680860556
9,-7,63.82358783567312
8,-7,185.3299354182856
8,-7,195.55738737546878
7,-7,66.64282031450094
7,-7,565.3309852769055
7,-8,358.80198565458704
7,-8,100.11684371252605
6,-8,268.27861653940437
6,-8,287.49936525284625
5,-8,304.287397015338
5,-8,402.0223897014753
6,-8,147.54587609373363
6,-8,204.81984621543
6,-9,85.19128827945369
6,-9,302.8056368535275
5,-9,140.80198836337388
5,-9,54.04365250961985
4,-9,333.467462955603
4,-9,317.30654171327757
3,-9,99.0535141345851
3,-9,184.83643271193898
4,-9,466.5301817964853
4,-9,213.9877907431427
5,-9,50.0
5,-9,50.0
4,-9,216.5577256026599
4,-9,50.0
4,-10,256.5107371350403
4,-10,221.29889704377206
3,-10,129.17618667619095
3,-10,213.3381172496951
4,-10,341.84487053205385
4,-10,165.02950345360443
4,-11,221.30551131336597
4,-11,278.9525177013456
3,-11,486.5302068297467
3,-11,217.09918782917137
2,-11,191.20245103713643
2,-11,50.0
1,-11,50.0
1,-11,50.0
0,-11,144.78869343785794
0,-11,169.75750675096626
-1,-11,50.0
-1,-11,352.32024808733996
-1,-12,50.0
-1,-12,181.4814567838301
-2,-12,165.57606378776444
-2,-12,89.38472047708908
-3,-12,123.98507448214724
-3,-12,130.38065263445614
-3,-13,50.0
-3,-13,211.04982865621957
-4,-13,241.2527854032088
-4,-13,233.66735378038913
-5,-13,63.91807849982624
-5,-13,299.48991625777603
-6,-13,186.41527626853158
-6,-13,50.0
-5,-13,71.39115133914069
-5,-13,87.58148875737608
-6,-13,395.9460012628021
-6,-13,214.55186297596364
-6,-14,256.9182543745284
-6,-14,166.3063977087946
-7,-14,287.3205710108692
-7,-14,50.0
-6,-14,141.69032609925577
-6,-14,373.578198432477
-7,-14,312.06020015323634
-7,-14,50.0
-7,-15,121.06890940698574
-7,-15,50.0
-8,-15,50.0
-8,-15,161.94648300312676
-9,-15,403.60430678709577
-9,-15,50.0
-10,-15,160.7405057268331
-10,-15,106.37552324057569
-11,-15,218.54758959679478
-11,-15,148.66109992916785
-10,-15,50.0
-10,-15,196.00768621794256
-11,-15,75.15270928295685
-11,-15,95.04867732475306
-12,-15,50.0
-12,-15,50.0
-13,-15,150.57221163779764
-13,-15,50.0
-14,-15,50.0
-14,-15,50.0
-15,-15,50.0
-15,-15,50.0
-15,-16,50.0
-15,-16,130.83069454729684
-16,-16,50.0
-16,-16,183.58943100220336
-17,-16,50.0
-17,-16,50.0
-18,-16,50.0
-18,-16,57.759375132592
-19,-16,50.0
-19,-16,50.0
-20,-16,50.0
-20,-16,57.26629972302534
-19,-16,50.0
-19,-16,50.0
-19,-17,50.0
-19,-17,50.0
-18,-17,50.0
-18,-17,50.0
-18,-16,50.0
-18,-16,213.23244390209044
-17,-16,50.0
-17,-16,50.0
-16,-16,50.0
-16,-16,50.0
-15,-16,122.4904632270896
-15,-16,68.1318316234147
-15,-15,50.0
-15,-15,50.0
-14,-15,64.33779920961682
-14,-15,50.0
-13,-15,148.21993336924314
-13,-15,50.0
-12,-15,50.0
-12,-15,187.38828010541727
-12,-16,50.0
-12,-16,50.0
-12,-15,78.4074521155864
-12,-15,209.5263215675683
-13,-15,56.156303452139156
-13,-15,85.12082300423214
-12,-15,161.06212055873135
-12,-15,50.0
-11,-15,50.0
-11,-15,141.43494983343794
-10,-15,268.737192256864
-10,-15,50.0
-9,-15,173.50595421849943
-9,-15,50.0
-8,-15,162.6022652102807
-8,-15,65.1311636985023
-9,-15,121.6885914112997
-9,-15,56.01027525246567
-9,-16,223.04734003719355
-9,-16,51.74526976304027
-9,-15,50.0
-9,-15,50.0
-8,-15,70.55118209186324
-8,-15,97.98895238824511
-8,-14,50.0
-8,-14,272.0603605709406
-7,-14,110.65636855282703
-7,-14,50.0
-6,-14,50.0
-6,-14,75.60657611613838
-5,-14,50.0
-5,-14,178.77874448071492
-5,-13,394.52434383247953
-5,-13,50.0
-4,-13,277.77752439261246
-4,-13,50.0
-3,-13,182.06144849933258
-3,-13,199.4743330159162
-2,-13,175.78534612522822
-2,-13,194.70980094610945
-1,-13,50.0
-1,-13,263.54918006532046
-1,-12,60.94373913501474
-1,-12,345.8662263385999
-2,-12,76.25247254535216
-2,-12,50.0
-1,-12,230.24899760281687
-1,-12,266.3044607510344
-1,-11,222.16634586822528
-1,-11,307.88532482769847
-1,-12,162.99192220865723
-1,-12,109.41460084813968
-2,-12,83.54957230635898
-2,-12,80.36450096812462
-1,-12,176.1821840617302
-1,-12,169.94069910074248
-1,-11,50.0
-1,-11,143.10782326380172
0,-11,50.0
0,-11,50.0
0,-10,118.90972540734627
0,-10,374.42932495920763
0,-9,434.5359568416368
0,-9,153.61792887930375
-1,-9,335.7680563369268
-1,-9,124.66229173662532
0,-9,158.12711973462336
0,-9,246.07032604479735
1,-9,227.81522173901763
1,-9,334.0580789435481
0,-9,278.68950159930955
0,-9,282.413041949716
-1,-9,202.10132778220355
-1,-9,248.03746711436193
0,-9,144.46462605051897
0,-9,146.6553267587695
-1,-9,50.0
-1,-9,434.7939616407069
0,-9,318.925348643255
0,-9,144.15905119930602
1,-9,349.25941897517805
1,-9,176.54578507015157
2,-9,278.4357632002381
2,-9,72.47442557549451
2,-8,393.27036018248043
2,-8,125.7027381079983
3,-8,179.66548325907215
3,-8,142.1335038443919
4,-8,134.32759297199325
4,-8,442.74814745914193
4,-9,213.42172370690218
4,-9,313.45719920397596
3,-9,206.11109846605927
3,-9,192.32277684113163
2,-9,477.76178678504294
2,-9,50.0
1,-9,291.4104907345626
1,-9,577.0132680683757
1,-10,175.32908326132437
1,-10,116.92798023476753
0,-10,105.15193275766025
0,-10,147.66995724494706
0,-11,190.85886390970663
0,-11,212.09929919879585
0,-12,50.0
0,-12,50.0
0,-11,455.46171377424537
0,-11,50.0
1,-11,306.57073368527097
1,-11,50.0
1,-12,210.15546829912938
1,-12,304.0607667228255
2,-12,168.61318506700857
2,-12,302.18563474043873
2,-11,256.8260989948192
2,-11,285.56408432349247
2,-10,162.3439066306471
2,-10,56.20694373610176
2,-9,133.51961359449854
2,-9,167.82990768597642
3,-9,158.58909733015525
3,-9,677.6316720436541
2,-9,174.7455198588427
2,-9,356.8667986632975
2,-8,300.2986907292536
2,-8,275.02518823316484
2,-9,669.2987498738526
2,-9,61.14637509116923
3,-9,288.5276622983578
3,-9,50.0
3,-8,319.0001432699961
3,-8,630.609871965876
4,-8,67.32716513687143
4,-8,448.291562917413
5,-8,195.52679342471535
5,-8,226.44397176658728
6,-8,155.05222260597168
6,-8,199.50878233672952
6,-7,342.05036429651824
6,-7,59.66596700579794
6,-6,460.10015374847535
6,-6,106.64784894197842
7,-6,203.3485911746449
7,-6,166.64924735424438
7,-7,348.8895853966094
7,-7,345.1971020703493
6,-7,256.37252050675704
6,-7,334.2493979393297
7,-7,149.17457375904877
7,-7,363.4883145600496
8,-7,268.7060818246551
8,-7,237.09214944784586
8,-6,266.9010546822191
8,-6,223.44925014573923
7,-6,506.30791956283485
7,-6,137.4389546032091
7,-5,297.41389349392284
7,-5,221.06901719939452
7,-4,62.63119393981765
7,-4,335.22454918914366
8,-4,355.3081116049228
8,-4,382.6842029625876
9,-4,139.2057621417006
9,-4,237.45018266989038
9,-3,218.6940007654928
9,-3,231.40738913326697
9,-2,324.6653731280021
9,-2,305.12370326983705
10,-2,414.322453923164
10,-2,111.65647614956015
9,-2,176.19368666955688
9,-2,308.4146292900542
10,-2,218.59082265397458
10,-2,534.6456761577865
10,-1,50.0
10,-1,133.47006514629408
11,-1,415.14332380671476
11,-1,332.69811603720655
11,0,145.64984047903664
11,0,415.1256221052497
12,0,472.64031421697223
12,0,282.853420288264
12,1,192.61096074602594
12,1,205.8903873956912
12,2,214.402034886197
12,2,50.0
13,2,259.9413945751546
13,2,50.0
13,3,50.0
13,3,384.30857106610847
12,3,50.0
12,3,226.40304637409832
12,4,50.0
12,4,303.62491137492185
13,4,54.165130247642566
13,4,115.8682700354854
12,4,287.84312674868715
12,4,256.0581354287104
12,5,56.03207457105724
12,5,332.6834771129559
13,5,145.75946032636722
13,5,145.06986632807272
14,5,356.4616707898351
14,5,153.16055488729108
13,5,182.9094333782998
13,5,472.2743141353412
13,4,249.5546775354244
13,4,393.32508479822167
14,4,456.08189234252154
14,4,50.0
14,5,111.5191668405013
14,5,431.25713906024527
15,5,71.34404239134065
15,5,50.0
16,5,262.6436201515862
16,5,180.75935518159224
17,5,126.06615603833761
17,5,50.0
18,5,50.0
18,5,229.831818031847
18,6,50.0
18,6,50.0
18,7,50.0
18,7,349.98287897359603
18,8,50.0
18,8,50.0
19,8,50.0
19,8,50.0
20,8,161.50345599764563
20,8,320.2155817005415
19,8,314.69976254298956
19,8,228.1855576508609
18,8,208.83984259160792
18,8,50.0
17,8,50.0
17,8,50.0
16,8,50.0
16,8,50.0
15,8,50.0
15,8,82.73557460514569
14,8,50.0
14,8,50.0
13,8,50.0
13,8,92.46928481914694
12,8,335.9892999096551
12,8,462.6933146193318
12,9,380.68255569311793
12,9,50.0
12,8,50.0
12,8,50.0
12,7,287.2879593511343
12,7,118.22543968280144
12,6,348.2593175409837
12,6,249.50843197819142
12,5,434.1184784429023
12,5,85.14057970513423
12,4,109.41305228698053
12,4,50.0
12,3,119.15666688790637
12,3,181.69191258190415
13,3,148.81882661993208
13,3,304.27975057899675
12,3,161.80205653102757
12,3,189.0218140661101
13,3,153.55621817594394
13,3,50.0
14,3,300.5794657905298
14,3,244.36911622287198
13,3,427.0175315252448
13,3,288.217262284742
14,3,579.4635412481466
14,3,93.6207968077081
13,3,379.2681507655067
13,3,166.5809272671191
13,2,158.00700391759938
13,2,200.8567600033824
13,1,212.43738138433469
13,1,50.0
