16,-15,50.0
16,-15,284.6525189626441
16,-14,50.0
16,-14,74.97121635981755
16,-13,50.0
16,-13,50.0
16,-12,50.0
16,-12,50.0
16,-11,275.8726566734174
16,-11,50.0
15,-11,50.0
15,-11,50.0
14,-11,50.0
14,-11,50.0
15,-11,97.92555952237123
15,-11,111.24089245381057
14,-11,82.09429379079184
14,-11,50.0
14,-10,50.0
14,-10,50.0
13,-10,50.0
13,-10,129.79316428108245
12,-10,65.1735985501942
12,-10,50.0
11,-10,190.76536642311646
11,-10,235.1302029320258
11,-9,50.0
11,-9,50.0
12,-9,50.740726390557185
12,-9,50.0
12,-8,50.0
12,-8,58.23614574943537
11,-8,322.40595577628704
11,-8,50.0
11,-7,178.83463013709746
11,-7,95.51635087531086
10,-7,50.0
10,-7,50.0
9,-7,50.0
9,-7,79.49313457017078
8,-7,50.0
8,-7,171.5071740884785
8,-6,229.4531513091966
8,-6,152.52570556925275
8,-5,103.4452880134292
8,-5,237.54197025542655
8,-4,231.7038294092818
8,-4,333.88838073038744
7,-4,93.1196112584507
7,-4,319.0622101650426
7,-5,230.77191509101667
7,-5,61.6924881308465
7,-4,54.78454490303059
7,-4,281.2375006237341
8,-4,56.39828968379109
8,-4,332.4462229974424
7,-4,50.0
7,-4,277.2397422156124
6,-4,430.35245560212934
6,-4,302.05423207830836
6,-3,335.95498885131576
6,-3,436.9859564016675
5,-3,127.5949874818015
5,-3,244.34337715264343
4,-3,329.5167438780635
4,-3,50.0
4,-2,446.3623975257525
4,-2,409.62102479974135
4,-1,419.3850800890267
4,-1,66.82186044461866
5,-1,558.3914625860236
5,-1,185.28832690862862
4,-1,527.5848413073259
4,-1,314.4391422928339
3,-1,393.7339243319109
3,-1,292.68067533052454
2,-1,251.3604272858306
2,-1,245.7299829139484
2,0,258.6561069297261
2,0,247.28384263369463
2,1,249.13218954040042
2,1,209.3531477942788
2,2,518.1577549588945
2,2,362.04637879528457
1,2,225.05154247371925
1,2,809.3071868298475
0,2,289.0869144528843
0,2,270.86876926505636
0,3,500.76702456912426
0,3,144.94014026177146
-1,3,406.55466522372234
-1,3,441.2836379834424
0,3,345.5810418985457
0,3,248.40986528988094
-1,3,488.42441560145977
-1,3,322.22663828437743
-2,3,112.81666337988622
-2,3,396.26365251365
-2,4,331.74939005800263
-2,4,238.5317026943405
-2,5,202.97549080734626
-2,5,186.1500420908358
-2,6,87.5919174810098
-2,6,251.5980448687972
-1,6,267.7957539009922
-1,6,193.21715769822484
0,6,335.61820736703373
0,6,297.5629937563008
-1,6,260.6178708737583
-1,6,362.90001115662324
-2,6,109.41014399780019
-2,6,155.88569489825198
-1,6,360.2170974629809
-1,6,336.22845041664357
-2,6,195.01353339284282
-2,6,423.8203934314056
-2,7,203.71919868302396
-2,7,360.88993818085635
-1,7,330.06461601502247
-1,7,500.4576846813627
-2,7,499.01337238812937
-2,7,303.0050100947117
-1,7,232.56825320134038
-1,7,329.0835644289046
-2,7,50.0
-2,7,252.4462456027546
-2,6,279.813728546716
-2,6,410.5975353947517
-3,6,283.789991544972
-3,6,182.79011002708177
-3,7,340.1018206897657
-3,7,286.194081720118
-4,7,515.9997468223821
-4,7,50.0
-4,8,184.19096863599387
-4,8,280.2571526299088
-5,8,174.99696861804728
-5,8,227.8789031178779
-5,9,137.51247453605788
-5,9,232.44216712595215
-6,9,212.53429369757427
-6,9,217.95906981589087
-5,9,271.3317617837245
-5,9,89.12076754964116
-5,10,50.0
-5,10,231.53043349791562
-6,10,257.6181449129674
-6,10,194.33008810958867
-7,10,50.0
-7,10,267.4651187922906
-8,10,208.3974070417962
-8,10,294.0640353664071
-9,10,123.87608580935195
-9,10,147.87749432884027
-10,10,244.8086989133473
-10,10,206.82863318751794
-11,10,218.91582451337501
-11,10,87.06451223712243
-12,10,196.76342349151378
-12,10,78.2922226228537
-13,10,214.61620742113692
-13,10,281.9322873036567
-13,9,132.93697910083935
-13,9,53.908995114590354
-13,10,50.0
-13,10,170.08266463176489
-12,10,205.8456448900227
-12,10,253.18336380015606
-12,11,50.0
-12,11,50.0
-13,11,140.45820427668156
-13,11,99.25803681786691
-13,10,59.0096976150721
-13,10,50.0
-13,11,64.92954217076708
-13,11,50.66973919162241
-14,11,376.9257371250231
-14,11,50.0
-15,11,50.0
-15,11,50.0
-15,12,78.81130377425048
-15,12,50.0
-16,12,50.0
-16,12,50.0
-16,11,66.76225330047264
-16,11,87.42326260892105
-15,11,239.3277856138229
-15,11,50.0
-16,11,50.0
-16,11,98.39010014916929
-15,11,50.0
-15,11,260.61177447180177
-15,10,150.6562065873252
-15,10,66.33028520342556
-14,10,225.06408881486584
-14,10,50.0
-14,11,156.0326153105318
-14,11,187.68336951398155
-14,12,144.64476062988024
-14,12,50.0
-14,11,181.6008052603239
-14,11,50.0
-13,11,256.4832853940659
-13,11,132.15480960522174
-12,11,50.0
-12,11,146.42229876016427
-12,10,59.459892449675756
-12,10,50.0
-12,9,289.3375260212018
-12,9,198.16816395377538
-11,9,50.0
-11,9,287.4781930603731
-11,8,262.5796011551028
-11,8,50.0
-11,7,211.90505910126967
-11,7,63.71566085695052
-11,8,175.41461662226436
-11,8,504.91503937493246
-11,7,185.46999566055607
-11,7,92.54955928875043
-12,7,122.73217089795757
-12,7,373.25870678500957
-12,8,534.6942358412743
-12,8,119.51926811268876
-13,8,50.0
-13,8,50.0
-12,8,201.08063245212045
-12,8,150.30212680932405
-12,9,50.0
-12,9,81.83503061596696
-11,9,379.0890653382865
-11,9,179.1102349930657
-11,8,179.15260827324178
-11,8,79.38506157387371
-10,8,178.31340301231478
-10,8,203.83026699363162
-10,7,192.36061183027667
-10,7,240.58041309351054
-9,7,62.068167027679195
-9,7,289.1781213991722
-9,8,50.0
-9,8,228.42209928139476
-10,8,202.26405345794905
-10,8,50.0
-10,7,116.13661644022825
-10,7,250.9074762828085
-9,7,166.14411454739596
-9,7,249.19092999665352
-10,7,160.81585065123352
-10,7,251.7130799461
-10,6,457.27826758928705
-10,6,313.22862968435794
-10,5,164.44516836998937
-10,5,188.17823560900064
-9,5,511.8616261374868
-9,5,376.09954641560495
-8,5,280.74078333606576
-8,5,252.87372143570477
-8,4,433.46788730810556
-8,4,160.62632099866377
-8,3,456.84290848917055
-8,3,539.6514528673132
-8,2,344.6738386988566
-8,2,323.82300064119244
-8,1,355.572629576556
-8,1,281.2853774894941
-7,1,120.1782156906612
-7,1,200.4904440315379
-7,0,260.6875190296647
-7,0,243.48644164862367
-7,-1,189.56761815392605
-7,-1,325.59477793216735
-7,-2,333.1313600634855
-7,-2,81.55177034615232
-6,-2,294.62457011714275
-6,-2,107.4568970506927
-6,-3,524.0822021680908
-6,-3,571.621093499062
-6,-4,232.96297669385956
-6,-4,234.7108491798197
-5,-4,543.7179686242848
-5,-4,334.07540083436766
-4,-4,341.02738660852646
-4,-4,533.0469852427532
-3,-4,211.8310399912903
-3,-4,268.6302049305245
-3,-3,495.8495170708838
-3,-3,410.13448925092894
-3,-4,202.86111880849288
-3,-4,411.0184064568068
-3,-3,237.50455641194625
-3,-3,516.3007411660849
-3,-4,248.7627021346126
-3,-4,192.38859933608532
-3,-5,159.96506622819058
-3,-5,217.0639989452379
-4,-5,385.7048243703183
-4,-5,175.28314031759814
-3,-5,433.49729387998974
-3,-5,108.5308508211769
-2,-5,373.16047107380496
-2,-5,115.71044948260277
-2,-6,295.4207957513468
-2,-6,336.5161057192774
-1,-6,199.22564913810822
-1,-6,341.5736248909293
-1,-7,381.70750157796675
-1,-7,279.1617594998581
0,-7,60.50235190045535
0,-7,50.0
0,-8,332.3570055530637
0,-8,332.4977883490036
-1,-8,167.44336069644686
-1,-8,50.0
-2,-8,67.49471824788867
-2,-8,247.85140483203068
-3,-8,157.4826315610125
-3,-8,233.13550654021068
-2,-8,207.14207569977023
-2,-8,418.710972882881
-1,-8,191.4472511150311
-1,-8,98.063307010684
-2,-8,213.8112864785615
-2,-8,149.93501399321292
-3,-8,344.48522597950205
-3,-8,235.75196683728177
-4,-8,170.727179421232
-4,-8,282.5527350685578
-3,-8,296.0142962297615
-3,-8,279.04273977533353
-4,-8,209.00317920520658
-4,-8,83.30331730038256
-3,-8,197.71791448581644
-3,-8,516.8018027745563
-4,-8,137.03985467445
-4,-8,189.0506037630421
-3,-8,310.7338426924548
-3,-8,272.6897452560206
-2,-8,199.40894720179776
-2,-8,171.2848796517442
-3,-8,148.23466460302916
-3,-8,50.0
-4,-8,50.0
-4,-8,209.44755486371943
-5,-8,165.96339650022114
-5,-8,73.00973684342533
-6,-8,184.80339627120185
-6,-8,235.5628049107558
-5,-8,136.15407116289578
-5,-8,161.53711161246756
-6,-8,50.0
-6,-8,429.60661647360325
-5,-8,50.0
-5,-8,462.0614364348033
-6,-8,428.6790472547585
-6,-8,277.9920019037861
-7,-8,50.0
-7,-8,182.27217417252356
-6,-8,428.10840079099034
-6,-8,118.99267692401672
-5,-8,479.0125281188624
-5,-8,373.3685345749728
-6,-8,124.1020091221134
-6,-8,189.5681362481316
-7,-8,451.6831680835415
-7,-8,142.79473622445647
-8,-8,227.50297938821387
-8,-8,86.3550092140755
-9,-8,50.0
-9,-8,178.6440516669736
-10,-8,153.4631570100903
-10,-8,153.0405734363174
-11,-8,239.37076867305794
-11,-8,286.81879419326634
-12,-8,514.8804184540063
-12,-8,316.94069584172155
-11,-8,115.31490970231025
-11,-8,50.0
-12,-8,181.8954720069667
-12,-8,51.641092468793396
-13,-8,50.0
-13,-8,72.99787283792753
-14,-8,65.53771785130614
-14,-8,118.541007461953
-15,-8,130.6265202808806
-15,-8,50.0
-16,-8,53.69899092734153
-16,-8,50.0
-17,-8,73.88595693755082
-17,-8,50.0
-16,-8,50.0
-16,-8,59.41468721094611
-15,-8,143.84931178929935
-15,-8,85.66199995170138
-15,-7,134.61763502334497
-15,-7,380.915657765375
-14,-7,98.77341248555966
-14,-7,175.12272609824075
-14,-8,50.0
-14,-8,62.3178117475453
-13,-8,235.76283582948196
-13,-8,198.62177324620527
-12,-8,103.51674985507732
-12,-8,303.7370257053594
-11,-8,80.97835721583313
-11,-8,206.7705432184019
-11,-7,332.39729576060853
-11,-7,168.48112959415866
-10,-7,190.87655106881203
-10,-7,239.85530786507428
-9,-7,50.0
-9,-7,56.60870802390458
-10,-7,95.76089937934893
-10,-7,298.3210783434097
-9,-7,414.27226156254113
-9,-7,50.0
-9,-8,316.6359062557092
-9,-8,50.0
-9,-7,238.39456991823792
-9,-7,249.920898941387
-8,-7,211.40868754053602
-8,-7,50.0
-7,-7,179.56714179966792
-7,-7,477.43448744642893
-7,-8,50.0
-7,-8,235.0601097586396
-6,-8,273.2733283121094
-6,-8,240.5907999234176
-5,-8,275.31928304017316
-5,-8,422.98372979317867
-5,-9,91.45183066074085
-5,-9,50.0
-6,-9,306.3644447856227
-6,-9,146.52841490397404
-5,-9,217.8914460510406
-5,-9,341.6044302736031
-4,-9,159.59004546266743
-4,-9,177.52364265993032
-5,-9,127.47493652522448
-5,-9,179.5051857933446
-4,-9,212.15814308403725
-4,-9,343.2704561275743
-3,-9,200.1950244295436
-3,-9,302.01383540466946
-3,-10,236.02295292001259
-3,-10,251.23606377531019
-3,-11,282.09356994092826
-3,-11,50.0
-2,-11,50.0
-2,-11,128.00934697500387
-1,-11,144.4004908394187
-1,-11,155.46658666834935
0,-11,223.12638705959304
0,-11,89.45229480398191
1,-11,210.73563372203589
1,-11,110.37936682498798
0,-11,225.02391542787726
0,-11,184.76073094946747
1,-11,346.14477093402616
1,-11,180.0850195988819
1,-12,50.0
1,-12,221.50414843827485
0,-12,50.0
0,-12,173.43248648079066
-1,-12,50.0
-1,-12,143.27936038369734
0,-12,183.6017288966214
0,-12,167.45361843856278
0,-13,272.2837659319913
0,-13,50.0
1,-13,157.525425951135
1,-13,290.89091844167916
2,-13,364.30153243869995
2,-13,298.2992157222599
2,-14,230.11839912139797
2,-14,50.0
3,-14,130.00354291484058
3,-14,116.09174558670615
4,-14,109.9754014765241
4,-14,131.5115002297311
5,-14,189.75504824637764
5,-14,114.55009187223297
6,-14,107.51662329708728
6,-14,140.30660993983798
6,-15,50.0
6,-15,219.12801060086557
7,-15,82.19346850164547
7,-15,122.60215931445842
7,-14,50.0
7,-14,50.0
6,-14,55.55366333462584
6,-14,94.98770542537179
7,-14,112.75804993209357
7,-14,94.34083077768966
8,-14,138.03481355751705
8,-14,252.4767500214206
9,-14,153.44827251834306
9,-14,92.25163561113074
10,-14,174.5290647646906
10,-14,50.0
11,-14,53.938741979277204
11,-14,92.54110121551386
12,-14,50.0
12,-14,50.0
13,-14,157.134662394636
13,-14,213.52268402901473
14,-14,50.0
14,-14,87.68759325939436
14,-15,50.0
14,-15,50.0
15,-15,50.0
15,-15,50.0
14,-15,108.35119777005336
14,-15,50.0
14,-16,50.0
14,-16,82.18185535704856
14,-17,139.96968721536047
14,-17,100.44420490017573
14,-16,50.0
14,-16,50.0
15,-16,50.0
15,-16,50.0
16,-16,50.0
16,-16,172.9418540798642
16,-17,50.0
16,-17,111.06476419041816
16,-18,78.49846905960024
16,-18,50.0
16,-19,50.0
16,-19,50.0
16,-20,50.0
16,-20,50.0
17,-20,50.0
17,-20,150.8195735412802
18,-20,50.0
18,-20,106.61658921563048
19,-20,50.0
19,-20,50.0
20,-20,50.0
20,-20,50.0
20,-19,50.0
20,-19,50.0
20,-18,50.0
20,-18,50.0
20,-17,50.0
20,-17,50.0
20,-16,55.84454538942444
20,-16,50.0
20,-17,50.0
20,-17,50.0
20,-18,50.0
20,-18,50.0
20,-17,50.0
20,-17,50.0
20,-16,50.0
20,-16,153.65727663159058
20,-15,50.0
20,-15,50.0
20,-14,50.0
20,-14,50.0
20,-13,50.0
20,-13,158.48526899390177
20,-12,50.0
20,-12,201.61218310111863
20,-11,101.92635181706086
20,-11,50.0
20,-10,50.0
20,-10,70.2401894166009
20,-9,50.0
20,-9,150.10426650018394
20,-8,281.62390357590357
20,-8,50.0
19,-8,50.0
19,-8,50.0
18,-8,198.01220500161784
18,-8,252.64778556321335
17,-8,224.06094501688295
17,-8,50.0
16,-8,50.0
16,-8,50.0
15,-8,50.0
15,-8,50.0
14,-8,50.0
14,-8,494.78759352240525
13,-8,338.6624150828531
13,-8,142.91601340197803
12,-8,523.2840559072167
12,-8,326.30530060845325
11,-8,289.75855945125966
11,-8,120.63991659916513
10,-8,176.03776568672174
10,-8,181.45542919202148
10,-7,135.7130552694378
10,-7,104.20989665356329
9,-7,50.0
9,-7,50.0
8,-7,207.21521004939393
8,-7,50.0
7,-7,424.51162596329755
7,-7,79.92740389412342
7,-8,72.50078173115347
7,-8,325.02900404303193
6,-8,124.90620173899524
6,-8,202.40379180455923
5,-8,150.37636376187618
5,-8,545.209220587217
6,-8,394.91156187177273
6,-8,218.14822213633633
6,-9,375.9755676511194
6,-9,198.90205352074238
5,-9,228.11587508511005
5,-9,391.11995265794724
4,-9,50.0
4,-9,50.0
3,-9,171.50448947857745
3,-9,239.1005166932121
4,-9,274.8595289961775
4,-9,196.81729100393255
5,-9,50.0
5,-9,63.597099860611095
4,-9,112.16190051594926
4,-9,329.30890104193304
4,-10,238.39606688691129
4,-10,91.44156782155616
3,-10,267.3062564362141
3,-10,361.7318612686013
4,-10,150.26138630114423
4,-10,248.67562830779752
4,-11,160.84180789135175
4,-11,50.0
3,-11,50.0
3,-11,93.3527300410258
2,-11,50.0
2,-11,223.93618875408214
1,-11,213.9520188272526
1,-11,310.4494142064317
0,-11,50.0
0,-11,384.4206976455463
-1,-11,306.31639192478644
-1,-11,277.36400958154655
-1,-12,50.0
-1,-12,232.11027243297033
-2,-12,409.84128636727877
-2,-12,249.674083589571
-3,-12,183.38241496032484
-3,-12,424.2429509328699
-3,-13,242.03476207536465
-3,-13,64.06498060233858
-4,-13,131.8312378020306
-4,-13,69.80011139467273
-5,-13,121.4420556840806
-5,-13,141.24430784514723
-6,-13,50.0
-6,-13,200.48551627654695
-5,-13,369.4009287285238
-5,-13,346.35118471015176
-6,-13,161.44187775674894
-6,-13,50.0
-6,-14,117.49189719852896
-6,-14,50.0
-7,-14,304.08913841851665
-7,-14,508.01665019188545
-6,-14,184.31177053979985
-6,-14,255.54277613180363
-7,-14,188.1471583619964
-7,-14,50.0
-7,-15,335.3977533817264
-7,-15,325.50582485427833
-8,-15,73.75897342832724
-8,-15,297.56801213447045
-9,-15,157.2676696629759
-9,-15,69.36111768481865
-10,-15,184.73976200316417
-10,-15,234.18317404830302
-11,-15,166.492185871473
-11,-15,50.0
-10,-15,184.46493689897497
-10,-15,50.0
-11,-15,101.266610485299
-11,-15,152.634616565856
-12,-15,50.0
-12,-15,77.79059190017206
-13,-15,50.0
-13,-15,50.0
-14,-15,71.99926578707131
-14,-15,50.0
-15,-15,211.1551988204003
-15,-15,67.21303142390146
-15,-16,50.0
-15,-16,50.0
-16,-16,50.0
-16,-16,127.67262118087896
-17,-16,50.0
-17,-16,71.92902182180075
-18,-16,50.0
-18,-16,298.3657092880576
-19,-16,50.0
-19,-16,66.88065466711123
-20,-16,50.0
-20,-16,50.0
-19,-16,50.0
-19,-16,50.0
-19,-17,50.0
-19,-17,50.0
-18,-17,227.49085140757205
-18,-17,65.57955187238298
-18,-16,50.0
-18,-16,50.0
-17,-16,77.72239626929714
-17,-16,50.0
-16,-16,50.0
-16,-16,50.0
-15,-16,50.0
-15,-16,118.66086320584235
-15,-15,50.0
-15,-15,50.0
-14,-15,50.0
-14,-15,50.0
-13,-15,83.8900977026059
-13,-15,50.0
-12,-15,50.0
-12,-15,50.0
-12,-16,163.395183867618
-12,-16,50.0
-12,-15,50.0
-12,-15,50.0
-13,-15,172.6300909644538
-13,-15,50.0
-12,-15,99.68612487919023
-12,-15,50.0
-11,-15,129.67758960241397
-11,-15,196.44493823180858
-10,-15,82.33902646192253
-10,-15,50.0
-9,-15,50.0
-9,-15,336.4098963947143
-8,-15,140.79892386993464
-8,-15,158.93758218882633
-9,-15,346.5567330486682
-9,-15,189.9107340827719
-9,-16,68.26272333582902
-9,-16,50.0
-9,-15,50.0
-9,-15,50.0
-8,-15,50.0
-8,-15,50.0
-8,-14,232.72298285709516
-8,-14,50.0
-7,-14,247.24221792652048
-7,-14,206.68303784734604
-6,-14,50.0
-6,-14,262.6159700710821
-5,-14,53.199520339576054
-5,-14,613.4992338685806
-5,-13,454.9821496923954
-5,-13,300.87034065690057
-4,-13,288.125862636298
-4,-13,211.10040625901522
-3,-13,332.48601983587787
-3,-13,84.46318717702533
-2,-13,319.8429498389454
-2,-13,90.23600410953841
-1,-13,95.35358030984254
-1,-13,87.87397533451086
-1,-12,578.1361550998081
-1,-12,133.66922484325147
-2,-12,50.0
-2,-12,206.55122051925366
-1,-12,213.34509711375267
-1,-12,186.58270743719686
-1,-11,247.79975783858174
-1,-11,207.95737471139648
-1,-12,153.17855261014023
-1,-12,270.39719844329045
-2,-12,426.94443312528153
-2,-12,190.29208105858757
-1,-12,50.0
-1,-12,50.0
-1,-11,251.86198419553546
-1,-11,57.057095055863726
0,-11,50.0
0,-11,392.36645032679144
0,-10,262.53384473230994
0,-10,225.92377903721325
0,-9,143.0017779266095
0,-9,116.80342035016676
-1,-9,151.8935158184574
-1,-9,276.64450096762596
0,-9,50.0
0,-9,294.4120470732015
1,-9,244.18646993319214
1,-9,463.80006509694476
0,-9,433.57425909956953
0,-9,53.69431712528058
-1,-9,354.36004834301764
-1,-9,211.03728910868725
0,-9,450.1967968086239
0,-9,255.14740195204965
-1,-9,229.2472778682469
-1,-9,502.4176400890848
0,-9,160.321758778491
0,-9,304.4545101712539
1,-9,298.953666380036
1,-9,458.99403766391913
2,-9,429.6644425940224
2,-9,353.5648175324319
2,-8,390.83011481836473
2,-8,83.76316613948646
3,-8,219.75238251546696
3,-8,176.09942733600124
4,-8,452.4162122246624
4,-8,293.11902909470166
4,-9,119.83636086280289
4,-9,194.80743811012894
3,-9,215.4997929947108
3,-9,324.62951781294055
2,-9,349.9048897857528
2,-9,349.76615262874816
1,-9,76.79376631361154
1,-9,286.94957390326704
1,-10,240.89180868484905
1,-10,50.0
0,-10,138.3084301485075
0,-10,151.94219104312657
0,-11,317.78506704677216
0,-11,50.0
0,-12,158.5339698520985
0,-12,50.0
0,-11,80.62962516296123
0,-11,324.9697477278562
1,-11,373.3576614360712
1,-11,292.06037878375946
1,-12,154.57866637622607
1,-12,446.75868300272225
2,-12,89.44896493229231
2,-12,420.35705143920916
2,-11,50.0
2,-11,278.6298410764493
2,-10,144.41057127395936
2,-10,262.3725543952888
2,-9,76.72826662839888
2,-9,50.0
3,-9,149.85940601940507
3,-9,135.30470448427326
2,-9,327.69428058152306
2,-9,205.62629103498256
2,-8,106.8951691587397
2,-8,197.59990273104853
2,-9,381.4025673257224
2,-9,154.47007959117047
3,-9,109.30445953746755
3,-9,551.5446946919279
3,-8,155.78449837522277
3,-8,353.83115501999157
4,-8,402.1547866688851
4,-8,167.39202020135858
5,-8,63.80553057022465
5,-8,180.4242195409236
6,-8,231.04912955872086
6,-8,302.51140236141737
6,-7,341.37790635560907
6,-7,115.63148453220343
6,-6,187.37297293180075
6,-6,311.66885728013415
7,-6,86.34479671086791
7,-6,133.89226240187682
7,-7,279.07371160381877
7,-7,247.7817930103606
6,-7,86.8262610120668
6,-7,167.2456328215218
7,-7,372.79747386145243
7,-7,225.78520872216356
8,-7,50.0
8,-7,245.42007142684406
8,-6,327.7097247006413
8,-6,194.04306367234207
7,-6,296.03525240948017
7,-6,50.0
7,-5,272.77783598425935
7,-5,228.55176629885398
7,-4,122.23494831375065
7,-4,384.2051403366179
8,-4,144.32949142545888
8,-4,211.3847202269173
9,-4,290.62618376250236
9,-4,201.9019755767294
9,-3,84.10909575341813
9,-3,515.6421925569881
9,-2,50.0
9,-2,173.49818667900507
10,-2,363.322326608283
10,-2,170.99121535686166
9,-2,494.91473455862706
9,-2,302.854403379916
10,-2,275.66514931456
10,-2,271.2131878154286
10,-1,236.7418407608578
10,-1,50.0
11,-1,379.0559010284785
11,-1,94.26660014732667
11,0,50.0
11,0,107.04336359928101
12,0,146.0310004325724
12,0,525.7880908742924
12,1,300.5762108851038
12,1,211.5406865809292
12,2,50.0
12,2,186.3395293201536
13,2,418.2062498677394
13,2,164.85468536176884
13,3,50.0
13,3,58.11263718686094
12,3,299.2679458881533
12,3,123.16173137344761
12,4,50.0
12,4,60.90346224370401
13,4,50.0
13,4,88.16292970353564
12,4,175.12569015462097
12,4,136.7037531155573
12,5,115.81336986555812
12,5,50.0
13,5,231.64086546584684
13,5,57.44750125122026
14,5,293.30846565998763
14,5,175.22119290407954
13,5,136.91797544457614
13,5,109.09608043041149
13,4,231.3865694322852
13,4,50.0
14,4,303.84242093642797
14,4,409.2454424233433
14,5,86.46988630034934
14,5,50.0
15,5,126.71682356834286
15,5,132.0099773143267
16,5,353.37697392701426
16,5,74.8741446053991
17,5,50.0
17,5,50.0
18,5,53.988854656172975
18,5,73.88791632465863
18,6,182.37450505544763
18,6,62.7139662866757
18,7,274.71261398264136
18,7,67.57209004181522
18,8,50.0
18,8,50.0
19,8,50.0
19,8,153.04668579324914
20,8,50.0
20,8,50.0
19,8,50.0
19,8,50.0
18,8,50.0
18,8,52.71699704640304
17,8,50.0
17,8,50.0
16,8,50.0
16,8,50.0
15,8,63.81473564182305
15,8,365.71490954074113
14,8,76.75407548963271
14,8,50.0
13,8,358.8785126753895
13,8,227.18763152479238
12,8,98.85460504382527
12,8,158.65493639730687
12,9,212.57753466526967
12,9,101.58161869928863
12,8,195.08814047001545
12,8,100.85595128937432
12,7,233.63789509692958
12,7,50.0
12,6,173.25925506900015
12,6,236.4793020725345
12,5,280.61829516213425
12,5,513.9204034583718
12,4,208.4225333472406
12,4,50.0
12,3,160.08533664172907
12,3,50.0
13,3,50.09230086137481
13,3,214.71752604875633
12,3,104.84159637306922
12,3,275.8946577985804
13,3,50.0
13,3,65.41134940333764
14,3,133.79810013751083
14,3,424.3437986478282
13,3,84.3581384905954
13,3,222.96906376426878
14,3,210.5251889635814
14,3,156.825251453786
13,3,409.1202853211562
13,3,288.24125892709037
13,2,166.3086837158254
13,2,53.75673446365826
13,1,89.96655855328548
13,1,143.47861770247417
