16,-15,50.0
16,-15,50.0
16,-14,145.89047195547664
16,-14,50.0
16,-13,305.07102135846816
16,-13,50.0
16,-12,52.931812051060916
16,-12,50.0
16,-11,188.10032636913184
16,-11,50.0
15,-11,50.0
15,-11,224.40262104737775
14,-11,90.01229174348718
14,-11,155.793288603539
15,-11,50.0
15,-11,214.7638805577229
14,-11,206.2359299417299
14,-11,50.0
14,-10,250.56064956780682
14,-10,199.87030504909484
13,-10,245.98572635471334
13,-10,50.0
12,-10,50.0
12,-10,214.39808871122995
11,-10,50.0
11,-10,80.60267662574996
11,-9,192.57090513602657
11,-9,51.51228953352572
12,-9,218.66526156039873
12,-9,166.21589030566645
12,-8,230.71858286525094
12,-8,168.32051924757172
11,-8,298.17204037586225
11,-8,174.1705662383245
11,-7,225.52197107086516
11,-7,95.85784813356024
10,-7,379.69175726903325
10,-7,115.93106826714761
9,-7,220.15388780688846
9,-7,50.0
8,-7,92.15273671113773
8,-7,304.7456516274557
8,-6,136.439538506316
8,-6,211.35000883990023
8,-5,221.60877104465888
8,-5,258.6072060773052
8,-4,193.74606852542644
8,-4,227.87756746514765
7,-4,73.70517154783991
7,-4,205.2844421747942
7,-5,370.73171707733735
7,-5,353.9475985405176
7,-4,207.44082632813297
7,-4,93.89681246931526
8,-4,288.12494936149335
8,-4,129.80741794705227
7,-4,265.51699694956784
7,-4,243.48490857749147
6,-4,50.0
6,-4,50.0
6,-3,401.3315631983014
6,-3,256.5313346205806
5,-3,262.8770501463906
5,-3,281.8733764090192
4,-3,169.22463277976323
4,-3,397.32956572102916
4,-2,217.2738826988571
4,-2,419.564746792473
4,-1,170.2464154168586
4,-1,387.5576746228634
5,-1,320.57166685919094
5,-1,423.5893224776157
4,-1,269.68350462290965
4,-1,540.1734563237873
3,-1,774.8787995321219
3,-1,278.2306897065713
2,-1,248.66065803506993
2,-1,202.44371898758448
2,0,441.16770193569573
2,0,192.38475130794544
2,1,143.0181519209855
2,1,265.5206914906719
2,2,367.3700179858104
2,2,138.5389632738048
1,2,437.92497259407105
1,2,413.67628938290807
0,2,218.8739133575717
0,2,362.7289516669687
0,3,180.61300868211094
0,3,249.64211842660438
-1,3,608.4635417801113
-1,3,448.540693272622
0,3,395.5183425017858
0,3,473.35659248460263
-1,3,315.43559556724466
-1,3,266.42594101358895
-2,3,265.41477980688023
-2,3,364.04115115462224
-2,4,341.1546054551162
-2,4,277.51779942716814
-2,5,142.81608045515262
-2,5,180.25958212849565
-2,6,346.59067031935047
-2,6,299.6751479229874
-1,6,176.9018374838451
-1,6,321.1322031821813
0,6,226.39768390730825
0,6,50.0
-1,6,50.0
-1,6,133.55908307723774
-2,6,273.5293471925505
-2,6,275.01076395327317
-1,6,102.67959217240343
-1,6,271.64660372980893
-2,6,263.1729392018378
-2,6,179.79091922407093
-2,7,154.5431605068648
-2,7,274.99547855304036
-1,7,410.23308696740446
-1,7,414.9237728123718
-2,7,234.3899488617385
-2,7,337.9709444361327
-1,7,132.63837514207603
-1,7,413.8521765039835
-2,7,363.5364806055375
-2,7,491.0749517687317
-2,6,454.670892466494
-2,6,362.89887619219974
-3,6,361.4204591304767
-3,6,111.27846488713027
-3,7,210.458965192931
-3,7,59.825242585927896
-4,7,50.0
-4,7,356.91203514437484
-4,8,244.11576744344154
-4,8,138.55260014059468
-5,8,250.944653139478
-5,8,190.50340124865764
-5,9,345.44111220687415
-5,9,116.16185779158738
-6,9,336.2324480038876
-6,9,436.8553323908917
-5,9,270.26816503131744
-5,9,405.7420836832475
-5,10,336.9502467334635
-5,10,180.38049740361473
-6,10,171.28927710974693
-6,10,317.7846533029624
-7,10,372.20052942673436
-7,10,299.9551385435885
-8,10,348.63672807918914
-8,10,106.35199242081181
-9,10,182.5302067373064
-9,10,159.62282242554997
-10,10,138.22594015537257
-10,10,324.5265665879864
-11,10,50.0
-11,10,50.0
-12,10,50.0
-12,10,424.94634401153786
-13,10,299.31358389247913
-13,10,133.69164871010355
-13,9,179.88473832238492
-13,9,182.0473041039782
-13,10,254.93879681578196
-13,10,50.0
-12,10,174.82573167294493
-12,10,50.0
-12,11,75.44838660944691
-12,11,185.6175556760764
-13,11,70.10121049458107
-13,11,50.0
-13,10,50.0
-13,10,77.42221099990411
-13,11,50.0
-13,11,191.12340972042398
-14,11,50.0
-14,11,50.0
-15,11,175.1076710044528
-15,11,50.0
-15,12,96.27331496254581
-15,12,50.0
-16,12,50.0
-16,12,123.0182063699177
-16,11,50.0
-16,11,50.0
-15,11,112.62937969662165
-15,11,50.0
-16,11,214.8664676856193
-16,11,50.0
-15,11,50.0
-15,11,50.0
-15,10,286.44382572794143
-15,10,100.8846146211376
-14,10,104.05241424762747
-14,10,185.40179801600905
-14,11,226.6827663462363
-14,11,50.0
-14,12,50.0
-14,12,110.94273974926625
-14,11,139.9059099644568
-14,11,50.0
-13,11,50.0
-13,11,81.4715122616797
-12,11,122.90870943853298
-12,11,135.4265510129582
-12,10,199.78391036277014
-12,10,50.0
-12,9,130.3142824166514
-12,9,231.74295563784517
-11,9,113.06666082650786
-11,9,50.0
-11,8,179.23252977923363
-11,8,50.0
-11,7,147.0415025174272
-11,7,325.70857269055637
-11,8,63.80294751839188
-11,8,135.43501206809245
-11,7,243.37782353104626
-11,7,406.5438626672312
-12,7,333.18202934776207
-12,7,50.0
-12,8,309.16471265623125
-12,8,147.96992632518493
-13,8,217.7906911082341
-13,8,201.95035919065805
-12,8,302.69490031704515
-12,8,50.0
-12,9,384.5563396597961
-12,9,137.41037437680288
-11,9,50.0
-11,9,207.3583696301498
-11,8,113.43131959240526
-11,8,178.82264377436474
-10,8,150.87048540706604
-10,8,427.8412119982195
-10,7,324.96385337382196
-10,7,50.0
-9,7,345.38719694363795
-9,7,246.33447934363363
-9,8,164.6509300107229
-9,8,311.4161286755302
-10,8,184.49765746305766
-10,8,349.342572336887
-10,7,176.9834269546309
-10,7,50.0
-9,7,261.48124931510915
-9,7,277.17725990376255
-10,7,94.91739495542473
-10,7,104.27151947025668
-10,6,53.99530671195244
-10,6,170.7132435158339
-10,5,50.0
-10,5,159.90542266653307
-9,5,302.1129406297597
-9,5,365.99970900738015
-8,5,412.2236892386153
-8,5,189.0400622059869
-8,4,532.4206574697689
-8,4,238.31621609125793
-8,3,332.5557455538307
-8,3,453.17543089735636
-8,2,281.30360543218114
-8,2,50.0
-8,1,413.82646282562905
-8,1,442.9675220524578
-7,1,317.33484142382366
-7,1,422.7773938650817
-7,0,58.436719246533016
-7,0,348.79900245259284
-7,-1,201.00292502558085
-7,-1,255.28752289722365
-7,-2,353.8010695696905
-7,-2,398.8390733007649
-6,-2,292.93015136159784
-6,-2,155.28178610164738
-6,-3,162.11038764335837
-6,-3,354.16167400792216
-6,-4,531.5086265035535
-6,-4,618.8370059190133
-5,-4,337.9735493117431
-5,-4,391.9131562504787
-4,-4,261.0743864324335
-4,-4,282.8738495327778
-3,-4,231.4370723586884
-3,-4,375.4780729578273
-3,-3,217.455342511266
-3,-3,354.6578025582398
-3,-4,439.3653561254641
-3,-4,371.1620306998656
-3,-3,321.6044733815992
-3,-3,216.01441757671716
-3,-4,495.2358601669646
-3,-4,161.35436767793186
-3,-5,283.3816665211021
-3,-5,228.81479185128137
-4,-5,382.42655639355536
-4,-5,480.2785190408292
-3,-5,338.8650796948292
-3,-5,174.58162256218034
-2,-5,243.48767096634538
-2,-5,284.25587678682643
-2,-6,464.29049158016244
-2,-6,72.77183518276604
-1,-6,420.0162401899696
-1,-6,397.28614193546156
-1,-7,322.75119431832013
-1,-7,234.7169486044312
0,-7,373.43652174280334
0,-7,173.24625601220987
0,-8,366.6212383374122
0,-8,231.80591871482406
-1,-8,422.3836488778042
-1,-8,563.9372481317828
-2,-8,57.83494637604238
-2,-8,179.2309211354529
-3,-8,263.95048645838847
-3,-8,169.96764428023653
-2,-8,232.4033858041929
-2,-8,153.53407568553598
-1,-8,222.20867417847595
-1,-8,281.73812200090555
-2,-8,133.05483273799788
-2,-8,244.57879836553315
-3,-8,383.49293177417593
-3,-8,350.3209663760829
-4,-8,50.0
-4,-8,270.5175534072395
-3,-8,330.83410975298443
-3,-8,268.0278039807595
-4,-8,313.1115407156649
-4,-8,281.8427880214685
-3,-8,125.92207800155927
-3,-8,453.48545459971064
-4,-8,341.3064443983113
-4,-8,219.7667460847636
-3,-8,379.5143576388079
-3,-8,183.46132365132067
-2,-8,417.8010762941261
-2,-8,81.84365285575527
-3,-8,512.3965951655287
-3,-8,220.31707421169847
-4,-8,50.0
-4,-8,341.5222482886019
-5,-8,50.0
-5,-8,112.7616593478861
-6,-8,232.3556020314065
-6,-8,109.15175095092202
-5,-8,132.9907488782917
-5,-8,159.45196975349518
-6,-8,92.16890078164326
-6,-8,343.31181505337946
-5,-8,166.24346526054484
-5,-8,262.7188407414275
-6,-8,429.22734187572956
-6,-8,117.03213564709789
-7,-8,365.93440298801715
-7,-8,329.56135760514985
-6,-8,209.64735534214233
-6,-8,123.07703489483063
-5,-8,173.53550094227182
-5,-8,302.2220049612003
-6,-8,253.40118713516708
-6,-8,221.09760484996895
-7,-8,366.5714229685071
-7,-8,239.7919899565283
-8,-8,471.88534676958955
-8,-8,187.419445904837
-9,-8,50.0
-9,-8,208.4444949371386
-10,-8,216.0976816759882
-10,-8,223.08549701302758
-11,-8,80.24668835284055
-11,-8,161.44379366155965
-12,-8,50.0
-12,-8,100.66845629207735
-11,-8,369.5901281424911
-11,-8,318.3897044040113
-12,-8,52.472402879938215
-12,-8,50.0
-13,-8,100.28843609013572
-13,-8,247.51495780674267
-14,-8,50.0
-14,-8,50.0
-15,-8,217.9193485753778
-15,-8,166.4269495335293
-16,-8,50.0
-16,-8,99.1788309427623
-17,-8,50.0
-17,-8,50.0
-16,-8,50.0
-16,-8,50.0
-15,-8,97.50908781777756
-15,-8,50.0
-15,-7,222.7843484996326
-15,-7,117.15810483046317
-14,-7,265.6264337379034
-14,-7,50.0
-14,-8,50.0
-14,-8,50.0
-13,-8,276.6662407501139
-13,-8,235.26483577218062
-12,-8,50.0
-12,-8,169.63204711416557
-11,-8,182.41057512893968
-11,-8,231.39496198102523
-11,-7,141.88727092173676
-11,-7,90.58248792259853
-10,-7,188.96654960584044
-10,-7,54.64739769609338
-9,-7,712.927043546587
-9,-7,113.35776623522217
-10,-7,461.8557748479512
-10,-7,300.5496870199046
-9,-7,367.27986915502726
-9,-7,103.90979247773987
-9,-8,399.35756684050455
-9,-8,50.0
-9,-7,162.39087314594582
-9,-7,443.31160480648316
-8,-7,328.71217284713225
-8,-7,207.65203714755054
-7,-7,274.5532362926906
-7,-7,581.4331642810132
-7,-8,212.22760551204811
-7,-8,133.33768515055817
-6,-8,244.63840780438827
-6,-8,236.30476545638658
-5,-8,355.79375081576285
-5,-8,331.76551190141726
-5,-9,340.5488582281534
-5,-9,99.57421311839178
-6,-9,117.88970583978136
-6,-9,196.1489213506872
-5,-9,257.56421650672416
-5,-9,176.05913400739576
-4,-9,336.8037748845401
-4,-9,143.32057823141253
-5,-9,100.97290512535345
-5,-9,303.9998865363205
-4,-9,216.81575362810494
-4,-9,306.87859706154677
-3,-9,316.2612462036083
-3,-9,233.17925174141584
-3,-10,50.0
-3,-10,168.85488605406044
-3,-11,232.6515478213451
-3,-11,358.40152877771084
-2,-11,50.0
-2,-11,79.90104924173221
-1,-11,368.9532009646122
-1,-11,193.60783410037297
0,-11,209.33022957770504
0,-11,245.71533035281826
1,-11,137.09168881221456
1,-11,491.60738071696323
0,-11,274.9378598915581
0,-11,312.6801680094919
1,-11,50.0
1,-11,265.80222913285485
1,-12,237.4226351945752
1,-12,252.2449217023913
0,-12,246.82495126277325
0,-12,66.57680697127788
-1,-12,236.39600311792856
-1,-12,284.7776994194346
0,-12,189.53411987430542
0,-12,50.0
0,-13,325.87221305852427
0,-13,101.59103907910053
1,-13,200.28866664328365
1,-13,105.76654837060747
2,-13,121.94228299596257
2,-13,217.5349867933262
2,-14,50.0
2,-14,50.0
3,-14,207.8561513228652
3,-14,97.4281089091346
4,-14,50.0
4,-14,51.42105798433983
5,-14,50.0
5,-14,50.0
6,-14,50.0
6,-14,192.24248867356005
6,-15,50.0
6,-15,110.71587921952428
7,-15,101.78881811617165
7,-15,139.42230416681133
7,-14,221.84317421294713
7,-14,50.0
6,-14,91.08465267112928
6,-14,266.0143912828761
7,-14,237.32484065564867
7,-14,50.0
8,-14,50.0
8,-14,176.04642515267506
9,-14,134.3177460216628
9,-14,158.34516092013507
10,-14,50.0
10,-14,50.0
11,-14,253.67433947268592
11,-14,118.8977401711401
12,-14,93.94303716929782
12,-14,64.77860838050113
13,-14,50.0
13,-14,50.0
14,-14,50.0
14,-14,73.2997251157932
14,-15,50.0
14,-15,50.0
15,-15,50.0
15,-15,50.0
14,-15,264.6925704092248
14,-15,203.51829236359478
14,-16,224.6301271291136
14,-16,50.0
14,-17,166.96561440857022
14,-17,50.0
14,-16,50.0
14,-16,108.60361873516375
15,-16,50.0
15,-16,50.0
16,-16,50.0
16,-16,50.0
16,-17,50.0
16,-17,51.81108705586507
16,-18,50.0
16,-18,50.0
16,-19,50.0
16,-19,50.0
16,-20,50.0
16,-20,50.0
17,-20,50.0
17,-20,50.0
18,-20,225.5216187559659
18,-20,50.0
19,-20,50.0
19,-20,50.0
20,-20,50.0
20,-20,50.0
20,-19,50.0
20,-19,50.0
20,-18,50.0
20,-18,50.0
20,-17,50.0
20,-17,50.0
20,-16,134.6699971807085
20,-16,84.66807073281728
20,-17,50.0
20,-17,50.0
20,-18,50.0
20,-18,50.0
20,-17,50.0
20,-17,50.0
20,-16,50.0
20,-16,50.0
20,-15,50.0
20,-15,50.0
20,-14,63.63974712821647
20,-14,65.67603589668697
20,-13,50.0
20,-13,50.0
20,-12,97.0003537566959
20,-12,166.3700852728752
20,-11,186.60387813360566
20,-11,128.24467725141682
20,-10,50.0
20,-10,50.0
20,-9,81.60430188845942
20,-9,102.21744731927086
20,-8,50.0
20,-8,72.23179953593078
19,-8,88.98268614935236
19,-8,50.0
18,-8,166.46948250838122
18,-8,50.0
17,-8,76.11785290796577
17,-8,50.0
16,-8,55.69360315446485
16,-8,172.73202467411733
15,-8,50.0
15,-8,169.16322617332617
14,-8,64.70665248876624
14,-8,50.0
13,-8,183.642216768149
13,-8,106.19235710451775
12,-8,90.62561619946084
12,-8,50.0
11,-8,50.0
11,-8,464.2441290782675
10,-8,325.32388982789985
10,-8,99.2288463033255
10,-7,156.78610181591017
10,-7,183.11661052277938
9,-7,136.46733943220926
9,-7,407.22511767289075
8,-7,162.21987299622944
8,-7,151.11053289962786
7,-7,189.517881689471
7,-7,50.0
7,-8,614.6011235737974
7,-8,297.6880885210385
6,-8,294.3722919551067
6,-8,272.40964523834367
5,-8,122.72564794856788
5,-8,296.23508831413017
6,-8,153.99233901935537
6,-8,181.04682326492835
6,-9,242.37599890784432
6,-9,249.0396297197454
5,-9,288.96242495133407
5,-9,198.92814126471083
4,-9,259.69607304588345
4,-9,67.90311807430095
3,-9,233.2732685138913
3,-9,329.204740213675
4,-9,308.8947208778304
4,-9,454.79752953614485
5,-9,177.03558091302708
5,-9,346.6087354054718
4,-9,50.0
4,-9,104.80957728825166
4,-10,299.1360108347439
4,-10,225.19998257056523
3,-10,349.83937880092725
3,-10,144.42497708548126
4,-10,290.16764064866186
4,-10,353.76582145680504
4,-11,351.3725466546667
4,-11,400.78464872955567
3,-11,50.0
3,-11,173.13158249336232
2,-11,50.56162344332472
2,-11,295.31235141333747
1,-11,498.5198628120647
1,-11,50.0
0,-11,299.36121878501564
0,-11,274.81154469459443
-1,-11,124.50651662839104
-1,-11,50.0
-1,-12,356.3187693573017
-1,-12,50.0
-2,-12,86.21638010051188
-2,-12,50.0
-3,-12,107.25157310841672
-3,-12,187.2880282305684
-3,-13,321.1434397613205
-3,-13,269.67950737148345
-4,-13,64.1186688270883
-4,-13,50.0
-5,-13,262.6973999677941
-5,-13,91.23669947667328
-6,-13,50.0
-6,-13,121.18565659798345
-5,-13,244.28539616367866
-5,-13,52.69578282459989
-6,-13,109.33929420817556
-6,-13,50.0
-6,-14,50.0
-6,-14,50.0
-7,-14,185.15694333994895
-7,-14,50.0
-6,-14,50.0
-6,-14,220.78320454988653
-7,-14,255.139726610954
-7,-14,162.8629942985862
-7,-15,69.75757890642085
-7,-15,50.0
-8,-15,50.0
-8,-15,50.0
-9,-15,50.0
-9,-15,84.44606241172994
-10,-15,123.7818310507775
-10,-15,50.0
-11,-15,50.0
-11,-15,186.1983019188882
-10,-15,419.0282016486503
-10,-15,70.09821670537544
-11,-15,266.9264774791157
-11,-15,57.7559962263889
-12,-15,384.4570361700081
-12,-15,50.0
-13,-15,100.46374728863819
-13,-15,231.3021548406414
-14,-15,99.08930651200518
-14,-15,50.0
-15,-15,137.75802522737658
-15,-15,73.18904193282576
-15,-16,99.69803263882599
-15,-16,50.0
-16,-16,50.0
-16,-16,50.0
-17,-16,50.0
-17,-16,50.0
-18,-16,50.0
-18,-16,50.0
-19,-16,50.0
-19,-16,50.0
-20,-16,100.93098612623649
-20,-16,72.31489151368541
-19,-16,129.90317549433692
-19,-16,50.0
-19,-17,50.0
-19,-17,88.19647446092577
-18,-17,50.0
-18,-17,50.0
-18,-16,256.78831276568627
-18,-16,50.0
-17,-16,50.0
-17,-16,50.0
-16,-16,50.0
-16,-16,50.0
-15,-16,50.0
-15,-16,50.0
-15,-15,50.0
-15,-15,50.0
-14,-15,50.0
-14,-15,89.62363740489042
-13,-15,112.55091287734218
-13,-15,97.5224462192207
-12,-15,50.0
-12,-15,50.0
-12,-16,175.28506778067924
-12,-16,50.0
-12,-15,50.0
-12,-15,50.0
-13,-15,50.0
-13,-15,50.0
-12,-15,54.744129602088115
-12,-15,50.0
-11,-15,50.0
-11,-15,50.0
-10,-15,140.83768580102867
-10,-15,50.0
-9,-15,50.0
-9,-15,75.54860983265908
-8,-15,50.0
-8,-15,50.0
-9,-15,59.61209504765307
-9,-15,140.86925643559036
-9,-16,116.76586799864512
-9,-16,50.0
-9,-15,164.7620352662782
-9,-15,50.0
-8,-15,114.2129419538118
-8,-15,50.0
-8,-14,266.73951312496575
-8,-14,64.25080280371579
-7,-14,412.97794506459155
-7,-14,293.09377567607976
-6,-14,336.1753339411439
-6,-14,181.33078092391224
-5,-14,310.8508978752078
-5,-14,50.0
-5,-13,382.4249912370027
-5,-13,198.2345125757583
-4,-13,291.12885142646337
-4,-13,212.5956253160533
-3,-13,461.37771887630095
-3,-13,50.0
-2,-13,81.1666522364929
-2,-13,184.03061419547683
-1,-13,221.65350195783162
-1,-13,50.0
-1,-12,238.6943206813729
-1,-12,61.80180186540406
-2,-12,50.0
-2,-12,411.5396776963234
-1,-12,207.51761350438508
-1,-12,315.05504146615317
-1,-11,305.8984328693784
-1,-11,315.22730552143156
-1,-12,50.0
-1,-12,50.0
-2,-12,442.39280137281787
-2,-12,247.6201758045899
-1,-12,248.09676588482534
-1,-12,580.8458570866684
-1,-11,239.41661570823732
-1,-11,241.5973266992623
0,-11,245.40576249490675
0,-11,189.70814252472476
0,-10,173.73175457262744
0,-10,96.37656226457949
0,-9,50.0
0,-9,341.34639815817127
-1,-9,248.36003516072148
-1,-9,258.9784821815589
0,-9,268.0233724459132
0,-9,98.5377204774317
1,-9,50.0
1,-9,356.4504891941582
0,-9,56.67521423909352
0,-9,143.84689420112394
-1,-9,257.48547873022227
-1,-9,125.38251706513066
0,-9,50.0
0,-9,147.66843430601784
-1,-9,141.0697010985927
-1,-9,318.7953109637838
0,-9,212.12438475416582
0,-9,88.91833244836276
1,-9,398.8536226146953
1,-9,120.89398957853511
2,-9,101.89924465959939
2,-9,50.0
2,-8,154.90850014867135
2,-8,631.0722772372083
3,-8,268.45768980232975
3,-8,390.2333391612697
4,-8,272.0047706521243
4,-8,415.52608777941214
4,-9,195.60849919326498
4,-9,243.52963014604873
3,-9,197.58953817809643
3,-9,243.25521478638663
2,-9,547.9816361529483
2,-9,99.64673708851242
1,-9,265.4953968717008
1,-9,518.6130928550481
1,-10,206.08567727558807
1,-10,133.59135560862327
0,-10,174.58718975989166
0,-10,436.3393690087137
0,-11,469.2405924830525
0,-11,126.01112856525637
0,-12,211.38931336006513
0,-12,365.9060577921857
0,-11,116.78978290909615
0,-11,267.1611213282307
1,-11,206.33960511613378
1,-11,469.52356811876774
1,-12,403.8987926882064
1,-12,84.10327502627831
2,-12,113.05660401035438
2,-12,155.76797453355147
2,-11,116.32856135813266
2,-11,133.79182835584265
2,-10,244.06895398098803
2,-10,50.0
2,-9,50.0
2,-9,192.56980283045843
3,-9,272.3469897468616
3,-9,282.82914889877463
2,-9,186.84830701308587
2,-9,257.92540584246876
2,-8,384.1856873377668
2,-8,347.22346391336777
2,-9,238.16570530104428
2,-9,144.32084626869437
3,-9,381.2430202224182
3,-9,460.1045360872988
3,-8,60.22925664567501
3,-8,104.62948435439404
4,-8,157.84379716267244
4,-8,170.4609574104299
5,-8,136.9589204058899
5,-8,307.16026953589767
6,-8,186.1225759562372
6,-8,265.4144471163514
6,-7,254.24275315763836
6,-7,188.21958905880223
6,-6,180.09908828890838
6,-6,246.122561805797
7,-6,147.07198319148762
7,-6,200.60683508649979
7,-7,50.0
7,-7,50.0
6,-7,295.5294561064544
6,-7,329.81462845521713
7,-7,412.21484398840465
7,-7,368.04401295612377
8,-7,150.20747017003413
8,-7,465.67656414210546
8,-6,261.99165340365494
8,-6,306.52299775176976
7,-6,232.2028588723405
7,-6,114.26399401602569
7,-5,287.77154202619
7,-5,322.63042009446986
7,-4,302.5923072455993
7,-4,498.50153034824814
8,-4,387.0499687986309
8,-4,354.91383550417123
9,-4,286.85119518335296
9,-4,50.0
9,-3,331.8150142203571
9,-3,164.04743490396885
9,-2,260.54538214727773
9,-2,207.49915576848161
10,-2,146.9184385872916
10,-2,274.1091754848135
9,-2,188.70855410157804
9,-2,76.43722182296142
10,-2,50.0
10,-2,245.2003342245948
10,-1,162.26430638616557
10,-1,314.803751853075
11,-1,246.55192384935987
11,-1,238.88972616717237
11,0,574.8786418953937
11,0,50.0
12,0,322.3908312722404
12,0,177.15563625753282
12,1,288.5008062752429
12,1,152.3274666787922
12,2,50.0
12,2,117.03676441475646
13,2,310.32523461993674
13,2,175.54465092284755
13,3,72.47162736173254
13,3,208.7235234926444
12,3,179.13606776205924
12,3,50.0
12,4,115.6114154345608
12,4,85.74174432384811
13,4,291.2890407162105
13,4,259.0410094080882
12,4,309.7877606732226
12,4,50.0
12,5,141.1311606639381
12,5,50.0
13,5,199.11270621459482
13,5,92.32009633182945
14,5,278.0833859211498
14,5,120.42585906462585
13,5,91.3633485205099
13,5,140.84580824653042
13,4,306.78529278312647
13,4,282.04187457127273
14,4,233.94273191092918
14,4,50.0
14,5,409.8890567730979
14,5,168.35961584381803
15,5,349.46419989514345
15,5,91.89656526925494
16,5,244.8543501933334
16,5,50.0
17,5,69.26640922016288
17,5,50.0
18,5,50.0
18,5,216.6048476364133
18,6,196.73756084180803
18,6,50.0
18,7,50.0
18,7,50.0
18,8,50.0
18,8,65.78681531029993
19,8,50.0
19,8,108.97090060445325
20,8,109.72377712259384
20,8,58.281469663620655
19,8,50.0
19,8,199.15076594669566
18,8,50.0
18,8,199.89696144184163
17,8,192.39513474022556
17,8,50.0
16,8,50.0
16,8,133.19246757666195
15,8,211.21007367031288
15,8,50.0
14,8,60.96441109730017
14,8,50.0
13,8,50.0
13,8,226.75433376226292
12,8,165.21227542621327
12,8,263.9632308671649
12,9,57.79655397783864
12,9,50.0
12,8,120.30319972101397
12,8,305.978336258583
12,7,295.24617568502265
12,7,90.14431030706291
12,6,160.7580627648953
12,6,132.58388838022745
12,5,63.37239771935856
12,5,432.9384083232679
12,4,51.957194547946656
12,4,71.63025744658327
12,3,176.65185281104647
12,3,151.84814307333974
13,3,242.96984256678894
13,3,171.83673256275347
12,3,50.0
12,3,50.0
13,3,122.38438258552033
13,3,229.26046690136093
14,3,63.610243227090805
14,3,50.0
13,3,50.0
13,3,192.60960361615318
14,3,84.13347473183359
14,3,50.0
13,3,50.0
13,3,50.0
13,2,68.27351355920752
13,2,100.97322173376848
13,1,310.5261863695482
13,1,228.88536350233812
