16,-15,50.0
16,-15,50.0
16,-14,124.65219172793465
16,-14,169.9377183287717
16,-13,50.0
16,-13,50.0
16,-12,50.0
16,-12,50.0
16,-11,50.0
16,-11,50.0
15,-11,50.0
15,-11,157.45304620843137
14,-11,50.0
14,-11,54.0489641559073
15,-11,50.0
15,-11,235.25298607218855
14,-11,50.0
14,-11,50.0
14,-10,207.05218189366303
14,-10,50.0
13,-10,92.40866959328227
13,-10,170.8766958346477
12,-10,50.0
12,-10,50.0
11,-10,98.4965276789455
11,-10,242.85830844457706
11,-9,50.0
11,-9,101.74351420216118
12,-9,280.72412405003547
12,-9,101.92751258715725
12,-8,233.26402044873572
12,-8,280.44038264258063
11,-8,54.07875429718004
11,-8,50.0
11,-7,50.0
11,-7,94.74361779375492
10,-7,257.1454220152624
10,-7,50.0
9,-7,209.10242043757455
9,-7,181.6668153603733
8,-7,215.4043206969292
8,-7,400.57956377968287
8,-6,208.55127102970567
8,-6,240.84816407810686
8,-5,456.188234726827
8,-5,363.5492156086309
8,-4,67.32731931213559
8,-4,194.5628810217844
7,-4,293.42796012225153
7,-4,191.4629319495112
7,-5,330.6445809772365
7,-5,394.8972338069695
7,-4,134.62416564268133
7,-4,322.76812542104375
8,-4,314.83619983512773
8,-4,173.84400373435534
7,-4,324.28110157255657
7,-4,314.2731783352716
6,-4,208.07305520424777
6,-4,238.9400567516052
6,-3,275.315914470947
6,-3,467.0528379741815
5,-3,297.81019831069403
5,-3,258.6169456856794
4,-3,173.76148397192605
4,-3,396.8063990127913
4,-2,141.51210511251537
4,-2,235.14712839943587
4,-1,222.83805935048116
4,-1,675.6850973763693
5,-1,301.1924023767742
5,-1,316.42259184191914
4,-1,357.19347857356985
4,-1,203.33048268811956
3,-1,250.30393350777183
3,-1,285.624391878761
2,-1,428.1422518856874
2,-1,570.619486289703
2,0,178.67831024095082
2,0,262.2440035743741
2,1,311.2164673138148
2,1,349.03347484397636
2,2,151.6506545141322
2,2,198.26691156980763
1,2,296.67164363336406
1,2,556.1845831429938
0,2,264.4559060373104
0,2,250.2884268517205
0,3,437.4996696997538
0,3,586.6085073094093
-1,3,381.1919313420931
-1,3,183.3704023598294
0,3,188.8557238247287
0,3,233.17899785183258
-1,3,226.99580874255244
-1,3,347.8029320632994
-2,3,250.16670601567313
-2,3,516.6857628541306
-2,4,311.4094733748453
-2,4,86.67448452587388
-2,5,233.9827997170416
-2,5,222.61868225399658
-2,6,380.97251799055425
-2,6,195.10328549828694
-1,6,179.19254734916848
-1,6,257.94585625712057
0,6,50.0
0,6,334.475567080968
-1,6,236.72692024308708
-1,6,221.5475104259432
-2,6,530.0918752448742
-2,6,419.18832413022005
-1,6,241.18597647282968
-1,6,344.4713454442362
-2,6,643.4397065176624
-2,6,422.8443112769511
-2,7,279.39198738693204
-2,7,227.6233091767067
-1,7,515.7083182061326
-1,7,174.19220221568048
-2,7,244.01424584107056
-2,7,515.8906169152588
-1,7,455.7088689653829
-1,7,307.4923158660863
-2,7,392.4450105151535
-2,7,131.26232789292192
-2,6,451.58872848529785
-2,6,121.86173531838126
-3,6,150.376504479019
-3,6,444.1854892686021
-3,7,306.5981676736273
-3,7,718.3001887083564
-4,7,50.0
-4,7,233.14086948463637
-4,8,339.1285418276397
-4,8,81.95688542326977
-5,8,277.51907598631055
-5,8,50.0
-5,9,382.5101416078561
-5,9,105.88138059869685
-6,9,270.26475021419066
-6,9,266.1374578212383
-5,9,251.25672259436138
-5,9,343.0436363414242
-5,10,93.9995587857532
-5,10,251.7737541962848
-6,10,50.0
-6,10,357.409769874822
-7,10,144.37168962695725
-7,10,50.0
-8,10,50.0
-8,10,189.22807185049405
-9,10,232.6224751715008
-9,10,162.64637592101545
-10,10,50.0
-10,10,50.0
-11,10,165.0120783211748
-11,10,196.0179930881538
-12,10,245.36148688876847
-12,10,50.0
-13,10,118.79307483437776
-13,10,148.7894617700477
-13,9,50.0
-13,9,50.0
-13,10,50.0
-13,10,209.52732957884464
-12,10,74.83921925367567
-12,10,50.0
-12,11,179.08530356081113
-12,11,50.0
-13,11,50.0
-13,11,64.0401421332223
-13,10,50.0
-13,10,254.98636161131532
-13,11,50.0
-13,11,50.0
-14,11,50.0
-14,11,91.410469410007
-15,11,215.3547678251388
-15,11,50.0
-15,12,97.13075601167334
-15,12,93.12725434051006
-16,12,50.0
-16,12,50.0
-16,11,50.0
-16,11,50.0
-15,11,241.80770350882688
-15,11,50.0
-16,11,50.0
-16,11,50.0
-15,11,50.0
-15,11,50.0
-15,10,270.9304877526662
-15,10,50.0
-14,10,117.43762835878968
-14,10,157.23928934062928
-14,11,103.01075574161476
-14,11,193.5515994045882
-14,12,50.0
-14,12,50.0
-14,11,50.0
-14,11,181.58190657379592
-13,11,336.44994695243645
-13,11,75.28765274113648
-12,11,354.69174095870244
-12,11,291.74858467505976
-12,10,50.0
-12,10,244.35964914399818
-12,9,50.0
-12,9,50.0
-11,9,50.0
-11,9,82.6868988317388
-11,8,242.73163556001856
-11,8,283.17367258950134
-11,7,384.6941915429027
-11,7,223.48223557293306
-11,8,128.8046401266844
-11,8,187.1117489410155
-11,7,160.25649612176264
-11,7,50.0
-12,7,50.0
-12,7,208.44193839061637
-12,8,287.9824695918818
-12,8,50.0
-13,8,169.5863387867394
-13,8,259.7014492040323
-12,8,210.35007915579655
-12,8,473.69597309846796
-12,9,50.0
-12,9,112.96136249281491
-11,9,50.0
-11,9,274.0383913234122
-11,8,50.0
-11,8,125.01751852902123
-10,8,403.81206616608654
-10,8,136.34401365022686
-10,7,391.9337209292614
-10,7,255.1569450165805
-9,7,368.10119075246894
-9,7,78.92859163980533
-9,8,441.1802584022621
-9,8,74.20829883072896
-10,8,248.70360700644218
-10,8,97.68024429807211
-10,7,125.64820534335611
-10,7,50.0
-9,7,151.71175105640057
-9,7,257.1185302932957
-10,7,157.78534077337505
-10,7,69.74790021289346
-10,6,177.59869442672021
-10,6,111.63120037916792
-10,5,165.6846654951865
-10,5,215.1897219305427
-9,5,376.34440092186685
-9,5,50.0
-8,5,410.3208490532403
-8,5,127.09243959706689
-8,4,316.90568269569667
-8,4,187.2447890523146
-8,3,211.67786274845417
-8,3,221.7290393223725
-8,2,315.4692491723954
-8,2,283.07073930002275
-8,1,50.0
-8,1,216.46181422881338
-7,1,333.627452779018
-7,1,299.0886642399528
-7,0,299.4477266326459
-7,0,239.9892268714753
-7,-1,161.7958660184103
-7,-1,334.91718870033975
-7,-2,526.3095912686192
-7,-2,537.0825553224967
-6,-2,176.1927004012591
-6,-2,50.0
-6,-3,466.3178112034036
-6,-3,245.6234183495314
-6,-4,123.27306770725532
-6,-4,198.1510946351134
-5,-4,273.9094690340004
-5,-4,50.0
-4,-4,459.80612828822655
-4,-4,451.037202227189
-3,-4,436.8711540889568
-3,-4,408.0903564393945
-3,-3,430.4900572921771
-3,-3,352.56256476866093
-3,-4,268.47049770033044
-3,-4,342.2760802494062
-3,-3,117.39650600732404
-3,-3,381.9454288741992
-3,-4,335.33632571218203
-3,-4,366.61885072410206
-3,-5,463.24596139582826
-3,-5,435.64816913315383
-4,-5,511.90291197823495
-4,-5,262.4480654729929
-3,-5,454.37384268103676
-3,-5,534.2093102833167
-2,-5,246.16842151634438
-2,-5,293.0453843145653
-2,-6,307.5515603729832
-2,-6,257.41889349573336
-1,-6,366.2774249868587
-1,-6,50.0
-1,-7,199.4333008013307
-1,-7,405.1872161328017
0,-7,50.0
0,-7,235.9206041418708
0,-8,290.02070404804437
0,-8,166.53677087220188
-1,-8,242.65684058697292
-1,-8,371.9590208191139
-2,-8,171.09650423973116
-2,-8,87.81428609790882
-3,-8,468.20921514460963
-3,-8,123.60686084720331
-2,-8,102.09321753984761
-2,-8,195.42226044612676
-1,-8,50.0
-1,-8,579.2569666867596
-2,-8,533.8313343106772
-2,-8,161.09914753344546
-3,-8,199.0362505163071
-3,-8,262.9112319022551
-4,-8,276.55706849236236
-4,-8,114.51988635639088
-3,-8,191.8532520606336
-3,-8,414.9992499087466
-4,-8,254.23505040870361
-4,-8,353.7957726722683
-3,-8,302.08714630126696
-3,-8,221.03250252528073
-4,-8,137.6721513973539
-4,-8,374.13578107903425
-3,-8,166.90044237196253
-3,-8,278.2415446620746
-2,-8,267.5341369442607
-2,-8,100.25233770203414
-3,-8,50.0
-3,-8,185.97989253878188
-4,-8,164.31732995542347
-4,-8,200.114593606071
-5,-8,193.73509696252717
-5,-8,390.50809472111234
-6,-8,130.12660393463352
-6,-8,125.9922284876513
-5,-8,254.82997943081565
-5,-8,113.53926393366997
-6,-8,105.47855640446285
-6,-8,50.0
-5,-8,185.4960650656526
-5,-8,180.67953067290108
-6,-8,145.90684655540443
-6,-8,94.93545460628661
-7,-8,318.56726451588463
-7,-8,185.91637087830316
-6,-8,309.2417773076048
-6,-8,50.0
-5,-8,385.14904487358973
-5,-8,70.15277334580867
-6,-8,174.80555534971015
-6,-8,353.46501028654404
-7,-8,349.5846503990061
-7,-8,103.80206680674637
-8,-8,215.6895370261778
-8,-8,228.47619454879137
-9,-8,129.08987772337946
-9,-8,50.0
-10,-8,379.1078285985984
-10,-8,245.44974103852405
-11,-8,245.27500984634685
-11,-8,50.0
-12,-8,120.46939321336275
-12,-8,174.0020759830922
-11,-8,321.1930596772552
-11,-8,133.6032314055696
-12,-8,388.4082683283849
-12,-8,237.78114742873774
-13,-8,158.58923347333794
-13,-8,246.22325796718695
-14,-8,50.0
-14,-8,184.674623614678
-15,-8,371.7274002222701
-15,-8,50.0
-16,-8,50.0
-16,-8,50.0
-17,-8,54.22195367053371
-17,-8,50.0
-16,-8,50.0
-16,-8,354.31615080876134
-15,-8,151.4243504860466
-15,-8,50.0
-15,-7,50.0
-15,-7,50.0
-14,-7,109.35770234683665
-14,-7,102.00753778367083
-14,-8,61.82948920613633
-14,-8,170.527169348728
-13,-8,80.58603486297702
-13,-8,92.21872393292362
-12,-8,350.92318910068695
-12,-8,50.0
-11,-8,68.4151780127501
-11,-8,50.0
-11,-7,221.99784380621276
-11,-7,50.0
-10,-7,269.67757804531243
-10,-7,50.0
-9,-7,248.0330239596426
-9,-7,57.92397103110761
-10,-7,332.28288018127154
-10,-7,135.94826499479137
-9,-7,226.27939600496507
-9,-7,223.8327433299359
-9,-8,109.1009909531409
-9,-8,50.0
-9,-7,181.675436098882
-9,-7,50.0
-8,-7,285.3770075201545
-8,-7,131.99203913124802
-7,-7,332.4891590649454
-7,-7,50.0
-7,-8,205.81398138373348
-7,-8,341.0332698187326
-6,-8,129.38251134050986
-6,-8,50.0
-5,-8,159.5542314598331
-5,-8,158.611789024661
-5,-9,143.32518721349317
-5,-9,199.88984360782516
-6,-9,153.9134279658169
-6,-9,147.83768274372585
-5,-9,268.4223130444825
-5,-9,50.0
-4,-9,387.19443929558014
-4,-9,332.0114283974101
-5,-9,259.8443762206
-5,-9,50.0
-4,-9,247.94619476905527
-4,-9,272.70710888345883
-3,-9,445.0080965850681
-3,-9,347.5702814972856
-3,-10,50.0
-3,-10,167.06081205644597
-3,-11,220.82987678212675
-3,-11,75.8957065844781
-2,-11,214.80267448324798
-2,-11,230.52897583927398
-1,-11,153.1912120936397
-1,-11,135.96037292545043
0,-11,337.11290888868535
0,-11,129.5617880469114
1,-11,294.9970799373557
1,-11,168.63369216406247
0,-11,50.0
0,-11,170.82603837791936
1,-11,185.9673492891002
1,-11,128.5156232300116
1,-12,249.77239167992485
1,-12,134.73156984915465
0,-12,50.0
0,-12,404.57394355470035
-1,-12,371.90418338369295
-1,-12,307.55424292300177
0,-12,203.5278637778922
0,-12,172.24120964744785
0,-13,248.1265900459501
0,-13,50.0
1,-13,165.85106222142844
1,-13,205.19167707635526
2,-13,221.69547681291965
2,-13,263.40870860475945
2,-14,127.60967972065366
2,-14,120.77549897149251
3,-14,115.28124635955231
3,-14,294.36523581699885
4,-14,233.36845919235088
4,-14,50.0
5,-14,187.10811153744348
5,-14,143.346988205401
6,-14,181.01086527085494
6,-14,50.0
6,-15,168.73309236057634
6,-15,281.68239803623885
7,-15,182.7447140414327
7,-15,141.35800426531284
7,-14,50.0
7,-14,175.69109832674144
6,-14,61.690838011155236
6,-14,145.46755601084308
7,-14,500.57349637602084
7,-14,83.32904630925121
8,-14,50.0
8,-14,107.90912684200211
9,-14,183.69781938167753
9,-14,104.5913697554716
10,-14,227.3207877506946
10,-14,50.0
11,-14,160.48376358781016
11,-14,50.0
12,-14,171.33526294519083
12,-14,238.9895057446322
13,-14,50.0
13,-14,102.62087383800164
14,-14,244.94542957660553
14,-14,50.0
14,-15,50.0
14,-15,243.55959412661375
15,-15,50.0
15,-15,50.0
14,-15,50.0
14,-15,50.0
14,-16,50.0
14,-16,50.0
14,-17,50.0
14,-17,50.0
14,-16,50.0
14,-16,50.0
15,-16,50.0
15,-16,121.30854038775888
16,-16,50.0
16,-16,50.0
16,-17,50.0
16,-17,50.0
16,-18,50.0
16,-18,50.0
16,-19,50.0
16,-19,50.0
16,-20,50.0
16,-20,50.0
17,-20,50.0
17,-20,50.0
18,-20,50.0
18,-20,50.0
19,-20,50.0
19,-20,50.0
20,-20,50.0
20,-20,50.0
20,-19,50.0
20,-19,50.0
20,-18,50.0
20,-18,50.0
20,-17,50.0
20,-17,50.0
20,-16,50.0
20,-16,50.0
20,-17,50.0
20,-17,179.7709144395726
20,-18,50.0
20,-18,50.0
20,-17,50.0
20,-17,61.736780484311765
20,-16,50.0
20,-16,50.0
20,-15,50.9047538752058
20,-15,103.5982515543576
20,-14,322.3409604071285
20,-14,50.0
20,-13,50.0
20,-13,50.0
20,-12,57.356053035837284
20,-12,50.0
20,-11,71.54653220697492
20,-11,134.22469677798765
20,-10,50.0
20,-10,50.0
20,-9,288.5420160461993
20,-9,97.29258542599688
20,-8,50.0
20,-8,81.71941651755256
19,-8,50.0
19,-8,50.0
18,-8,50.0
18,-8,120.62314548551888
17,-8,50.0
17,-8,121.6840130898948
16,-8,108.84513920755202
16,-8,60.938701279187754
15,-8,50.0
15,-8,50.0
14,-8,327.862749178343
14,-8,50.0
13,-8,133.60248662443533
13,-8,50.0
12,-8,50.0
12,-8,151.0308697484339
11,-8,387.3173039731696
11,-8,372.5601348960888
10,-8,75.29246837202274
10,-8,50.0
10,-7,198.60274882306976
10,-7,176.33032355058342
9,-7,50.0
9,-7,200.61711351863863
8,-7,291.0387794510443
8,-7,217.60337176307823
7,-7,70.81996124180914
7,-7,168.37670217821443
7,-8,354.9935325107797
7,-8,162.07033393840527
6,-8,99.81793993235445
6,-8,273.74946888190306
5,-8,389.6605202514069
5,-8,256.4590884677446
6,-8,124.08600372977368
6,-8,215.59662106727924
6,-9,50.0
6,-9,143.3189645050138
5,-9,212.33884595689327
5,-9,98.0994268257433
4,-9,140.18954319495376
4,-9,144.9373193693612
3,-9,279.50324827801415
3,-9,179.10059639044536
4,-9,50.0
4,-9,467.9417381317212
5,-9,143.48677392134226
5,-9,65.73278624345247
4,-9,186.27364213878258
4,-9,420.5111225522347
4,-10,405.7506098412075
4,-10,254.3867792144076
3,-10,50.0
3,-10,313.66863269655266
4,-10,191.84387753961994
4,-10,306.8543792495364
4,-11,119.33540637510865
4,-11,563.8664092312004
3,-11,247.11284583265768
3,-11,266.5806023298973
2,-11,197.73948718083375
2,-11,59.42983629279877
1,-11,311.8030962664934
1,-11,251.7498199122756
0,-11,274.989218508407
0,-11,211.0336040841761
-1,-11,464.6484943077132
-1,-11,162.33779144337527
-1,-12,97.55254088259196
-1,-12,321.9245409111311
-2,-12,170.9215859533002
-2,-12,404.26670783272334
-3,-12,401.60374600037176
-3,-12,259.6140219584014
-3,-13,143.987006837664
-3,-13,85.90221174458068
-4,-13,170.39438925315974
-4,-13,275.9700801983353
-5,-13,135.2935452110742
-5,-13,50.0
-6,-13,50.0
-6,-13,283.56534941715006
-5,-13,50.0
-5,-13,364.5122798446138
-6,-13,165.95835749557497
-6,-13,85.87780791511344
-6,-14,50.0
-6,-14,184.2260108135348
-7,-14,50.0
-7,-14,283.5361584824378
-6,-14,240.15004452795864
-6,-14,159.18902651491135
-7,-14,105.14344111082264
-7,-14,210.62419472224576
-7,-15,78.7493197993204
-7,-15,410.4615875497045
-8,-15,331.27620356678744
-8,-15,154.74967679169322
-9,-15,210.74394174729736
-9,-15,222.71911228940093
-10,-15,50.0
-10,-15,103.27660330009071
-11,-15,89.48032124866334
-11,-15,50.0
-10,-15,50.0
-10,-15,197.2906003154655
-11,-15,50.0
-11,-15,235.896656774871
-12,-15,50.0
-12,-15,105.1140938326958
-13,-15,50.0
-13,-15,50.0
-14,-15,50.0
-14,-15,70.18988741811296
-15,-15,50.0
-15,-15,50.0
-15,-16,467.1970209591569
-15,-16,145.2709837943966
-16,-16,50.0
-16,-16,50.0
-17,-16,157.44052615689233
-17,-16,50.0
-18,-16,50.0
-18,-16,50.0
-19,-16,60.63964324166041
-19,-16,50.0
-20,-16,50.0
-20,-16,140.44277767543292
-19,-16,50.0
-19,-16,50.0
-19,-17,50.0
-19,-17,50.0
-18,-17,50.0
-18,-17,50.0
-18,-16,80.88858574238857
-18,-16,50.0
-17,-16,50.0
-17,-16,50.0
-16,-16,140.18413474388612
-16,-16,50.0
-15,-16,50.0
-15,-16,57.539061037230326
-15,-15,80.74247034202452
-15,-15,246.96369741343588
-14,-15,50.0
-14,-15,50.0
-13,-15,227.23464780325608
-13,-15,50.0
-12,-15,155.42261329689507
-12,-15,268.9701244924088
-12,-16,50.0
-12,-16,50.0
-12,-15,50.0
-12,-15,50.0
-13,-15,147.82817773084474
-13,-15,50.0
-12,-15,50.0
-12,-15,50.0
-11,-15,50.0
-11,-15,50.0
-10,-15,50.0
-10,-15,50.0
-9,-15,50.0
-9,-15,67.23551754076341
-8,-15,61.383827933969854
-8,-15,127.18861996983178
-9,-15,306.52367521750256
-9,-15,131.8243123252796
-9,-16,62.32343409701029
-9,-16,50.0
-9,-15,50.0
-9,-15,50.0
-8,-15,50.0
-8,-15,99.03126497026466
-8,-14,78.6587565049074
-8,-14,75.74718021894046
-7,-14,74.0041904047583
-7,-14,186.032172993336
-6,-14,195.66144585194718
-6,-14,50.0
-5,-14,294.2088516533619
-5,-14,330.61347908112646
-5,-13,167.723365851832
-5,-13,71.75025188352234
-4,-13,143.07055772352706
-4,-13,186.23438651086644
-3,-13,351.4980461743057
-3,-13,50.0
-2,-13,338.7584761709925
-2,-13,208.0706782212859
-1,-13,50.0
-1,-13,444.1331859322621
-1,-12,201.71786065722787
-1,-12,201.60818672748627
-2,-12,241.55588949326224
-2,-12,145.23460702490172
-1,-12,243.1936136674491
-1,-12,69.45398633312105
-1,-11,269.65020911143864
-1,-11,50.0
-1,-12,178.59918156782666
-1,-12,205.88771863447442
-2,-12,50.0
-2,-12,55.224643067783916
-1,-12,109.5911841826336
-1,-12,404.9084266883846
-1,-11,50.0
-1,-11,164.7895271574989
0,-11,228.91356338441605
0,-11,52.32713512197279
0,-10,131.04630575564337
0,-10,290.5324621704637
0,-9,133.66076621857127
0,-9,339.18356386824973
-1,-9,244.45696892630278
-1,-9,129.0317390344846
0,-9,111.03037948776259
0,-9,132.33093777638814
1,-9,63.41299973808529
1,-9,207.7386236908209
0,-9,603.5645679531578
0,-9,102.5590223423344
-1,-9,50.0
-1,-9,50.0
0,-9,293.30790605384703
0,-9,333.0697035750727
-1,-9,269.88589793085964
-1,-9,75.05554440252828
0,-9,220.18461211218437
0,-9,190.75719257049838
1,-9,161.20469087295018
1,-9,305.0235009575501
2,-9,136.94137616712013
2,-9,50.0
2,-8,363.71467876022314
2,-8,86.57385105843815
3,-8,109.48592813345462
3,-8,424.78314677514425
4,-8,343.5022452621251
4,-8,243.34823871953188
4,-9,266.12373164086455
4,-9,127.5415515891966
3,-9,200.92103140065515
3,-9,213.07512092405636
2,-9,136.8533916452909
2,-9,155.138130108606
1,-9,161.9059550361822
1,-9,190.92713480573423
1,-10,221.38278784957834
1,-10,226.84394871550683
0,-10,98.75685648818364
0,-10,491.44953449327306
0,-11,178.5167341364803
0,-11,359.5427930468388
0,-12,303.1134746959207
0,-12,234.25328946153417
0,-11,244.85081764896455
0,-11,173.63780300000263
1,-11,202.38703939319595
1,-11,278.3212559507973
1,-12,52.068046321603646
1,-12,50.0
2,-12,220.48180039652362
2,-12,401.87968319908487
2,-11,136.86711884669955
2,-11,253.24528368515817
2,-10,50.0
2,-10,188.9252045665729
2,-9,307.801045737925
2,-9,502.80541351498124
3,-9,567.7380070726157
3,-9,329.6072550330879
2,-9,55.635971519937556
2,-9,310.890029783661
2,-8,237.89753281293602
2,-8,516.8613633998712
2,-9,334.7299737879562
2,-9,258.205769544222
3,-9,149.58714857067886
3,-9,207.46295297164858
3,-8,506.3846464205917
3,-8,235.70707646081547
4,-8,301.5107726738777
4,-8,388.48349883166816
5,-8,156.23922989452456
5,-8,516.326278429997
6,-8,351.92069616549543
6,-8,232.11506016906452
6,-7,281.01898399441774
6,-7,57.32864899647541
6,-6,135.59386104856407
6,-6,188.96535126491872
7,-6,193.07528444138143
7,-6,195.40372113657065
7,-7,50.0
7,-7,50.0
6,-7,294.4883329816668
6,-7,185.94746909820083
7,-7,50.0
7,-7,452.4239824554678
8,-7,304.09657443660507
8,-7,222.81054446258526
8,-6,169.68582422049045
8,-6,99.77459792456116
7,-6,241.18863404218575
7,-6,166.3755533480849
7,-5,54.35440972493748
7,-5,278.6706278285426
7,-4,605.6107558507396
7,-4,138.70122257355789
8,-4,365.68132076017014
8,-4,50.0
9,-4,219.8706594521981
9,-4,72.76713862786309
9,-3,88.64232091478422
9,-3,344.6184919969574
9,-2,191.74714438730902
9,-2,314.04568585550356
10,-2,316.39691797139835
10,-2,50.0
9,-2,167.80062832430713
9,-2,174.47165846798868
10,-2,64.13014453520385
10,-2,265.9241442081122
10,-1,133.7825974236024
10,-1,166.66010883644785
11,-1,143.89579629714686
11,-1,243.88388582281345
11,0,357.872058439467
11,0,84.77974500639581
12,0,221.16276620899328
12,0,373.5930209234774
12,1,132.15492990088774
12,1,86.38914407186061
12,2,465.583940483513
12,2,272.7029675647623
13,2,526.5774715442358
13,2,59.49894392454176
13,3,165.93371718460193
13,3,230.95221071660896
12,3,176.5422327830689
12,3,245.41506464975373
12,4,357.66613810205985
12,4,303.26533288949054
13,4,102.48638953735919
13,4,66.98960149905282
12,4,486.39696742260446
12,4,50.0
12,5,126.19719480786202
12,5,107.60630034813141
13,5,265.95997749245976
13,5,62.083077972314015
14,5,280.23001820330757
14,5,201.70130951060344
13,5,145.3920178587423
13,5,316.20233245353916
13,4,232.8612067595118
13,4,85.8385096884808
14,4,192.55608479285195
14,4,50.0
14,5,50.0
14,5,50.0
15,5,50.0
15,5,466.582327354503
16,5,117.87350100810158
16,5,50.0
17,5,386.922879598804
17,5,63.11845625532824
18,5,178.48775757959928
18,5,162.5851105143898
18,6,50.0
18,6,238.85377680636486
18,7,50.0
18,7,81.6983946968046
18,8,50.0
18,8,249.29646732659162
19,8,50.0
19,8,70.24253874777496
20,8,50.0
20,8,50.0
19,8,50.0
19,8,50.0
18,8,50.0
18,8,50.0
17,8,50.924504095689976
17,8,50.0
16,8,50.0
16,8,338.7362082225916
15,8,50.0
15,8,50.0
14,8,112.45460756611197
14,8,50.0
13,8,245.9805357689714
13,8,50.0
12,8,50.0
12,8,153.49446701990038
12,9,154.2342820036984
12,9,423.192414419692
12,8,50.0
12,8,394.2979122157757
12,7,217.06547831927134
12,7,328.1007477456216
12,6,171.88495323967845
12,6,50.0
12,5,263.46918620770816
12,5,161.05340115132825
12,4,202.74430844782432
12,4,448.1043105452347
12,3,355.53665727110024
12,3,159.94682290665392
13,3,88.09511270701283
13,3,65.90689514083431
12,3,291.09412907941527
12,3,143.83715485814537
13,3,180.47161424258616
13,3,205.18158609614818
14,3,476.1835482436006
14,3,329.4285678970796
13,3,72.95328130691837
13,3,261.3974800577697
14,3,50.0
14,3,377.1915013855087
13,3,91.50095897145457
13,3,62.60472582386136
13,2,343.2436675769204
13,2,71.16645501739319
13,1,314.3566125591801
13,1,285.33941665316763
