16,-15,50.0
16,-15,50.0
16,-14,50.0
16,-14,50.0
16,-13,50.0
16,-13,50.0
16,-12,68.68015248113365
16,-12,50.0
16,-11,170.48714227662248
16,-11,286.45412706649023
15,-11,369.7096018367422
15,-11,50.0
14,-11,213.59821978122153
14,-11,50.0
15,-11,141.0170916773459
15,-11,50.0
14,-11,112.38373797889912
14,-11,50.0
14,-10,50.0
14,-10,50.0
13,-10,318.3761794673932
13,-10,50.0
12,-10,50.45631957390865
12,-10,71.31430755123671
11,-10,319.55860545470296
11,-10,50.0
11,-9,50.0
11,-9,107.51115529744261
12,-9,147.35369749755876
12,-9,50.0
12,-8,159.01030891147437
12,-8,96.1660193394245
11,-8,50.0
11,-8,162.2466918930087
11,-7,248.3798619403329
11,-7,487.36114672892654
10,-7,50.0
10,-7,50.0
9,-7,215.29774763312014
9,-7,183.66727906409068
8,-7,228.20792175477854
8,-7,190.81663383322646
8,-6,164.64626924797585
8,-6,206.12143047205288
8,-5,422.58023440724855
8,-5,50.0
8,-4,447.9666642760974
8,-4,127.36748892043065
7,-4,520.7056996999224
7,-4,50.0
7,-5,432.7703245810941
7,-5,201.30923942090436
7,-4,174.01705418401593
7,-4,50.0
8,-4,156.21164951019563
8,-4,109.54132580230396
7,-4,403.7093377526234
7,-4,355.9360649787656
6,-4,305.0212326134308
6,-4,228.56453044346733
6,-3,103.52443562332078
6,-3,181.35700051579522
5,-3,308.3508329284472
5,-3,274.2156210746146
4,-3,295.03490426930136
4,-3,329.66010232803677
4,-2,319.6785413296126
4,-2,170.61812025948294
4,-1,411.06612144061125
4,-1,296.3930467513686
5,-1,308.4888707508848
5,-1,553.1546060371425
4,-1,262.35291899143056
4,-1,274.91606892961465
3,-1,174.48274721069347
3,-1,584.3727471395218
2,-1,235.32382573782678
2,-1,501.52808740922865
2,0,403.31565158450996
2,0,610.3731794524022
2,1,622.4212131663454
2,1,335.2468992594002
2,2,241.63570093109064
2,2,613.604687553282
1,2,467.75032928940345
1,2,395.6318172987353
0,2,240.67489965494596
0,2,323.766263346993
0,3,135.11365727390125
0,3,200.24444472096084
-1,3,184.9719593265102
-1,3,408.92222307521695
0,3,598.7143483619793
0,3,367.2990719202599
-1,3,338.3586586026817
-1,3,306.3073671126204
-2,3,402.1594458756117
-2,3,85.42870371600111
-2,4,331.957850667053
-2,4,184.8287325305055
-2,5,246.69101913287736
-2,5,272.7193914195419
-2,6,379.3834429645071
-2,6,163.3272210614497
-1,6,334.42143021748785
-1,6,50.0
0,6,105.51329845011244
0,6,228.50530579068774
-1,6,444.53933343851327
-1,6,181.6981972320397
-2,6,306.5629884618046
-2,6,266.965505759546
-1,6,69.11709867605754
-1,6,329.02330965688526
-2,6,277.49038820585344
-2,6,430.1653283450965
-2,7,311.4359684012813
-2,7,50.0
-1,7,411.6767777821224
-1,7,186.03355938176784
-2,7,350.18135173265017
-2,7,307.1077553106576
-1,7,397.4749222441233
-1,7,176.86912380074875
-2,7,552.9977220378055
-2,7,384.8744436998883
-2,6,353.0884228786384
-2,6,341.04717800825756
-3,6,408.7921264611374
-3,6,358.695079849678
-3,7,247.89476945630517
-3,7,185.24816424463413
-4,7,192.64756625898374
-4,7,88.57433587401559
-4,8,260.0036899775417
-4,8,50.0
-5,8,603.2634813777242
-5,8,216.32524394024716
-5,9,316.5953741425089
-5,9,202.4164024560789
-6,9,337.69792168330497
-6,9,176.7354389720554
-5,9,371.81123113745736
-5,9,412.2182612996676
-5,10,321.1886683608811
-5,10,294.8471312175618
-6,10,110.6639100008301
-6,10,149.68810338414642
-7,10,95.5844904009677
-7,10,139.00430081064658
-8,10,50.0
-8,10,228.57471605754841
-9,10,75.93788174811445
-9,10,50.0
-10,10,50.0
-10,10,314.52581945151746
-11,10,145.37273877002858
-11,10,50.0
-12,10,50.0
-12,10,50.0
-13,10,50.0
-13,10,72.39684767108449
-13,9,50.0
-13,9,538.1266763747459
-13,10,50.0
-13,10,261.98504973507397
-12,10,50.0
-12,10,100.93117275514707
-12,11,50.0
-12,11,297.54522669366145
-13,11,50.0
-13,11,61.74148732402712
-13,10,109.70969160682986
-13,10,242.88453801790828
-13,11,403.5951454694879
-13,11,50.0
-14,11,50.0
-14,11,81.3557994301344
-15,11,50.0
-15,11,97.63934508738424
-15,12,356.8194980727335
-15,12,152.82732119426873
-16,12,50.0
-16,12,50.0
-16,11,100.90285935528996
-16,11,100.52260693422213
-15,11,50.0
-15,11,91.34927554222156
-16,11,50.0
-16,11,50.0
-15,11,419.00285852848003
-15,11,160.71468128928046
-15,10,56.158955316090626
-15,10,50.0
-14,10,50.0
-14,10,192.97291634428726
-14,11,93.07950276157871
-14,11,50.0
-14,12,50.0
-14,12,126.35504445935285
-14,11,50.0
-14,11,117.26047789916706
-13,11,117.51076862806596
-13,11,50.0
-12,11,50.0
-12,11,67.5809855240987
-12,10,332.9905482899763
-12,10,101.54941311829757
-12,9,50.0
-12,9,378.6279442173615
-11,9,201.64466786574064
-11,9,358.6462432022203
-11,8,184.25793647846243
-11,8,170.78382303154586
-11,7,381.91814268102235
-11,7,50.0
-11,8,197.49198958884364
-11,8,155.6107061374159
-11,7,231.24792349680433
-11,7,87.39789074934995
-12,7,288.94700005392696
-12,7,57.71765995469647
-12,8,50.0
-12,8,147.19019584530352
-13,8,145.30078824302208
-13,8,50.0
-12,8,50.0
-12,8,313.91217731251936
-12,9,70.1645952880684
-12,9,230.09198093464875
-11,9,50.0
-11,9,113.68125802272021
-11,8,360.106153891413
-11,8,50.0
-10,8,159.13864838525018
-10,8,50.0
-10,7,238.83399311262167
-10,7,171.55309084222097
-9,7,168.83518208605688
-9,7,278.7353151943404
-9,8,229.88939411827465
-9,8,219.90913480086826
-10,8,87.7801643356059
-10,8,204.44008958794433
-10,7,84.1406219182042
-10,7,50.0
-9,7,50.0
-9,7,487.2802923885246
-10,7,358.6190178969513
-10,7,146.19921236873702
-10,6,564.6052812620319
-10,6,82.61204768007727
-10,5,50.0
-10,5,104.87769601267341
-9,5,121.59659399311771
-9,5,206.02447421963268
-8,5,534.3765798543928
-8,5,216.18161191582172
-8,4,157.04169470850314
-8,4,449.56032807266047
-8,3,248.18387479904368
-8,3,221.7927209502613
-8,2,278.51797712331853
-8,2,216.5788664056051
-8,1,387.6066804544659
-8,1,219.39996203725545
-7,1,168.61994695579673
-7,1,202.00466862901445
-7,0,196.80909998744622
-7,0,138.33816706497623
-7,-1,277.2231825565404
-7,-1,186.8973760600625
-7,-2,318.4474556258212
-7,-2,266.7457404163522
-6,-2,232.32568021750777
-6,-2,389.5250889047223
-6,-3,181.3834644589336
-6,-3,211.44566962798734
-6,-4,353.0848109300364
-6,-4,213.9999040237775
-5,-4,233.31732999210655
-5,-4,209.6643731435048
-4,-4,418.3722535668742
-4,-4,485.87293396505834
-3,-4,267.0165572417351
-3,-4,358.8570031217909
-3,-3,471.3468719736412
-3,-3,326.7810912642843
-3,-4,120.56567578279214
-3,-4,92.73148565734283
-3,-3,246.83482315088241
-3,-3,343.77944611511646
-3,-4,228.92889876940717
-3,-4,304.8708944326495
-3,-5,293.79702405911496
-3,-5,361.79575280899843
-4,-5,194.03137101620155
-4,-5,326.0436356452987
-3,-5,453.94016396766835
-3,-5,454.3681917081541
-2,-5,84.90515157967229
-2,-5,283.19132624871656
-2,-6,582.5982495151902
-2,-6,289.9899986875653
-1,-6,371.01138534934
-1,-6,224.75503038347452
-1,-7,244.76162197118384
-1,-7,100.78635549077877
0,-7,78.78730773286674
0,-7,306.4449657887517
0,-8,380.619434425975
0,-8,604.5049851206668
-1,-8,468.2105001728718
-1,-8,429.1902738808093
-2,-8,428.86440424690807
-2,-8,95.40311165326908
-3,-8,60.7118464556433
-3,-8,313.96320933768624
-2,-8,238.27686467445204
-2,-8,244.9262737689494
-1,-8,64.47962012469435
-1,-8,244.2335797355788
-2,-8,209.63867715810497
-2,-8,408.1805415981462
-3,-8,432.53671257911526
-3,-8,217.79116944986137
-4,-8,50.0
-4,-8,223.38132329672044
-3,-8,119.89897429711274
-3,-8,109.79997817580617
-4,-8,85.12905696103961
-4,-8,122.60811106349959
-3,-8,145.49878636944646
-3,-8,50.0
-4,-8,111.61381967324536
-4,-8,222.541858576335
-3,-8,96.18598881867868
-3,-8,209.14923573791992
-2,-8,419.0662782834993
-2,-8,286.0473557466103
-3,-8,397.19243783088393
-3,-8,178.76741332062747
-4,-8,359.71004659228686
-4,-8,307.3884333752595
-5,-8,438.35255559366203
-5,-8,68.64965455626745
-6,-8,357.6528439171277
-6,-8,50.0
-5,-8,346.613364633399
-5,-8,205.4701157852425
-6,-8,50.0
-6,-8,179.52290392027146
-5,-8,50.0
-5,-8,109.2017672566164
-6,-8,156.58170880447412
-6,-8,268.55537347444357
-7,-8,284.8468023622573
-7,-8,229.40527192691545
-6,-8,157.1697052006116
-6,-8,204.62757108126658
-5,-8,462.804194513014
-5,-8,147.2182589707234
-6,-8,578.0681282526836
-6,-8,441.46294244103456
-7,-8,197.87445293517658
-7,-8,336.44852677039046
-8,-8,105.58056845205991
-8,-8,149.0456987991129
-9,-8,110.79344368371038
-9,-8,50.0
-10,-8,206.44029724919176
-10,-8,258.3636463014585
-11,-8,180.36416180171415
-11,-8,113.40616024531
-12,-8,188.62976073494383
-12,-8,118.87200327834893
-11,-8,256.91762978352483
-11,-8,246.9603923511952
-12,-8,50.0
-12,-8,261.0374794153042
-13,-8,50.0
-13,-8,185.52323152270918
-14,-8,399.1964157220538
-14,-8,204.60981012498297
-15,-8,50.0
-15,-8,125.6841378288251
-16,-8,50.0
-16,-8,60.59684566641825
-17,-8,109.12550178904544
-17,-8,50.0
-16,-8,167.63654324613566
-16,-8,50.0
-15,-8,129.2472429399311
-15,-8,50.0
-15,-7,50.0
-15,-7,163.0726802893223
-14,-7,79.186207058554
-14,-7,191.03612130593206
-14,-8,50.0
-14,-8,50.0
-13,-8,50.0
-13,-8,170.72368546874947
-12,-8,384.7027190885474
-12,-8,253.87044474356742
-11,-8,167.45665277756336
-11,-8,72.93502270371901
-11,-7,439.27054507461
-11,-7,157.60187344482367
-10,-7,257.896833290044
-10,-7,96.67273062147248
-9,-7,172.27455112025368
-9,-7,154.31738231719646
-10,-7,81.17183144848767
-10,-7,209.64651905397108
-9,-7,260.66063828512677
-9,-7,264.6644080640742
-9,-8,273.6834800407276
-9,-8,194.49982956052582
-9,-7,392.2878515949681
-9,-7,50.0
-8,-7,208.34529274930497
-8,-7,305.88213052626094
-7,-7,331.9629618461603
-7,-7,382.8061544801834
-7,-8,216.4391394993142
-7,-8,50.0
-6,-8,272.643280584995
-6,-8,156.0069901610582
-5,-8,552.434745266872
-5,-8,286.6553542618593
-5,-9,86.8622860373195
-5,-9,226.2440232899521
-6,-9,191.1944891916014
-6,-9,463.3264352509202
-5,-9,59.137427337174515
-5,-9,279.5143855844747
-4,-9,265.7841379991754
-4,-9,644.8427283476844
-5,-9,252.98474273957106
-5,-9,50.0
-4,-9,407.2171731961523
-4,-9,50.0
-3,-9,319.97145458638215
-3,-9,66.1154689035965
-3,-10,69.16587333362912
-3,-10,254.40037613691547
-3,-11,194.82059680212006
-3,-11,258.22560161800135
-2,-11,172.83088380805202
-2,-11,50.0
-1,-11,50.0
-1,-11,50.0
0,-11,306.18843203054473
0,-11,149.0705926986053
1,-11,189.4596793986208
1,-11,89.21240473076475
0,-11,50.0
0,-11,462.4777538535926
1,-11,471.30439291950785
1,-11,182.5160504211982
1,-12,50.0
1,-12,362.14939009523624
0,-12,358.2284211279979
0,-12,119.62919030872932
-1,-12,217.2097952534734
-1,-12,51.99228545858489
0,-12,150.07026717601966
0,-12,176.40352540022906
0,-13,308.07682379300854
0,-13,188.9770495386804
1,-13,174.71005374716773
1,-13,201.89717150975062
2,-13,50.0
2,-13,50.0
2,-14,58.851762390690915
2,-14,96.19073021275854
3,-14,102.11116159418631
3,-14,242.31370658844597
4,-14,50.0
4,-14,152.91773527787728
5,-14,50.0
5,-14,100.76763295585596
6,-14,117.39709341385668
6,-14,417.66677300167953
6,-15,50.0
6,-15,95.21892485190709
7,-15,154.85939145159963
7,-15,204.25037862687603
7,-14,50.0
7,-14,50.0
6,-14,119.93987698689236
6,-14,50.0
7,-14,182.45824009458957
7,-14,66.97074959688891
8,-14,50.0
8,-14,140.8812260615975
9,-14,50.0
9,-14,141.07258896735158
10,-14,423.5280412747745
10,-14,50.0
11,-14,50.0
11,-14,50.0
12,-14,50.0
12,-14,50.0
13,-14,215.16097706062118
13,-14,50.0
14,-14,107.87260096526674
14,-14,131.01806456716042
14,-15,56.75237800589859
14,-15,50.0
15,-15,67.74826845022602
15,-15,278.5057405753947
14,-15,186.69266111464432
14,-15,50.0
14,-16,50.0
14,-16,50.0
14,-17,50.0
14,-17,50.0
14,-16,80.17799539210117
14,-16,50.0
15,-16,50.0
15,-16,216.4135021529844
16,-16,50.0
16,-16,50.0
16,-17,50.0
16,-17,50.0
16,-18,50.0
16,-18,50.0
16,-19,50.0
16,-19,253.50972779366072
16,-20,50.0
16,-20,50.0
17,-20,50.0
17,-20,50.0
18,-20,103.9011541232951
18,-20,79.11892714338394
19,-20,50.0
19,-20,50.0
20,-20,50.0
20,-20,50.0
20,-19,50.0
20,-19,50.0
20,-18,50.0
20,-18,50.0
20,-17,50.0
20,-17,50.0
20,-16,50.0
20,-16,50.0
20,-17,50.0
20,-17,50.0
20,-18,50.0
20,-18,50.0
20,-17,50.0
20,-17,50.0
20,-16,50.0
20,-16,50.0
20,-15,50.0
20,-15,50.0
20,-14,50.0
20,-14,50.0
20,-13,50.0
20,-13,50.0
20,-12,50.0
20,-12,62.98022619629273
20,-11,50.0
20,-11,50.0
20,-10,228.52456176879917
20,-10,50.0
20,-9,50.0
20,-9,50.0
20,-8,67.36057402801714
20,-8,68.42551564098916
19,-8,50.0
19,-8,154.6523334699436
18,-8,50.0
18,-8,50.0
17,-8,50.0
17,-8,50.0
16,-8,50.0
16,-8,430.469785193443
15,-8,50.0
15,-8,184.07914928826662
14,-8,50.0
14,-8,445.08452146325715
13,-8,51.09631574600925
13,-8,50.0
12,-8,257.9681133503417
12,-8,50.0
11,-8,258.76244665262317
11,-8,168.31724091796374
10,-8,58.677107293291584
10,-8,51.72345233462872
10,-7,171.07398566053996
10,-7,306.2460693832199
9,-7,227.6016796234506
9,-7,386.3625159611295
8,-7,118.55904367134526
8,-7,187.97849622400196
7,-7,230.58066375777307
7,-7,50.0
7,-8,372.1670751966344
7,-8,259.57646364680977
6,-8,67.80473504817145
6,-8,50.0
5,-8,79.96658537320158
5,-8,93.28712318133229
6,-8,412.01956754810715
6,-8,312.5345398919217
6,-9,214.21143382798164
6,-9,116.52661922368732
5,-9,382.57949767820463
5,-9,68.50105556103807
4,-9,411.99792432758784
4,-9,118.35828982068082
3,-9,63.720250451202986
3,-9,255.60706563302926
4,-9,50.0
4,-9,456.83827616703627
5,-9,193.85452134933166
5,-9,250.49272168548606
4,-9,116.03810520944275
4,-9,105.04636054140644
4,-10,50.0
4,-10,231.28973746143413
3,-10,234.30258396337751
3,-10,284.0317870456328
4,-10,240.43543328942647
4,-10,210.92066390965002
4,-11,50.0
4,-11,227.53951620146972
3,-11,277.44818549685624
3,-11,371.9637162837637
2,-11,364.96058959337313
2,-11,375.0813034525469
1,-11,404.1518315135621
1,-11,138.2093548803861
0,-11,266.37250641800387
0,-11,375.38901837732317
-1,-11,220.43078267292157
-1,-11,394.7994866224741
-1,-12,427.0581109746952
-1,-12,192.4854488405246
-2,-12,200.40880802263473
-2,-12,184.20952027080048
-3,-12,226.53054789208343
-3,-12,151.96893086611328
-3,-13,148.81107749952665
-3,-13,255.71046516322082
-4,-13,50.0
-4,-13,58.540326522747826
-5,-13,50.0
-5,-13,50.0
-6,-13,141.28136236015172
-6,-13,119.75551395190887
-5,-13,242.44845505461535
-5,-13,50.0
-6,-13,95.57263089302424
-6,-13,50.0
-6,-14,137.7395845185074
-6,-14,86.8497483498635
-7,-14,148.5064196220813
-7,-14,84.60812253742914
-6,-14,129.89207282375034
-6,-14,93.59788532766206
-7,-14,229.82348392062676
-7,-14,50.0
-7,-15,50.0
-7,-15,141.13985013516927
-8,-15,50.0
-8,-15,156.59998859992754
-9,-15,200.25245521449048
-9,-15,76.0891490959382
-10,-15,128.4018756708235
-10,-15,50.0
-11,-15,50.0
-11,-15,243.62636420898443
-10,-15,50.0
-10,-15,152.70479459441395
-11,-15,50.0
-11,-15,67.8326015733532
-12,-15,77.06550883814204
-12,-15,50.0
-13,-15,150.81850739983605
-13,-15,50.0
-14,-15,50.0
-14,-15,50.0
-15,-15,50.0
-15,-15,50.0
-15,-16,82.19069378624053
-15,-16,96.84012054577767
-16,-16,50.0
-16,-16,50.0
-17,-16,50.0
-17,-16,50.0
-18,-16,50.0
-18,-16,203.06208138139243
-19,-16,50.0
-19,-16,133.56016601077508
-20,-16,50.0
-20,-16,50.0
-19,-16,50.0
-19,-16,114.60258144496314
-19,-17,50.0
-19,-17,200.91101419449387
-18,-17,50.0
-18,-17,50.0
-18,-16,50.0
-18,-16,50.0
-17,-16,142.5863449204917
-17,-16,50.0
-16,-16,50.0
-16,-16,50.0
-15,-16,50.0
-15,-16,126.22192289830207
-15,-15,319.96954790004145
-15,-15,50.0
-14,-15,50.0
-14,-15,50.0
-13,-15,50.0
-13,-15,50.0
-12,-15,50.0
-12,-15,105.60001654289655
-12,-16,337.2266782538298
-12,-16,50.0
-12,-15,50.0
-12,-15,50.0
-13,-15,50.0
-13,-15,152.78320631086956
-12,-15,154.75779734404534
-12,-15,50.0
-11,-15,93.43780149027623
-11,-15,257.3641664589019
-10,-15,50.0
-10,-15,281.2751049661024
-9,-15,50.0
-9,-15,179.11682186472643
-8,-15,169.7317667423943
-8,-15,153.43194981387444
-9,-15,50.0
-9,-15,50.0
-9,-16,50.0
-9,-16,323.83685084939015
-9,-15,50.0
-9,-15,198.16103122705132
-8,-15,130.85991988757866
-8,-15,308.70291314989424
-8,-14,355.42064562204564
-8,-14,263.1802833534348
-7,-14,50.0
-7,-14,50.0
-6,-14,163.8551660466957
-6,-14,172.63235718372442
-5,-14,190.6512460995382
-5,-14,161.40336477770595
-5,-13,103.57268295921897
-5,-13,129.05102684420348
-4,-13,441.06941161389125
-4,-13,67.42538657604698
-3,-13,271.76207950424043
-3,-13,127.88936081439671
-2,-13,157.1463801355162
-2,-13,121.15416443744606
-1,-13,269.92347273114564
-1,-13,112.06697397931467
-1,-12,109.36646156382568
-1,-12,216.57990042474876
-2,-12,149.4401098907749
-2,-12,440.10244428224735
-1,-12,241.1233871009173
-1,-12,100.75024094726521
-1,-11,317.1688369570136
-1,-11,173.60193446914877
-1,-12,306.06228653429775
-1,-12,158.1516841432752
-2,-12,102.3957903836492
-2,-12,107.80146950083517
-1,-12,266.25873946397905
-1,-12,127.21531179841806
-1,-11,176.9906091180441
-1,-11,276.0043056341389
0,-11,134.44009935982734
0,-11,54.47067547143614
0,-10,421.12409618750394
0,-10,200.11371793029647
0,-9,160.78904553481587
0,-9,245.60673257729772
-1,-9,170.03467971545808
-1,-9,363.87976128885174
0,-9,65.9829280196727
0,-9,280.8814690759991
1,-9,473.22479101326655
1,-9,311.7708728559797
0,-9,449.5976455610406
0,-9,639.4431639987062
-1,-9,200.5898224098337
-1,-9,160.3360305262119
0,-9,274.6089058987561
0,-9,165.01182123531012
-1,-9,126.69914913688831
-1,-9,297.6164133757141
0,-9,371.74109775565194
0,-9,140.80242862629828
1,-9,169.60079992465228
1,-9,307.14096286518975
2,-9,422.27596095522665
2,-9,507.0746170727247
2,-8,193.02642833032098
2,-8,53.69857728748963
3,-8,339.51988724055
3,-8,304.3079324663871
4,-8,254.72979056089503
4,-8,298.907841302817
4,-9,311.0595015242037
4,-9,279.33194204242824
3,-9,253.28119033066938
3,-9,50.0
2,-9,162.06051941943065
2,-9,261.6686973840264
1,-9,115.58704496553977
1,-9,248.09697636390703
1,-10,273.3555607477387
1,-10,81.79884067030954
0,-10,427.0580980340218
0,-10,137.7231341283831
0,-11,263.7623356856636
0,-11,251.6679727878253
0,-12,341.96149641381754
0,-12,332.97144768025754
0,-11,446.9907692182387
0,-11,50.0
1,-11,135.55766122761239
1,-11,645.0956373413774
1,-12,309.7342696368602
1,-12,442.075646454243
2,-12,61.347193519251874
2,-12,191.76684971227687
2,-11,237.73466200680446
2,-11,53.539818159624076
2,-10,320.73607641112704
2,-10,147.35205762782783
2,-9,121.84453391363837
2,-9,239.01165346018956
3,-9,147.58550139797998
3,-9,290.346372710876
2,-9,310.20683506820313
2,-9,271.32696554391947
2,-8,316.4297866622672
2,-8,139.32115057473288
2,-9,425.5360631644422
2,-9,128.87533354372377
3,-9,336.2284877716055
3,-9,220.0314664192743
3,-8,50.0
3,-8,181.62709591555242
4,-8,229.090757048671
4,-8,136.99344508091923
5,-8,133.52199752340283
5,-8,149.3241971848251
6,-8,312.2353390013868
6,-8,454.4521818565768
6,-7,254.432153407091
6,-7,177.36503147076658
6,-6,318.04656987081745
6,-6,170.4840670811564
7,-6,216.96787141676887
7,-6,327.8750357977658
7,-7,159.55559835381885
7,-7,202.14942002523892
6,-7,263.307634261811
6,-7,542.218763995922
7,-7,172.16841585309376
7,-7,79.28283078597129
8,-7,258.4143096813445
8,-7,452.6772391060938
8,-6,246.31161622007693
8,-6,50.0
7,-6,240.91465827595724
7,-6,139.86611992365115
7,-5,280.77566098188186
7,-5,237.99793314371257
7,-4,467.8040407976475
7,-4,205.73632874361869
8,-4,233.10096913937915
8,-4,50.0
9,-4,251.92852403989656
9,-4,177.00859039486664
9,-3,289.9121934931116
9,-3,50.0
9,-2,50.0
9,-2,67.7617133081881
10,-2,157.24018529880564
10,-2,431.71211738893436
9,-2,208.19089183109722
9,-2,280.52391992011
10,-2,169.58161563473615
10,-2,310.1821162501059
10,-1,219.61465999806015
10,-1,124.10453391473956
11,-1,50.0
11,-1,314.1543007336834
11,0,50.0
11,0,416.6854843310755
12,0,84.47517943332923
12,0,77.07252962330733
12,1,191.86711608947795
12,1,182.98689794454233
12,2,482.5116476349857
12,2,50.0
13,2,301.41091497252233
13,2,199.8288305190978
13,3,123.79802526894386
13,3,271.59280766516497
12,3,162.66804878840668
12,3,213.07742676313092
12,4,177.43650999819334
12,4,201.8568618072103
13,4,369.87237122426893
13,4,50.0
12,4,50.0
12,4,311.8147372989058
12,5,252.38339362349538
12,5,305.6552148684971
13,5,332.690115500455
13,5,288.7813632977943
14,5,181.75095709695682
14,5,106.16956579009005
13,5,97.53371251687443
13,5,50.0
13,4,75.07765545773694
13,4,50.0
14,4,113.0810683087349
14,4,80.63333863978603
14,5,50.0
14,5,232.01142008948568
15,5,176.13197367352427
15,5,157.30645404318489
16,5,50.0
16,5,205.62059481643635
17,5,50.0
17,5,162.4142341834371
18,5,175.69078974853664
18,5,50.0
18,6,50.0
18,6,50.0
18,7,50.0
18,7,50.0
18,8,265.3887138564149
18,8,218.53882217539228
19,8,50.0
19,8,210.41760464515278
20,8,157.87202150556425
20,8,50.0
19,8,67.41703971388336
19,8,50.0
18,8,50.0
18,8,126.7617636182496
17,8,103.793731194895
17,8,153.26557213570464
16,8,50.0
16,8,50.0
15,8,50.0
15,8,344.0304932574551
14,8,275.55957280622675
14,8,139.2830279658585
13,8,57.2493252890363
13,8,366.76845042909247
12,8,50.0
12,8,244.59444573541742
12,9,50.0
12,9,50.0
12,8,50.0
12,8,191.03691579458058
12,7,468.5863048127201
12,7,271.68732955652274
12,6,297.26748802079965
12,6,407.6680456428379
12,5,407.09279156072165
12,5,72.64992604722097
12,4,71.40595029648537
12,4,146.94608210380102
12,3,275.4412031055126
12,3,480.3969684039266
13,3,233.25433879000127
13,3,50.0
12,3,89.2649218927044
12,3,109.5457948416906
13,3,137.55601814038374
13,3,113.3099367756777
14,3,81.48576918864467
14,3,172.31678863736076
13,3,210.63178057268368
13,3,51.25181624187613
14,3,88.19242770492575
14,3,264.72643958585263
13,3,50.0
13,3,68.65345991113102
13,2,82.22437206215632
13,2,96.06033310403924
13,1,50.0
13,1,101.29225578511718
