16,-15,236.1269885460472
16,-15,112.5186133357648
16,-14,50.0
16,-14,50.0
16,-13,50.0
16,-13,50.0
16,-12,50.0
16,-12,50.0
16,-11,321.69171250456577
16,-11,57.71309009932294
15,-11,177.07975934253454
15,-11,83.32861338414327
14,-11,137.58176549683847
14,-11,66.60694089791879
15,-11,116.99384534347159
15,-11,50.0
14,-11,130.6869700005971
14,-11,50.0
14,-10,156.80434526340844
14,-10,50.58456831040685
13,-10,92.88048813869545
13,-10,188.48830475081857
12,-10,50.0
12,-10,50.0
11,-10,117.52391142346676
11,-10,88.96102663056764
11,-9,289.62500299560463
11,-9,123.72198890835574
12,-9,176.4623942215913
12,-9,96.99765238344597
12,-8,70.44754548106305
12,-8,185.8057686191811
11,-8,50.0
11,-8,375.1049307765808
11,-7,225.2246560059838
11,-7,205.1658856962669
10,-7,362.7488792633682
10,-7,195.26133720374816
9,-7,110.44759746472765
9,-7,139.54106643566496
8,-7,50.0
8,-7,202.22822973008047
8,-6,95.9076141625315
8,-6,323.4168634763875
8,-5,272.4452029050108
8,-5,127.23239000718328
8,-4,252.3156720553708
8,-4,383.65913655069687
7,-4,266.6504657751083
7,-4,241.01091930496943
7,-5,56.85335085984579
7,-5,169.56136184185317
7,-4,205.16301947182671
7,-4,331.8159554579015
8,-4,50.0
8,-4,307.18596154242886
7,-4,218.78848164391346
7,-4,390.8670983178911
6,-4,556.6131671922587
6,-4,374.58440039325797
6,-3,135.38393375217336
6,-3,523.7668661854314
5,-3,476.16167416840415
5,-3,575.3313706878408
4,-3,455.9951794538691
4,-3,394.61767918961885
4,-2,329.8597861102486
4,-2,214.87101133210805
4,-1,374.11449981956844
4,-1,373.7435918497309
5,-1,345.19406113036973
5,-1,425.6294898255652
4,-1,309.15661297262625
4,-1,50.0
3,-1,484.45488514376507
3,-1,257.72241915690535
2,-1,339.35586795462876
2,-1,605.1844215139555
2,0,318.9458956994033
2,0,441.68610944018064
2,1,193.61378515086284
2,1,270.8422968437878
2,2,451.342274426461
2,2,470.82199740093347
1,2,369.94899872603594
1,2,133.39523935630484
0,2,411.98405302319884
0,2,517.7843431520469
0,3,480.9800612399025
0,3,316.02900579408083
-1,3,223.17663615202764
-1,3,510.61682790267196
0,3,544.0051053312636
0,3,463.2266869232955
-1,3,263.3142406214154
-1,3,354.8918474246554
-2,3,402.0264605413389
-2,3,366.1880387075282
-2,4,156.3506510266505
-2,4,251.72736553826869
-2,5,222.53225536340705
-2,5,221.07057414470364
-2,6,348.1691961836914
-2,6,416.525203004862
-1,6,428.92335708864726
-1,6,603.6493311811291
0,6,107.5735712613621
0,6,194.77533675860968
-1,6,404.7270044878922
-1,6,275.1037080051234
-2,6,113.25261633942392
-2,6,162.66832099803747
-1,6,345.8423305095861
-1,6,273.0565829117574
-2,6,134.03262775818868
-2,6,187.43874031877638
-2,7,187.74142312562
-2,7,371.64524841579765
-1,7,226.95549542921546
-1,7,512.1234409613753
-2,7,295.49081932934615
-2,7,218.30827420223292
-1,7,434.3476378761392
-1,7,404.49198829108525
-2,7,114.28939484419115
-2,7,354.35466499184804
-2,6,332.3730613572665
-2,6,481.73730061850836
-3,6,298.31072437632326
-3,6,232.82119027526753
-3,7,244.23219818598037
-3,7,348.46344270413937
-4,7,580.2500650800512
-4,7,331.62354113133557
-4,8,219.9618213428186
-4,8,70.23589110057256
-5,8,277.0073138567759
-5,8,102.0006824660422
-5,9,50.0
-5,9,210.49797043859664
-6,9,344.9457575009965
-6,9,210.36064038924908
-5,9,50.0
-5,9,267.72810559563567
-5,10,215.21622801908248
-5,10,91.50035829947507
-6,10,80.16071690170884
-6,10,205.51287312351067
-7,10,77.60432140359576
-7,10,176.57582958493862
-8,10,101.23862892916932
-8,10,176.83873597094697
-9,10,191.31583696261256
-9,10,161.0083457953802
-10,10,50.0
-10,10,50.0
-11,10,144.78036056350513
-11,10,50.0
-12,10,452.9733258521289
-12,10,186.84433329954365
-13,10,193.6590234885987
-13,10,187.73962444150806
-13,9,50.59052685753427
-13,9,246.98755767163794
-13,10,142.33915794176235
-13,10,86.09143158218603
-12,10,365.08705720996994
-12,10,50.0
-12,11,332.8440312379621
-12,11,104.4455085102866
-13,11,192.3372677657449
-13,11,106.93478904804564
-13,10,153.88982160979367
-13,10,161.47711231854748
-13,11,225.50048835361184
-13,11,50.0
-14,11,50.0
-14,11,190.31199831998723
-15,11,54.61151483827167
-15,11,50.0
-15,12,251.26300653835114
-15,12,128.88080314127492
-16,12,72.47562454802073
-16,12,50.0
-16,11,188.41399798274006
-16,11,147.93939003733124
-15,11,141.15803088003798
-15,11,181.2810079745969
-16,11,50.0
-16,11,101.26062950111556
-15,11,122.26725196009873
-15,11,167.66361350440764
-15,10,50.0
-15,10,102.13910369550129
-14,10,50.0
-14,10,144.84215980338686
-14,11,198.4072128367804
-14,11,146.19744502267605
-14,12,50.0
-14,12,244.46807597638198
-14,11,263.88313050152306
-14,11,50.0
-13,11,67.68506088646512
-13,11,50.0
-12,11,200.12061214886893
-12,11,50.0
-12,10,91.281539228902
-12,10,50.0
-12,9,50.0
-12,9,80.18492589699129
-11,9,153.13504131969364
-11,9,60.53296453471501
-11,8,98.84824544295304
-11,8,51.92056465651284
-11,7,50.0
-11,7,147.82442736768573
-11,8,212.80410141653738
-11,8,188.03965732587446
-11,7,242.70600986857116
-11,7,306.98386154916636
-12,7,116.59362458339018
-12,7,353.2404345759629
-12,8,64.32899392956735
-12,8,79.69265705164531
-13,8,50.0
-13,8,50.0
-12,8,114.46878602525763
-12,8,50.0
-12,9,133.32396915249407
-12,9,120.64432767003046
-11,9,147.78392386836478
-11,9,273.6571678550872
-11,8,262.9988550936537
-11,8,50.0
-10,8,317.5837890512678
-10,8,50.0
-10,7,188.0740699647784
-10,7,119.24388094105991
-9,7,154.7643446510064
-9,7,280.2225995444094
-9,8,286.54051182748725
-9,8,109.10634285866942
-10,8,227.00665214916222
-10,8,100.15679712548463
-10,7,74.7443744506584
-10,7,50.0
-9,7,50.0
-9,7,373.6175335771869
-10,7,102.28763270325669
-10,7,198.0813255584148
-10,6,127.13812050804412
-10,6,287.1881627164752
-10,5,163.8364021966647
-10,5,166.70054816585
-9,5,103.72140638601925
-9,5,328.87722287032466
-8,5,143.37844007689824
-8,5,206.73785309132722
-8,4,224.70762022249122
-8,4,449.77165074648383
-8,3,77.4463010474704
-8,3,437.17759242725
-8,2,329.95709504363526
-8,2,574.5404395267974
-8,1,376.3172978990193
-8,1,270.7278458095356
-7,1,271.0601558105408
-7,1,61.45388690724158
-7,0,372.1489384977204
-7,0,272.3918742173062
-7,-1,50.0
-7,-1,203.35703135466565
-7,-2,57.433203417141215
-7,-2,347.5796563799814
-6,-2,391.264911019909
-6,-2,352.84237992021906
-6,-3,415.7475166127929
-6,-3,235.4642638604535
-6,-4,169.35231082857402
-6,-4,413.5041981786049
-5,-4,137.98975600030838
-5,-4,176.7465580766687
-4,-4,209.30657806033327
-4,-4,319.87115194588745
-3,-4,423.15420249038675
-3,-4,279.0888483496924
-3,-3,257.9650221240073
-3,-3,499.9666178113483
-3,-4,307.8193372469582
-3,-4,273.01817882257865
-3,-3,231.02587164524655
-3,-3,298.77941278654566
-3,-4,240.2655281634567
-3,-4,131.46054830097015
-3,-5,215.52440799793658
-3,-5,50.0
-4,-5,197.5605669848182
-4,-5,464.9401379381107
-3,-5,50.0
-3,-5,259.58917001176775
-2,-5,407.5870974516369
-2,-5,292.6586647545872
-2,-6,418.2245643808661
-2,-6,400.10330204718946
-1,-6,306.50780059557417
-1,-6,329.41520160394754
-1,-7,421.06558298892037
-1,-7,337.87528597213367
0,-7,417.1285930875701
0,-7,583.5539122818891
0,-8,407.58906673223316
0,-8,144.91197742138456
-1,-8,164.20362537604325
-1,-8,158.1115115295682
-2,-8,80.10156153257773
-2,-8,581.8512405554377
-3,-8,152.4014155004383
-3,-8,426.4859141684965
-2,-8,331.24629605540093
-2,-8,81.59165199534279
-1,-8,172.37484433309095
-1,-8,239.28380444082327
-2,-8,181.09384930414345
-2,-8,306.4554956366098
-3,-8,356.163543703228
-3,-8,345.47078082984797
-4,-8,234.1461244248316
-4,-8,416.8084795360696
-3,-8,50.0
-3,-8,331.0032899851692
-4,-8,133.18388686073385
-4,-8,159.24551071842134
-3,-8,174.49807031339174
-3,-8,50.0
-4,-8,137.44693735457133
-4,-8,357.61593707527953
-3,-8,117.68510036327935
-3,-8,275.3706312099878
-2,-8,566.7256415887555
-2,-8,576.1457063139295
-3,-8,199.00270808336307
-3,-8,311.196840634773
-4,-8,159.52958439634787
-4,-8,250.1585671803634
-5,-8,223.5767761171673
-5,-8,50.0
-6,-8,430.6659309429589
-6,-8,213.5461603430911
-5,-8,155.46614652857275
-5,-8,142.44139449649677
-6,-8,50.03326894824525
-6,-8,341.3419218669539
-5,-8,96.48704444869324
-5,-8,446.00276086865364
-6,-8,413.73699229339275
-6,-8,175.07917779245298
-7,-8,99.22816741081868
-7,-8,200.96013671260587
-6,-8,286.2523677263505
-6,-8,219.97711109213105
-5,-8,121.53423200753433
-5,-8,361.03842308303507
-6,-8,68.75318069992298
-6,-8,290.1763838264444
-7,-8,50.0
-7,-8,209.53311045724962
-8,-8,245.51671375198302
-8,-8,50.0
-9,-8,245.23931740672347
-9,-8,50.0
-10,-8,50.0
-10,-8,51.324372001677105
-11,-8,312.0543708938201
-11,-8,301.7572926089137
-12,-8,182.47342815833684
-12,-8,88.50923859692294
-11,-8,73.11430195120282
-11,-8,139.36360726844737
-12,-8,266.10051247346325
-12,-8,159.7696368900753
-13,-8,50.0
-13,-8,50.0
-14,-8,99.02835225557328
-14,-8,155.20396364000294
-15,-8,160.56606443651646
-15,-8,50.0
-16,-8,337.7120495285043
-16,-8,50.0
-17,-8,198.88631415638645
-17,-8,50.0
-16,-8,239.5305391508281
-16,-8,50.0
-15,-8,50.0
-15,-8,50.0
-15,-7,50.0
-15,-7,85.07808809308449
-14,-7,237.27478545377681
-14,-7,50.0
-14,-8,122.43026749122309
-14,-8,119.20559450443551
-13,-8,50.0
-13,-8,284.30640661419113
-12,-8,128.68318419698068
-12,-8,208.64335842341947
-11,-8,89.98397773914809
-11,-8,250.38204623382464
-11,-7,491.8453184544819
-11,-7,50.0
-10,-7,158.1668893353683
-10,-7,50.0
-9,-7,111.7464011993842
-9,-7,181.27949623755964
-10,-7,239.32880615049072
-10,-7,50.0
-9,-7,192.15986461457848
-9,-7,56.26961485626464
-9,-8,401.4642930196869
-9,-8,330.03621171495826
-9,-7,262.00385668423627
-9,-7,174.44907147284235
-8,-7,209.29451079841385
-8,-7,351.53401312141295
-7,-7,50.0
-7,-7,456.59107407437557
-7,-8,278.9037342884207
-7,-8,50.0
-6,-8,240.46461596005074
-6,-8,51.07806279467982
-5,-8,295.7959542522788
-5,-8,372.4623915995012
-5,-9,72.37823831404413
-5,-9,50.0
-6,-9,102.75497089944614
-6,-9,351.85576545396054
-5,-9,81.76783646967968
-5,-9,180.32785632125353
-4,-9,365.87881670352203
-4,-9,395.993679762628
-5,-9,460.8611597267178
-5,-9,225.2216769279288
-4,-9,50.0
-4,-9,304.2157931956646
-3,-9,208.5684320994108
-3,-9,213.02770986800795
-3,-10,50.0
-3,-10,50.0
-3,-11,292.34935570296045
-3,-11,112.40215310168273
-2,-11,161.21003018296128
-2,-11,125.79640584706695
-1,-11,275.4458586805913
-1,-11,50.0
0,-11,103.00231760050819
0,-11,50.0
1,-11,394.31977634631164
1,-11,206.28330840032595
0,-11,100.88597657262574
0,-11,262.06246055192116
1,-11,174.3891160257805
1,-11,50.0
1,-12,50.0
1,-12,287.5293468893749
0,-12,53.550359803709526
0,-12,50.0
-1,-12,188.64857410458134
-1,-12,315.48203149386904
0,-12,50.0
0,-12,50.0
0,-13,157.4800659763556
0,-13,160.7114139043884
1,-13,95.2774055187981
1,-13,111.28091379586368
2,-13,289.69294787015434
2,-13,50.0
2,-14,50.0
2,-14,50.0
3,-14,226.13484683682594
3,-14,89.41472242390313
4,-14,232.76396817041916
4,-14,367.4489285305382
5,-14,50.0
5,-14,50.0
6,-14,50.0
6,-14,209.12131774579382
6,-15,81.67766871541588
6,-15,230.14199444905054
7,-15,68.32801715606296
7,-15,241.69985517106437
7,-14,137.63360147543733
7,-14,138.56438077685357
6,-14,50.0
6,-14,210.11224377810998
7,-14,194.80466221575995
7,-14,72.51899028934969
8,-14,312.1774118426814
8,-14,259.4623979781104
9,-14,229.37201313304075
9,-14,50.0
10,-14,114.6614117671634
10,-14,151.73529109541175
11,-14,50.0
11,-14,95.56821262017635
12,-14,147.55472447500273
12,-14,161.95701161658263
13,-14,50.0
13,-14,50.0
14,-14,184.6386554971764
14,-14,263.8479094582001
14,-15,50.0
14,-15,50.0
15,-15,58.773478136080726
15,-15,50.0
14,-15,50.0
14,-15,306.2279256921015
14,-16,50.0
14,-16,50.0
14,-17,82.3731551863981
14,-17,50.0
14,-16,50.0
14,-16,122.39212167914025
15,-16,50.0
15,-16,50.0
16,-16,50.0
16,-16,251.96299762214358
16,-17,50.0
16,-17,110.49944991832639
16,-18,50.0
16,-18,50.0
16,-19,50.0
16,-19,50.0
16,-20,50.0
16,-20,53.12782697844034
17,-20,50.0
17,-20,50.0
18,-20,50.0
18,-20,50.0
19,-20,50.0
19,-20,50.0
20,-20,50.0
20,-20,50.0
20,-19,50.0
20,-19,57.36119570192915
20,-18,50.0
20,-18,50.0
20,-17,50.0
20,-17,50.0
20,-16,50.0
20,-16,50.0
20,-17,50.0
20,-17,50.0
20,-18,50.0
20,-18,50.0
20,-17,50.0
20,-17,50.0
20,-16,300.1984817197989
20,-16,50.0
20,-15,50.0
20,-15,112.63613569027876
20,-14,50.0
20,-14,185.87866281206053
20,-13,50.0
20,-13,50.0
20,-12,50.0
20,-12,50.0
20,-11,50.0
20,-11,50.0
20,-10,129.95293083034048
20,-10,50.0
20,-9,190.332114576095
20,-9,50.0
20,-8,50.0
20,-8,50.0
19,-8,105.1853287932091
19,-8,146.6296515330743
18,-8,199.63273820706397
18,-8,63.01025167294888
17,-8,50.0
17,-8,98.42245262917429
16,-8,50.0
16,-8,50.0
15,-8,90.85529520743253
15,-8,50.0
14,-8,390.7932201019639
14,-8,50.0
13,-8,50.0
13,-8,152.7897791160119
12,-8,72.64664326292436
12,-8,129.7345956349036
11,-8,178.95105148629997
11,-8,95.38303589812102
10,-8,208.82365270782452
10,-8,223.587725264676
10,-7,167.86583865601565
10,-7,337.7193111109824
9,-7,498.4237155755605
9,-7,403.95719313008885
8,-7,223.57773737038468
8,-7,267.8507678227876
7,-7,640.6138540402442
7,-7,50.0
7,-8,329.9707552399435
7,-8,389.74951531509873
6,-8,50.0
6,-8,470.05236388165815
5,-8,323.95269270426326
5,-8,247.33735426859332
6,-8,324.663389204005
6,-8,345.0119081434394
6,-9,340.53250056769775
6,-9,224.1847247414497
5,-9,133.23625626249478
5,-9,145.704891350359
4,-9,280.78696450828267
4,-9,116.96309424121011
3,-9,76.64154701803542
3,-9,471.6577978114125
4,-9,150.95264168428577
4,-9,175.60549398860582
5,-9,258.54164083617974
5,-9,310.0312509749032
4,-9,344.4836399590314
4,-9,319.014690979315
4,-10,50.0
4,-10,391.38259515571804
3,-10,162.89861097568223
3,-10,301.82643672490485
4,-10,244.39916147184397
4,-10,332.9462746108435
4,-11,50.0
4,-11,517.32097245255
3,-11,309.06038826368564
3,-11,280.03226604724944
2,-11,90.94151814307592
2,-11,50.0
1,-11,500.31120997657956
1,-11,50.0
0,-11,282.98792050969206
0,-11,209.50858358068362
-1,-11,117.63709621608767
-1,-11,378.722359381046
-1,-12,250.92246138386486
-1,-12,54.531474374650784
-2,-12,112.44880196550301
-2,-12,167.30116026566745
-3,-12,213.0625942071206
-3,-12,108.38245818183229
-3,-13,179.16367631131925
-3,-13,105.37379713363066
-4,-13,50.0
-4,-13,75.68856797118605
-5,-13,329.07801396075047
-5,-13,257.7770745859985
-6,-13,261.6574207631169
-6,-13,50.0
-5,-13,121.44245536854032
-5,-13,210.2295306657218
-6,-13,294.9102687901031
-6,-13,50.0
-6,-14,50.0
-6,-14,103.05409148700902
-7,-14,181.09257988603545
-7,-14,139.97113979774124
-6,-14,50.0
-6,-14,150.05218394456972
-7,-14,62.65248219739251
-7,-14,50.0
-7,-15,55.410063279579816
-7,-15,50.0
-8,-15,50.0
-8,-15,164.34058867578418
-9,-15,50.0
-9,-15,50.0
-10,-15,255.213975442259
-10,-15,262.83060462371975
-11,-15,152.70590809701315
-11,-15,50.0
-10,-15,50.0
-10,-15,219.365347660791
-11,-15,85.78077595428327
-11,-15,264.35480881889714
-12,-15,235.8251166603322
-12,-15,50.0
-13,-15,51.44835023304876
-13,-15,50.0
-14,-15,381.6861507011422
-14,-15,50.0
-15,-15,50.0
-15,-15,50.0
-15,-16,98.399193905825
-15,-16,50.0
-16,-16,50.0
-16,-16,50.0
-17,-16,74.93427420564316
-17,-16,50.0
-18,-16,50.0
-18,-16,50.0
-19,-16,50.0
-19,-16,50.0
-20,-16,50.0
-20,-16,50.0
-19,-16,50.0
-19,-16,237.2725949405091
-19,-17,50.0
-19,-17,60.30635296528837
-18,-17,50.0
-18,-17,50.0
-18,-16,50.0
-18,-16,50.0
-17,-16,50.0
-17,-16,50.0
-16,-16,50.0
-16,-16,97.74710887474669
-15,-16,94.60631644887292
-15,-16,95.38454067501324
-15,-15,50.0
-15,-15,266.59458002924447
-14,-15,50.0
-14,-15,50.0
-13,-15,50.0
-13,-15,98.38082846014521
-12,-15,50.0
-12,-15,206.19591681252507
-12,-16,50.0
-12,-16,196.16423283489004
-12,-15,102.88042322402538
-12,-15,50.0
-13,-15,193.78447886230938
-13,-15,50.0
-12,-15,232.22828714376342
-12,-15,50.0
-11,-15,70.61286729476494
-11,-15,291.067738164043
-10,-15,185.08459130976837
-10,-15,50.0
-9,-15,174.73540418820352
-9,-15,50.0
-8,-15,104.9225828527397
-8,-15,275.2238831799558
-9,-15,50.0
-9,-15,50.0
-9,-16,61.53303798541119
-9,-16,118.67671749246185
-9,-15,134.65075287842276
-9,-15,108.81636218495497
-8,-15,324.0337551427707
-8,-15,187.58098010195098
-8,-14,50.0
-8,-14,50.0
-7,-14,50.0
-7,-14,50.0
-6,-14,50.0
-6,-14,136.99004550976076
-5,-14,51.97152688000677
-5,-14,50.0
-5,-13,111.03460183932886
-5,-13,416.16583693968573
-4,-13,50.0
-4,-13,233.98229804857084
-3,-13,420.80456641166086
-3,-13,50.0
-2,-13,114.2995558285399
-2,-13,231.32556481932568
-1,-13,144.0384691750824
-1,-13,144.8201297250812
-1,-12,204.7725837309391
-1,-12,176.1457768176968
-2,-12,178.8442096117799
-2,-12,215.40512198577733
-1,-12,195.91384266921835
-1,-12,169.17221952378216
-1,-11,151.7095720547576
-1,-11,238.9606438792303
-1,-12,119.12990537370644
-1,-12,300.16341705072597
-2,-12,278.864755408373
-2,-12,166.70699557543634
-1,-12,279.85356407480504
-1,-12,436.6590455244379
-1,-11,334.5491865266061
-1,-11,168.3730816750614
0,-11,120.00699462511076
0,-11,209.82332066679646
0,-10,386.92190521352455
0,-10,185.65890750908883
0,-9,127.43527374230769
0,-9,376.51337508588983
-1,-9,148.84863665488325
-1,-9,280.06698002496614
0,-9,64.104449560121
0,-9,344.0530260624922
1,-9,225.912909127982
1,-9,296.4895604750767
0,-9,328.59910434446954
0,-9,639.3063018033195
-1,-9,219.5978926696365
-1,-9,405.9104670088875
0,-9,134.52177615130455
0,-9,347.6278635503537
-1,-9,172.51005740432194
-1,-9,218.856833936692
0,-9,252.28840853638812
0,-9,50.0
1,-9,50.0
1,-9,188.5431756600058
2,-9,77.12504977627685
2,-9,278.8587229112807
2,-8,406.0436417243799
2,-8,366.6835170885648
3,-8,260.11021868557003
3,-8,126.10590957451197
4,-8,222.26665141607893
4,-8,230.55499720335513
4,-9,258.9246693679357
4,-9,382.22069067287146
3,-9,135.94751374405234
3,-9,232.96928289731142
2,-9,50.0
2,-9,259.0172748661423
1,-9,413.94486172751687
1,-9,236.22269468151052
1,-10,615.6587715190954
1,-10,393.5278813649122
0,-10,116.25647884084594
0,-10,433.21502251054716
0,-11,290.48950801003673
0,-11,185.35810883017783
0,-12,50.0
0,-12,232.52279046400363
0,-11,50.0
0,-11,303.59498723099125
1,-11,116.58451533569867
1,-11,274.51461876686926
1,-12,290.0053057473158
1,-12,326.50538061317224
2,-12,63.63193146732779
2,-12,50.0
2,-11,407.2372219691082
2,-11,96.07932571386227
2,-10,50.0
2,-10,107.40124919211307
2,-9,173.83892247566828
2,-9,600.7806561532188
3,-9,300.0805188545584
3,-9,502.2531797521799
2,-9,524.5722150101731
2,-9,247.86544192934574
2,-8,287.4027852386731
2,-8,340.56436219833387
2,-9,444.4822349714665
2,-9,270.7095270877983
3,-9,104.50416289923726
3,-9,207.780977841616
3,-8,205.8297709410637
3,-8,445.51476711191685
4,-8,193.73232639831997
4,-8,284.80406378188815
5,-8,193.49395856784673
5,-8,236.7840812830494
6,-8,314.07409291906754
6,-8,241.1827475991681
6,-7,343.10348052457573
6,-7,432.5354472902304
6,-6,349.1186307829347
6,-6,173.71312731074732
7,-6,50.0
7,-6,456.81153643296943
7,-7,218.0152518132826
7,-7,50.0
6,-7,50.0
6,-7,67.53895529063774
7,-7,143.27825936298143
7,-7,198.28880240019794
8,-7,50.0
8,-7,206.6401327643782
8,-6,242.35690954109685
8,-6,184.5885068774921
7,-6,258.7446839819643
7,-6,50.0
7,-5,178.67021079735258
7,-5,317.61445415387266
7,-4,404.41294976881215
7,-4,237.2864907569853
8,-4,81.34826253094874
8,-4,408.1000802324223
9,-4,249.01262318430707
9,-4,102.86870872890034
9,-3,50.0
9,-3,213.9720969018814
9,-2,241.94913674726976
9,-2,252.82576200193483
10,-2,400.24984787919755
10,-2,222.51982187663552
9,-2,254.5396642888777
9,-2,148.55270648577934
10,-2,50.0
10,-2,50.0
10,-1,75.24094327080064
10,-1,279.48022986379465
11,-1,144.42188545940996
11,-1,202.79177092940535
11,0,50.0
11,0,183.7199889051278
12,0,422.1590368930282
12,0,227.4264471057745
12,1,296.3654865487864
12,1,219.92902819063568
12,2,50.0
12,2,203.47865091069033
13,2,112.55416446938446
13,2,164.11661511440093
13,3,64.84783596947337
13,3,50.0
12,3,190.2274779024917
12,3,145.16259410030855
12,4,200.9593013085017
12,4,247.84821861974854
13,4,102.48861217782887
13,4,114.06384043082251
12,4,287.6539672160047
12,4,185.0485696868787
12,5,214.73532219514806
12,5,127.63265819955087
13,5,50.0
13,5,50.0
14,5,241.05739715429854
14,5,50.0
13,5,254.1594279822968
13,5,81.87310130711444
13,4,247.03729818126374
13,4,118.92035013232507
14,4,172.47478664407225
14,4,50.0
14,5,182.7724577766068
14,5,378.86320746318034
15,5,84.4961340839034
15,5,87.15581254934119
16,5,50.0
16,5,50.0
17,5,50.0
17,5,196.7798899878183
18,5,50.0
18,5,193.3875863863254
18,6,196.74707796067946
18,6,236.51940768645773
18,7,156.05855046656194
18,7,116.3793787301366
18,8,50.0
18,8,140.71953383763088
19,8,50.0
19,8,55.51396558119958
20,8,50.0
20,8,168.56582036411444
19,8,274.4928912081063
19,8,60.709338413601316
18,8,102.58207855899592
18,8,191.2038159174469
17,8,79.82781266942506
17,8,409.73210623156467
16,8,50.0
16,8,97.4912870842172
15,8,50.0
15,8,209.89777026848407
14,8,148.10576158485506
14,8,50.0
13,8,50.0
13,8,50.0
12,8,305.328708189141
12,8,50.0
12,9,259.91040769240277
12,9,50.0
12,8,118.4866643704886
12,8,205.7740652114204
12,7,72.16819075813879
12,7,240.28151030807965
12,6,139.75669596459608
12,6,115.9453597984106
12,5,88.28165135521752
12,5,460.1883615243921
12,4,50.0
12,4,191.3938430028549
12,3,50.0
12,3,310.18502537630764
13,3,133.92657012425082
13,3,50.0
12,3,342.7216723927068
12,3,115.68321913431923
13,3,122.95218062271958
13,3,184.59905032779062
14,3,293.3829975711093
14,3,331.13639945024363
13,3,50.0
13,3,113.5196656433208
14,3,73.09444860994793
14,3,50.0
13,3,195.21835497822522
13,3,139.99221981344704
13,2,142.95022464364945
13,2,136.67158996029718
13,1,131.73581843250096
13,1,210.4529129398623
