16,-15,100.0
16,-14,261.2666785536712
16,-13,100.0
16,-12,100.0
16,-11,170.88168033754852
15,-11,100.0
14,-11,473.27115229476857
15,-11,100.0
14,-11,100.0
14,-10,100.0
13,-10,273.88923091303366
12,-10,229.3763177104616
11,-10,372.0202414612096
11,-9,444.6426159468847
12,-9,433.8639887239896
12,-8,128.2602613986565
11,-8,160.2202412335961
11,-7,566.4723563119098
10,-7,157.90903209723422
9,-7,320.15004122879367
8,-7,259.32077180578233
8,-6,305.73047683142
8,-5,453.6363869442947
8,-4,246.42097484224118
7,-4,343.3207935276085
7,-5,203.65322107777877
7,-4,211.41655560644273
8,-4,406.671920592378
7,-4,699.2960795198004
6,-4,452.1473170509445
6,-3,270.1167410803599
5,-3,416.95542464273996
4,-3,392.93627718778606
4,-2,739.9860506443644
4,-1,509.6089207618621
5,-1,450.42507776926567
4,-1,796.3657689345658
3,-1,341.8003644856042
2,-1,950.4148394639084
2,0,736.9364674796219
2,1,305.25011717513325
2,2,442.67673056872286
1,2,779.5218281903678
0,2,660.9013585992235
0,3,603.8686142860349
-1,3,493.85379580414855
0,3,774.4938588254261
-1,3,517.5900694634413
-2,3,723.2398438734424
-2,4,248.09207013395564
-2,5,734.6303177745731
-2,6,688.4358088221267
-1,6,485.403986593839
0,6,332.6046781310281
-1,6,502.7433311602922
-2,6,483.3786804558821
-1,6,513.542890014638
-2,6,499.3036349032593
-2,7,554.4290649903714
-1,7,509.5185444525553
-2,7,365.98975191779806
-1,7,193.10125574670215
-2,7,387.9603646273697
-2,6,244.20316035958533
-3,6,434.7370568325266
-3,7,515.9334595899883
-4,7,425.0156640023057
-4,8,222.45891376974282
-5,8,100.81508298619076
-5,9,270.20483273203035
-6,9,100.0
-5,9,831.4208072149116
-5,10,309.0603231325133
-6,10,430.6257116794702
-7,10,674.7727542285298
-8,10,507.8630478387462
-9,10,322.47238646219915
-10,10,297.1378987896097
-11,10,133.17912806846158
-12,10,412.69003128318184
-13,10,100.0
-13,9,216.7032622481987
-13,10,103.69419357037124
-12,10,163.39175119987135
-12,11,149.67941184010417
-13,11,151.6944037712749
-13,10,100.0
-13,11,100.0
-14,11,100.0
-15,11,100.0
-15,12,100.0
-16,12,100.0
-16,11,100.0
-15,11,136.15940400853734
-16,11,111.44225484545632
-15,11,100.0
-15,10,100.0
-14,10,100.0
-14,11,158.59968335747325
-14,12,112.66145361957665
-14,11,100.0
-13,11,100.0
-12,11,221.26366338146454
-12,10,100.0
-12,9,222.54722525448815
-11,9,100.0
-11,8,262.8061263487544
-11,7,175.95861187056258
-11,8,207.89243285794643
-11,7,100.0
-12,7,353.032658620272
-12,8,100.0
-13,8,331.5799617493034
-12,8,122.66628908011492
-12,9,185.58643816047203
-11,9,194.47063019042918
-11,8,247.01393119522788
-10,8,664.1730123917816
-10,7,589.4703217093441
-9,7,287.05993416749067
-9,8,167.524261965009
-10,8,215.00599376759112
-10,7,228.4360165615884
-9,7,326.8964895864276
-10,7,169.82468598040316
-10,6,148.45153495359497
-10,5,465.0120836025709
-9,5,441.39274537076915
-8,5,360.9774184258932
-8,4,578.5064142412823
-8,3,141.24723900974328
-8,2,668.3563048649942
-8,1,526.3726221329969
-7,1,324.7203597735115
-7,0,329.70018105873726
-7,-1,599.7839631254908
-7,-2,478.0372161764915
-6,-2,548.720401472168
-6,-3,446.3952549121152
-6,-4,844.5777592700903
-5,-4,642.5655519495958
-4,-4,278.7940940494591
-3,-4,350.86446089882304
-3,-3,638.635099905438
-3,-4,675.8213651103019
-3,-3,883.1949533599831
-3,-4,516.1836341628314
-3,-5,755.1932253633307
-4,-5,732.095834743535
-3,-5,426.7514874380612
-2,-5,649.5498216922874
-2,-6,415.09337188445875
-1,-6,580.3793027300886
-1,-7,622.1440909912637
0,-7,518.7712067725604
0,-8,419.7130330489052
-1,-8,419.5894515552746
-2,-8,308.9967852040848
-3,-8,346.12585981034687
-2,-8,362.6033533639001
-1,-8,545.381547376787
-2,-8,541.1461826190962
-3,-8,300.1118196991158
-4,-8,372.1386465530402
-3,-8,438.5072958646028
-4,-8,148.72544180647503
-3,-8,493.95870295260426
-4,-8,276.8081610474561
-3,-8,735.5474048369274
-2,-8,303.2435498332091
-3,-8,412.06999422799885
-4,-8,441.61730821330485
-5,-8,308.0571796445553
-6,-8,616.8782291957748
-5,-8,431.79580465750377
-6,-8,195.22123121263309
-5,-8,202.92096351357094
-6,-8,256.4144827018653
-7,-8,454.97357178578034
-6,-8,314.3811727588966
-5,-8,681.5217243149561
-6,-8,366.36835328394824
-7,-8,388.37392064305857
-8,-8,575.8132449900321
-9,-8,488.5486380290745
-10,-8,484.5174777062561
-11,-8,536.2464016718495
-12,-8,132.8637862340759
-11,-8,100.0
-12,-8,425.5227287164242
-13,-8,100.0
-14,-8,117.98180134082264
-15,-8,100.0
-16,-8,402.2657598481999
-17,-8,335.7278449181273
-16,-8,100.0
-15,-8,316.7631829540636
-15,-7,214.10103589319888
-14,-7,100.0
-14,-8,308.6616490644393
-13,-8,147.61537355463113
-12,-8,617.5276540376583
-11,-8,382.2112432097616
-11,-7,310.1256183286503
-10,-7,837.3329972326966
-9,-7,100.0
-10,-7,106.3106484081865
-9,-7,133.31609623337158
-9,-8,123.62053658628781
-9,-7,852.522594173367
-8,-7,229.79169745753586
-7,-7,312.9511554033479
-7,-8,171.4833936429846
-6,-8,279.85937113476587
-5,-8,191.39462287056963
-5,-9,468.23423653370105
-6,-9,311.45074722113407
-5,-9,731.8207739162499
-4,-9,374.56539850292313
-5,-9,767.4445400493216
-4,-9,310.9082502441295
-3,-9,261.4996284661356
-3,-10,256.06788944393077
-3,-11,303.95240637893585
-2,-11,371.1055000306173
-1,-11,248.68589169944616
0,-11,200.12491854076217
1,-11,510.4096038711166
0,-11,601.3375892562364
1,-11,100.0
1,-12,100.0
0,-12,275.2574845061561
-1,-12,100.0
0,-12,273.0019595534948
0,-13,220.39618664079154
1,-13,182.40402826609457
2,-13,544.5076288589569
2,-14,422.8125555455347
3,-14,133.53224769059915
4,-14,100.0
5,-14,100.0
6,-14,387.30687014636646
6,-15,100.0
7,-15,220.18052184779242
7,-14,364.5889064133677
6,-14,454.58620101547467
7,-14,448.7891903744662
8,-14,100.0
9,-14,337.48653746202984
10,-14,100.0
11,-14,100.0
12,-14,148.96671064633668
13,-14,207.07000877060256
14,-14,100.0
14,-15,100.0
15,-15,213.27469783232982
14,-15,100.0
14,-16,100.0
14,-17,112.56215727351713
14,-16,100.0
15,-16,703.7302211956218
16,-16,100.0
16,-17,100.0
16,-18,100.0
16,-19,100.0
16,-20,100.0
17,-20,100.0
18,-20,100.0
19,-20,100.0
20,-20,100.0
20,-19,100.0
20,-18,100.0
20,-17,100.0
20,-16,100.0
20,-17,100.0
20,-18,100.0
20,-17,100.0
20,-16,100.0
20,-15,100.0
20,-14,100.0
20,-13,311.31282018234907
20,-12,100.0
20,-11,100.0
20,-10,100.0
20,-9,100.0
20,-8,171.01334598010806
19,-8,100.0
18,-8,100.0
17,-8,100.0
16,-8,100.0
15,-8,565.6538488764975
14,-8,264.287442007605
13,-8,805.4386242716516
12,-8,100.0
11,-8,240.52846068072137
10,-8,344.75819929549954
10,-7,100.0
9,-7,362.48687181257225
8,-7,814.5146468695714
7,-7,285.95455202538983
7,-8,199.73858740208834
6,-8,382.146482150799
5,-8,263.8852117377351
6,-8,100.0
6,-9,253.57948426807818
5,-9,202.57125905928064
4,-9,360.172161083042
3,-9,708.339198198477
4,-9,497.22727926218
5,-9,703.7551718078544
4,-9,953.20791832322
4,-10,196.074429839986
3,-10,262.95421088946944
4,-10,141.99643295812098
4,-11,137.07390549067864
3,-11,252.54358307937645
2,-11,374.567095051096
1,-11,133.65460441893595
0,-11,477.7581459875449
-1,-11,311.1119932705695
-1,-12,218.65950420234014
-2,-12,280.2440544803715
-3,-12,228.58613048575
-3,-13,344.2123039332799
-4,-13,100.0
-5,-13,100.0
-6,-13,120.89591040215765
-5,-13,379.2793587561224
-6,-13,471.31829075104434
-6,-14,493.1697591341499
-7,-14,457.6808311638645
-6,-14,391.02579457464117
-7,-14,100.0
-7,-15,100.0
-8,-15,100.0
-9,-15,140.57153967978022
-10,-15,171.79413508150526
-11,-15,100.83197454059601
-10,-15,100.0
-11,-15,100.0
-12,-15,125.94893084290679
-13,-15,100.0
-14,-15,100.0
-15,-15,100.0
-15,-16,100.0
-16,-16,117.87785283378821
-17,-16,100.0
-18,-16,100.0
-19,-16,189.2724234342066
-20,-16,100.0
-19,-16,100.0
-19,-17,100.0
-18,-17,100.0
-18,-16,100.0
-17,-16,100.0
-16,-16,100.0
-15,-16,100.0
-15,-15,100.0
-14,-15,238.4724746836703
-13,-15,100.0
-12,-15,256.01707773561424
-12,-16,100.0
-12,-15,256.86212065928294
-13,-15,100.0
-12,-15,625.0649910776169
-11,-15,225.07738263489316
-10,-15,626.4906945174395
-9,-15,100.0
-8,-15,100.0
-9,-15,266.84576541852334
-9,-16,130.9824181863802
-9,-15,100.0
-8,-15,155.181222253016
-8,-14,752.9770617844468
-7,-14,215.21361327557548
-6,-14,100.0
-5,-14,489.8997774459192
-5,-13,100.0
-4,-13,609.4073290116605
-3,-13,491.9710227191166
-2,-13,100.0
-1,-13,140.87744661140815
-1,-12,238.97097798776997
-2,-12,199.8627054690802
-1,-12,253.02069812455719
-1,-11,279.0552093531661
-1,-12,257.5835042668158
-2,-12,271.2819189082919
-1,-12,100.0
-1,-11,371.34372312151794
0,-11,163.29570237866096
0,-10,685.9506427271044
0,-9,548.6537848861894
-1,-9,376.86136908914614
0,-9,254.8625688782464
1,-9,597.4427999955094
0,-9,278.66321790814993
-1,-9,219.67702521481206
0,-9,592.9260537483157
-1,-9,652.6145195024478
0,-9,127.66956313235761
1,-9,190.9904342337192
2,-9,384.8986140325703
2,-8,586.448656170131
3,-8,100.0
4,-8,100.0
4,-9,587.8099964213973
3,-9,100.0
2,-9,100.0
1,-9,100.0
1,-10,186.89598488410428
0,-10,222.06713036022097
0,-11,313.8863252914109
0,-12,450.28362541905483
0,-11,100.0
1,-11,578.8828536296123
1,-12,510.94364736120417
2,-12,691.5927671754305
2,-11,314.61290631004005
2,-10,810.915665360533
2,-9,362.15926951519685
3,-9,628.5404030334666
2,-9,100.0
2,-8,215.06412250114886
2,-9,438.61912079533454
3,-9,300.0930850121989
3,-8,145.4789377672648
4,-8,220.66373082127367
5,-8,225.35058531560472
6,-8,100.0
6,-7,397.3413010432244
6,-6,366.6365510141204
7,-6,322.36355573248215
7,-7,261.51596428334113
6,-7,187.21821865633882
7,-7,255.89521965626898
8,-7,226.33728748169895
8,-6,377.7500467053819
7,-6,303.0352858673845
7,-5,572.3645934503877
7,-4,281.2562994878718
8,-4,313.60394027737254
9,-4,214.87844727343472
9,-3,290.492925360143
9,-2,168.38323255786204
10,-2,100.0
9,-2,283.92596880686415
10,-2,109.9800509220596
10,-1,521.1964394095687
11,-1,418.2222001149777
11,0,733.4335514663533
12,0,308.14642786872946
12,1,125.62873704332289
12,2,200.40713926696958
13,2,511.0619976402873
13,3,100.0
12,3,523.9206143851388
12,4,614.3141329327261
13,4,176.82632531137895
12,4,467.31855108129315
12,5,839.5605517023141
13,5,100.0
14,5,828.0685235478696
13,5,238.24046636825952
13,4,157.82971077592364
14,4,176.68542953777933
14,5,100.0
15,5,236.4400027092143
16,5,155.25262636094817
17,5,100.0
18,5,100.0
18,6,100.0
18,7,100.0
18,8,100.0
19,8,100.0
20,8,107.97026006702947
19,8,317.3110060142219
18,8,244.53274395943035
17,8,381.9647016414426
16,8,100.0
15,8,100.0
14,8,311.34582821264473
13,8,316.69098196460567
12,8,453.30383590710187
12,9,100.0
12,8,173.5240217791584
12,7,121.36979979042698
12,6,145.06424384485678
12,5,273.35573037781774
12,4,138.4246049910083
12,3,903.8466084317234
13,3,497.45027343122763
12,3,310.62768201741767
13,3,537.3021675754586
14,3,114.55080857631552
13,3,182.49843766908617
14,3,100.0
13,3,721.7137534244827
13,2,100.0
13,1,131.5801876208098
