16,-15,100.0
16,-14,100.0
16,-13,168.8996935279738
16,-12,100.0
16,-11,217.23682610153918
15,-11,313.20670268143294
14,-11,100.0
15,-11,133.7634519703707
14,-11,423.8769539285863
14,-10,116.89455171989508
13,-10,469.5057215971722
12,-10,100.0
11,-10,264.4993515508733
11,-9,100.0
12,-9,114.81388066628233
12,-8,505.8537117040921
11,-8,138.18974819437707
11,-7,100.0
10,-7,637.7604830550613
9,-7,532.3103379955021
8,-7,205.0999812859031
8,-6,169.85815031039635
8,-5,100.0
8,-4,633.0281195465956
7,-4,362.0855104960834
7,-5,533.9085568520263
7,-4,229.26983578479215
8,-4,100.0
7,-4,298.74216964236297
6,-4,100.0
6,-3,510.03332578702293
5,-3,645.3994466671068
4,-3,217.5605628691295
4,-2,710.5392305554601
4,-1,601.7075473568523
5,-1,492.8596064081015
4,-1,826.3163669745096
3,-1,269.5406817636175
2,-1,469.41319794557893
2,0,1210.663791138335
2,1,187.02002744593725
2,2,246.14617498725468
1,2,307.87869336393936
0,2,570.2501564020881
0,3,188.48679935064607
-1,3,362.02624749164715
0,3,281.43162747054856
-1,3,127.65233383732311
-2,3,169.6643968604899
-2,4,673.6773853657667
-2,5,100.0
-2,6,398.36456407968194
-1,6,765.1344015924584
0,6,519.6857465539753
-1,6,100.0
-2,6,432.9103752146701
-1,6,725.6166907242579
-2,6,200.42187571065102
-2,7,447.3769560802295
-1,7,592.2542191975504
-2,7,729.0084526315926
-1,7,279.6382085198107
-2,7,624.7350344931195
-2,6,675.9234138435623
-3,6,100.02643588425079
-3,7,118.55783149395339
-4,7,326.5117459457682
-4,8,348.8252055045758
-5,8,292.55545478873614
-5,9,686.3919341462528
-6,9,640.3503323459213
-5,9,187.9879166116481
-5,10,436.58880004519676
-6,10,293.1763435762988
-7,10,284.35704489655024
-8,10,123.88598368451875
-9,10,100.0
-10,10,100.0
-11,10,188.37510631497003
-12,10,256.66738235032864
-13,10,100.0
-13,9,221.355222967155
-13,10,492.45032526834984
-12,10,620.8582187040386
-12,11,409.4835905994257
-13,11,100.0
-13,10,176.20028052670472
-13,11,233.00906256695245
-14,11,244.6473908368538
-15,11,100.0
-15,12,100.0
-16,12,256.2729946147517
-16,11,299.2036245046228
-15,11,100.0
-16,11,209.66895162480472
-15,11,306.00561800817866
-15,10,100.0
-14,10,100.0
-14,11,100.0
-14,12,100.0
-14,11,100.0
-13,11,292.1879023789978
-12,11,294.97865619792833
-12,10,236.06516165274257
-12,9,272.35362455070845
-11,9,100.0
-11,8,100.0
-11,7,281.0731131484603
-11,8,100.0
-11,7,342.5393830495628
-12,7,169.10855696622937
-12,8,346.58700871638626
-13,8,291.0582455345592
-12,8,100.0
-12,9,100.0
-11,9,324.4017024714145
-11,8,384.18679598192557
-10,8,575.8506640450901
-10,7,213.50515599115454
-9,7,376.6117956083848
-9,8,598.5152742174135
-10,8,100.0
-10,7,319.55435515321585
-9,7,647.4244243957697
-10,7,236.26407766065296
-10,6,717.4542961138807
-10,5,229.2338694476126
-9,5,680.9990805715904
-8,5,472.3633574854477
-8,4,298.75406236898226
-8,3,426.89437861813343
-8,2,409.3271604181624
-8,1,268.19538427044614
-7,1,545.5394186736926
-7,0,402.52880259013654
-7,-1,100.0
-7,-2,184.30831472423256
-6,-2,895.0184852509801
-6,-3,294.67111434193197
-6,-4,316.5853731460235
-5,-4,512.9531391212454
-4,-4,254.4391635694026
-3,-4,643.7177742617151
-3,-3,992.0376178610584
-3,-4,1055.103555436165
-3,-3,394.3777402927825
-3,-4,664.6385900657805
-3,-5,797.2428573750522
-4,-5,355.1208800093162
-3,-5,179.43388918495026
-2,-5,318.67044705322473
-2,-6,202.77847077187232
-1,-6,204.91867679573005
-1,-7,294.9911642247645
0,-7,344.10911752491006
0,-8,505.6556627161547
-1,-8,495.7170298801649
-2,-8,202.84652645427866
-3,-8,308.591820945044
-2,-8,100.0
-1,-8,547.2161967029836
-2,-8,198.9953628316258
-3,-8,354.7554547121329
-4,-8,308.53336396206925
-3,-8,140.45508430074776
-4,-8,178.41383218637327
-3,-8,516.7948408213775
-4,-8,183.32906374944272
-3,-8,189.20739011170164
-2,-8,388.04793656039004
-3,-8,461.58960180801694
-4,-8,819.099638498594
-5,-8,196.37721888884175
-6,-8,360.5873807980666
-5,-8,707.8214734171804
-6,-8,217.051104306436
-5,-8,396.34229720093043
-6,-8,126.65484363422041
-7,-8,442.1290582489017
-6,-8,414.09103385910925
-5,-8,201.25347358712747
-6,-8,140.59568795369614
-7,-8,362.36972538806987
-8,-8,339.83556383378016
-9,-8,610.3028758929502
-10,-8,458.96526982463683
-11,-8,317.16337340697135
-12,-8,361.9269266194751
-11,-8,118.71323439694041
-12,-8,319.8043850808956
-13,-8,576.5607739899149
-14,-8,100.0
-15,-8,100.0
-16,-8,433.0375894175325
-17,-8,100.0
-16,-8,100.0
-15,-8,100.0
-15,-7,771.969688322392
-14,-7,100.0
-14,-8,112.99935483554886
-13,-8,440.5853779264945
-12,-8,100.0
-11,-8,100.0
-11,-7,458.3492033966785
-10,-7,157.20314868410262
-9,-7,261.23538954600156
-10,-7,146.95483592827816
-9,-7,183.57875127978502
-9,-8,761.5248128467651
-9,-7,227.46819857572726
-8,-7,824.8329869683965
-7,-7,263.4941523844966
-7,-8,152.274044124171
-6,-8,685.3657854716357
-5,-8,228.43543764173694
-5,-9,801.7681434749759
-6,-9,362.0460399312618
-5,-9,280.7964563685942
-4,-9,779.6592929589693
-5,-9,417.8893214845368
-4,-9,100.0
-3,-9,548.7574393091068
-3,-10,621.4790723377484
-3,-11,100.0
-2,-11,118.26791796948119
-1,-11,100.0
0,-11,139.35464339495286
1,-11,164.9965080167796
0,-11,504.31092171565683
1,-11,487.511955645307
1,-12,123.0378314934428
0,-12,100.0
-1,-12,100.0
0,-12,227.61093585808732
0,-13,239.5805718488548
1,-13,100.0
2,-13,200.19783275989528
2,-14,470.70038366865094
3,-14,133.63879169734992
4,-14,100.0
5,-14,148.2205346205813
6,-14,100.0
6,-15,299.4138031709249
7,-15,100.0
7,-14,855.7254596530081
6,-14,166.17704294401287
7,-14,153.6962326854076
8,-14,587.3709103137082
9,-14,302.6469980316306
10,-14,192.33192322280172
11,-14,100.0
12,-14,234.23365412934152
13,-14,100.0
14,-14,213.75699707803213
14,-15,100.0
15,-15,154.7087527376644
14,-15,281.18174821555334
14,-16,186.23510496563824
14,-17,100.0
14,-16,100.0
15,-16,205.62022499761295
16,-16,100.0
16,-17,100.0
16,-18,100.0
16,-19,100.0
16,-20,116.91156999526982
17,-20,100.0
18,-20,100.0
19,-20,100.0
20,-20,100.0
20,-19,117.76470684282609
20,-18,100.0
20,-17,100.0
20,-16,100.0
20,-17,100.0
20,-18,127.49387225404297
20,-17,100.0
20,-16,100.0
20,-15,100.0
20,-14,272.6491507375339
20,-13,100.0
20,-12,195.59742749316996
20,-11,100.0
20,-10,100.0
20,-9,100.0
20,-8,100.0
19,-8,170.06840818271846
18,-8,115.59367868460842
17,-8,132.90338768062827
16,-8,524.6034238239395
15,-8,231.86868779700308
14,-8,259.13437124064535
13,-8,113.68514038558573
12,-8,388.62933774672797
11,-8,178.75180562832844
10,-8,100.0
10,-7,360.6213987754606
9,-7,723.4650538278104
8,-7,184.43814750515673
7,-7,1018.3201239644811
7,-8,321.30716278365924
6,-8,731.6952992940257
5,-8,401.8379824011184
6,-8,347.05236949019223
6,-9,650.8186516566627
5,-9,621.396270613013
4,-9,358.6680700287209
3,-9,177.89851220271726
4,-9,100.0
5,-9,874.8974402282214
4,-9,321.0038311285795
4,-10,454.1784815492719
3,-10,100.0
4,-10,477.0519676825352
4,-11,161.99571607158651
3,-11,100.0
2,-11,474.9077441779748
1,-11,247.8600466038343
0,-11,143.69617922517725
-1,-11,426.9253397288414
-1,-12,499.9334562509499
-2,-12,428.2352023513386
-3,-12,691.6277705619864
-3,-13,480.206173719561
-4,-13,275.1135246251711
-5,-13,100.0
-6,-13,681.7029764950764
-5,-13,101.31995945045418
-6,-13,296.9121618530321
-6,-14,267.1193486486265
-7,-14,100.0
-6,-14,119.10009574045866
-7,-14,231.16728478201554
-7,-15,100.0
-8,-15,100.0
-9,-15,187.20887839005252
-10,-15,609.0601989386847
-11,-15,100.0
-10,-15,169.54425757288203
-11,-15,100.0
-12,-15,128.18941604978318
-13,-15,446.4858471409367
-14,-15,100.0
-15,-15,178.81525474211918
-15,-16,100.0
-16,-16,100.0
-17,-16,145.84305326828732
-18,-16,124.94375265006269
-19,-16,100.0
-20,-16,100.0
-19,-16,100.0
-19,-17,131.05003831746106
-18,-17,100.0
-18,-16,100.0
-17,-16,100.0
-16,-16,423.13573242519146
-15,-16,100.0
-15,-15,100.0
-14,-15,100.0
-13,-15,100.0
-12,-15,226.64891531836497
-12,-16,100.0
-12,-15,808.5235960024859
-13,-15,201.17496776948545
-12,-15,221.2429309992823
-11,-15,143.54189440451165
-10,-15,211.19718136189175
-9,-15,377.4253210574353
-8,-15,392.7690230819335
-9,-15,285.02268442737505
-9,-16,141.96622416556
-9,-15,624.9507849409342
-8,-15,100.0
-8,-14,100.0
-7,-14,173.2015569576525
-6,-14,692.7617044333495
-5,-14,366.0080532846922
-5,-13,234.98796338703923
-4,-13,461.54112196622657
-3,-13,100.0
-2,-13,184.80661770324343
-1,-13,165.8149817344505
-1,-12,379.9428963034632
-2,-12,196.87023224376148
-1,-12,143.13826352874648
-1,-11,704.8469477766056
-1,-12,614.0803552358866
-2,-12,100.0
-1,-12,100.0
-1,-11,476.7218264587487
0,-11,244.01035400303607
0,-10,256.82307877711196
0,-9,212.5479641473902
-1,-9,286.005975577162
0,-9,243.91197817733004
1,-9,404.6221550509278
0,-9,425.93686384239123
-1,-9,114.86504224911215
0,-9,109.64979087926704
-1,-9,396.59349024536687
0,-9,1055.6238573349012
1,-9,1127.6882269525825
2,-9,250.13702556478967
2,-8,300.5224311383639
3,-8,173.30819769073727
4,-8,317.3771997726896
4,-9,324.36624840033124
3,-9,542.1236280615817
2,-9,330.83327110804026
1,-9,372.37937146932836
1,-10,385.30081817907677
0,-10,406.27717483052254
0,-11,397.8939531469309
0,-12,100.0
0,-11,458.25711712689116
1,-11,100.0
1,-12,365.00357269296194
2,-12,168.39342624789893
2,-11,336.91062059709213
2,-10,100.0
2,-9,358.76769643167165
3,-9,337.75813565963307
2,-9,420.1795708171626
2,-8,142.05398180131667
2,-9,415.9339646963695
3,-9,198.04932637381395
3,-8,350.654603008379
4,-8,591.219754709325
5,-8,386.57477591806867
6,-8,218.21920202837822
6,-7,426.6119344116912
6,-6,820.2260693912581
7,-6,426.03223862196563
7,-7,802.030435447524
6,-7,214.16607471657056
7,-7,505.3029935952136
8,-7,171.53454836656394
8,-6,560.4386931546618
7,-6,605.5007057835925
7,-5,228.59468418915753
7,-4,675.0759557489166
8,-4,303.21659596171645
9,-4,526.0648564312512
9,-3,669.8241283560955
9,-2,563.7998026707113
10,-2,308.10099723767837
9,-2,386.6653054016564
10,-2,339.69397992276856
10,-1,424.3355359386787
11,-1,340.98898042888584
11,0,114.97551893129415
12,0,581.0849984310074
12,1,377.7557302399909
12,2,393.39617481205994
13,2,452.4626114175009
13,3,178.36765159302115
12,3,263.0430794766205
12,4,516.6952691886387
13,4,100.0
12,4,807.6579283111821
12,5,134.35877684903912
13,5,137.08604443996362
14,5,100.0
13,5,373.1150940652884
13,4,111.16690681416628
14,4,448.532381233771
14,5,204.99399303321107
15,5,342.817616679209
16,5,292.9917804849309
17,5,278.23195677821866
18,5,100.0
18,6,197.23553432298377
18,7,100.0
18,8,109.5591273316076
19,8,230.8301117866549
20,8,152.83161833408582
19,8,100.0
18,8,272.24431894514635
17,8,420.6390264341012
16,8,100.0
15,8,525.5979128992778
14,8,108.6540702055006
13,8,100.0
12,8,119.95556275000101
12,9,236.69130664066262
12,8,422.9124030114442
12,7,100.0
12,6,100.0
12,5,302.98093498988857
12,4,100.0
12,3,495.4590489545344
13,3,522.9544134105586
12,3,307.5612399538508
13,3,133.94594963865418
14,3,223.56012296583629
13,3,250.79712779824993
14,3,100.0
13,3,201.25706049440538
13,2,247.10626520926706
13,1,435.7600221080313
