16,-15,187.55346379192167
16,-14,228.57444429565413
16,-13,100.0
16,-12,100.0
16,-11,100.0
15,-11,164.08780364078407
14,-11,568.5877995407104
15,-11,100.0
14,-11,210.77074586504597
14,-10,137.4367129280614
13,-10,382.1695657942065
12,-10,254.1160228874049
11,-10,100.0
11,-9,310.1804508570014
12,-9,226.7394245441602
12,-8,313.9826744937133
11,-8,378.6278925434489
11,-7,454.5374941580784
10,-7,100.0
9,-7,412.9517121291213
8,-7,202.95603062055426
8,-6,364.77790577785066
8,-5,311.02754254107475
8,-4,239.07589248312502
7,-4,180.30238779037987
7,-5,641.962194637878
7,-4,339.50301285502246
8,-4,394.3916897838367
7,-4,227.6141363731574
6,-4,189.79750819326597
6,-3,655.4660791839218
5,-3,203.5896974160636
4,-3,811.99603406743
4,-2,467.34341626496666
4,-1,542.1694993962842
5,-1,387.17095749179964
4,-1,294.2767987337935
3,-1,845.4431000812084
2,-1,990.431914566756
2,0,1046.5208758805638
2,1,280.4071142443713
2,2,585.6485204627561
1,2,424.41435559628746
0,2,268.7529667503107
0,3,239.49861448032237
-1,3,918.7207829091731
0,3,100.0
-1,3,1003.7079754664637
-2,3,416.29687316855893
-2,4,301.14446365042915
-2,5,690.9283125769539
-2,6,352.0270250918198
-1,6,474.3093191809231
0,6,308.0753500249195
-1,6,431.2168302846412
-2,6,247.77312374617622
-1,6,293.74735005937174
-2,6,224.83659014760087
-2,7,637.9932833869943
-1,7,780.108977314155
-2,7,711.6394432524398
-1,7,627.265799096576
-2,7,100.0
-2,6,1119.280734409972
-3,6,716.0569740484768
-3,7,228.43826379452963
-4,7,317.54506511774036
-4,8,258.3409684892462
-5,8,228.22956003244877
-5,9,141.88888619060157
-6,9,458.09227710637515
-5,9,203.5783860317552
-5,10,100.0
-6,10,327.685553768163
-7,10,100.0
-8,10,136.31336796861143
-9,10,196.0546420674824
-10,10,100.0
-11,10,100.0
-12,10,100.0
-13,10,512.2345077011048
-13,9,106.26366406071227
-13,10,100.0
-12,10,100.0
-12,11,100.0
-13,11,109.69613115375077
-13,10,255.7081063486918
-13,11,268.10864923784413
-14,11,100.0
-15,11,240.76994296804745
-15,12,147.3251468931253
-16,12,100.0
-16,11,100.0
-15,11,100.0
-16,11,287.8188279989057
-15,11,100.0
-15,10,100.0
-14,10,270.55816636741923
-14,11,184.90677004874695
-14,12,219.58315396814749
-14,11,332.2066149771709
-13,11,100.0
-12,11,250.25510642383773
-12,10,100.0
-12,9,173.98892410999278
-11,9,102.46970128621405
-11,8,409.92001110664324
-11,7,418.77854600510966
-11,8,599.9794052923394
-11,7,100.0
-12,7,100.0
-12,8,107.25252396204458
-13,8,175.7745951848163
-12,8,196.314007295847
-12,9,100.0
-11,9,266.8209954184211
-11,8,210.22938553097703
-10,8,163.07379053997272
-10,7,350.25083004507746
-9,7,275.39652784625525
-9,8,160.6464383643386
-10,8,389.78859901709495
-10,7,439.70542410549854
-9,7,501.3826499599381
-10,7,100.0
-10,6,100.0
-10,5,193.74025815520824
-9,5,188.22406243800887
-8,5,154.06736246746888
-8,4,349.883152905291
-8,3,297.98443487495774
-8,2,319.60191275217176
-8,1,455.46931475631345
-7,1,221.41501761328377
-7,0,412.67368488454747
-7,-1,574.4876386813096
-7,-2,431.6458465622902
-6,-2,254.8910826838866
-6,-3,686.0149458982575
-6,-4,152.00446034373175
-5,-4,244.15587560902927
-4,-4,345.3177746136847
-3,-4,350.7451725085908
-3,-3,1006.3454983926542
-3,-4,272.6558961396722
-3,-3,806.8129363748583
-3,-4,277.8940094105535
-3,-5,253.9009446585432
-4,-5,445.643898083889
-3,-5,504.5424963760348
-2,-5,216.74080517272017
-2,-6,687.8955116714989
-1,-6,276.95404463269426
-1,-7,400.0603093256403
0,-7,411.8905906811202
0,-8,466.6288613657232
-1,-8,551.9206690637137
-2,-8,437.16426376941644
-3,-8,314.3059801707988
-2,-8,336.9059696936462
-1,-8,181.340867880563
-2,-8,257.2214799609815
-3,-8,586.2208927447984
-4,-8,100.0
-3,-8,620.0110630516557
-4,-8,508.9137833173611
-3,-8,100.0
-4,-8,270.05647947730256
-3,-8,641.3068252400178
-2,-8,502.6617744257843
-3,-8,469.0309008587009
-4,-8,512.5754620829731
-5,-8,524.1148384821856
-6,-8,255.52769775028023
-5,-8,716.5415479391336
-6,-8,371.9760466339127
-5,-8,100.0
-6,-8,272.98741689091025
-7,-8,691.9730051839348
-6,-8,100.0
-5,-8,491.22938724656495
-6,-8,187.14803034933894
-7,-8,100.0
-8,-8,301.7347405104056
-9,-8,100.0
-10,-8,102.33090123338738
-11,-8,357.9884026134313
-12,-8,235.3591948329549
-11,-8,116.62429365147096
-12,-8,291.6714904074315
-13,-8,283.7595901112958
-14,-8,740.9797743838717
-15,-8,193.0495924727503
-16,-8,100.0
-17,-8,268.12372869898724
-16,-8,100.0
-15,-8,364.3984480243167
-15,-7,100.0
-14,-7,188.31146842319518
-14,-8,100.0
-13,-8,100.0
-12,-8,259.2225957568812
-11,-8,140.02585242125434
-11,-7,269.7018889585139
-10,-7,227.7183608690347
-9,-7,750.9802067579884
-10,-7,490.71774396285343
-9,-7,167.70540550790378
-9,-8,100.0
-9,-7,100.0
-8,-7,663.7340015782629
-7,-7,203.65590759093305
-7,-8,216.74891102778668
-6,-8,140.64936269145872
-5,-8,321.22539145886014
-5,-9,274.6680420156756
-6,-9,743.8969501187821
-5,-9,251.08865924476893
-4,-9,278.25613960957946
-5,-9,725.8087562742435
-4,-9,174.13224351503496
-3,-9,217.41552134710832
-3,-10,367.84694569964796
-3,-11,262.89369645124225
-2,-11,518.7591092471147
-1,-11,505.6811837216378
0,-11,123.96301856952482
1,-11,100.0
0,-11,100.0
1,-11,100.0
1,-12,425.31008180503113
0,-12,121.30120055599383
-1,-12,329.11365934031517
0,-12,272.9090730198451
0,-13,149.72429781730511
1,-13,340.148549007606
2,-13,350.4610928915198
2,-14,197.26516077580519
3,-14,173.96688085783612
4,-14,191.9181086923271
5,-14,100.0
6,-14,265.2562735119895
6,-15,150.31688492862594
7,-15,100.0
7,-14,167.83302789522995
6,-14,128.73257528223021
7,-14,100.0
8,-14,253.7660789915291
9,-14,154.82128288356503
10,-14,100.0
11,-14,391.0982664806022
12,-14,280.2286875410408
13,-14,115.05150848373614
14,-14,100.0
14,-15,218.5153113292155
15,-15,100.0
14,-15,100.0
14,-16,238.98830661571597
14,-17,100.0
14,-16,100.0
15,-16,100.0
16,-16,100.0
16,-17,128.05415862049307
16,-18,100.0
16,-19,100.0
16,-20,100.0
17,-20,100.0
18,-20,100.0
19,-20,100.0
20,-20,100.0
20,-19,100.0
20,-18,100.0
20,-17,100.0
20,-16,100.0
20,-17,100.0
20,-18,100.0
20,-17,100.0
20,-16,100.0
20,-15,100.0
20,-14,100.0
20,-13,100.0
20,-12,235.0418137751309
20,-11,422.4408073574605
20,-10,100.0
20,-9,103.31760197927437
20,-8,100.0
19,-8,100.0
18,-8,264.8169581071919
17,-8,100.0
16,-8,257.1501192824769
15,-8,102.60391836199959
14,-8,255.12956324221375
13,-8,643.205923887628
12,-8,270.0082992334802
11,-8,100.0
10,-8,370.7955918114362
10,-7,171.7390725527126
9,-7,100.0
8,-7,542.2725547513367
7,-7,100.0
7,-8,672.177298284097
6,-8,561.6758501766158
5,-8,388.08565112415374
6,-8,505.6056799430057
6,-9,824.7435016221666
5,-9,397.6099914401558
4,-9,100.0
3,-9,273.23654604173214
4,-9,171.42159323535884
5,-9,1026.1991424958774
4,-9,545.0474844985788
4,-10,451.2012596834857
3,-10,533.9158190677465
4,-10,100.0
4,-11,327.36973601267925
3,-11,553.7214237797417
2,-11,890.8892916556608
1,-11,319.931313667204
0,-11,437.3097936840943
-1,-11,172.58114165801084
-1,-12,193.6770132597017
-2,-12,335.8039008632336
-3,-12,394.9637950229062
-3,-13,100.0
-4,-13,145.64369217937016
-5,-13,100.0
-6,-13,179.20191632444647
-5,-13,523.976476135752
-6,-13,486.1687459337551
-6,-14,100.0
-7,-14,451.26284985624864
-6,-14,100.0
-7,-14,100.0
-7,-15,100.0
-8,-15,195.31938556687226
-9,-15,100.0
-10,-15,100.0
-11,-15,100.0
-10,-15,100.0
-11,-15,258.89937777366606
-12,-15,100.0
-13,-15,246.7630853175278
-14,-15,100.0
-15,-15,100.0
-15,-16,100.0
-16,-16,193.7064137499877
-17,-16,575.834635847293
-18,-16,134.2276379012672
-19,-16,100.0
-20,-16,100.0
-19,-16,100.0
-19,-17,100.0
-18,-17,100.0
-18,-16,100.0
-17,-16,327.41638540276705
-16,-16,100.0
-15,-16,100.0
-15,-15,358.86685866976006
-14,-15,100.0
-13,-15,100.0
-12,-15,100.0
-12,-16,100.0
-12,-15,207.61153752020562
-13,-15,421.01979385322903
-12,-15,100.0
-11,-15,266.5416581540161
-10,-15,326.1739575009058
-9,-15,100.0
-8,-15,100.0
-9,-15,100.0
-9,-16,170.36992849129246
-9,-15,100.0
-8,-15,126.19513140280176
-8,-14,100.0
-7,-14,100.0
-6,-14,276.1654409822856
-5,-14,100.0
-5,-13,100.0
-4,-13,638.9706636294018
-3,-13,100.0
-2,-13,462.43138168392557
-1,-13,480.1071841181388
-1,-12,290.42705159647386
-2,-12,312.1684597398895
-1,-12,160.63718306788567
-1,-11,214.7236594222126
-1,-12,561.2871579854079
-2,-12,575.8948500615975
-1,-12,711.4065458754601
-1,-11,473.5167310786537
0,-11,668.1428313914328
0,-10,344.7224119400787
0,-9,238.93620832874132
-1,-9,518.4189418541696
0,-9,486.7007345572534
1,-9,392.0578203101499
0,-9,345.1158450273794
-1,-9,470.4949103820794
0,-9,160.00634824282858
-1,-9,377.3480543953092
0,-9,714.9287823018798
1,-9,710.5087940038776
2,-9,385.46874530817377
2,-8,667.8112266363428
3,-8,100.0
4,-8,385.7086860122472
4,-9,322.8899993820248
3,-9,372.2845239395162
2,-9,621.2735111985594
1,-9,796.5466540989804
1,-10,387.89450351044457
0,-10,651.8897566762403
0,-11,306.0456835674019
0,-12,862.9186364685745
0,-11,594.5423292399926
1,-11,474.4618258188303
1,-12,283.9080998040533
2,-12,209.5968235903327
2,-11,596.277723465229
2,-10,517.3276436767228
2,-9,723.3390761748824
3,-9,588.0965522917149
2,-9,223.8764536480842
2,-8,100.0
2,-9,401.24018472742125
3,-9,414.53047380006785
3,-8,404.60024224880783
4,-8,486.633640308792
5,-8,304.6714790930455
6,-8,108.59802534955033
6,-7,379.80267681208085
6,-6,461.00063672393225
7,-6,385.3801594662182
7,-7,103.79184415248339
6,-7,162.89871717631542
7,-7,439.767090004805
8,-7,313.89757846887164
8,-6,556.3812687149104
7,-6,866.705866691532
7,-5,686.1737671563167
7,-4,100.0
8,-4,269.06557501814734
9,-4,479.05491488007704
9,-3,279.54089115784905
9,-2,100.22370567498996
10,-2,132.01466375192996
9,-2,372.32120273691186
10,-2,137.18900897804917
10,-1,406.3480614247742
11,-1,158.75646474187317
11,0,365.09969855896475
12,0,375.17679136188633
12,1,100.0
12,2,100.0
13,2,184.90394308905113
13,3,412.99603932620334
12,3,768.2488200424069
12,4,170.04855840648838
13,4,368.30379788099566
12,4,367.5981969081846
12,5,250.5305680848004
13,5,269.38166646993824
14,5,100.0
13,5,100.0
13,4,360.5510411294081
14,4,195.69321355436406
14,5,354.3994269973291
15,5,302.7687537783716
16,5,100.09791671843743
17,5,116.69181676373964
18,5,169.33618110387016
18,6,223.3725006875094
18,7,100.0
18,8,100.0
19,8,169.44746240947578
20,8,134.42663096284286
19,8,100.0
18,8,100.0
17,8,438.84877360099017
16,8,280.3055793043451
15,8,230.18727239874127
14,8,514.8670049416892
13,8,100.0
12,8,212.80260255214088
12,9,100.0
12,8,135.97889835374488
12,7,228.00232110189805
12,6,227.24485823765966
12,5,397.52589761630435
12,4,152.82605988774392
12,3,139.0316914233009
13,3,773.9035834964174
12,3,166.9420553019932
13,3,124.92792073361095
14,3,163.60060634761555
13,3,121.22999497369761
14,3,100.0
13,3,100.0
13,2,372.1256140246313
13,1,100.0
