16,-15,50.0
16,-15,126.39809189125361
16,-14,102.8074975375568
16,-14,68.48690433015386
16,-13,50.0
16,-13,50.0
16,-12,183.81511324117093
16,-12,50.0
16,-11,50.0
16,-11,50.0
15,-11,146.48093837370132
15,-11,310.8106967236214
14,-11,228.61426052897232
14,-11,50.0
15,-11,56.64240652868912
15,-11,50.0
14,-11,50.0
14,-11,93.00746382649022
14,-10,158.6383040326245
14,-10,156.6391326122862
13,-10,50.0
13,-10,139.4169159433888
12,-10,94.22181235790704
12,-10,287.7812166611956
11,-10,522.9615796335022
11,-10,202.46669186084907
11,-9,335.33959861033304
11,-9,254.75538125340688
12,-9,299.8451744128028
12,-9,307.678138618528
12,-8,50.39660304806371
12,-8,94.60380594486867
11,-8,125.79661676430312
11,-8,50.0
11,-7,52.84942017806503
11,-7,60.16551345584663
10,-7,270.6454776511244
10,-7,171.15681634302837
9,-7,50.0
9,-7,111.87387106437441
8,-7,77.03711637305848
8,-7,260.85489818810123
8,-6,375.3230462800721
8,-6,183.1281280942699
8,-5,140.00084661206512
8,-5,50.0
8,-4,382.84167704028414
8,-4,327.4363768125521
7,-4,275.4824937208306
7,-4,216.39902001412895
7,-5,389.832135409371
7,-5,360.37699651164667
7,-4,283.1718751591734
7,-4,364.8244001032152
8,-4,50.0
8,-4,163.08286738922197
7,-4,319.51616558837065
7,-4,192.51695361199856
6,-4,213.31655880880848
6,-4,334.9739341622833
6,-3,250.403922959636
6,-3,350.58128878611757
5,-3,236.54371173399434
5,-3,302.0258515314072
4,-3,314.4801276770215
4,-3,441.0605395824255
4,-2,276.49217592180463
4,-2,502.3039275713727
4,-1,296.85007194667423
4,-1,174.0717296399053
5,-1,244.17939998730657
5,-1,370.62877541934887
4,-1,185.76686461609725
4,-1,248.2303396013818
3,-1,441.4888969547521
3,-1,335.96962041598795
2,-1,421.36030391562855
2,-1,374.4522924575426
2,0,500.41960811486683
2,0,512.330543300459
2,1,398.8637488612779
2,1,258.0238615207767
2,2,389.8988075820495
2,2,324.1507137555719
1,2,303.1695192528465
1,2,195.6367825644563
0,2,386.7662185702957
0,2,307.3957236737109
0,3,259.81216772105034
0,3,488.5208957024142
-1,3,453.8415913497171
-1,3,602.1215748017678
0,3,447.5974652684521
0,3,425.23267363232367
-1,3,252.44066919597927
-1,3,456.47121634591906
-2,3,542.5938387603096
-2,3,500.9590067825903
-2,4,393.33478653706993
-2,4,304.8818629036519
-2,5,445.6132218849987
-2,5,56.823561010297794
-2,6,459.72403030039345
-2,6,339.17778008871323
-1,6,236.385754815287
-1,6,440.60709131679994
0,6,206.8282830458334
0,6,456.71651773256764
-1,6,50.0
-1,6,246.9641633727725
-2,6,349.1783688999122
-2,6,50.0
-1,6,302.7340306868559
-1,6,475.00683096355124
-2,6,50.0
-2,6,405.35312468237214
-2,7,114.27742228251574
-2,7,315.4041128084139
-1,7,366.0996579818286
-1,7,75.98160443871484
-2,7,241.09350956463496
-2,7,269.0277096052339
-1,7,192.3739866531878
-1,7,448.08462578962246
-2,7,522.1690922110236
-2,7,272.3955027475409
-2,6,477.8685421184478
-2,6,264.7913122382208
-3,6,215.16201159581053
-3,6,482.54909581514994
-3,7,213.26994557112323
-3,7,99.3818602610547
-4,7,164.3631985110018
-4,7,201.63995900371702
-4,8,50.0
-4,8,331.99383830653085
-5,8,343.3000549436839
-5,8,278.1850276723351
-5,9,89.98820904917551
-5,9,67.45845661386741
-6,9,400.5800797026817
-6,9,298.7639054854242
-5,9,273.51267356771245
-5,9,179.15829444478624
-5,10,317.3857900915347
-5,10,50.0
-6,10,190.0560849007962
-6,10,306.8346134290448
-7,10,98.10411296291579
-7,10,80.92788057219299
-8,10,50.0
-8,10,206.05433356849113
-9,10,50.0
-9,10,368.9246275762632
-10,10,221.18610463239418
-10,10,171.7164558132641
-11,10,50.0
-11,10,230.21597056553162
-12,10,50.0
-12,10,128.55791033180157
-13,10,126.26461063075028
-13,10,81.33909986359254
-13,9,66.59546671365459
-13,9,50.0
-13,10,50.0
-13,10,88.46882806535031
-12,10,63.41262960690413
-12,10,236.66869130508394
-12,11,50.0
-12,11,248.9349697706672
-13,11,50.0
-13,11,117.05677414281723
-13,10,50.0
-13,10,130.96661618070905
-13,11,90.22381502697962
-13,11,136.98619587184794
-14,11,133.22869940900267
-14,11,252.31021356187853
-15,11,83.429506446051
-15,11,104.21298972270873
-15,12,185.91039201127504
-15,12,161.53576851035655
-16,12,50.0
-16,12,174.79437661804812
-16,11,50.0
-16,11,164.94151844747006
-15,11,214.5912202359317
-15,11,50.0
-16,11,50.0
-16,11,50.0
-15,11,50.0
-15,11,135.90606978519315
-15,10,50.0
-15,10,137.49992762662737
-14,10,50.0
-14,10,50.0
-14,11,50.0
-14,11,50.0
-14,12,50.0
-14,12,242.7584851595775
-14,11,94.45156658782285
-14,11,217.69121760113617
-13,11,176.15841279588815
-13,11,50.0
-12,11,90.11930313674583
-12,11,396.18178019166504
-12,10,50.0
-12,10,50.0
-12,9,72.00004691740477
-12,9,124.71898881637098
-11,9,165.1645900629845
-11,9,213.4470664923685
-11,8,199.66102506481326
-11,8,84.06565019254334
-11,7,189.46779109210468
-11,7,50.0
-11,8,50.0
-11,8,147.15966656055434
-11,7,208.6671897823262
-11,7,220.62475891632837
-12,7,59.441475298287
-12,7,50.0
-12,8,235.61047423623356
-12,8,491.82371814125685
-13,8,93.34605627735212
-13,8,113.33688086367933
-12,8,140.1964019192865
-12,8,50.0
-12,9,116.72920735779506
-12,9,204.217115244426
-11,9,500.6013177082622
-11,9,50.0
-11,8,241.07642494331196
-11,8,157.75718466799236
-10,8,50.0
-10,8,65.72239817450641
-10,7,193.62998960255658
-10,7,50.0
-9,7,159.4870995430274
-9,7,293.3644277824477
-9,8,181.03492724995195
-9,8,122.39238600512518
-10,8,50.0
-10,8,50.0
-10,7,551.6914676109536
-10,7,122.6630338546723
-9,7,308.10650988116197
-9,7,129.7506970974434
-10,7,398.6220698402966
-10,7,278.2457907342265
-10,6,231.56739867257326
-10,6,189.36909995456185
-10,5,199.8391378232959
-10,5,297.98105445967616
-9,5,67.6806289688097
-9,5,209.43731776287464
-8,5,69.76953458743384
-8,5,465.2273733150022
-8,4,50.0
-8,4,250.63593446873003
-8,3,128.61619455537152
-8,3,244.85353716418308
-8,2,292.14756978159784
-8,2,50.0
-8,1,50.0
-8,1,129.83899086561095
-7,1,373.79170014961585
-7,1,253.42338679695067
-7,0,353.26793132332625
-7,0,255.5962095853044
-7,-1,176.44221098010595
-7,-1,193.31326077487813
-7,-2,50.0
-7,-2,73.09599036751572
-6,-2,326.57963961029395
-6,-2,458.9917290371998
-6,-3,50.0
-6,-3,147.68455259581262
-6,-4,550.2436756068622
-6,-4,262.6000248149622
-5,-4,205.70852873928098
-5,-4,519.1686323233325
-4,-4,269.8780457481075
-4,-4,260.6848077310919
-3,-4,188.95579727721758
-3,-4,158.36872906493048
-3,-3,816.8135846126072
-3,-3,216.36770444659533
-3,-4,547.1478092727909
-3,-4,399.1088791934502
-3,-3,396.4074112149241
-3,-3,374.78529751774056
-3,-4,160.92138219101523
-3,-4,188.8515829694337
-3,-5,97.52029740456703
-3,-5,440.0531379318378
-4,-5,307.49845860347637
-4,-5,392.9356793078364
-3,-5,181.73818497153707
-3,-5,402.57256125178566
-2,-5,344.54853064101735
-2,-5,325.0430345377048
-2,-6,191.74829452783882
-2,-6,287.0984208723784
-1,-6,320.8725512954045
-1,-6,471.2740311468866
-1,-7,233.98866154406477
-1,-7,283.1146975106113
0,-7,332.2477723152124
0,-7,232.37506280515032
0,-8,371.67973292795
0,-8,308.0939598219732
-1,-8,407.61729792846074
-1,-8,486.91663828920076
-2,-8,193.51739283977525
-2,-8,208.65350079349835
-3,-8,443.5029232565831
-3,-8,108.05537824752957
-2,-8,386.2753227338178
-2,-8,283.18363412728627
-1,-8,252.42673874698903
-1,-8,154.9063431060249
-2,-8,108.83395318925413
-2,-8,307.61961343279864
-3,-8,127.07746378574105
-3,-8,50.0
-4,-8,309.2395586877566
-4,-8,234.46655587431158
-3,-8,246.58528719754995
-3,-8,208.97610610963613
-4,-8,362.7973910352169
-4,-8,213.43517305424834
-3,-8,287.642475955093
-3,-8,260.44905317719383
-4,-8,187.64887202051622
-4,-8,569.5882369396165
-3,-8,413.9648451750585
-3,-8,461.28334027650556
-2,-8,50.0
-2,-8,160.0569880253788
-3,-8,270.0239267940029
-3,-8,487.0009227005518
-4,-8,91.90354173587045
-4,-8,50.0
-5,-8,374.13271231718375
-5,-8,125.75662168760549
-6,-8,306.80011496351165
-6,-8,50.0
-5,-8,87.04574923689965
-5,-8,475.35642441513
-6,-8,343.27330768520113
-6,-8,195.57567301135612
-5,-8,162.8025518328447
-5,-8,95.58616016643762
-6,-8,50.0
-6,-8,194.1086819913032
-7,-8,449.1069068096763
-7,-8,353.52758767049806
-6,-8,238.38685404562196
-6,-8,185.96385147328448
-5,-8,253.35398838253917
-5,-8,394.7024585432986
-6,-8,309.05709595576997
-6,-8,50.0
-7,-8,360.2562242506051
-7,-8,50.0
-8,-8,115.49374959602824
-8,-8,71.36476688613294
-9,-8,50.0
-9,-8,160.45918247428156
-10,-8,277.2927308906808
-10,-8,261.69030455162476
-11,-8,103.79399187104852
-11,-8,91.08449456243247
-12,-8,50.0
-12,-8,348.77738087992316
-11,-8,367.87850839905235
-11,-8,152.2641217487093
-12,-8,50.0
-12,-8,211.7358435399822
-13,-8,50.0
-13,-8,115.73193201340189
-14,-8,50.0
-14,-8,219.31455528114083
-15,-8,105.74894350250264
-15,-8,50.0
-16,-8,50.0
-16,-8,144.99467141586206
-17,-8,53.097517719716684
-17,-8,50.0
-16,-8,184.70002077074506
-16,-8,50.0
-15,-8,106.76735421727776
-15,-8,132.16111438946692
-15,-7,50.0
-15,-7,221.8767204430464
-14,-7,50.0
-14,-7,107.72859881010703
-14,-8,268.58346878585576
-14,-8,99.20786542697437
-13,-8,94.87450025670478
-13,-8,50.0
-12,-8,247.32654607936485
-12,-8,484.09019123843973
-11,-8,69.35818696811452
-11,-8,264.935650074469
-11,-7,50.0
-11,-7,99.9924824147892
-10,-7,140.8318371819447
-10,-7,50.0
-9,-7,109.78242522056165
-9,-7,50.0
-10,-7,240.18104076555957
-10,-7,286.3529802183102
-9,-7,363.01824931225775
-9,-7,497.1592615063511
-9,-8,256.62204443944034
-9,-8,50.0
-9,-7,106.94396704983342
-9,-7,309.4107279547714
-8,-7,226.35820732971467
-8,-7,219.87125498237893
-7,-7,97.44671970926896
-7,-7,269.53263342990056
-7,-8,358.23798961868465
-7,-8,191.26560317350373
-6,-8,66.78740672142729
-6,-8,506.73702952986855
-5,-8,54.088534947745956
-5,-8,254.05952226497442
-5,-9,212.32965890886513
-5,-9,288.2027533911008
-6,-9,221.6408399270683
-6,-9,153.88719304010874
-5,-9,248.26776905407303
-5,-9,498.72053041713446
-4,-9,166.70900700476483
-4,-9,546.2100075343326
-5,-9,186.40392680248792
-5,-9,341.89298547309915
-4,-9,527.1947313592475
-4,-9,50.0
-3,-9,237.92647086056388
-3,-9,224.87485544031776
-3,-10,93.33464157198219
-3,-10,452.60943226326833
-3,-11,50.0
-3,-11,441.20417826186315
-2,-11,225.9910424899635
-2,-11,176.5209335665329
-1,-11,180.61470593687204
-1,-11,263.0374525136188
0,-11,300.88968503142456
0,-11,270.84274646125675
1,-11,118.37634519674481
1,-11,292.2860772242627
0,-11,198.84507459916387
0,-11,156.23979431456797
1,-11,195.85561547277788
1,-11,219.3200080262975
1,-12,95.3179557823639
1,-12,313.1260310158435
0,-12,137.13205806224596
0,-12,50.0
-1,-12,50.0
-1,-12,206.25346280527435
0,-12,214.74326118386404
0,-12,363.93919517947745
0,-13,152.05956639246372
0,-13,54.74682974004814
1,-13,50.0
1,-13,230.5405923968058
2,-13,50.0
2,-13,129.54202403111034
2,-14,50.0
2,-14,272.18433955296143
3,-14,123.16148972989755
3,-14,262.5061014887984
4,-14,129.89662467373836
4,-14,50.0
5,-14,169.55029253383722
5,-14,290.0517261505961
6,-14,252.7381417633673
6,-14,50.0
6,-15,50.0
6,-15,225.70767690638274
7,-15,204.32595902274915
7,-15,66.82521766125276
7,-14,58.27393007019272
7,-14,164.57716236552358
6,-14,50.0
6,-14,50.0
7,-14,251.46100839597
7,-14,50.0
8,-14,50.0
8,-14,52.55496667371909
9,-14,207.1377519034117
9,-14,50.0
10,-14,50.0
10,-14,50.0
11,-14,238.6172793600896
11,-14,167.8840265255655
12,-14,123.93332961083142
12,-14,50.0
13,-14,135.42643152147565
13,-14,50.0
14,-14,50.0
14,-14,50.0
14,-15,50.0
14,-15,50.0
15,-15,294.2690258682649
15,-15,50.0
14,-15,50.0
14,-15,80.700857972537
14,-16,50.0
14,-16,50.0
14,-17,50.0
14,-17,50.0
14,-16,93.84483687461147
14,-16,50.0
15,-16,50.0
15,-16,50.0
16,-16,50.0
16,-16,50.0
16,-17,50.0
16,-17,50.0
16,-18,50.0
16,-18,50.0
16,-19,50.0
16,-19,50.0
16,-20,50.0
16,-20,50.0
17,-20,50.0
17,-20,50.0
18,-20,50.0
18,-20,50.0
19,-20,50.0
19,-20,50.0
20,-20,50.0
20,-20,50.0
20,-19,50.0
20,-19,50.0
20,-18,50.0
20,-18,50.0
20,-17,50.0
20,-17,50.0
20,-16,50.0
20,-16,50.0
20,-17,50.0
20,-17,50.0
20,-18,50.0
20,-18,50.0
20,-17,79.29460831267363
20,-17,50.0
20,-16,50.0
20,-16,89.11190587242479
20,-15,50.0
20,-15,50.0
20,-14,50.0
20,-14,50.0
20,-13,50.0
20,-13,50.0
20,-12,53.423499589380086
20,-12,50.0
20,-11,50.0
20,-11,50.0
20,-10,149.3086290757736
20,-10,311.02381028681106
20,-9,50.0
20,-9,184.69547867222244
20,-8,50.0
20,-8,79.89891200356487
19,-8,50.0
19,-8,50.0
18,-8,141.42115046746227
18,-8,50.0
17,-8,50.0
17,-8,50.0
16,-8,50.0
16,-8,225.5470469694957
15,-8,50.0
15,-8,416.3978109729107
14,-8,123.98255486390325
14,-8,60.86959475909228
13,-8,381.2951155993078
13,-8,203.33872177481314
12,-8,209.59585529728304
12,-8,135.25933392165877
11,-8,159.6293554996946
11,-8,139.1969203752727
10,-8,103.08230690225383
10,-8,75.12678975592802
10,-7,117.1786232744698
10,-7,185.09014041997358
9,-7,310.8762664231335
9,-7,115.01954036004139
8,-7,160.67412607447108
8,-7,50.0
7,-7,347.1814847942642
7,-7,50.0
7,-8,438.55264235826337
7,-8,190.0860185552174
6,-8,154.8403976602953
6,-8,88.75478337143906
5,-8,353.4055156700452
5,-8,50.0
6,-8,636.4985081947962
6,-8,182.122555453584
6,-9,50.0
6,-9,193.8347884041933
5,-9,224.643603415615
5,-9,188.45576972384941
4,-9,202.7526686145397
4,-9,50.0
3,-9,228.39254170739412
3,-9,242.1951256838015
4,-9,200.01702019503176
4,-9,50.0
5,-9,222.34862525024116
5,-9,261.69881509599526
4,-9,50.0
4,-9,136.26621641671522
4,-10,205.6203429100097
4,-10,386.4729115939109
3,-10,324.8309208872052
3,-10,183.98720357721783
4,-10,228.80386873682826
4,-10,160.92310585262362
4,-11,308.48027124116146
4,-11,50.0
3,-11,293.54073230095094
3,-11,158.02750643629577
2,-11,294.88311095052615
2,-11,82.36989642641095
1,-11,312.5034854406481
1,-11,120.69286859281638
0,-11,376.69504573686356
0,-11,308.1338528641356
-1,-11,279.5946541994006
-1,-11,190.90939516675715
-1,-12,257.74357644802654
-1,-12,100.49150449477143
-2,-12,304.3433564338809
-2,-12,75.67567345505613
-3,-12,192.77470942081288
-3,-12,50.0
-3,-13,363.2724250118747
-3,-13,234.70141387788394
-4,-13,256.6584918448887
-4,-13,404.7089544992872
-5,-13,72.91009528983935
-5,-13,358.59581261289827
-6,-13,233.2550875495948
-6,-13,137.2671852252243
-5,-13,319.61127763561717
-5,-13,338.288649470461
-6,-13,262.19584077105446
-6,-13,50.0
-6,-14,372.062344778388
-6,-14,50.0
-7,-14,101.16056417154329
-7,-14,258.0066738886088
-6,-14,50.0
-6,-14,50.0
-7,-14,53.30990411024521
-7,-14,268.08702101979395
-7,-15,284.57880198612304
-7,-15,100.53245881485793
-8,-15,118.49370636341322
-8,-15,50.0
-9,-15,50.0
-9,-15,50.0
-10,-15,50.0
-10,-15,50.0
-11,-15,147.3668342277586
-11,-15,325.1727030550866
-10,-15,204.57569403487878
-10,-15,259.1562220349762
-11,-15,253.6327205544527
-11,-15,50.0
-12,-15,137.7930262330117
-12,-15,50.0
-13,-15,50.0
-13,-15,50.0
-14,-15,50.0
-14,-15,50.0
-15,-15,114.75872568777334
-15,-15,50.0
-15,-16,50.0
-15,-16,50.0
-16,-16,50.0
-16,-16,50.0
-17,-16,50.0
-17,-16,50.0
-18,-16,50.0
-18,-16,50.0
-19,-16,50.0
-19,-16,50.0
-20,-16,50.0
-20,-16,50.0
-19,-16,50.0
-19,-16,50.0
-19,-17,50.0
-19,-17,50.0
-18,-17,50.0
-18,-17,50.0
-18,-16,50.0
-18,-16,88.34806825464047
-17,-16,50.0
-17,-16,182.4830139592305
-16,-16,50.0
-16,-16,50.0
-15,-16,50.0
-15,-16,53.74839812963252
-15,-15,50.0
-15,-15,50.0
-14,-15,58.51919746683896
-14,-15,50.0
-13,-15,50.0
-13,-15,50.0
-12,-15,168.55427539199877
-12,-15,90.37543225314462
-12,-16,63.05718772917491
-12,-16,67.12774457034367
-12,-15,50.0
-12,-15,50.0
-13,-15,50.0
-13,-15,50.0
-12,-15,50.0
-12,-15,77.9881612050892
-11,-15,50.0
-11,-15,208.91376199986752
-10,-15,59.06983799157153
-10,-15,246.67929706940205
-9,-15,181.48774811544823
-9,-15,132.01864047595888
-8,-15,50.0
-8,-15,111.61351784287561
-9,-15,81.03780872220632
-9,-15,50.0
-9,-16,50.0
-9,-16,50.0
-9,-15,159.19794577954247
-9,-15,241.35619933708668
-8,-15,188.8008913700922
-8,-15,50.0
-8,-14,50.0
-8,-14,50.0
-7,-14,171.95290275329444
-7,-14,146.8359292546095
-6,-14,80.1795624025653
-6,-14,293.19561587296107
-5,-14,116.02360960450298
-5,-14,50.0
-5,-13,73.5419719821637
-5,-13,446.8342322293632
-4,-13,55.628124875043554
-4,-13,366.96353714576753
-3,-13,50.0
-3,-13,158.31212596143587
-2,-13,50.0
-2,-13,155.01108719950057
-1,-13,50.0
-1,-13,281.0614448751022
-1,-12,303.81214443923056
-1,-12,191.74495588642642
-2,-12,50.0
-2,-12,367.6797001839799
-1,-12,387.2742491926539
-1,-12,302.4345364019684
-1,-11,334.43813539034585
-1,-11,220.88621718184598
-1,-12,118.14334209230661
-1,-12,283.5080180644853
-2,-12,244.23591298070244
-2,-12,152.83631327270157
-1,-12,101.77637436249533
-1,-12,50.0
-1,-11,179.842439404639
-1,-11,232.22699447260877
0,-11,361.56852812872626
0,-11,97.37250309977625
0,-10,50.0
0,-10,203.9966293225849
0,-9,250.1844656350568
0,-9,228.4234467791482
-1,-9,415.7747615883071
-1,-9,50.0
0,-9,343.0254328946411
0,-9,383.70636177933056
1,-9,289.067759763398
1,-9,254.0051575097044
0,-9,420.8061241580866
0,-9,299.98911585525065
-1,-9,346.9041736635242
-1,-9,50.0
0,-9,195.12825120366523
0,-9,188.1124265668676
-1,-9,265.21594163162035
-1,-9,467.8472089678391
0,-9,228.14304043504714
0,-9,310.9122196565531
1,-9,241.74417903645127
1,-9,384.64075009601885
2,-9,50.0
2,-9,681.2794759442659
2,-8,309.87794356437223
2,-8,337.6294269408505
3,-8,178.27013666944336
3,-8,194.74360841854497
4,-8,82.57713042862189
4,-8,136.79129402525462
4,-9,50.0
4,-9,236.32869915493202
3,-9,437.14169774755544
3,-9,357.290884981251
2,-9,305.9855646015828
2,-9,68.01698624114874
1,-9,338.63367248467375
1,-9,234.08524963093677
1,-10,218.8330716029935
1,-10,333.99062374141596
0,-10,238.8452522356454
0,-10,69.05448914801906
0,-11,69.76074350448548
0,-11,98.57002627336647
0,-12,379.1435738121621
0,-12,143.56062033880056
0,-11,226.15062911848173
0,-11,299.3732083271946
1,-11,133.65335224893707
1,-11,101.06013132313691
1,-12,237.17110148503087
1,-12,197.79460710689656
2,-12,191.5733101670126
2,-12,251.20628694988383
2,-11,128.6301800822576
2,-11,210.96604914428463
2,-10,50.0
2,-10,50.0
2,-9,362.5316348458287
2,-9,428.3995262351902
3,-9,191.34998995321845
3,-9,160.8929429078965
2,-9,153.44124753329845
2,-9,250.03893015445087
2,-8,363.7636856474135
2,-8,241.1742216907361
2,-9,261.28648785460626
2,-9,407.85395832612693
3,-9,197.8460241791287
3,-9,138.3925151539055
3,-8,479.18889549471373
3,-8,112.0975919227043
4,-8,491.85068464522044
4,-8,255.40161628668386
5,-8,83.50635275666278
5,-8,342.0055637514357
6,-8,150.85781437886308
6,-8,157.84845578087308
6,-7,353.99022594470244
6,-7,231.04583926372686
6,-6,182.8547562368828
6,-6,326.4555717915398
7,-6,225.90387795455922
7,-6,451.6152930277093
7,-7,115.99741732406531
7,-7,193.5425353835609
6,-7,242.48848751480324
6,-7,50.0
7,-7,138.0667891183751
7,-7,315.59345651709725
8,-7,197.21212624350926
8,-7,301.318853014307
8,-6,100.68995129950578
8,-6,50.0
7,-6,349.74895184208606
7,-6,337.6226761756853
7,-5,251.83765759865744
7,-5,50.0
7,-4,360.3491063424543
7,-4,80.56848306761202
8,-4,269.99740279144623
8,-4,228.42356913532205
9,-4,156.60136411023177
9,-4,50.0
9,-3,224.819400620957
9,-3,157.65861203075542
9,-2,330.12688310326564
9,-2,264.576406439046
10,-2,255.4806986316762
10,-2,207.03910681439805
9,-2,280.27659341507217
9,-2,269.4076888008785
10,-2,306.36032185390906
10,-2,105.08355081776064
10,-1,333.918995264934
10,-1,125.81628630737863
11,-1,135.9247107795075
11,-1,279.865035022073
11,0,180.14807449509644
11,0,331.9078764363525
12,0,130.30976195880424
12,0,50.0
12,1,211.1677543155481
12,1,325.56446810550744
12,2,113.66818965914723
12,2,168.4346884747961
13,2,225.89987797808823
13,2,191.66656956979006
13,3,659.1531966526899
13,3,202.40591653574066
12,3,393.3491163806442
12,3,50.0
12,4,181.4507588861313
12,4,289.3111251844404
13,4,301.9032203550578
13,4,143.44581665007973
12,4,211.38333891228126
12,4,236.91771727084932
12,5,119.73777712934793
12,5,207.71458223060935
13,5,110.27265679036655
13,5,283.97243402705317
14,5,129.77270376689
14,5,388.4301259764726
13,5,245.66153364291088
13,5,50.0
13,4,233.53118828003997
13,4,205.07463079439256
14,4,101.18987207970198
14,4,50.0
14,5,50.0
14,5,107.70787693495357
15,5,132.979132370726
15,5,212.61232086392965
16,5,50.0
16,5,387.2273818843202
17,5,62.84576664331706
17,5,280.6658251543479
18,5,50.0
18,5,50.0
18,6,241.83854057911793
18,6,50.0
18,7,105.66214589745758
18,7,154.92374112719605
18,8,50.0
18,8,50.0
19,8,259.8775237072235
19,8,50.0
20,8,50.0
20,8,123.93930665307641
19,8,50.0
19,8,65.16025192337992
18,8,50.0
18,8,50.0
17,8,50.0
17,8,114.49714542162464
16,8,90.10343809856482
16,8,127.99082640207041
15,8,303.01023569157735
15,8,50.0
14,8,121.10711444673149
14,8,339.68136340802755
13,8,50.0
13,8,118.67429388422808
12,8,84.87450330774183
12,8,50.0
12,9,172.5964121546404
12,9,55.90879506037829
12,8,50.0
12,8,210.63550795216938
12,7,158.15187890367716
12,7,316.95714232905027
12,6,185.122022084692
12,6,200.83345942538654
12,5,137.82126872449393
12,5,50.0
12,4,423.1640839086416
12,4,277.1366486279537
12,3,50.0
12,3,189.83960925848172
13,3,255.10866902806583
13,3,240.74192370077174
12,3,50.0
12,3,350.22891237229214
13,3,161.31140922419542
13,3,338.9616976499284
14,3,50.0
14,3,303.7311938727942
13,3,284.2863949674924
13,3,50.0
14,3,247.42584293478882
14,3,197.96962856881999
13,3,347.9911415326735
13,3,271.4817909810793
13,2,176.73862660102247
13,2,78.6492177378976
13,1,110.13574365088212
13,1,205.38394490397985
