16,-15,176.51002911802533
16,-14,100.0
16,-13,217.9060130877593
16,-12,100.0
16,-11,127.42912174810033
15,-11,100.0
14,-11,100.0
15,-11,206.86318867746309
14,-11,305.8934332321591
14,-10,100.0
13,-10,214.80340268635194
12,-10,398.2278210167908
11,-10,293.82966005169357
11,-9,326.4450070569461
12,-9,166.9331623723635
12,-8,507.1029131030301
11,-8,348.1169919388915
11,-7,195.34962272375034
10,-7,240.9686449355087
9,-7,702.4112463556012
8,-7,538.1979821601366
8,-6,196.06737756490904
8,-5,236.90750664485788
8,-4,526.7350262773448
7,-4,507.2720065687572
7,-5,322.2345040457983
7,-4,333.3881590063692
8,-4,527.130450963647
7,-4,763.3490567822483
6,-4,382.6614181201972
6,-3,509.1007849514973
5,-3,728.4320646373625
4,-3,419.3342906678502
4,-2,1068.892167559784
4,-1,360.84438576669106
5,-1,362.7155729156416
4,-1,834.8316395908762
3,-1,1239.5597915404342
2,-1,374.00209890626934
2,0,436.6531018964251
2,1,560.728911141782
2,2,403.8504208504982
1,2,429.6185242069471
0,2,618.520251164181
0,3,294.4735523921936
-1,3,802.3148103843705
0,3,779.7811059525695
-1,3,593.842799117688
-2,3,685.7110990762791
-2,4,1013.277393944908
-2,5,831.5523517663192
-2,6,456.6614789895326
-1,6,843.6663650953266
0,6,405.7221226534407
-1,6,673.3246620852098
-2,6,445.37340854549205
-1,6,679.93377512629
-2,6,331.04063956924944
-2,7,436.76058859801066
-1,7,269.18910776275465
-2,7,167.49960560650408
-1,7,164.81560146467336
-2,7,477.05623801255643
-2,6,519.410625741978
-3,6,779.3982070941083
-3,7,459.5529870177054
-4,7,468.5509103202274
-4,8,687.1512860725422
-5,8,262.2188652203356
-5,9,107.75953540682697
-6,9,362.8355061751696
-5,9,186.79571921593606
-5,10,461.5614714578435
-6,10,179.0711774933813
-7,10,552.0527979681847
-8,10,371.7428079360143
-9,10,100.0
-10,10,562.0894403536968
-11,10,440.71349798155893
-12,10,100.0
-13,10,210.036406203343
-13,9,100.0
-13,10,154.24605969425426
-12,10,100.0
-12,11,100.0
-13,11,123.08412061330793
-13,10,100.0
-13,11,100.0
-14,11,258.7090992583254
-15,11,100.0
-15,12,100.0
-16,12,100.0
-16,11,100.0
-15,11,100.0
-16,11,139.68689740883983
-15,11,100.0
-15,10,100.0
-14,10,246.00058767305543
-14,11,100.0
-14,12,100.0
-14,11,100.0
-13,11,219.8667084462586
-12,11,100.0
-12,10,160.6087852329123
-12,9,204.93957488205209
-11,9,240.68438207464837
-11,8,119.59176636750232
-11,7,205.3116159291478
-11,8,492.787319181489
-11,7,437.83402289105663
-12,7,133.83566111896752
-12,8,168.59623923493587
-13,8,424.98336610928243
-12,8,183.52103576107854
-12,9,335.71770585527133
-11,9,413.29407923208873
-11,8,490.09158259775825
-10,8,105.67454609274935
-10,7,370.0111241290337
-9,7,231.45644965622023
-9,8,336.7184971953886
-10,8,369.66890294015553
-10,7,100.0
-9,7,368.6436744184278
-10,7,360.0188730424799
-10,6,436.22066601289487
-10,5,123.80485973729849
-9,5,484.06176320211
-8,5,728.6121136669824
-8,4,531.3586614830876
-8,3,387.7035405385142
-8,2,100.0
-8,1,460.9644416226927
-7,1,665.8058756360531
-7,0,854.3217098050897
-7,-1,279.722503281533
-7,-2,438.54262297721294
-6,-2,491.8009727643214
-6,-3,1002.9363554117504
-6,-4,555.0908211475643
-5,-4,268.466244937972
-4,-4,561.5817221629802
-3,-4,474.33750147567275
-3,-3,298.567091145053
-3,-4,417.3613061830221
-3,-3,355.5106003835141
-3,-4,1106.3375262936725
-3,-5,719.8330666475883
-4,-5,529.7311329754842
-3,-5,172.32066567700235
-2,-5,723.3938138667984
-2,-6,313.5702832166376
-1,-6,324.05787383577916
-1,-7,211.17417616532202
0,-7,504.3294673834419
0,-8,439.4138459560864
-1,-8,485.22495075796974
-2,-8,282.9395711535171
-3,-8,342.7114653123909
-2,-8,405.1692599557881
-1,-8,236.95897168420356
-2,-8,927.3327451354826
-3,-8,503.87584299382485
-4,-8,448.7369090954546
-3,-8,100.0
-4,-8,196.7948389771294
-3,-8,131.52806492544
-4,-8,100.0
-3,-8,487.69057559541045
-2,-8,1143.6733817016634
-3,-8,511.089589596123
-4,-8,518.1118686898093
-5,-8,447.28709881734267
-6,-8,307.2672899660357
-5,-8,558.6470279879093
-6,-8,237.33805770898218
-5,-8,215.27471797775286
-6,-8,364.9957936775812
-7,-8,100.0
-6,-8,260.3166859316659
-5,-8,283.83072991970744
-6,-8,100.0
-7,-8,430.97494174476697
-8,-8,618.9438145596234
-9,-8,219.5069157763324
-10,-8,462.4428827127989
-11,-8,340.26009520221805
-12,-8,154.5283778418929
-11,-8,121.64699647036073
-12,-8,224.64655879969354
-13,-8,282.01639767179637
-14,-8,265.3826593249645
-15,-8,100.0
-16,-8,347.7202016143662
-17,-8,198.43248880278986
-16,-8,100.0
-15,-8,170.82845755406493
-15,-7,100.0
-14,-7,533.7065121080609
-14,-8,100.0
-13,-8,231.24355455911567
-12,-8,204.00803896747283
-11,-8,122.40128338135835
-11,-7,100.0
-10,-7,103.11156093170639
-9,-7,345.6037239675185
-10,-7,869.9012627178447
-9,-7,344.42390881921597
-9,-8,328.91984488466255
-9,-7,534.848266817549
-8,-7,528.8268542812465
-7,-7,129.87192865124737
-7,-8,229.93252254356088
-6,-8,271.59175652279845
-5,-8,100.0
-5,-9,910.5125907440566
-6,-9,258.1653998537172
-5,-9,534.2617476162036
-4,-9,509.11877280449966
-5,-9,516.176816805758
-4,-9,434.82133489338815
-3,-9,100.0
-3,-10,252.1859957319095
-3,-11,276.5616424682079
-2,-11,274.64934707296277
-1,-11,147.54068704682487
0,-11,537.4086205685182
1,-11,100.0
0,-11,154.40860565035567
1,-11,217.51228147699135
1,-12,248.11210573581434
0,-12,432.1396672531562
-1,-12,263.411939389977
0,-12,133.3325825530399
0,-13,258.76118839432957
1,-13,284.3218416483275
2,-13,607.0331619827587
2,-14,100.0
3,-14,318.35281781335385
4,-14,144.49705492257917
5,-14,322.76300136523605
6,-14,100.0
6,-15,116.98209314552057
7,-15,388.1676382402827
7,-14,310.94096607885353
6,-14,233.4754482710194
7,-14,323.09608069854096
8,-14,291.25751133059845
9,-14,135.717548045421
10,-14,100.0
11,-14,100.0
12,-14,100.0
13,-14,129.5426554143504
14,-14,100.0
14,-15,202.84472452636206
15,-15,100.0
14,-15,354.77311283272775
14,-16,195.38642626496392
14,-17,100.0
14,-16,100.0
15,-16,100.0
16,-16,100.0
16,-17,100.0
16,-18,100.0
16,-19,100.0
16,-20,100.0
17,-20,240.58206423787567
18,-20,100.0
19,-20,100.0
20,-20,100.0
20,-19,100.0
20,-18,100.0
20,-17,100.0
20,-16,100.0
20,-17,100.0
20,-18,100.0
20,-17,100.0
20,-16,181.57306499362693
20,-15,100.0
20,-14,122.79435041505532
20,-13,100.0
20,-12,100.0
20,-11,212.41333534184344
20,-10,100.0
20,-9,483.4870557860336
20,-8,100.0
19,-8,112.63687033467546
18,-8,100.0
17,-8,121.2819009373744
16,-8,100.0
15,-8,100.0
14,-8,380.41259846728224
13,-8,120.00293965472464
12,-8,216.41610737446928
11,-8,248.06445163506595
10,-8,794.9416504039018
10,-7,189.7012459004085
9,-7,230.89213135401607
8,-7,258.97735831308466
7,-7,147.51880456527667
7,-8,200.4721279803489
6,-8,638.7048018899644
5,-8,238.60720801625382
6,-8,588.382036293189
6,-9,552.0033640327041
5,-9,390.2276419453978
4,-9,348.2775043976643
3,-9,404.6762624862454
4,-9,255.95255396893432
5,-9,398.1269326253121
4,-9,759.8041564232476
4,-10,100.67268109591845
3,-10,100.0
4,-10,631.5754420926949
4,-11,100.0
3,-11,111.21697192053183
2,-11,419.2493568418712
1,-11,292.6917793627665
0,-11,100.0
-1,-11,281.1996120565615
-1,-12,440.03875620551054
-2,-12,611.9113314372989
-3,-12,340.6021416193244
-3,-13,412.99089924616095
-4,-13,100.0
-5,-13,189.9592536313444
-6,-13,274.9488717368507
-5,-13,100.0
-6,-13,425.9836609640088
-6,-14,541.4890628749413
-7,-14,100.0
-6,-14,343.5892722985127
-7,-14,100.0
-7,-15,185.45226668868187
-8,-15,231.03863744845182
-9,-15,219.79193748531577
-10,-15,181.95407280022863
-11,-15,100.0
-10,-15,100.0
-11,-15,249.93212344073356
-12,-15,304.23219044918216
-13,-15,273.39745641615866
-14,-15,330.3609354082858
-15,-15,100.0
-15,-16,168.0853135094686
-16,-16,100.0
-17,-16,100.0
-18,-16,133.13343016068768
-19,-16,100.0
-20,-16,100.0
-19,-16,100.0
-19,-17,100.0
-18,-17,100.0
-18,-16,100.0
-17,-16,100.0
-16,-16,100.0
-15,-16,100.0
-15,-15,100.0
-14,-15,100.0
-13,-15,159.0162686431777
-12,-15,153.97510360663233
-12,-16,100.0
-12,-15,100.0
-13,-15,100.0
-12,-15,100.0
-11,-15,278.753420572324
-10,-15,100.0
-9,-15,100.0
-8,-15,100.0
-9,-15,341.565613098051
-9,-16,136.8315728370465
-9,-15,100.0
-8,-15,334.13184492966
-8,-14,204.12081754434686
-7,-14,100.0
-6,-14,200.65151409548815
-5,-14,162.02843324806568
-5,-13,467.85869700741466
-4,-13,231.3716311820644
-3,-13,190.31753971758314
-2,-13,134.31112604825236
-1,-13,154.85810906654524
-1,-12,734.7911363198787
-2,-12,775.7898284529081
-1,-12,560.9062000677932
-1,-11,260.46214483374996
-1,-12,280.6690797508905
-2,-12,168.2906352681688
-1,-12,501.1347778735298
-1,-11,149.6236324956762
0,-11,366.696440527542
0,-10,100.0
0,-9,298.62239656704526
-1,-9,519.5598850666012
0,-9,118.66017283671825
1,-9,188.16037290733792
0,-9,683.4255580389303
-1,-9,743.7556193175119
0,-9,464.26836235889397
-1,-9,188.24828799473215
0,-9,687.626704092325
1,-9,263.56561019496723
2,-9,200.94010972031595
2,-8,251.12214731341882
3,-8,500.5390962474654
4,-8,544.5737397227156
4,-9,333.1305355332267
3,-9,532.4232066675233
2,-9,694.4631989376426
1,-9,691.9267165748468
1,-10,152.9533099528323
0,-10,525.3287874237568
0,-11,530.2433748273768
0,-12,194.52445953065273
0,-11,100.0
1,-11,100.0
1,-12,118.48893572644195
2,-12,429.1374784113579
2,-11,458.6510253841612
2,-10,680.2548265529916
2,-9,402.0664517851513
3,-9,217.81393861289573
2,-9,998.8354788240608
2,-8,470.6197989084935
2,-9,771.4541813795172
3,-9,188.92857724870828
3,-8,287.8707830789332
4,-8,177.8989979021705
5,-8,306.2469192157504
6,-8,394.51274363486846
6,-7,737.1753337388683
6,-6,582.5773577430192
7,-6,721.7480986637815
7,-7,485.2066331891492
6,-7,100.0
7,-7,221.0722233709888
8,-7,707.3746824026
8,-6,481.58002502180966
7,-6,305.78680762975233
7,-5,508.48995192764846
7,-4,407.0813488215718
8,-4,100.0
9,-4,626.7455545453677
9,-3,752.2070012319623
9,-2,185.39551406354298
10,-2,688.5918311360406
9,-2,168.29366131324213
10,-2,236.28454917456713
10,-1,776.4628141150224
11,-1,228.13763314906444
11,0,197.86334695488148
12,0,368.1306869000964
12,1,202.87297111381116
12,2,539.1392357421382
13,2,100.0
13,3,354.54091003036626
12,3,245.89631720915634
12,4,381.6056405083237
13,4,103.8768106307614
12,4,100.0
12,5,100.0
13,5,319.64694398088994
14,5,137.62371402400825
13,5,100.0
13,4,100.0
14,4,453.3033526289735
14,5,157.23403869852785
15,5,107.84624451639677
16,5,100.0
17,5,109.21746358093202
18,5,127.84621406328752
18,6,100.0
18,7,125.48355867996591
18,8,100.0
19,8,100.0
20,8,100.0
19,8,100.0
18,8,462.18939077439944
17,8,100.0
16,8,100.0
15,8,325.0009637293888
14,8,345.30315025816765
13,8,100.0
12,8,600.9201101608246
12,9,417.2173948910299
12,8,581.2498559676166
12,7,100.0
12,6,660.7835722974468
12,5,266.80017540228516
12,4,100.0
12,3,639.0868693545112
13,3,474.4626899433383
12,3,275.5955368959277
13,3,389.9400295308037
14,3,209.2948021512486
13,3,574.4159696031588
14,3,122.06307454495246
13,3,236.79969637181244
13,2,343.8556777130335
13,1,343.38461985454796
