16,-15,50.0
16,-15,50.0
16,-14,50.0
16,-14,50.0
16,-13,50.0
16,-13,50.0
16,-12,180.98227769455215
16,-12,71.08775094813045
16,-11,50.0
16,-11,50.0
15,-11,296.4465788668073
15,-11,50.0
14,-11,53.423026774848864
14,-11,153.00705898966177
15,-11,50.0
15,-11,50.0
14,-11,258.366406232758
14,-11,121.97471769062146
14,-10,50.0
14,-10,219.74834038366404
13,-10,184.55607888273744
13,-10,140.03960690540464
12,-10,50.0
12,-10,249.29666321743917
11,-10,217.2822363666341
11,-10,113.60074835091245
11,-9,145.61856340044298
11,-9,50.0
12,-9,282.82882258117434
12,-9,268.93111304013166
12,-8,175.0849722302346
12,-8,148.69528701009577
11,-8,149.24698067232083
11,-8,164.77586085889624
11,-7,50.0
11,-7,50.0
10,-7,143.59469842182307
10,-7,156.1473605350324
9,-7,148.8585153855728
9,-7,228.39415317001888
8,-7,293.4155344820512
8,-7,50.0
8,-6,413.6386287522413
8,-6,173.24909945510507
8,-5,50.0
8,-5,491.83988863520597
8,-4,316.20595385055947
8,-4,320.40286480197824
7,-4,283.01413135155354
7,-4,466.86143942888765
7,-5,258.9403596815326
7,-5,396.7393507449883
7,-4,210.38084739173897
7,-4,165.49724206194443
8,-4,273.1252050627737
8,-4,210.70273804940663
7,-4,406.55251187718113
7,-4,156.94192634511808
6,-4,137.2332334309175
6,-4,132.69938446255009
6,-3,334.8451132577309
6,-3,83.90784103583991
5,-3,360.83463548936817
5,-3,240.65695056638336
4,-3,322.002964744835
4,-3,216.40947584429375
4,-2,326.810348952882
4,-2,228.8659323848643
4,-1,550.0336321557548
4,-1,192.70568389197211
5,-1,129.85654680575308
5,-1,301.47042525466054
4,-1,273.1949968793709
4,-1,396.16068727500476
3,-1,317.5239766368794
3,-1,335.4443611026503
2,-1,485.64762050355364
2,-1,313.690503343202
2,0,240.54806951775927
2,0,751.9880493104635
2,1,235.76997031221788
2,1,192.27651931144766
2,2,574.1110095513781
2,2,351.7879481695611
1,2,219.12820947526347
1,2,463.41404019225337
0,2,245.251260613294
0,2,648.5684544157191
0,3,413.94129186276217
0,3,224.14847612043704
-1,3,162.16049749630633
-1,3,506.44251899224923
0,3,441.53612409390973
0,3,470.9887684979909
-1,3,334.3021502653141
-1,3,341.8674672143274
-2,3,361.6206563635216
-2,3,296.9794997477596
-2,4,351.37810019175504
-2,4,200.52463395007547
-2,5,283.7817381210645
-2,5,50.0
-2,6,212.7730805365206
-2,6,404.61216136516646
-1,6,73.86243082321647
-1,6,371.905812068521
0,6,458.12538774208724
0,6,274.7466656602536
-1,6,173.83327439156878
-1,6,309.6546106828323
-2,6,172.04944888217827
-2,6,310.34126588903575
-1,6,359.6081862456234
-1,6,234.5804128024638
-2,6,213.91408734373258
-2,6,167.7599657370897
-2,7,217.86382892546075
-2,7,80.59850375018152
-1,7,469.0962832845638
-1,7,507.0357077431254
-2,7,476.3987107270858
-2,7,215.42176637720894
-1,7,306.8164104628954
-1,7,291.09378848406425
-2,7,168.83680077526492
-2,7,330.79238857327977
-2,6,414.2921203657141
-2,6,440.6511465032403
-3,6,253.83519370519298
-3,6,110.73073269175109
-3,7,416.7096485911245
-3,7,247.62395803528528
-4,7,127.49414591430366
-4,7,190.5550700129771
-4,8,148.40082348030884
-4,8,95.67574226401047
-5,8,485.5418761851961
-5,8,385.2284447363447
-5,9,180.49251500924615
-5,9,314.4466048042953
-6,9,484.3992314945667
-6,9,217.6151602029088
-5,9,233.23856279172827
-5,9,248.8171407768836
-5,10,50.0
-5,10,241.12458382832267
-6,10,371.77555541303775
-6,10,50.0
-7,10,105.90165172324299
-7,10,220.7299663992754
-8,10,297.47110570252585
-8,10,50.0
-9,10,50.0
-9,10,50.0
-10,10,145.95755556133216
-10,10,216.62596054040705
-11,10,50.0
-11,10,118.40558513214926
-12,10,50.0
-12,10,148.08781638932123
-13,10,50.0
-13,10,285.5018126860142
-13,9,50.0
-13,9,56.82624067707249
-13,10,252.3660054465049
-13,10,292.53398147433626
-12,10,50.0
-12,10,133.3421286657535
-12,11,131.73256631600202
-12,11,50.0
-13,11,111.91372733932141
-13,11,50.0
-13,10,50.0
-13,10,165.0959777731026
-13,11,50.0
-13,11,150.76592035461854
-14,11,137.3558889374535
-14,11,132.94927973222448
-15,11,105.1733014062239
-15,11,50.0
-15,12,50.0
-15,12,150.82204305452044
-16,12,50.0
-16,12,50.0
-16,11,50.0
-16,11,164.5478596266169
-15,11,241.24352017308766
-15,11,212.4792136468162
-16,11,50.0
-16,11,50.0
-15,11,169.84403142372912
-15,11,202.9818416550979
-15,10,327.75419906811294
-15,10,50.0
-14,10,73.52567469203036
-14,10,50.0
-14,11,108.24485786531949
-14,11,50.0
-14,12,50.0
-14,12,122.41288759950116
-14,11,254.4740757931046
-14,11,110.47779926862424
-13,11,238.1415390098403
-13,11,50.0
-12,11,79.59067404657158
-12,11,182.2129840162733
-12,10,50.0
-12,10,179.61482588330304
-12,9,311.37006299207303
-12,9,310.8007964378197
-11,9,293.44971975201304
-11,9,73.21462535076878
-11,8,88.49138020530658
-11,8,50.0
-11,7,246.2532282933695
-11,7,369.8125404487391
-11,8,326.7250294091542
-11,8,50.0
-11,7,50.0
-11,7,253.17565077573056
-12,7,251.15639460126263
-12,7,176.57724810027287
-12,8,292.32860148868565
-12,8,203.03819194253165
-13,8,71.99229315287879
-13,8,219.02791618163437
-12,8,50.0
-12,8,50.0
-12,9,74.67311328436817
-12,9,76.9442284801919
-11,9,174.8585251738196
-11,9,50.0
-11,8,96.5378196835342
-11,8,258.9905823697776
-10,8,127.95742025637398
-10,8,68.1198892679621
-10,7,50.0
-10,7,166.9566785763552
-9,7,341.73471787696485
-9,7,205.18070661617529
-9,8,114.80258239356849
-9,8,50.0
-10,8,208.16178526955787
-10,8,50.0
-10,7,50.0
-10,7,174.00996801414553
-9,7,278.23008784773583
-9,7,228.0652576010838
-10,7,103.874315311396
-10,7,287.9038428656062
-10,6,50.0
-10,6,258.02446282170484
-10,5,224.2165922987288
-10,5,281.9543188972799
-9,5,193.04120297937808
-9,5,246.5427996025089
-8,5,50.0
-8,5,262.05386216024067
-8,4,204.22702553562988
-8,4,219.9044057917647
-8,3,410.7888782174463
-8,3,219.60804629606716
-8,2,142.5782448410938
-8,2,71.01839636341558
-8,1,540.0558424974104
-8,1,415.8705476549593
-7,1,398.3975509489875
-7,1,321.7015774656928
-7,0,161.28955332622303
-7,0,289.489725508141
-7,-1,444.2457728525046
-7,-1,285.54286664976604
-7,-2,78.70552659871254
-7,-2,229.3471217582138
-6,-2,379.42001264482946
-6,-2,527.3580251826361
-6,-3,252.0102454581996
-6,-3,198.49708614798013
-6,-4,50.0
-6,-4,287.27074890436273
-5,-4,194.7858144992936
-5,-4,349.85523706829986
-4,-4,374.35627939216016
-4,-4,168.83690770908677
-3,-4,194.2283727567121
-3,-4,264.2955099798398
-3,-3,292.32684793118483
-3,-3,283.70284078189525
-3,-4,222.34307829555905
-3,-4,418.4180485635504
-3,-3,232.83225881139353
-3,-3,361.89270750118794
-3,-4,381.09951642741373
-3,-4,266.2521018342325
-3,-5,246.38245012712457
-3,-5,151.99479239300175
-4,-5,280.72346697200487
-4,-5,157.51374375912914
-3,-5,286.9299584095307
-3,-5,229.33749881410074
-2,-5,162.48535415253588
-2,-5,446.90207769524284
-2,-6,341.7192008960889
-2,-6,304.9950043133785
-1,-6,241.76084493123182
-1,-6,339.07932258981947
-1,-7,300.83273779821985
-1,-7,157.90961457804906
0,-7,516.637166272742
0,-7,641.0034484150166
0,-8,357.111646461045
0,-8,166.19429519877272
-1,-8,238.10520678012944
-1,-8,320.5112004687792
-2,-8,467.58189119832946
-2,-8,190.3308259923921
-3,-8,329.4375399201003
-3,-8,341.0947308947189
-2,-8,235.4700939749206
-2,-8,190.74564839406494
-1,-8,396.3240348159396
-1,-8,99.37907126106913
-2,-8,370.90012960447257
-2,-8,98.66209283095382
-3,-8,144.11227209654754
-3,-8,408.66061907504474
-4,-8,193.4074584951809
-4,-8,292.3711411609231
-3,-8,229.1566649072374
-3,-8,245.7553750831582
-4,-8,538.141730569234
-4,-8,590.0680711183494
-3,-8,441.80851740906235
-3,-8,97.06427348563767
-4,-8,703.0242188612881
-4,-8,233.37504102212898
-3,-8,449.77942620548197
-3,-8,50.0
-2,-8,192.05721353188733
-2,-8,51.61781314867139
-3,-8,351.4570577146544
-3,-8,224.4241609658855
-4,-8,161.96944961230656
-4,-8,148.40236132905028
-5,-8,260.8309064797446
-5,-8,438.48470689483713
-6,-8,379.17926867931214
-6,-8,193.2437443618076
-5,-8,387.4179040240879
-5,-8,314.353647120157
-6,-8,294.5910990121519
-6,-8,105.69071283896962
-5,-8,244.60841876130627
-5,-8,288.9385521704776
-6,-8,144.7995777376252
-6,-8,526.1760084842927
-7,-8,505.20213750530627
-7,-8,268.68824034996146
-6,-8,128.3844410174575
-6,-8,89.51950679893912
-5,-8,287.53531783955793
-5,-8,50.0
-6,-8,247.9164606324387
-6,-8,60.77898303441151
-7,-8,50.0
-7,-8,314.3060737863623
-8,-8,334.4571784349671
-8,-8,184.4236310724433
-9,-8,263.4567419770925
-9,-8,50.0
-10,-8,110.27630763482763
-10,-8,50.0
-11,-8,177.69073446388867
-11,-8,126.45887186586191
-12,-8,265.36328914259894
-12,-8,122.43023751404696
-11,-8,444.17556611076395
-11,-8,198.15574013119988
-12,-8,50.0
-12,-8,279.7002886897229
-13,-8,130.30085974349987
-13,-8,50.0
-14,-8,128.92243796315515
-14,-8,152.9558314881704
-15,-8,142.77839355299653
-15,-8,142.20584518822977
-16,-8,448.8253756214128
-16,-8,136.63934201585326
-17,-8,50.0
-17,-8,50.0
-16,-8,164.87133211619025
-16,-8,50.0
-15,-8,54.39638550735706
-15,-8,162.16447376896417
-15,-7,50.0
-15,-7,88.6617084752165
-14,-7,326.80935916066306
-14,-7,225.06206281237536
-14,-8,50.0
-14,-8,183.12264736262102
-13,-8,50.0
-13,-8,50.0
-12,-8,50.0
-12,-8,52.37301279588486
-11,-8,164.45168642773564
-11,-8,50.0
-11,-7,193.95376210613256
-11,-7,326.63321541660923
-10,-7,195.47489131609515
-10,-7,198.58040386910574
-9,-7,311.61174368703564
-9,-7,263.312351065432
-10,-7,206.3798989728822
-10,-7,145.07486825154845
-9,-7,50.0
-9,-7,133.23406365254556
-9,-8,388.566671625218
-9,-8,50.738289577983295
-9,-7,412.5770723647927
-9,-7,295.2042553379908
-8,-7,67.35920686575977
-8,-7,284.71872612434066
-7,-7,368.1933451967906
-7,-7,404.3683759053418
-7,-8,328.0129278327837
-7,-8,394.3372374193393
-6,-8,398.0131626115576
-6,-8,166.79008324817488
-5,-8,391.0862456141675
-5,-8,486.5000595506148
-5,-9,237.63811773453912
-5,-9,268.97196597277093
-6,-9,362.9383310992473
-6,-9,232.92615056293798
-5,-9,234.25451019014753
-5,-9,290.7791696042247
-4,-9,118.28810471442637
-4,-9,405.37150171017845
-5,-9,315.40002066673867
-5,-9,330.10045009612423
-4,-9,185.0840271262463
-4,-9,499.51174836212084
-3,-9,343.4708725786521
-3,-9,298.501936866483
-3,-10,50.0
-3,-10,50.0
-3,-11,219.45211068298548
-3,-11,166.8663821247703
-2,-11,228.2227339462139
-2,-11,50.0
-1,-11,202.48844041477594
-1,-11,273.0299759967968
0,-11,50.0
0,-11,100.36816184914925
1,-11,50.0
1,-11,92.72585017028491
0,-11,112.92531520704688
0,-11,50.0
1,-11,198.212409691294
1,-11,431.8624573386281
1,-12,391.72335104875066
1,-12,60.967508616710035
0,-12,143.00413079754105
0,-12,204.31514236093213
-1,-12,446.2879277159189
-1,-12,159.846152568117
0,-12,213.39249667360528
0,-12,227.86338526686302
0,-13,565.4017228700878
0,-13,364.1306910637719
1,-13,177.6968366872922
1,-13,238.3992140652372
2,-13,246.65773224212333
2,-13,149.03395872861125
2,-14,68.83221086239452
2,-14,242.29092423815547
3,-14,206.62784796057372
3,-14,50.0
4,-14,74.09748420078601
4,-14,125.81335607725156
5,-14,136.09372218690402
5,-14,136.9860717271124
6,-14,133.86001652616346
6,-14,320.15847476710803
6,-15,184.24662740125905
6,-15,115.24506312458685
7,-15,472.1936656375847
7,-15,59.34683955832665
7,-14,389.5931011968551
7,-14,85.97215294449842
6,-14,173.6683201397367
6,-14,117.16409099532227
7,-14,50.0
7,-14,71.00635475751326
8,-14,89.95213610832839
8,-14,89.60949613733882
9,-14,436.19592167461747
9,-14,209.61675489295828
10,-14,50.0
10,-14,115.34451511728749
11,-14,63.612178167139106
11,-14,50.0
12,-14,50.0
12,-14,50.0
13,-14,117.24563957730759
13,-14,50.0
14,-14,50.0
14,-14,59.9159843056834
14,-15,50.0
14,-15,118.82461163536618
15,-15,50.0
15,-15,79.20328364734445
14,-15,50.0
14,-15,50.0
14,-16,98.40666479935189
14,-16,50.0
14,-17,54.655462878381684
14,-17,77.18438915122537
14,-16,50.0
14,-16,50.0
15,-16,50.0
15,-16,50.0
16,-16,59.105774160197114
16,-16,50.0
16,-17,50.0
16,-17,203.47914849636484
16,-18,155.05070984241382
16,-18,50.0
16,-19,50.0
16,-19,50.0
16,-20,117.61996054269224
16,-20,50.0
17,-20,50.0
17,-20,50.0
18,-20,50.0
18,-20,50.0
19,-20,122.92933421645486
19,-20,50.0
20,-20,50.0
20,-20,50.0
20,-19,62.69593089195459
20,-19,50.0
20,-18,50.0
20,-18,50.0
20,-17,131.07372052198326
20,-17,50.0
20,-16,50.0
20,-16,165.7581867833799
20,-17,50.0
20,-17,50.0
20,-18,50.0
20,-18,77.89614709305235
20,-17,50.0
20,-17,108.12934952825282
20,-16,50.0
20,-16,263.2680683514708
20,-15,50.0
20,-15,50.0
20,-14,50.0
20,-14,50.0
20,-13,50.0
20,-13,50.0
20,-12,50.0
20,-12,229.9336719918349
20,-11,79.9534287054166
20,-11,50.0
20,-10,61.598342805656685
20,-10,50.0
20,-9,294.81216639973707
20,-9,50.0
20,-8,142.06216214054675
20,-8,50.0
19,-8,50.0
19,-8,50.0
18,-8,76.49127393758872
18,-8,102.97797188200936
17,-8,50.0
17,-8,50.0
16,-8,119.66293766925652
16,-8,154.77661665260644
15,-8,86.62749902397086
15,-8,56.2983369949614
14,-8,110.67638908751971
14,-8,95.50640561852433
13,-8,50.0
13,-8,210.76832716655667
12,-8,50.0
12,-8,134.7193578838851
11,-8,74.39250706733199
11,-8,120.6010010669597
10,-8,94.04295677222582
10,-8,50.0
10,-7,281.1282049035192
10,-7,218.8581790747341
9,-7,208.62873576656173
9,-7,210.3973253567344
8,-7,273.2874568022368
8,-7,50.0
7,-7,262.62259144229097
7,-7,50.0
7,-8,140.8717084966982
7,-8,133.50132689602984
6,-8,226.10066422333384
6,-8,229.18403914927416
5,-8,311.8106075991714
5,-8,178.8800213466314
6,-8,50.0
6,-8,162.5253380909463
6,-9,277.3223685832337
6,-9,188.10940778744586
5,-9,309.71982952918245
5,-9,136.9110189956334
4,-9,315.54369399293734
4,-9,320.14124045731927
3,-9,166.4655373946067
3,-9,401.13849289695963
4,-9,277.95430254625154
4,-9,431.7862991415628
5,-9,105.11724770790786
5,-9,436.00043032648466
4,-9,105.93785522148815
4,-9,286.2147780674255
4,-10,180.76308033578132
4,-10,75.94252788910897
3,-10,218.88341815797037
3,-10,52.23942090294611
4,-10,116.51970267615351
4,-10,278.97282959602916
4,-11,50.0
4,-11,66.57585226766028
3,-11,130.99597826333132
3,-11,153.58351815720977
2,-11,228.3784495674116
2,-11,159.92431283363453
1,-11,95.0672021142852
1,-11,240.98548935330263
0,-11,88.19371673367444
0,-11,91.32759870064132
-1,-11,479.4882953128625
-1,-11,126.64602093380539
-1,-12,438.7448704162787
-1,-12,153.55117930941492
-2,-12,50.0
-2,-12,50.0
-3,-12,50.0
-3,-12,424.08260497930524
-3,-13,411.1304141706427
-3,-13,156.9376630665697
-4,-13,306.021146780025
-4,-13,306.7549062454741
-5,-13,431.8045681835501
-5,-13,50.0
-6,-13,201.97855908497903
-6,-13,215.5896438093473
-5,-13,279.6434129722224
-5,-13,226.0236892074625
-6,-13,50.0
-6,-13,112.07832494498136
-6,-14,145.4980004264844
-6,-14,105.26760255410817
-7,-14,274.6998440018547
-7,-14,50.0
-6,-14,134.5508252157183
-6,-14,155.23771663965775
-7,-14,205.09195156233775
-7,-14,123.797624311419
-7,-15,118.38883032765057
-7,-15,50.0
-8,-15,50.0
-8,-15,102.56041614618752
-9,-15,132.23995054530332
-9,-15,93.2794921841685
-10,-15,111.75127543669686
-10,-15,377.10541007153904
-11,-15,118.43924396306744
-11,-15,50.0
-10,-15,50.0
-10,-15,65.84673576331764
-11,-15,50.0
-11,-15,50.0
-12,-15,194.95847689306308
-12,-15,50.0
-13,-15,50.005246750010016
-13,-15,50.0
-14,-15,50.0
-14,-15,50.0
-15,-15,50.0
-15,-15,50.0
-15,-16,50.0
-15,-16,50.0
-16,-16,249.16478003191042
-16,-16,50.0
-17,-16,50.0
-17,-16,50.0
-18,-16,50.0
-18,-16,274.0486713142006
-19,-16,50.0
-19,-16,233.1367970873011
-20,-16,50.0
-20,-16,50.0
-19,-16,50.0
-19,-16,50.0
-19,-17,195.5272001225265
-19,-17,50.0
-18,-17,50.0
-18,-17,50.0
-18,-16,67.21514350237382
-18,-16,50.0
-17,-16,196.07783475711108
-17,-16,50.0
-16,-16,177.29717037614674
-16,-16,50.0
-15,-16,50.0
-15,-16,50.0
-15,-15,50.0
-15,-15,50.0
-14,-15,372.0443234333076
-14,-15,50.0
-13,-15,50.0
-13,-15,50.0
-12,-15,50.0
-12,-15,91.62047931777168
-12,-16,50.0
-12,-16,91.50854689056654
-12,-15,77.13204089795664
-12,-15,50.0
-13,-15,50.0
-13,-15,88.87666851554556
-12,-15,50.0
-12,-15,68.57254620425336
-11,-15,85.52786724054566
-11,-15,186.54770446020117
-10,-15,78.8361777955185
-10,-15,280.28884690593986
-9,-15,169.4828289320348
-9,-15,111.60304527999764
-8,-15,50.0
-8,-15,50.0
-9,-15,50.0
-9,-15,278.8105584699621
-9,-16,50.0
-9,-16,50.0
-9,-15,50.0
-9,-15,109.56316653892885
-8,-15,166.9320077508474
-8,-15,58.80598976749016
-8,-14,50.0
-8,-14,68.16973194164318
-7,-14,148.6375239496365
-7,-14,50.0
-6,-14,158.72168325985805
-6,-14,116.53906898207417
-5,-14,50.0
-5,-14,187.617657505045
-5,-13,132.73222495382558
-5,-13,50.0
-4,-13,120.12428787225105
-4,-13,165.95246415526296
-3,-13,88.28599292985443
-3,-13,50.0
-2,-13,276.76301809422205
-2,-13,274.4609921855783
-1,-13,197.03043506179236
-1,-13,50.0
-1,-12,242.81904734681174
-1,-12,50.0
-2,-12,196.3823235719911
-2,-12,50.0
-1,-12,161.69695100742413
-1,-12,227.66936407292843
-1,-11,50.0
-1,-11,50.0
-1,-12,186.74527889823878
-1,-12,67.99292034085742
-2,-12,287.24082951799676
-2,-12,50.0
-1,-12,50.0
-1,-12,102.47037226948645
-1,-11,156.972261119504
-1,-11,85.97412371573128
0,-11,77.60893201385389
0,-11,126.2477673188396
0,-10,97.44289469751948
0,-10,139.64610729621006
0,-9,252.1047842276818
0,-9,55.545543245541694
-1,-9,357.1247449842556
-1,-9,254.99119091317488
0,-9,199.51228719968265
0,-9,301.92545812114815
1,-9,342.61882200653224
1,-9,335.5459176948501
0,-9,50.0
0,-9,365.6342879738088
-1,-9,50.0
-1,-9,273.5705225153576
0,-9,186.99664870582748
0,-9,50.0
-1,-9,208.46020995429703
-1,-9,50.0
0,-9,51.68745951956561
0,-9,280.68422557164877
1,-9,114.83295277233542
1,-9,50.0
2,-9,256.0203354666818
2,-9,195.93751974617985
2,-8,182.750720403686
2,-8,296.50807381959476
3,-8,457.5410058384921
3,-8,115.36793533606604
4,-8,274.5049895268646
4,-8,126.01524859621111
4,-9,130.33214954982597
4,-9,70.25653892327419
3,-9,134.04540950015922
3,-9,277.2705207762631
2,-9,96.74549310874865
2,-9,146.4742705105995
1,-9,336.54004853387846
1,-9,50.0
1,-10,108.01667289895
1,-10,219.71364096567584
0,-10,244.73182727375482
0,-10,251.14051050692086
0,-11,297.3841628505102
0,-11,260.393583712423
0,-12,426.96977012264995
0,-12,397.0980059427334
0,-11,50.0
0,-11,50.0
1,-11,50.0
1,-11,309.3637462978149
1,-12,219.25483974016583
1,-12,50.0
2,-12,433.7292590535708
2,-12,211.62515220597473
2,-11,347.75704129593805
2,-11,50.0
2,-10,270.89120609118373
2,-10,247.7391234488452
2,-9,327.1072567068501
2,-9,216.28069935678045
3,-9,242.376695222348
3,-9,66.21392624055031
2,-9,91.9852566471937
2,-9,144.53489029964481
2,-8,311.96008170035884
2,-8,271.30760558313597
2,-9,328.69279401341765
2,-9,469.81743264120826
3,-9,331.3541353786266
3,-9,420.6580852466165
3,-8,586.4783856761953
3,-8,150.62566100005097
4,-8,64.01747087331435
4,-8,392.8362216969367
5,-8,50.0
5,-8,150.46277835979913
6,-8,309.4014213527551
6,-8,50.0
6,-7,420.2600740329803
6,-7,294.08549415176
6,-6,289.53220063370424
6,-6,436.7687369422424
7,-6,251.76869916909553
7,-6,254.81930391982627
7,-7,335.6846700400072
7,-7,183.3379259041415
6,-7,295.9849592659946
6,-7,204.63529096688444
7,-7,209.5946940445937
7,-7,50.0
8,-7,320.42970672181923
8,-7,276.9162868382913
8,-6,235.00646524622184
8,-6,224.5285472945036
7,-6,152.04707723337333
7,-6,188.4180025492626
7,-5,79.21545914822622
7,-5,241.18494045965804
7,-4,448.01935503819254
7,-4,520.7924376213143
8,-4,153.49027325722534
8,-4,154.40381478602845
9,-4,402.1902958238352
9,-4,222.33250000557493
9,-3,167.09487194250175
9,-3,65.89462522079495
9,-2,261.983051447012
9,-2,127.79623371160528
10,-2,257.96405316534725
10,-2,50.0
9,-2,318.50082548509283
9,-2,317.8500721761529
10,-2,62.05376378993296
10,-2,50.0
10,-1,50.0
10,-1,253.2179860722191
11,-1,50.0
11,-1,193.3016794875844
11,0,50.0
11,0,50.0
12,0,230.36528467789475
12,0,268.0029319386728
12,1,147.32464625094417
12,1,206.9217013123953
12,2,371.22656741735244
12,2,274.01635589224435
13,2,60.471082757567615
13,2,315.3380609041941
13,3,231.28954258519644
13,3,241.58967822389283
12,3,263.91634730217964
12,3,267.00371014184543
12,4,149.3482328877589
12,4,50.0
13,4,146.70675415598748
13,4,232.3559200099569
12,4,307.8057706864514
12,4,244.48851878042848
12,5,193.65741991511663
12,5,521.7710664292525
13,5,119.71775656486342
13,5,50.0
14,5,285.565870000799
14,5,150.7866277896334
13,5,184.6447637148916
13,5,50.0
13,4,179.52326681197076
13,4,315.2662332714906
14,4,429.76330787593895
14,4,284.86866887107266
14,5,553.299668883317
14,5,50.0
15,5,322.33303141894976
15,5,50.0
16,5,196.4281469969465
16,5,50.0
17,5,50.0
17,5,50.0
18,5,50.0
18,5,50.0
18,6,175.19880586213858
18,6,50.0
18,7,58.79862020372983
18,7,50.0
18,8,50.0
18,8,131.39934916130403
19,8,50.0
19,8,217.64811636769113
20,8,50.0
20,8,108.4299952303623
19,8,50.0
19,8,50.0
18,8,50.0
18,8,489.76146402897814
17,8,50.0
17,8,50.0
16,8,50.0
16,8,69.64070938346858
15,8,50.0
15,8,50.0
14,8,171.3846590108739
14,8,50.0
13,8,178.93101675905632
13,8,161.18826819838196
12,8,50.0
12,8,87.3563735272682
12,9,193.92391281676612
12,9,269.2254958267174
12,8,50.0
12,8,107.26107841211223
12,7,204.99166297247442
12,7,155.36919070324802
12,6,207.10828720297755
12,6,188.47216218926508
12,5,99.6168339778163
12,5,401.1788191293937
12,4,192.56206190442833
12,4,184.50296420535412
12,3,324.8099988276991
12,3,50.0
13,3,219.21619579989775
13,3,175.30187531557755
12,3,161.3071057709664
12,3,143.24645305774536
13,3,224.66208289526878
13,3,333.6080975967759
14,3,264.5087046615178
14,3,490.50857935581035
13,3,193.0162016281662
13,3,134.44852351489328
14,3,342.9532208588352
14,3,181.13018261867617
13,3,50.0
13,3,176.81924893786584
13,2,199.01914513292263
13,2,208.28016982303387
13,1,227.40506610235977
13,1,50.0
