16,-15,100.0
16,-14,130.97589536464585
16,-13,100.0
16,-12,100.0
16,-11,100.0
15,-11,100.0
14,-11,246.6836919492572
15,-11,304.64990382300186
14,-11,100.0
14,-10,234.5975434054243
13,-10,342.9251995135582
12,-10,100.0
11,-10,100.0
11,-9,100.0
12,-9,100.0
12,-8,746.8455321388199
11,-8,347.73350117285645
11,-7,103.26032423070697
10,-7,445.90260445120657
9,-7,100.0
8,-7,100.0
8,-6,212.95430020489852
8,-5,534.3059227436835
8,-4,523.1843085312097
7,-4,170.099235783827
7,-5,450.50824986341513
7,-4,220.16999195067422
8,-4,554.3612439879729
7,-4,608.0915471449182
6,-4,100.0
6,-3,256.4508666711453
5,-3,1068.2222509331339
4,-3,693.5264568830555
4,-2,518.2965370317576
4,-1,206.43625212604266
5,-1,753.065850235872
4,-1,734.75123196395
3,-1,760.7686865987374
2,-1,754.4270097325978
2,0,406.7303254847174
2,1,623.0470190876117
2,2,741.8792806761916
1,2,788.9342282889083
0,2,264.24251493195857
0,3,407.4132523649216
-1,3,486.6944425069025
0,3,583.9159576463283
-1,3,269.36011327210565
-2,3,520.7422700160213
-2,4,744.7637438754557
-2,5,455.845904831266
-2,6,100.0
-1,6,1035.2317312065434
0,6,611.7132776066368
-1,6,821.5618242723979
-2,6,544.4973294966981
-1,6,344.9932745823066
-2,6,458.34184025643555
-2,7,529.3528480598846
-1,7,511.1130648869271
-2,7,370.90179600317936
-1,7,348.36350525805335
-2,7,394.3210835447701
-2,6,758.3690924003452
-3,6,1166.3134088473546
-3,7,529.7688991723153
-4,7,782.2907005618963
-4,8,578.6158828629175
-5,8,485.1495394139804
-5,9,140.35993574395135
-6,9,100.0
-5,9,100.0
-5,10,737.4510818974651
-6,10,752.2893377557384
-7,10,359.9281876941458
-8,10,600.8239748639802
-9,10,100.0
-10,10,100.0
-11,10,793.1749477167596
-12,10,100.0
-13,10,164.72958154639392
-13,9,108.18930317801741
-13,10,410.3040384489212
-12,10,100.0
-12,11,100.0
-13,11,288.0090130045031
-13,10,100.0
-13,11,100.0
-14,11,100.0
-15,11,295.9757160143601
-15,12,100.0
-16,12,100.0
-16,11,100.0
-15,11,310.33481557495156
-16,11,100.0
-15,11,479.9889648550275
-15,10,134.38498642544116
-14,10,156.71052958249095
-14,11,100.0
-14,12,100.0
-14,11,268.265170900617
-13,11,100.0
-12,11,133.76345233957983
-12,10,182.9538583500843
-12,9,499.85202209998647
-11,9,100.0
-11,8,100.0
-11,7,333.7009130089663
-11,8,100.0
-11,7,449.8951030454285
-12,7,310.6824438061966
-12,8,222.80601847390722
-13,8,317.42720985503956
-12,8,148.8485095116531
-12,9,100.0
-11,9,100.0
-11,8,405.9139030363833
-10,8,100.0
-10,7,100.0
-9,7,465.63217124012266
-9,8,279.2609442759501
-10,8,223.22611055859738
-10,7,268.1746348371107
-9,7,371.37838061680213
-10,7,503.4685879167499
-10,6,154.3199017029108
-10,5,1035.712957036592
-9,5,331.2192036473935
-8,5,520.5953335199093
-8,4,144.20035970021468
-8,3,836.7323069769235
-8,2,317.9170757221088
-8,1,313.0848526059198
-7,1,784.5213035790582
-7,0,329.02884208788925
-7,-1,514.8642481713147
-7,-2,319.9374011865544
-6,-2,760.5404421613803
-6,-3,416.9869583603861
-6,-4,699.7345295639661
-5,-4,425.382137210772
-4,-4,171.47700082818594
-3,-4,378.26339625071523
-3,-3,463.85446654962857
-3,-4,100.0
-3,-3,415.96068824588804
-3,-4,191.46051611408126
-3,-5,552.9293940662399
-4,-5,307.7903940650966
-3,-5,666.3459821510999
-2,-5,469.24859324163276
-2,-6,540.6143327998433
-1,-6,725.5479798324504
-1,-7,393.5420144636238
0,-7,409.2623032674942
0,-8,330.1387460866662
-1,-8,100.0
-2,-8,377.08393102731196
-3,-8,100.0
-2,-8,182.5367394824109
-1,-8,202.38274228947859
-2,-8,396.97312573926763
-3,-8,218.6005384358632
-4,-8,888.0661811511094
-3,-8,525.169356660069
-4,-8,191.36587929772048
-3,-8,242.10576377053383
-4,-8,361.63408096604513
-3,-8,264.0599761452431
-2,-8,196.75028343064884
-3,-8,903.3872381607825
-4,-8,474.73371162831097
-5,-8,294.5427427600697
-6,-8,100.0
-5,-8,561.2286580702507
-6,-8,420.78203988803335
-5,-8,153.85758834171776
-6,-8,885.4607397229987
-7,-8,164.87144562564194
-6,-8,151.73451344421596
-5,-8,183.15231637798774
-6,-8,283.83033395346763
-7,-8,623.1336735454529
-8,-8,607.2522091286188
-9,-8,100.0
-10,-8,232.62514041415858
-11,-8,100.0
-12,-8,401.24337182646343
-11,-8,100.0
-12,-8,302.3010871710271
-13,-8,671.9143807766429
-14,-8,483.50339055878817
-15,-8,100.0
-16,-8,179.09978985143124
-17,-8,168.23843118878978
-16,-8,158.89689078839854
-15,-8,123.46572318201797
-15,-7,116.473753581014
-14,-7,100.0
-14,-8,338.3484241867201
-13,-8,242.79112441419974
-12,-8,131.95874918714426
-11,-8,413.3397895208724
-11,-7,380.7230222301989
-10,-7,117.00442093522703
-9,-7,316.67699395218204
-10,-7,299.1977305125373
-9,-7,574.8963231654755
-9,-8,154.42222395065642
-9,-7,100.0
-8,-7,347.6945694406969
-7,-7,1013.5200690851467
-7,-8,226.1312068887676
-6,-8,233.5588124277208
-5,-8,446.387398598882
-5,-9,100.0
-6,-9,206.71787125595367
-5,-9,100.22077005995101
-4,-9,383.1038892434238
-5,-9,290.3947098303502
-4,-9,265.497079800385
-3,-9,296.90131451842024
-3,-10,317.5946752322116
-3,-11,215.71308408966016
-2,-11,115.4255461372559
-1,-11,381.51668365511716
0,-11,150.71972220986777
1,-11,394.9943163235663
0,-11,213.06605997327333
1,-11,888.1143240047998
1,-12,404.8665358367892
0,-12,385.804728827564
-1,-12,476.31453005146096
0,-12,524.7513932052001
0,-13,686.5364836669278
1,-13,272.2772905420373
2,-13,403.30549801123897
2,-14,462.2622531809387
3,-14,158.36324296764622
4,-14,100.0
5,-14,271.68371691430355
6,-14,319.15789358278676
6,-15,100.0
7,-15,328.2440216151838
7,-14,638.1049224247587
6,-14,484.0099896222117
7,-14,100.0
8,-14,100.0
9,-14,100.0
10,-14,100.0
11,-14,100.0
12,-14,106.95779681953654
13,-14,288.9806851971015
14,-14,100.0
14,-15,100.0
15,-15,158.7018284029593
14,-15,100.0
14,-16,106.2339129672105
14,-17,308.8545528432225
14,-16,308.2628099500614
15,-16,100.0
16,-16,258.7660003941407
16,-17,100.0
16,-18,100.0
16,-19,407.1239437025373
16,-20,100.0
17,-20,100.0
18,-20,236.72516266351448
19,-20,100.0
20,-20,100.0
20,-19,100.0
20,-18,100.0
20,-17,100.0
20,-16,100.0
20,-17,105.22222987217012
20,-18,100.0
20,-17,100.0
20,-16,100.0
20,-15,100.0
20,-14,100.0
20,-13,100.0
20,-12,100.0
20,-11,100.0
20,-10,100.0
20,-9,100.0
20,-8,100.0
19,-8,253.6450810905965
18,-8,100.0
17,-8,497.3161321430704
16,-8,100.0
15,-8,290.11728316849315
14,-8,366.941716550409
13,-8,199.82187409650976
12,-8,195.68735252333315
11,-8,100.0
10,-8,459.34433339914443
10,-7,461.3330528999296
9,-7,499.0481060668016
8,-7,326.905298226449
7,-7,568.0164405871197
7,-8,490.0994084825455
6,-8,194.53104939393472
5,-8,392.7121329500892
6,-8,167.68144551430618
6,-9,374.2603411940921
5,-9,1209.840075462226
4,-9,103.06570364960186
3,-9,165.87099714681668
4,-9,184.2157572288711
5,-9,159.46549640037153
4,-9,432.87926655075233
4,-10,132.73724755639458
3,-10,505.44899410332494
4,-10,225.53535555584503
4,-11,113.07291760956804
3,-11,100.0
2,-11,937.4029603071864
1,-11,196.9195868818363
0,-11,370.8153656488648
-1,-11,566.6227354083496
-1,-12,959.2590229402308
-2,-12,252.2700143184539
-3,-12,677.8278895925796
-3,-13,528.9324563216724
-4,-13,348.2259663219613
-5,-13,100.0
-6,-13,100.0
-5,-13,303.15662280158665
-6,-13,296.36222843901646
-6,-14,123.44877416649246
-7,-14,100.0
-6,-14,561.0613746479173
-7,-14,480.88339677878406
-7,-15,265.3690209130088
-8,-15,100.0
-9,-15,350.6593517540359
-10,-15,100.0
-11,-15,148.39854903348115
-10,-15,174.9012508784417
-11,-15,100.0
-12,-15,100.0
-13,-15,100.0
-14,-15,381.8346680647615
-15,-15,100.0
-15,-16,100.0
-16,-16,438.79915438755927
-17,-16,100.0
-18,-16,100.0
-19,-16,100.0
-20,-16,100.0
-19,-16,100.0
-19,-17,100.0
-18,-17,100.0
-18,-16,100.0
-17,-16,100.0
-16,-16,100.0
-15,-16,158.7864698891246
-15,-15,177.8557289661932
-14,-15,100.0
-13,-15,100.0
-12,-15,100.0
-12,-16,260.6762236838558
-12,-15,100.0
-13,-15,100.0
-12,-15,101.39463809590146
-11,-15,285.96533871973975
-10,-15,205.56003036564883
-9,-15,100.0
-8,-15,439.1431415573327
-9,-15,100.0
-9,-16,100.0
-9,-15,100.0
-8,-15,100.0
-8,-14,204.43208486713564
-7,-14,239.8766598641002
-6,-14,449.5445396701791
-5,-14,613.7693171143575
-5,-13,156.25769588801046
-4,-13,145.96202342604445
-3,-13,226.02513827858317
-2,-13,159.42886213557867
-1,-13,100.0
-1,-12,303.48158588857336
-2,-12,100.0
-1,-12,589.2999321084884
-1,-11,436.46078840904056
-1,-12,210.1648757365206
-2,-12,100.0
-1,-12,100.0
-1,-11,200.7189316766999
0,-11,603.7701369929448
0,-10,100.0
0,-9,142.5845779053808
-1,-9,500.29359459531605
0,-9,372.139719798015
1,-9,407.79208299860085
0,-9,424.3658581246224
-1,-9,205.650062203709
0,-9,100.0
-1,-9,695.1352921037451
0,-9,718.2408159850955
1,-9,210.7480460059765
2,-9,808.0724241466776
2,-8,179.12230265320397
3,-8,529.1278705954996
4,-8,395.4217892793637
4,-9,357.8169988780092
3,-9,214.89395898993314
2,-9,547.4818878845219
1,-9,356.2402005307177
1,-10,529.5828345993228
0,-10,490.9445318178201
0,-11,456.0987172690792
0,-12,152.41857106440008
0,-11,104.87512312914856
1,-11,207.90990714401948
1,-12,285.1223546818177
2,-12,278.7395572395992
2,-11,100.0
2,-10,100.0
2,-9,684.4328287732146
3,-9,100.0
2,-9,472.61793181134715
2,-8,935.1317613252874
2,-9,233.49968437771048
3,-9,448.38541993581146
3,-8,245.5209300680061
4,-8,141.83445883928948
5,-8,154.74011869112184
6,-8,617.5544318758714
6,-7,685.1951557843522
6,-6,710.5624134819204
7,-6,276.2833800528673
7,-7,407.05598942297763
6,-7,668.139852331823
7,-7,156.71212511715888
8,-7,275.3973615503092
8,-6,100.0
7,-6,378.25489042287484
7,-5,182.0538311007952
7,-4,391.89807826150127
8,-4,296.35418391767524
9,-4,397.25340776463906
9,-3,273.7814054815039
9,-2,291.7865866303142
10,-2,100.0
9,-2,100.0
10,-2,239.85601895127996
10,-1,495.07178663809344
11,-1,183.66088867524473
11,0,498.1941389672765
12,0,210.28595761803263
12,1,502.0178880285068
12,2,100.0
13,2,125.87493396262101
13,3,501.512702125441
12,3,710.778036070973
12,4,513.5046717483476
13,4,200.71699156136083
12,4,745.1752184329084
12,5,163.4321882351238
13,5,332.0805354869457
14,5,100.0
13,5,242.13692828315766
13,4,267.7522437169265
14,4,100.0
14,5,211.45683246154053
15,5,100.0
16,5,100.0
17,5,100.0
18,5,100.0
18,6,100.0
18,7,486.48835051990613
18,8,100.0
19,8,152.44981580633697
20,8,100.0
19,8,100.0
18,8,227.86784937750872
17,8,294.67146918386925
16,8,190.22968503330193
15,8,100.0
14,8,100.0
13,8,100.0
12,8,401.70333185007246
12,9,178.64036389947066
12,8,175.74598445449197
12,7,100.0
12,6,231.82870055417197
12,5,230.93516141218544
12,4,613.5809847093963
12,3,155.52571632342705
13,3,477.4427619718208
12,3,292.7146997889994
13,3,205.03308432638175
14,3,201.09187392331376
13,3,746.7045281723615
14,3,508.60623782262974
13,3,111.45217912526462
13,2,100.0
13,1,203.3786217248592
