16,-15,50.0
16,-15,117.85749009891694
16,-14,128.98138143159213
16,-14,50.0
16,-13,50.0
16,-13,50.0
16,-12,50.0
16,-12,87.20912988414345
16,-11,50.0
16,-11,50.0
15,-11,200.49658375847787
15,-11,50.0
14,-11,56.84795904753939
14,-11,50.0
15,-11,50.0
15,-11,50.0
14,-11,219.08085142396965
14,-11,360.7909962711966
14,-10,50.0
14,-10,60.76504076722257
13,-10,167.22992887098832
13,-10,50.0
12,-10,197.39215052852472
12,-10,244.87253257409208
11,-10,158.99409760152625
11,-10,50.0
11,-9,174.21510401321567
11,-9,138.18403278008046
12,-9,71.17286061889365
12,-9,65.09801613241308
12,-8,60.44456169103019
12,-8,97.93356948636414
11,-8,126.44179256243763
11,-8,50.0
11,-7,284.3169766883673
11,-7,208.65022110462854
10,-7,50.0
10,-7,205.94222174016377
9,-7,79.44528183300133
9,-7,52.983018546164445
8,-7,50.0
8,-7,261.88465309821765
8,-6,83.14348215182017
8,-6,194.86920145778782
8,-5,303.5618052572673
8,-5,188.32270158107417
8,-4,176.81227959598525
8,-4,234.83212946648962
7,-4,270.28267820949094
7,-4,50.0
7,-5,211.53841201696355
7,-5,179.91560084419592
7,-4,457.33474981280324
7,-4,227.51100470364457
8,-4,258.6921941120486
8,-4,377.13519870010185
7,-4,675.5737812979824
7,-4,50.0
6,-4,561.3507234189342
6,-4,182.70339244346133
6,-3,137.71594971853517
6,-3,179.03379940434615
5,-3,116.39189644412176
5,-3,262.74548596025807
4,-3,279.9888759333026
4,-3,369.6039764728443
4,-2,384.12059295702755
4,-2,216.12168620488066
4,-1,290.44026833303724
4,-1,183.95999201422063
5,-1,70.32517796497757
5,-1,349.61982807406145
4,-1,293.0403554536573
4,-1,193.90482254831824
3,-1,302.6295920327016
3,-1,476.11622129577125
2,-1,234.6740800095396
2,-1,687.0289584861878
2,0,260.4505364292167
2,0,346.4143509341275
2,1,95.62426115279789
2,1,396.58975162671464
2,2,518.1842858076953
2,2,351.801536061767
1,2,401.4245528101593
1,2,257.87785463424547
0,2,365.37016195482596
0,2,307.19387417127683
0,3,497.0829800540937
0,3,499.4487730708473
-1,3,238.67868785264284
-1,3,345.9276249420306
0,3,131.01137516468947
0,3,236.31848580217655
-1,3,419.8599463848456
-1,3,429.08891542228014
-2,3,506.1033545171309
-2,3,107.46399044966705
-2,4,373.4183778097567
-2,4,304.4028061130482
-2,5,546.2651070975862
-2,5,330.3034564189044
-2,6,307.590355997581
-2,6,633.0664681534064
-1,6,170.2821049160816
-1,6,255.70816454863123
0,6,547.0079013594559
0,6,307.2014245362746
-1,6,122.52414255156631
-1,6,239.97612542349532
-2,6,99.81171490315603
-2,6,280.52125859501643
-1,6,88.63314642084183
-1,6,251.5902433763416
-2,6,303.48177652887347
-2,6,482.68650885956663
-2,7,85.1726069934297
-2,7,230.44457639906432
-1,7,549.3102404205765
-1,7,194.28127482906157
-2,7,410.9704191530469
-2,7,266.1919952569058
-1,7,248.23662617437722
-1,7,321.0006571276888
-2,7,221.07908070651666
-2,7,655.1281540154023
-2,6,254.99770117108207
-2,6,285.6599440180715
-3,6,185.2768837707964
-3,6,272.9644235466258
-3,7,471.96563960570495
-3,7,364.5556931331364
-4,7,209.99909612531275
-4,7,569.5928914025635
-4,8,159.3285982411881
-4,8,114.6347248865244
-5,8,276.78484461156256
-5,8,171.32852675162962
-5,9,50.0
-5,9,341.0005672813446
-6,9,217.51827337979995
-6,9,261.4887360679661
-5,9,50.0
-5,9,212.67771916685064
-5,10,179.09538418611703
-5,10,223.05269893909835
-6,10,492.3853129855452
-6,10,562.26236676913
-7,10,50.0
-7,10,122.0285956576981
-8,10,50.0
-8,10,163.53376861172413
-9,10,272.17945669222
-9,10,226.54012995439837
-10,10,192.98748635004856
-10,10,50.0
-11,10,50.0
-11,10,339.20770415571326
-12,10,50.0
-12,10,204.62529373705593
-13,10,50.0
-13,10,148.04229246610515
-13,9,118.42966170425285
-13,9,50.0
-13,10,84.35484929705919
-13,10,64.61098730346477
-12,10,65.8447164304915
-12,10,50.0
-12,11,227.02165756053571
-12,11,50.908160901778544
-13,11,193.78955497959208
-13,11,67.13798368956347
-13,10,50.0
-13,10,50.0
-13,11,157.1791651149508
-13,11,145.8598870966217
-14,11,50.0
-14,11,474.40921943379726
-15,11,124.5022861783233
-15,11,50.0
-15,12,166.40171471762505
-15,12,109.48730075872638
-16,12,267.8674064743201
-16,12,50.0
-16,11,85.20202475795548
-16,11,112.0093560230447
-15,11,175.8068631863648
-15,11,50.0
-16,11,161.0949272941333
-16,11,50.0
-15,11,50.0
-15,11,50.0
-15,10,142.61242186215964
-15,10,50.0
-14,10,151.22362960622658
-14,10,132.33245384830064
-14,11,135.9877646362902
-14,11,250.2291204524953
-14,12,103.67610758437958
-14,12,50.0
-14,11,193.16909442080757
-14,11,129.95090741074745
-13,11,50.0
-13,11,50.0
-12,11,252.43810058997718
-12,11,50.0
-12,10,208.03184242296786
-12,10,50.0
-12,9,50.0
-12,9,50.0
-11,9,377.4842656553443
-11,9,68.94036049772392
-11,8,50.0
-11,8,50.0
-11,7,50.0
-11,7,134.7212107428091
-11,8,104.96414662819156
-11,8,50.0
-11,7,261.71589466950854
-11,7,70.99283180011946
-12,7,83.74607135109184
-12,7,212.62897872803666
-12,8,50.0
-12,8,389.81744363362355
-13,8,258.3891274962218
-13,8,50.0
-12,8,302.6804831895393
-12,8,50.0
-12,9,408.6168328761161
-12,9,87.32451190932831
-11,9,50.0
-11,9,138.69347309810803
-11,8,182.13024985023944
-11,8,50.0
-10,8,50.0
-10,8,50.0
-10,7,50.0
-10,7,50.0
-9,7,90.03534814984087
-9,7,108.66628590832138
-9,8,146.95205448446055
-9,8,50.0
-10,8,272.1680097432018
-10,8,212.32131162273024
-10,7,600.5361628715418
-10,7,262.7622106356674
-9,7,356.09713610575636
-9,7,180.24577419350823
-10,7,412.2349299814713
-10,7,209.6004111997553
-10,6,195.93872657626795
-10,6,50.0
-10,5,427.2320452100124
-10,5,173.48625425002496
-9,5,267.69694977257484
-9,5,318.84032065881155
-8,5,359.24063359227057
-8,5,157.6113376821949
-8,4,117.77238436831729
-8,4,199.8018087121826
-8,3,50.0
-8,3,246.03937254617983
-8,2,221.77184375958223
-8,2,54.284783732725174
-8,1,261.28028496836845
-8,1,233.35987630386495
-7,1,214.78633744214963
-7,1,301.7479498363256
-7,0,186.30358015563348
-7,0,341.0059701868271
-7,-1,50.0
-7,-1,176.14182005927796
-7,-2,474.0878676898359
-7,-2,162.49392495240699
-6,-2,244.36282447191059
-6,-2,208.97480003179209
-6,-3,207.98509054857425
-6,-3,203.34771451852748
-6,-4,154.49806543757492
-6,-4,188.36349805489044
-5,-4,237.64249731302766
-5,-4,640.8098445345884
-4,-4,173.12461920474541
-4,-4,50.0
-3,-4,407.57536199319924
-3,-4,503.34955272137324
-3,-3,358.8980100531806
-3,-3,50.0
-3,-4,311.79802381415175
-3,-4,242.87857472060438
-3,-3,280.94150701779927
-3,-3,343.8080865949686
-3,-4,173.34561473760448
-3,-4,145.69700111802612
-3,-5,338.5162290934722
-3,-5,265.1517892967025
-4,-5,50.0
-4,-5,281.85804483353655
-3,-5,248.1305040636191
-3,-5,79.40395265240909
-2,-5,357.9993432352429
-2,-5,191.6320354317767
-2,-6,540.4038718165558
-2,-6,246.13176056738354
-1,-6,362.44563307132375
-1,-6,238.53944650213063
-1,-7,309.3490695018341
-1,-7,139.6553469147629
0,-7,192.27253820368992
0,-7,426.8703435955636
0,-8,219.2918657188214
0,-8,50.0
-1,-8,118.81193520795472
-1,-8,321.3420838967987
-2,-8,231.36238148458443
-2,-8,303.244661587181
-3,-8,178.93111734892855
-3,-8,317.59117929524143
-2,-8,205.9611261067896
-2,-8,421.9843886238061
-1,-8,151.85714818675586
-1,-8,186.85602174898156
-2,-8,287.4041144389508
-2,-8,173.13739661242107
-3,-8,113.27763304363809
-3,-8,139.2664088118704
-4,-8,229.7142858222669
-4,-8,779.5190921472197
-3,-8,216.33122672091673
-3,-8,243.8899552344218
-4,-8,50.0
-4,-8,50.0
-3,-8,108.67500733168524
-3,-8,201.81061160550416
-4,-8,164.80355887286538
-4,-8,50.0
-3,-8,274.2277550896521
-3,-8,386.8747135298387
-2,-8,196.451917011229
-2,-8,50.0
-3,-8,311.190699632985
-3,-8,212.57645290043519
-4,-8,163.60432121165766
-4,-8,190.18559485616217
-5,-8,332.1338875938419
-5,-8,292.5913183015099
-6,-8,272.6309324315408
-6,-8,304.0723520624473
-5,-8,77.47794881625454
-5,-8,79.57554008106266
-6,-8,103.95195936357891
-6,-8,302.0856233493305
-5,-8,278.2193655479509
-5,-8,194.51669717176108
-6,-8,235.94297969182193
-6,-8,555.8106050545459
-7,-8,265.534344656935
-7,-8,50.0
-6,-8,296.89077574892696
-6,-8,167.24944922444848
-5,-8,120.59757677330987
-5,-8,308.65190148064994
-6,-8,362.40420806467864
-6,-8,181.99016518559893
-7,-8,158.67395488839495
-7,-8,50.0
-8,-8,166.8007278577972
-8,-8,370.2812989419683
-9,-8,220.49499803093687
-9,-8,248.24163933319818
-10,-8,125.17288259946258
-10,-8,292.73654876079604
-11,-8,50.0
-11,-8,165.2722636134848
-12,-8,422.4076476362437
-12,-8,169.0215669964332
-11,-8,190.08690385331266
-11,-8,313.60318522909836
-12,-8,268.2973887580596
-12,-8,104.0961099952797
-13,-8,51.41822416468344
-13,-8,121.28272339935906
-14,-8,50.0
-14,-8,50.0
-15,-8,129.40854867382265
-15,-8,50.0
-16,-8,50.0
-16,-8,50.0
-17,-8,64.37758501986823
-17,-8,121.69085991514332
-16,-8,240.0210368403027
-16,-8,50.0
-15,-8,119.05118790911584
-15,-8,50.0
-15,-7,50.0
-15,-7,60.61611960852261
-14,-7,113.30618323879037
-14,-7,141.36985113570415
-14,-8,50.0
-14,-8,50.0
-13,-8,50.0
-13,-8,365.9019526351873
-12,-8,213.8468229546972
-12,-8,208.48422897872723
-11,-8,50.0
-11,-8,53.61985016754649
-11,-7,243.36813977858986
-11,-7,216.7379905171538
-10,-7,50.0
-10,-7,513.7590398263948
-9,-7,312.5538807007856
-9,-7,113.75143787354352
-10,-7,443.1372126732196
-10,-7,195.7624142859844
-9,-7,181.87786478341732
-9,-7,175.32444796145882
-9,-8,430.3557155605915
-9,-8,245.07133931217697
-9,-7,305.7388448610202
-9,-7,379.1417261712955
-8,-7,52.807716384963854
-8,-7,342.3612488637608
-7,-7,266.7842524144605
-7,-7,226.81432932552053
-7,-8,132.22253364688333
-7,-8,381.37687305777183
-6,-8,235.75331239891835
-6,-8,372.0272209997945
-5,-8,136.02164880776354
-5,-8,317.9879720271923
-5,-9,180.8190199098088
-5,-9,309.0264825345822
-6,-9,97.16669427497561
-6,-9,382.5285462626106
-5,-9,222.77984711853998
-5,-9,50.0
-4,-9,282.7240824124521
-4,-9,112.29524275913201
-5,-9,208.65080554143
-5,-9,296.0600576865205
-4,-9,286.5099495710086
-4,-9,177.03619926233614
-3,-9,206.22585071305377
-3,-9,356.71054678931773
-3,-10,50.0
-3,-10,50.0
-3,-11,386.42601248738345
-3,-11,275.62227481895064
-2,-11,79.74966697350712
-2,-11,239.81459770925457
-1,-11,50.0
-1,-11,50.0
0,-11,229.36628327512065
0,-11,55.7155745654801
1,-11,219.67212146243105
1,-11,50.0
0,-11,154.8648734350798
0,-11,373.7148342825509
1,-11,149.68347166662824
1,-11,269.00090569625013
1,-12,454.1861937753468
1,-12,180.606869385251
0,-12,50.0
0,-12,109.09381875687919
-1,-12,68.76700783030181
-1,-12,134.06973330911774
0,-12,50.0
0,-12,50.0
0,-13,255.3512705432704
0,-13,50.0
1,-13,114.7691198047228
1,-13,52.37064685844129
2,-13,146.8830816393151
2,-13,50.0
2,-14,118.99855777368397
2,-14,274.82891514371534
3,-14,131.11839294745178
3,-14,179.1994771717749
4,-14,148.24577506403654
4,-14,50.0
5,-14,50.0
5,-14,287.3449881152004
6,-14,204.6432871265224
6,-14,95.28157756320935
6,-15,172.89589828142084
6,-15,308.8812668369171
7,-15,50.0
7,-15,149.8242100242208
7,-14,50.0
7,-14,258.94367182825084
6,-14,280.4338152563462
6,-14,50.0
7,-14,50.0
7,-14,50.0
8,-14,111.82276596689977
8,-14,50.0
9,-14,50.0
9,-14,73.3526653604884
10,-14,78.81652396505166
10,-14,148.79998913920224
11,-14,50.0
11,-14,122.05274085874753
12,-14,335.941746836926
12,-14,206.57601102368753
13,-14,50.0
13,-14,353.31429692638466
14,-14,50.0
14,-14,299.59924530112204
14,-15,50.0
14,-15,50.0
15,-15,50.0
15,-15,228.20628456629694
14,-15,50.0
14,-15,50.0
14,-16,93.90071586444918
14,-16,50.0
14,-17,50.0
14,-17,50.0
14,-16,50.0
14,-16,50.0
15,-16,50.0
15,-16,50.0
16,-16,50.0
16,-16,50.0
16,-17,50.0
16,-17,121.83312377886583
16,-18,50.0
16,-18,50.0
16,-19,50.0
16,-19,50.0
16,-20,50.0
16,-20,50.0
17,-20,50.0
17,-20,50.0
18,-20,50.0
18,-20,50.0
19,-20,62.95671183676819
19,-20,50.0
20,-20,50.159803432216165
20,-20,50.0
20,-19,50.0
20,-19,50.0
20,-18,50.0
20,-18,50.0
20,-17,50.0
20,-17,50.0
20,-16,135.59866447724727
20,-16,50.0
20,-17,125.67794532242061
20,-17,50.0
20,-18,50.0
20,-18,50.0
20,-17,53.03886170204112
20,-17,50.0
20,-16,180.5008142649823
20,-16,50.0
20,-15,79.09870231656237
20,-15,149.9292664073219
20,-14,50.0
20,-14,50.0
20,-13,50.0
20,-13,50.0
20,-12,182.21045616347482
20,-12,50.0
20,-11,50.0
20,-11,50.0
20,-10,50.0
20,-10,125.41656299259225
20,-9,50.0
20,-9,50.0
20,-8,50.0
20,-8,82.70009973409569
19,-8,84.73484733408
19,-8,50.0
18,-8,118.29730043532345
18,-8,50.0
17,-8,50.0
17,-8,132.0334183550512
16,-8,211.45053961225193
16,-8,50.0
15,-8,214.40758886392314
15,-8,50.0
14,-8,50.0
14,-8,230.0425878862979
13,-8,50.0
13,-8,50.0
12,-8,50.0
12,-8,283.15528046230213
11,-8,203.30588677481194
11,-8,110.34567859213078
10,-8,97.62809636028027
10,-8,340.89079720966265
10,-7,138.43246319639496
10,-7,277.0270950469777
9,-7,143.6251219505664
9,-7,50.0
8,-7,237.9964042261282
8,-7,87.17677451819961
7,-7,280.5276600949787
7,-7,327.0749783970849
7,-8,213.98147323625628
7,-8,176.39596767561184
6,-8,110.3807896468177
6,-8,181.38660170642694
5,-8,472.01146188485467
5,-8,333.5892239126836
6,-8,116.46740698044721
6,-8,226.58584550087906
6,-9,192.71310788187256
6,-9,197.52600903717433
5,-9,263.82610942405046
5,-9,369.46345871003257
4,-9,257.2918945374262
4,-9,286.6028685913073
3,-9,50.0
3,-9,447.5639612671107
4,-9,50.0
4,-9,327.94442699238596
5,-9,364.803757480639
5,-9,152.40530733350437
4,-9,135.45192494360717
4,-9,207.30082788965865
4,-10,239.85182315660603
4,-10,182.12478095451578
3,-10,246.95446351478603
3,-10,274.4983153221888
4,-10,147.5122791306813
4,-10,93.7365879596657
4,-11,92.24472393217967
4,-11,114.7291565361943
3,-11,81.49675713796432
3,-11,50.0
2,-11,488.22597714764197
2,-11,59.934874574995774
1,-11,457.9069489663862
1,-11,389.0266114797256
0,-11,214.00790891001517
0,-11,232.23342803689613
-1,-11,50.0
-1,-11,245.8294969896561
-1,-12,96.04457873397887
-1,-12,136.0266089197421
-2,-12,245.91818644942907
-2,-12,90.30465527051075
-3,-12,443.1587462317477
-3,-12,442.1541890646954
-3,-13,167.5357193984779
-3,-13,140.22189848914783
-4,-13,197.26317223625648
-4,-13,269.0012358991228
-5,-13,50.0
-5,-13,62.03006243077567
-6,-13,54.660983766801344
-6,-13,50.0
-5,-13,50.0
-5,-13,50.0
-6,-13,93.98613508153497
-6,-13,148.74819592617348
-6,-14,50.0
-6,-14,116.85686988164429
-7,-14,161.10285127290751
-7,-14,207.48995024047736
-6,-14,285.11117181270026
-6,-14,50.0
-7,-14,222.41364132582527
-7,-14,240.04882118780367
-7,-15,344.69158706796276
-7,-15,199.2722563837774
-8,-15,267.92181695793226
-8,-15,188.3940418605972
-9,-15,125.43637037107219
-9,-15,50.0
-10,-15,50.0
-10,-15,50.0
-11,-15,187.63059831524666
-11,-15,104.08432281779562
-10,-15,258.9397305251475
-10,-15,133.5597518806415
-11,-15,50.0
-11,-15,50.0
-12,-15,93.46922525485033
-12,-15,153.80634654797117
-13,-15,183.66908761174136
-13,-15,255.1212363659755
-14,-15,50.0
-14,-15,50.0
-15,-15,50.0
-15,-15,271.8712754082064
-15,-16,50.0
-15,-16,50.0
-16,-16,50.0
-16,-16,50.0
-17,-16,50.0
-17,-16,50.0
-18,-16,56.068324779483376
-18,-16,50.0
-19,-16,50.0
-19,-16,50.0
-20,-16,50.0
-20,-16,50.0
-19,-16,50.0
-19,-16,274.64455646587373
-19,-17,50.0
-19,-17,50.0
-18,-17,50.0
-18,-17,50.0
-18,-16,50.0
-18,-16,50.0
-17,-16,125.4930568583377
-17,-16,50.0
-16,-16,50.0
-16,-16,63.236210650580745
-15,-16,50.0
-15,-16,74.46543709443523
-15,-15,140.33957147146194
-15,-15,50.0
-14,-15,50.0
-14,-15,259.25907291783795
-13,-15,143.78922592022687
-13,-15,98.70234616250836
-12,-15,50.0
-12,-15,353.14599797528217
-12,-16,132.20808109663733
-12,-16,50.0
-12,-15,50.0
-12,-15,121.27504347228714
-13,-15,50.0
-13,-15,151.44514572178653
-12,-15,50.0
-12,-15,50.0
-11,-15,95.13125909137193
-11,-15,162.78462507869023
-10,-15,185.21036516943886
-10,-15,172.37904640973883
-9,-15,287.3446808515569
-9,-15,384.31015288594244
-8,-15,51.26356831649316
-8,-15,193.29741040985468
-9,-15,50.0
-9,-15,62.14998470341776
-9,-16,50.0
-9,-16,219.02945772276178
-9,-15,134.1392301683945
-9,-15,143.83370842112836
-8,-15,50.0
-8,-15,50.0
-8,-14,50.0
-8,-14,62.99182317295036
-7,-14,465.4905873278796
-7,-14,213.71285743479035
-6,-14,173.11569255328027
-6,-14,50.0
-5,-14,146.10532241296727
-5,-14,244.7629084906612
-5,-13,170.4180101055681
-5,-13,50.0
-4,-13,207.84248999194958
-4,-13,328.267170886132
-3,-13,132.16809752982576
-3,-13,80.64607228975643
-2,-13,50.0
-2,-13,50.0
-1,-13,50.0
-1,-13,486.0329375030872
-1,-12,57.882078123119996
-1,-12,53.88676931121066
-2,-12,50.0
-2,-12,283.54935913213995
-1,-12,101.2254300881653
-1,-12,320.4973324983134
-1,-11,138.3817481121612
-1,-11,50.0
-1,-12,285.00067940069397
-1,-12,50.0
-2,-12,95.40815408605161
-2,-12,256.5890016416997
-1,-12,286.6045583714762
-1,-12,122.97302664298856
-1,-11,133.27516192234992
-1,-11,305.31519076633253
0,-11,344.13143692453286
0,-11,65.78152872837374
0,-10,395.66574303473516
0,-10,157.32132758929734
0,-9,84.97741946987117
0,-9,144.52592132455908
-1,-9,285.03285710626767
-1,-9,69.38470388449858
0,-9,350.2160020943966
0,-9,68.05077665678812
1,-9,368.13526399368004
1,-9,133.7238607281186
0,-9,275.65231507178396
0,-9,243.43348296285583
-1,-9,396.715207442438
-1,-9,255.5580532292864
0,-9,110.85017580062679
0,-9,389.9692133541221
-1,-9,115.57371176901182
-1,-9,300.8142916679619
0,-9,100.89289599543197
0,-9,146.38845791532876
1,-9,216.33948724698982
1,-9,272.1298672161461
2,-9,144.44453187182998
2,-9,69.52339566768228
2,-8,207.09114731370448
2,-8,250.72978363468647
3,-8,118.90744470628421
3,-8,229.81333135878808
4,-8,259.22045253935323
4,-8,372.3176724674537
4,-9,82.02141319344302
4,-9,168.7863887148656
3,-9,319.5945402131405
3,-9,50.0
2,-9,304.03846850747846
2,-9,298.2378937836421
1,-9,229.6048937036298
1,-9,62.354864428660505
1,-10,289.54965308588265
1,-10,285.11728936681357
0,-10,317.91320896681884
0,-10,204.05426413603993
0,-11,129.07304100617313
0,-11,160.34351970472932
0,-12,301.616322929419
0,-12,141.3418889109693
0,-11,153.60141814618638
0,-11,189.3340680917092
1,-11,219.66197605535328
1,-11,346.8398354548737
1,-12,491.3246427029092
1,-12,181.87473682167328
2,-12,208.19677233085307
2,-12,149.84037173280075
2,-11,95.31871762894258
2,-11,333.60722812393595
2,-10,50.0
2,-10,95.00076047187517
2,-9,355.42638028000647
2,-9,429.4268348889582
3,-9,148.38789079583995
3,-9,313.4220920546138
2,-9,83.65645421977632
2,-9,167.55036718581903
2,-8,272.60293584352223
2,-8,247.09191638916275
2,-9,342.4494437538611
2,-9,62.1782603471851
3,-9,475.8605190379465
3,-9,347.9146269973602
3,-8,438.07971920461966
3,-8,138.53262953091223
4,-8,249.08696204554857
4,-8,50.0
5,-8,134.35347133079594
5,-8,501.70102756148754
6,-8,263.7182661972818
6,-8,76.61542953477547
6,-7,125.06811901903863
6,-7,147.51830179383657
6,-6,347.52235995024233
6,-6,268.700632204191
7,-6,108.83885894155809
7,-6,209.02714710187337
7,-7,170.57167358466842
7,-7,123.33225219110054
6,-7,157.89905679891055
6,-7,302.6888673364873
7,-7,50.0
7,-7,50.0
8,-7,204.17913051071832
8,-7,150.53643199564223
8,-6,336.7981261134624
8,-6,335.0675348719905
7,-6,441.60526254778
7,-6,457.1364650315987
7,-5,438.8829593149431
7,-5,296.3928364560396
7,-4,304.68118001758035
7,-4,121.41188447217229
8,-4,50.0
8,-4,75.29359000496059
9,-4,394.6812377512733
9,-4,214.0009032748875
9,-3,119.4309790707424
9,-3,117.58131233994747
9,-2,262.7789393754462
9,-2,50.0
10,-2,130.11539584178416
10,-2,50.0
9,-2,283.72331800163045
9,-2,383.67074306724203
10,-2,312.56333166345746
10,-2,304.0003262440913
10,-1,59.53994354409299
10,-1,157.77837659251858
11,-1,294.079225770731
11,-1,50.0
11,0,327.1887044918541
11,0,354.4186023386548
12,0,50.0
12,0,50.0
12,1,163.68830845092134
12,1,148.48233735161585
12,2,366.5007668463486
12,2,185.0047833463671
13,2,180.4588956922805
13,2,126.99873520095423
13,3,61.773341716963344
13,3,50.0
12,3,60.581014681088334
12,3,184.5351947050977
12,4,149.03209569987894
12,4,432.04820771569865
13,4,126.22530486727273
13,4,50.0
12,4,263.2819743309149
12,4,442.58110245321586
12,5,302.82240254055273
12,5,98.7076801301306
13,5,410.9945772774697
13,5,50.0
14,5,174.88913414575836
14,5,147.96434048245945
13,5,170.57199945221953
13,5,50.0
13,4,79.36212390613049
13,4,249.5623141920401
14,4,50.0
14,4,105.8192205709893
14,5,175.88908667707835
14,5,408.9213249391275
15,5,501.70497471880424
15,5,190.14669307732214
16,5,64.54525750935149
16,5,204.45904437054983
17,5,164.71691017948075
17,5,50.0
18,5,160.55457767519533
18,5,69.2525121067385
18,6,50.0
18,6,50.0
18,7,270.74168107062815
18,7,170.8854420370135
18,8,118.48459200119518
18,8,50.0
19,8,50.0
19,8,96.25924422622921
20,8,50.0
20,8,154.99930296203632
19,8,99.19988745644267
19,8,50.0
18,8,331.55244024813766
18,8,144.15599414456906
17,8,50.0
17,8,303.58694315218645
16,8,196.97499275285912
16,8,50.0
15,8,126.7807617433259
15,8,124.66200552992666
14,8,145.9242891335129
14,8,50.0
13,8,65.7971003772356
13,8,84.26158350619512
12,8,145.26682573312786
12,8,287.9517814659926
12,9,50.0
12,9,50.0
12,8,50.0
12,8,277.4732025333767
12,7,177.82738642347817
12,7,289.6346794939782
12,6,202.3151981657286
12,6,153.4445117275482
12,5,50.0
12,5,61.59731949207652
12,4,294.96158973362145
12,4,283.22632638783057
12,3,238.98932854577208
12,3,106.73763472913284
13,3,271.5011508934995
13,3,380.02311639116226
12,3,50.0
12,3,50.0
13,3,50.0
13,3,261.8439472511102
14,3,254.10968060964072
14,3,330.481033793518
13,3,252.97656049152428
13,3,50.0
14,3,389.45599261586005
14,3,85.44068136679125
13,3,134.32886982204545
13,3,58.326606303614895
13,2,207.58856676850021
13,2,171.87851334858794
13,1,124.94974221942962
13,1,61.67448260961696
