16,-15,156.1379849976295
16,-14,100.0
16,-13,126.89340609765485
16,-12,100.0
16,-11,100.0
15,-11,171.59105514486924
14,-11,100.0
15,-11,100.0
14,-11,157.18930368069735
14,-10,125.94660376967691
13,-10,100.0
12,-10,350.71442786996556
11,-10,100.0
11,-9,265.94624339942516
12,-9,258.3459223315369
12,-8,330.9564195449349
11,-8,293.28184961440155
11,-7,142.01696908039082
10,-7,762.248400275425
9,-7,100.0
8,-7,531.7928402296557
8,-6,277.58165010688407
8,-5,780.4112729421333
8,-4,516.7708509101741
7,-4,555.0470346265402
7,-5,225.65003014499078
7,-4,125.15912919181292
8,-4,503.9295600436413
7,-4,238.1265615343057
6,-4,341.1789097747458
6,-3,1247.227361593365
5,-3,327.0984266823621
4,-3,239.82766609965407
4,-2,100.0
4,-1,1119.7218950135684
5,-1,368.1943227074977
4,-1,342.4306436182419
3,-1,803.9957842549535
2,-1,1304.1065394225623
2,0,354.15588587984587
2,1,1175.3248323679045
2,2,542.7017241424816
1,2,817.1502741713869
0,2,614.9281887469378
0,3,752.6875459384022
-1,3,829.7834235827798
0,3,961.8357060718636
-1,3,201.8480432901087
-2,3,659.9462171321267
-2,4,460.68687264210473
-2,5,741.8889553118715
-2,6,636.3402705949438
-1,6,660.3105905193258
0,6,243.19211150374886
-1,6,674.9340559003169
-2,6,331.22407726637766
-1,6,442.57924007050553
-2,6,515.9053356934569
-2,7,337.27074253732883
-1,7,185.2701947088675
-2,7,400.20500296769126
-1,7,100.0
-2,7,247.79181290735318
-2,6,576.039826474931
-3,6,100.0
-3,7,667.8155078997037
-4,7,690.6403088299747
-4,8,436.3299984437643
-5,8,209.28142867161762
-5,9,180.78344702497034
-6,9,121.19695202818276
-5,9,129.7892395699702
-5,10,143.14373291348886
-6,10,398.56655557104284
-7,10,100.0
-8,10,136.13367443109632
-9,10,224.1355822493183
-10,10,192.69028252503747
-11,10,476.04277997957416
-12,10,274.25218450000034
-13,10,191.60965974043717
-13,9,204.96593280378013
-13,10,189.81548617591818
-12,10,100.0
-12,11,100.0
-13,11,224.08787172740006
-13,10,373.86170766586605
-13,11,100.0
-14,11,100.0
-15,11,100.0
-15,12,100.0
-16,12,103.34355217849712
-16,11,288.3979726572927
-15,11,100.0
-16,11,100.0
-15,11,100.0
-15,10,194.60436175345623
-14,10,193.49234579619178
-14,11,127.83314854999557
-14,12,406.1008126719593
-14,11,253.70480007544495
-13,11,100.0
-12,11,377.0828743519353
-12,10,219.86182619943054
-12,9,206.2463848529257
-11,9,100.0
-11,8,156.1845033236168
-11,7,100.0
-11,8,322.9647959064538
-11,7,341.7704099971052
-12,7,352.08047046824817
-12,8,211.3114704880153
-13,8,100.0
-12,8,100.0
-12,9,100.0
-11,9,126.10689579597795
-11,8,267.46043194373857
-10,8,545.4913504628504
-10,7,176.46521232046337
-9,7,522.9685516113032
-9,8,137.78712577570468
-10,8,186.35279973864093
-10,7,349.998245051655
-9,7,100.0
-10,7,324.66611251397154
-10,6,245.08873447674733
-10,5,643.727872383929
-9,5,298.3817470362459
-8,5,533.725513431942
-8,4,509.4989005419342
-8,3,932.7076389329058
-8,2,558.8353622652035
-8,1,811.00040354798
-7,1,245.381669099686
-7,0,906.9549017422936
-7,-1,659.8674842232515
-7,-2,512.0604568923419
-6,-2,130.1239361855201
-6,-3,434.7575197990706
-6,-4,393.69902602216547
-5,-4,1157.2966735207015
-4,-4,660.873106645845
-3,-4,914.6290194054454
-3,-3,541.5600861772194
-3,-4,614.0451985751724
-3,-3,567.8947482454425
-3,-4,253.39637974345035
-3,-5,543.2413143739328
-4,-5,452.54445104580066
-3,-5,328.9195986220542
-2,-5,964.1243483422078
-2,-6,415.7969762705926
-1,-6,549.9314481221793
-1,-7,265.53475547351366
0,-7,462.19988839905864
0,-8,389.37039768588323
-1,-8,304.22488753073674
-2,-8,254.16842195263925
-3,-8,274.6427654247465
-2,-8,359.51532248441
-1,-8,191.81006634932714
-2,-8,244.97628769771973
-3,-8,515.3118696862655
-4,-8,100.0
-3,-8,454.86738135912634
-4,-8,318.50997896605804
-3,-8,659.4355993240076
-4,-8,155.07279881008847
-3,-8,321.73315510083034
-2,-8,230.50277194093644
-3,-8,509.6749097124973
-4,-8,683.682521591727
-5,-8,238.81680433285624
-6,-8,190.28438221828014
-5,-8,120.12035647422732
-6,-8,292.899876160302
-5,-8,223.0797291995391
-6,-8,636.372703152312
-7,-8,693.8541456767689
-6,-8,122.69101771010304
-5,-8,100.0
-6,-8,238.16684604158613
-7,-8,557.2691248712723
-8,-8,236.34947744615943
-9,-8,205.22191850671325
-10,-8,573.3586272207106
-11,-8,384.378100152605
-12,-8,128.31557166963583
-11,-8,100.0
-12,-8,410.2390295125307
-13,-8,152.75351843454027
-14,-8,100.0
-15,-8,100.0
-16,-8,257.94438600433654
-17,-8,133.2847559952565
-16,-8,128.05372932506307
-15,-8,447.9703707189126
-15,-7,362.9214581194886
-14,-7,340.0302043141909
-14,-8,100.0
-13,-8,394.56633345059936
-12,-8,268.1842845420436
-11,-8,430.67213720462496
-11,-7,310.1090821830372
-10,-7,127.57926941500722
-9,-7,758.4937033062574
-10,-7,206.51150986527816
-9,-7,363.92285939874307
-9,-8,230.73810615548433
-9,-7,236.49025973792587
-8,-7,480.04281048156463
-7,-7,311.9406956330745
-7,-8,329.46306627360354
-6,-8,157.82756807556774
-5,-8,293.0106224330577
-5,-9,217.1263930415326
-6,-9,480.93122934777205
-5,-9,414.39735723001723
-4,-9,161.66101587951874
-5,-9,335.28840157236596
-4,-9,346.72719858791345
-3,-9,220.69126590587578
-3,-10,330.6311796300905
-3,-11,100.0
-2,-11,100.0
-1,-11,302.4201611850263
0,-11,146.57106781362643
1,-11,682.5926824233172
0,-11,751.680326368007
1,-11,373.1669286366234
1,-12,393.06078608052553
0,-12,370.6205396928869
-1,-12,363.56456143980813
0,-12,657.2492706384187
0,-13,223.6407400662001
1,-13,794.1442296936688
2,-13,325.4332869861885
2,-14,186.34116823323433
3,-14,507.26888259108773
4,-14,640.6977439370894
5,-14,100.0
6,-14,100.0
6,-15,296.7126341165084
7,-15,290.2146973374351
7,-14,187.0102192564287
6,-14,136.56300233777046
7,-14,161.2767827652707
8,-14,100.0
9,-14,652.6168864141633
10,-14,144.41065386929887
11,-14,117.62858707535968
12,-14,100.0
13,-14,143.99264204943543
14,-14,100.0
14,-15,100.0
15,-15,263.50198740984706
14,-15,100.0
14,-16,100.0
14,-17,198.52434758921197
14,-16,100.0
15,-16,100.0
16,-16,169.98600144951874
16,-17,100.0
16,-18,186.0417706279196
16,-19,100.0
16,-20,100.0
17,-20,100.0
18,-20,100.0
19,-20,100.0
20,-20,100.0
20,-19,100.0
20,-18,100.0
20,-17,100.0
20,-16,100.0
20,-17,100.0
20,-18,100.0
20,-17,100.0
20,-16,100.0
20,-15,100.0
20,-14,100.0
20,-13,129.8316637912376
20,-12,100.93033362685932
20,-11,100.0
20,-10,100.0
20,-9,100.0
20,-8,100.0
19,-8,140.99471513845458
18,-8,428.9511657245564
17,-8,389.7545513086608
16,-8,100.0
15,-8,245.5819034496005
14,-8,358.117201870563
13,-8,639.7987225844934
12,-8,181.51205986977791
11,-8,422.4459083267768
10,-8,179.60420350841946
10,-7,100.0
9,-7,372.8235896874254
8,-7,561.8227324494837
7,-7,648.7158024591064
7,-8,304.0198461541172
6,-8,571.5245147888936
5,-8,155.8349058485091
6,-8,315.59002442033034
6,-9,437.6825128925704
5,-9,772.4868530696148
4,-9,390.5741828848797
3,-9,203.44142457145142
4,-9,191.730569238659
5,-9,305.6963244369834
4,-9,215.96279611463
4,-10,250.57646274488326
3,-10,477.7095119601035
4,-10,333.583742392202
4,-11,218.7260896042953
3,-11,100.0
2,-11,100.0
1,-11,100.0
0,-11,228.35090864496792
-1,-11,131.674686936213
-1,-12,265.21040502470606
-2,-12,252.34551957499286
-3,-12,264.7501046904796
-3,-13,238.33506350244892
-4,-13,363.1658769190662
-5,-13,205.0238109646142
-6,-13,100.0
-5,-13,100.0
-6,-13,100.0
-6,-14,100.0
-7,-14,170.87359632005752
-6,-14,466.0968352828104
-7,-14,285.88450021362223
-7,-15,333.7439627789
-8,-15,585.423374516484
-9,-15,100.0
-10,-15,100.0
-11,-15,100.0
-10,-15,534.323456553557
-11,-15,100.0
-12,-15,100.0
-13,-15,340.24308249841016
-14,-15,100.0
-15,-15,100.0
-15,-16,100.0
-16,-16,100.0
-17,-16,100.0
-18,-16,100.0
-19,-16,100.0
-20,-16,100.0
-19,-16,100.0
-19,-17,100.0
-18,-17,100.0
-18,-16,100.0
-17,-16,100.0
-16,-16,100.0
-15,-16,280.5839959297326
-15,-15,197.7547226559846
-14,-15,127.75941506152591
-13,-15,100.0
-12,-15,100.0
-12,-16,117.27148283660796
-12,-15,100.0
-13,-15,239.58059266285994
-12,-15,100.0
-11,-15,200.14505715162977
-10,-15,100.0
-9,-15,294.7899994630502
-8,-15,260.126794642028
-9,-15,100.0
-9,-16,100.0
-9,-15,869.0141652904515
-8,-15,299.08134877017255
-8,-14,824.1617666049169
-7,-14,106.4744996836266
-6,-14,100.0
-5,-14,100.0
-5,-13,204.85257836528035
-4,-13,100.0
-3,-13,343.1796618258255
-2,-13,673.6914277464405
-1,-13,461.55959328951025
-1,-12,712.7162167239576
-2,-12,349.8548237814615
-1,-12,100.0
-1,-11,840.6236853710802
-1,-12,455.2352688525798
-2,-12,300.14711577476487
-1,-12,347.8640421994784
-1,-11,238.9214561655112
0,-11,253.58363214798794
0,-10,270.28691855012244
0,-9,764.4870034074842
-1,-9,619.8019945328329
0,-9,504.3481949032834
1,-9,205.51282617903104
0,-9,100.0
-1,-9,494.81048231709246
0,-9,195.31781609047934
-1,-9,344.29624009429114
0,-9,235.6068341492065
1,-9,912.9343690318797
2,-9,493.70420426210706
2,-8,256.57133715825853
3,-8,283.68334705494004
4,-8,452.30488135033227
4,-9,232.02978444356296
3,-9,345.2442456688858
2,-9,123.44676508928075
1,-9,197.39397645342135
1,-10,737.8847428065612
0,-10,917.426596158976
0,-11,418.50938339153004
0,-12,539.6504324576174
0,-11,212.21360028452764
1,-11,191.95862525419244
1,-12,544.9316213920692
2,-12,157.977542132311
2,-11,724.091989632999
2,-10,343.74570128063556
2,-9,457.75075468919295
3,-9,442.6622430375591
2,-9,463.53058572851444
2,-8,816.5655846186052
2,-9,402.2376580975361
3,-9,223.68774217632
3,-8,248.44025761970525
4,-8,186.3352671954396
5,-8,198.24573423836506
6,-8,552.8672934899563
6,-7,232.80850857623994
6,-6,418.25021245577216
7,-6,616.2201380108243
7,-7,222.67503680745236
6,-7,958.5331057379192
7,-7,681.2031246561676
8,-7,976.1692684193627
8,-6,264.59283617125163
7,-6,100.0
7,-5,734.5770494196898
7,-4,464.6662384561296
8,-4,230.63996027796486
9,-4,632.952678683587
9,-3,384.9188838940009
9,-2,138.73629996833614
10,-2,230.43349772849143
9,-2,246.88122867923803
10,-2,218.09734800654905
10,-1,166.32722938164991
11,-1,100.0
11,0,340.6890349219939
12,0,212.3519503127045
12,1,197.47615206940242
12,2,100.0
13,2,100.0
13,3,367.32063508454917
12,3,513.4588292164956
12,4,265.1973516575308
13,4,318.07446796698446
12,4,360.34583006984116
12,5,334.46311985039927
13,5,272.2813281194926
14,5,174.4069548655587
13,5,100.0
13,4,245.40262983891625
14,4,670.0265380597001
14,5,248.59460535420897
15,5,103.20697831667957
16,5,315.7020553231314
17,5,100.0
18,5,100.0
18,6,100.0
18,7,267.8169333986618
18,8,318.75040179712056
19,8,549.0007509133497
20,8,100.0
19,8,125.57054952650692
18,8,100.0
17,8,100.0
16,8,100.0
15,8,245.36575560712632
14,8,554.4365146932686
13,8,317.10968100545
12,8,221.80018905266388
12,9,113.05249454527325
12,8,252.35421165394325
12,7,307.00462265636395
12,6,527.9065445193997
12,5,192.33958236556163
12,4,224.215875445551
12,3,106.92697537608417
13,3,165.85569236429893
12,3,100.0
13,3,100.0
14,3,100.0
13,3,265.34871714665474
14,3,100.0
13,3,308.10307543466735
13,2,209.88361496050118
13,1,354.4972733581349
