16,-15,50.0
16,-15,50.0
16,-14,50.0
16,-14,50.0
16,-13,50.0
16,-13,50.0
16,-12,50.0
16,-12,50.0
16,-11,50.0
16,-11,50.0
15,-11,136.43130138741532
15,-11,50.0
14,-11,136.47838542344968
14,-11,81.8356925444813
15,-11,50.0
15,-11,138.10431080780756
14,-11,50.0
14,-11,136.41848217179435
14,-10,50.0
14,-10,90.91275690825803
13,-10,245.71472227584593
13,-10,144.34422472504588
12,-10,128.3198851364599
12,-10,243.17282980237567
11,-10,202.90374134888557
11,-10,177.8675342848679
11,-9,175.83791244435474
11,-9,137.07026259763128
12,-9,85.11268817584599
12,-9,121.92280211090394
12,-8,109.30323390541771
12,-8,172.07579564239285
11,-8,50.0
11,-8,50.0
11,-7,119.71203415452962
11,-7,410.456872154547
10,-7,50.0
10,-7,50.0
9,-7,50.0
9,-7,254.09295607690308
8,-7,409.9882010868947
8,-7,116.61527359395697
8,-6,92.37713523616004
8,-6,111.46742391574713
8,-5,359.0063749122563
8,-5,117.18224601193916
8,-4,328.7174118370801
8,-4,112.33755302892052
7,-4,228.95781827309852
7,-4,225.09163338297398
7,-5,371.85629229466286
7,-5,155.2344354033938
7,-4,285.0806632615535
7,-4,50.0
8,-4,313.81043801639595
8,-4,265.3751961426761
7,-4,474.4363127533853
7,-4,133.76930912266607
6,-4,50.0
6,-4,299.75343634219496
6,-3,138.5249960904236
6,-3,499.3891469527613
5,-3,383.8780775589544
5,-3,433.8335110838575
4,-3,365.7161244421782
4,-3,650.4850045378688
4,-2,311.2830806124674
4,-2,300.815683484793
4,-1,408.44504916705114
4,-1,407.81759659738896
5,-1,518.5711968607316
5,-1,321.0237623071895
4,-1,415.2845307494172
4,-1,60.11426163906117
3,-1,467.41707288700644
3,-1,466.3032760596985
2,-1,579.7747284055758
2,-1,401.085334139225
2,0,170.41884009560926
2,0,628.8441290463415
2,1,409.3405186060698
2,1,302.27293768519723
2,2,238.76353112123982
2,2,399.46693100079915
1,2,430.7890148421739
1,2,463.1596175384724
0,2,390.1050193274942
0,2,310.60607614470456
0,3,350.0864869257811
0,3,275.3427352403919
-1,3,272.8579040102903
-1,3,615.387891540983
0,3,478.92535800878363
0,3,226.12705591653895
-1,3,384.663024416505
-1,3,473.03744926495915
-2,3,104.57773143218256
-2,3,449.37693231045387
-2,4,186.91376679594168
-2,4,206.73677616251348
-2,5,540.7352965817834
-2,5,141.5339690054157
-2,6,212.04937172712633
-2,6,526.1160374651593
-1,6,281.4201069881785
-1,6,435.0006891055596
0,6,278.7540622939448
0,6,166.39838633574746
-1,6,474.8554554666455
-1,6,295.5699248203334
-2,6,110.12706878583936
-2,6,260.21919720840293
-1,6,154.7972938127773
-1,6,95.12891220408798
-2,6,491.518671833853
-2,6,411.6888246024571
-2,7,104.97791223548694
-2,7,218.51972178915673
-1,7,449.12479752323065
-1,7,54.68983490989592
-2,7,372.59824569693586
-2,7,279.91963690601995
-1,7,235.17053093767774
-1,7,101.6752589580716
-2,7,95.67448015073879
-2,7,278.7012604515683
-2,6,483.17349092277027
-2,6,120.38336689333383
-3,6,214.93941420495494
-3,6,238.63248147121428
-3,7,154.1988832206226
-3,7,460.5286769471395
-4,7,417.49019180800076
-4,7,299.08273739812745
-4,8,433.1624727553077
-4,8,564.7806632838317
-5,8,50.0
-5,8,366.600662009276
-5,9,249.30265282639394
-5,9,198.85991390459046
-6,9,475.0278208548121
-6,9,192.50445726863495
-5,9,180.56279107208658
-5,9,148.9373469068607
-5,10,50.0
-5,10,50.0
-6,10,50.0
-6,10,307.76867232897314
-7,10,309.82026187277387
-7,10,352.1278040988933
-8,10,172.25575901267558
-8,10,60.28004689429781
-9,10,315.4507743273414
-9,10,211.85860922881994
-10,10,597.5002723405865
-10,10,152.53322422491505
-11,10,366.12644950730964
-11,10,50.0
-12,10,209.5733903108903
-12,10,235.86277080592794
-13,10,287.7871622052825
-13,10,50.0
-13,9,50.0
-13,9,50.0
-13,10,176.63981323487374
-13,10,50.0
-12,10,50.0
-12,10,50.0
-12,11,262.42867210703093
-12,11,270.8251218167961
-13,11,50.0
-13,11,50.0
-13,10,204.07356821536342
-13,10,50.0
-13,11,50.0
-13,11,171.53276017316782
-14,11,142.2762411910548
-14,11,50.0
-15,11,50.0
-15,11,50.0
-15,12,191.6343287000497
-15,12,50.0
-16,12,223.97812056008928
-16,12,50.0
-16,11,50.0
-16,11,50.302231531010406
-15,11,309.32088891396154
-15,11,50.0
-16,11,50.0
-16,11,50.0
-15,11,50.0
-15,11,217.4517931534644
-15,10,50.0
-15,10,290.9698476617474
-14,10,330.2865278803646
-14,10,148.74929315220322
-14,11,299.8738372558453
-14,11,353.4186505116476
-14,12,98.27494026241472
-14,12,50.0
-14,11,50.0
-14,11,50.0
-13,11,142.76856619653498
-13,11,50.0
-12,11,289.6607235803398
-12,11,50.0
-12,10,187.74115663641777
-12,10,50.0
-12,9,86.06981656076266
-12,9,250.62349139708292
-11,9,183.06801091577444
-11,9,57.72842773737648
-11,8,50.0
-11,8,106.55103307588541
-11,7,50.0
-11,7,50.0
-11,8,364.41036486241865
-11,8,50.0
-11,7,76.33865005721483
-11,7,490.3357358607592
-12,7,410.1223458130565
-12,7,296.9310024161854
-12,8,174.99695321612805
-12,8,165.37090346837473
-13,8,146.56949908243476
-13,8,50.0
-12,8,50.0
-12,8,255.58924493481692
-12,9,56.97266156362767
-12,9,50.0
-11,9,63.18486083460331
-11,9,50.0
-11,8,50.0
-11,8,155.49589978754005
-10,8,205.6361560462835
-10,8,50.0
-10,7,50.0
-10,7,116.59715174586981
-9,7,216.29090103407628
-9,7,50.0
-9,8,510.0034548879037
-9,8,300.3561306461592
-10,8,50.0
-10,8,133.80302299030816
-10,7,189.23052363404977
-10,7,50.0
-9,7,58.554146330806475
-9,7,64.35129140662694
-10,7,207.0518543330204
-10,7,50.0
-10,6,472.0614879224468
-10,6,260.6040028507779
-10,5,50.0
-10,5,168.35189673988302
-9,5,162.68356554498754
-9,5,308.5631322762928
-8,5,239.33808095484133
-8,5,81.77972959964964
-8,4,184.19367377972137
-8,4,382.36540207953
-8,3,372.7074237156758
-8,3,256.29681841055816
-8,2,246.48865081276793
-8,2,216.491303699251
-8,1,50.0
-8,1,513.913851398544
-7,1,498.5091915329084
-7,1,484.3966636469552
-7,0,99.71475428716943
-7,0,374.8162571869399
-7,-1,170.76604448285957
-7,-1,143.56141014690232
-7,-2,140.95348828380884
-7,-2,409.2406591205413
-6,-2,155.53675475842084
-6,-2,414.55089862704244
-6,-3,314.1037295720198
-6,-3,347.80012796051
-6,-4,194.36736930828002
-6,-4,319.2524531259951
-5,-4,308.0146920226241
-5,-4,356.57629726202157
-4,-4,242.0851845769979
-4,-4,412.6499123984017
-3,-4,50.0
-3,-4,181.23224761686288
-3,-3,219.33481288722095
-3,-3,549.6399240792545
-3,-4,209.52041642245723
-3,-4,234.77111735731575
-3,-3,258.64875780700055
-3,-3,370.22624196520206
-3,-4,453.44889311554493
-3,-4,334.43338089877295
-3,-5,216.98471651972983
-3,-5,244.33166182101448
-4,-5,408.0509868704663
-4,-5,198.1072932649414
-3,-5,269.6431219052551
-3,-5,160.80766235893353
-2,-5,438.4874799371217
-2,-5,61.205600062992005
-2,-6,232.14294094763346
-2,-6,305.49019781669693
-1,-6,369.73967575229494
-1,-6,344.9261835239306
-1,-7,397.42990148702677
-1,-7,316.0485408221415
0,-7,306.32465832193157
0,-7,224.31814314444668
0,-8,365.74720071935894
0,-8,561.4044284252213
-1,-8,191.2392282179258
-1,-8,194.61630115439448
-2,-8,388.59610362691524
-2,-8,192.76169421051367
-3,-8,332.92563087580265
-3,-8,50.0
-2,-8,268.3312063262057
-2,-8,50.0
-1,-8,494.02165872798696
-1,-8,355.0247873033554
-2,-8,394.56820046899963
-2,-8,266.6947169901635
-3,-8,183.69342669345656
-3,-8,213.218578464544
-4,-8,115.38869065652838
-4,-8,303.9963918271931
-3,-8,378.793797717408
-3,-8,166.0724973127021
-4,-8,179.31661911903933
-4,-8,290.9373775852189
-3,-8,177.48136148824074
-3,-8,307.1313539474708
-4,-8,269.7013463474237
-4,-8,325.85796286993326
-3,-8,249.3977683822343
-3,-8,174.44530595385004
-2,-8,277.08945691174256
-2,-8,108.30843867992077
-3,-8,151.03456687338576
-3,-8,173.07492898962877
-4,-8,71.19331239182306
-4,-8,248.41228887421735
-5,-8,142.7008259767436
-5,-8,306.71575883977215
-6,-8,206.57868413226416
-6,-8,264.31648867386934
-5,-8,50.0
-5,-8,388.648836244165
-6,-8,270.0013864375532
-6,-8,367.47252410401217
-5,-8,50.0
-5,-8,247.1575534671254
-6,-8,346.985053769592
-6,-8,477.44162074831
-7,-8,50.0
-7,-8,50.0
-6,-8,50.0
-6,-8,314.0878887501572
-5,-8,254.98763073861232
-5,-8,333.2559891107717
-6,-8,249.1052492330012
-6,-8,234.2836739624213
-7,-8,283.5886467526519
-7,-8,50.0
-8,-8,243.29742093275647
-8,-8,50.0
-9,-8,51.19734607192056
-9,-8,228.88909603678715
-10,-8,82.62331255829181
-10,-8,111.58329548365559
-11,-8,84.39405687554101
-11,-8,336.5545714890952
-12,-8,74.02960247569953
-12,-8,87.99398180572567
-11,-8,97.43918486498934
-11,-8,50.0
-12,-8,170.76783046258709
-12,-8,268.2078205570267
-13,-8,212.89762358356427
-13,-8,68.69073616710213
-14,-8,91.59917058300293
-14,-8,107.32201962542376
-15,-8,64.26992342093489
-15,-8,155.92693907171773
-16,-8,289.4571138737115
-16,-8,50.0
-17,-8,50.0
-17,-8,54.781288586808884
-16,-8,50.0
-16,-8,50.0
-15,-8,50.0
-15,-8,50.0
-15,-7,50.0
-15,-7,90.66564982649723
-14,-7,50.0
-14,-7,180.18101938461726
-14,-8,485.4557945428039
-14,-8,119.57393181918826
-13,-8,79.9303158726778
-13,-8,255.49201873934717
-12,-8,50.0
-12,-8,191.14045248274408
-11,-8,157.2940194581985
-11,-8,50.0
-11,-7,148.59615579051655
-11,-7,94.31947015572779
-10,-7,170.94451148445066
-10,-7,471.14488221244756
-9,-7,208.86509764307368
-9,-7,205.96440061527068
-10,-7,50.0
-10,-7,283.11585200276414
-9,-7,306.77608327865215
-9,-7,50.0
-9,-8,182.91573596075932
-9,-8,157.37637410409388
-9,-7,126.26846653900984
-9,-7,176.79132979528887
-8,-7,149.6815937733052
-8,-7,133.79436113486827
-7,-7,201.104938296604
-7,-7,50.0
-7,-8,325.8536183435233
-7,-8,116.33343671505281
-6,-8,189.0440719021346
-6,-8,196.73640268631215
-5,-8,82.34576186631107
-5,-8,345.0813369798868
-5,-9,82.18466075140881
-5,-9,258.7994305790857
-6,-9,279.7733981191444
-6,-9,209.27944053351075
-5,-9,81.89850348755206
-5,-9,50.0
-4,-9,217.05595797601003
-4,-9,115.15140991270327
-5,-9,163.91020953212825
-5,-9,448.27994080731895
-4,-9,50.0
-4,-9,260.01292812973645
-3,-9,240.68932037523763
-3,-9,139.26984490191666
-3,-10,235.15287394267696
-3,-10,189.8184114841936
-3,-11,148.32307284951054
-3,-11,50.0
-2,-11,245.80229227216358
-2,-11,467.3127665206671
-1,-11,169.14314745629736
-1,-11,238.91787515899182
0,-11,311.0473868028324
0,-11,259.52836380693554
1,-11,50.0
1,-11,185.89638046150282
0,-11,205.95255488245462
0,-11,263.6032475556196
1,-11,293.14761088472056
1,-11,176.5161328051272
1,-12,342.7113420754911
1,-12,322.0956534940884
0,-12,271.461462106764
0,-12,54.513747593666295
-1,-12,255.6737402412658
-1,-12,156.13270903591084
0,-12,85.3070100365376
0,-12,213.46579799068513
0,-13,140.71727048189678
0,-13,50.0
1,-13,413.8654403329677
1,-13,50.0
2,-13,50.0
2,-13,175.28215693734865
2,-14,471.6192221772576
2,-14,304.1592696018129
3,-14,50.0
3,-14,277.9324627747322
4,-14,83.63464667639758
4,-14,50.0
5,-14,143.3918201629668
5,-14,50.0
6,-14,216.9435356348523
6,-14,50.0
6,-15,180.00550857903647
6,-15,104.55589018989912
7,-15,50.0
7,-15,50.0
7,-14,272.83183908919546
7,-14,192.01252270127884
6,-14,50.0
6,-14,50.0
7,-14,62.68489973861517
7,-14,56.363709066965995
8,-14,50.0
8,-14,396.90298277755926
9,-14,428.1810876572286
9,-14,50.0
10,-14,189.5468470129985
10,-14,50.0
11,-14,50.0
11,-14,50.0
12,-14,176.92733046608862
12,-14,126.26157645436777
13,-14,130.48265825377177
13,-14,50.0
14,-14,50.0
14,-14,50.0
14,-15,50.0
14,-15,85.20562311899147
15,-15,50.0
15,-15,50.0
14,-15,55.24893335362671
14,-15,178.78726523685899
14,-16,50.0
14,-16,50.0
14,-17,50.0
14,-17,50.0
14,-16,50.0
14,-16,50.0
15,-16,50.0
15,-16,50.0
16,-16,140.84618719153104
16,-16,50.0
16,-17,50.0
16,-17,50.0
16,-18,50.0
16,-18,50.0
16,-19,50.0
16,-19,85.55730865710747
16,-20,120.25311443144079
16,-20,50.0
17,-20,83.27435083834402
17,-20,50.0
18,-20,105.47512395937034
18,-20,50.0
19,-20,50.0
19,-20,50.0
20,-20,50.0
20,-20,50.0
20,-19,50.0
20,-19,50.0
20,-18,50.0
20,-18,50.0
20,-17,50.0
20,-17,50.0
20,-16,50.0
20,-16,50.0
20,-17,50.0
20,-17,50.0
20,-18,50.0
20,-18,50.0
20,-17,50.0
20,-17,50.0
20,-16,324.8824089174185
20,-16,50.0
20,-15,50.0
20,-15,122.7026536365872
20,-14,50.0
20,-14,50.0
20,-13,112.70407223911829
20,-13,50.0
20,-12,184.26409973124058
20,-12,248.54019939305533
20,-11,50.0
20,-11,71.65555330198069
20,-10,50.0
20,-10,50.0
20,-9,50.0
20,-9,309.9494274290868
20,-8,50.0
20,-8,202.83668518254086
19,-8,86.22881289453125
19,-8,78.27172515003616
18,-8,50.0
18,-8,50.0
17,-8,50.0
17,-8,50.0
16,-8,50.0
16,-8,50.0
15,-8,50.0
15,-8,361.87852503993184
14,-8,169.75509199458108
14,-8,177.6710144562481
13,-8,168.85058154858746
13,-8,506.5602474731475
12,-8,163.5857855973692
12,-8,80.09469225622954
11,-8,50.0
11,-8,50.0
10,-8,50.0
10,-8,260.3309052304761
10,-7,50.0
10,-7,94.512107864785
9,-7,180.90211691796569
9,-7,313.77724641306025
8,-7,198.7819543134803
8,-7,450.3117045989675
7,-7,182.90942942960794
7,-7,306.77700044619144
7,-8,82.9273440601318
7,-8,303.225486516884
6,-8,50.0
6,-8,192.5183827039039
5,-8,601.7785784483359
5,-8,329.86300645437404
6,-8,267.1249403200918
6,-8,298.33288478924715
6,-9,303.5438548926721
6,-9,50.0
5,-9,50.0
5,-9,50.0
4,-9,428.05056098798445
4,-9,258.048185292067
3,-9,82.59518520582361
3,-9,158.29978050732154
4,-9,194.78157040520557
4,-9,377.18579040083273
5,-9,50.0
5,-9,50.0
4,-9,380.57271485450053
4,-9,278.3832613160764
4,-10,418.6689209120826
4,-10,50.0
3,-10,79.72755885718333
3,-10,127.08813802702707
4,-10,107.21430295616528
4,-10,175.41346483490202
4,-11,223.28011931929618
4,-11,319.48144492453173
3,-11,179.59445363857088
3,-11,164.286458842871
2,-11,56.705179077707186
2,-11,352.6705624848073
1,-11,194.03214807217626
1,-11,268.61505212034706
0,-11,390.5835913500375
0,-11,255.87470374342706
-1,-11,50.0
-1,-11,50.0
-1,-12,312.76006305103954
-1,-12,283.52927425505027
-2,-12,207.88496004553105
-2,-12,123.94003447625174
-3,-12,169.60019530576
-3,-12,355.53038708941716
-3,-13,50.0
-3,-13,480.78662243951356
-4,-13,50.0
-4,-13,176.77682046939444
-5,-13,65.89655373850024
-5,-13,115.54758998542582
-6,-13,428.2278340773515
-6,-13,50.0
-5,-13,146.79386678591067
-5,-13,50.0
-6,-13,305.7399230067764
-6,-13,50.0
-6,-14,196.04336096265996
-6,-14,50.22329873006366
-7,-14,127.43025275909176
-7,-14,170.01189636477838
-6,-14,159.47913893501195
-6,-14,50.0
-7,-14,398.57190863919686
-7,-14,50.0
-7,-15,50.0
-7,-15,107.66607342365666
-8,-15,168.42673725980595
-8,-15,50.0
-9,-15,50.0
-9,-15,66.7261904791742
-10,-15,140.89694966032982
-10,-15,192.99673303063844
-11,-15,50.0
-11,-15,50.0
-10,-15,50.0
-10,-15,50.0
-11,-15,160.1326325554094
-11,-15,130.69622386308782
-12,-15,186.14469148563768
-12,-15,50.0
-13,-15,207.66067599033175
-13,-15,50.0
-14,-15,50.0
-14,-15,54.610054942350985
-15,-15,50.0
-15,-15,57.26779732911308
-15,-16,50.0
-15,-16,50.0
-16,-16,50.0
-16,-16,239.1500986070734
-17,-16,70.93520960214134
-17,-16,50.0
-18,-16,50.0
-18,-16,50.0
-19,-16,50.0
-19,-16,50.0
-20,-16,50.0
-20,-16,50.0
-19,-16,50.0
-19,-16,50.0
-19,-17,96.84350372190752
-19,-17,50.0
-18,-17,50.0
-18,-17,50.0
-18,-16,97.80425596017774
-18,-16,50.0
-17,-16,50.0
-17,-16,50.0
-16,-16,115.80395449291224
-16,-16,107.21906921669647
-15,-16,50.0
-15,-16,146.39948086198532
-15,-15,234.57563449320293
-15,-15,50.0
-14,-15,86.9508939615008
-14,-15,210.1010340532386
-13,-15,50.0
-13,-15,50.0
-12,-15,50.0
-12,-15,141.28052775371515
-12,-16,50.0
-12,-16,50.0
-12,-15,50.0
-12,-15,50.0
-13,-15,50.0
-13,-15,349.77672213262895
-12,-15,50.0
-12,-15,155.63154971688977
-11,-15,50.0
-11,-15,50.0
-10,-15,89.04679900558229
-10,-15,50.0
-9,-15,50.0
-9,-15,420.099723981768
-8,-15,50.0
-8,-15,321.33248931410253
-9,-15,273.1340415445392
-9,-15,191.49440252488452
-9,-16,310.01238403899606
-9,-16,50.0
-9,-15,50.0
-9,-15,226.9846120191175
-8,-15,50.0
-8,-15,50.0
-8,-14,85.41563079845925
-8,-14,50.0
-7,-14,100.25653150164032
-7,-14,50.0
-6,-14,65.59596789000766
-6,-14,172.0603160778877
-5,-14,50.0
-5,-14,50.0
-5,-13,50.0
-5,-13,110.77968797215561
-4,-13,75.74389027252462
-4,-13,278.2968027980205
-3,-13,87.28324772176548
-3,-13,58.36109331857163
-2,-13,50.0
-2,-13,50.0
-1,-13,50.0
-1,-13,200.08544313182068
-1,-12,344.71949356991195
-1,-12,148.95487341865754
-2,-12,77.40199636945177
-2,-12,139.94715751620902
-1,-12,234.81051129448653
-1,-12,62.2441601640362
-1,-11,50.0
-1,-11,240.62074139154444
-1,-12,393.2225261501792
-1,-12,166.14062562413073
-2,-12,301.5597840063822
-2,-12,70.18269259818268
-1,-12,165.2100474074169
-1,-12,263.88456872711527
-1,-11,50.0
-1,-11,175.62819683494078
0,-11,271.4989971563963
0,-11,256.29445142647285
0,-10,188.53370185154208
0,-10,318.10722451041016
0,-9,394.42587952400874
0,-9,400.8826870479118
-1,-9,50.0
-1,-9,555.9308904745847
0,-9,50.0
0,-9,50.0
1,-9,145.49732273361883
1,-9,401.32397461754107
0,-9,328.36074866796366
0,-9,135.2767802834019
-1,-9,343.02736652349944
-1,-9,159.38330068738054
0,-9,147.68866086677957
0,-9,132.51334562982134
-1,-9,433.1824356208362
-1,-9,604.7366977050216
0,-9,137.7369148393343
0,-9,122.87159187808297
1,-9,81.5250940518454
1,-9,210.23503604666146
2,-9,228.3627207868591
2,-9,253.24895791895688
2,-8,297.771422412922
2,-8,226.5671761491966
3,-8,423.13199442712687
3,-8,50.0
4,-8,348.83822308682346
4,-8,227.46136089466407
4,-9,205.41851223794188
4,-9,50.0
3,-9,260.691990220304
3,-9,288.34511656056173
2,-9,591.4120525118235
2,-9,97.37046086016403
1,-9,199.63428792758248
1,-9,366.2994083499048
1,-10,366.08915324447094
1,-10,241.13704978585562
0,-10,193.46532079353415
0,-10,397.7025131544641
0,-11,50.0
0,-11,265.7560147072044
0,-12,50.718208621621244
0,-12,207.0404771815721
0,-11,50.0
0,-11,89.49973700731235
1,-11,199.61867206806005
1,-11,50.0
1,-12,322.81452142802436
1,-12,239.3835497008542
2,-12,322.016644138696
2,-12,140.74265518808858
2,-11,127.07973090933405
2,-11,363.60101310062237
2,-10,50.0
2,-10,361.5775232002448
2,-9,294.0346673225754
2,-9,322.0607328277104
3,-9,177.5165339327133
3,-9,216.06065617310654
2,-9,282.48484377816396
2,-9,400.58931618565794
2,-8,342.23233279299035
2,-8,187.30660217611552
2,-9,194.33149570678995
2,-9,228.72371272678546
3,-9,143.36186883538616
3,-9,180.5199931007521
3,-8,267.5784314651876
3,-8,114.86602289007129
4,-8,179.46333432950465
4,-8,50.0
5,-8,226.53865482003235
5,-8,207.15959111722745
6,-8,64.3125240352166
6,-8,50.0
6,-7,327.0823896253289
6,-7,50.0
6,-6,389.954385907829
6,-6,212.2391996849967
7,-6,297.5009689344027
7,-6,246.05328198653893
7,-7,537.4664788357886
7,-7,515.318317354422
6,-7,136.41570402696553
6,-7,150.0604405357203
7,-7,177.3774793595177
7,-7,500.9867031906366
8,-7,128.66338567903864
8,-7,147.9027511476693
8,-6,389.13964630970963
8,-6,368.95734323192613
7,-6,158.28351137067904
7,-6,156.10735924895926
7,-5,91.3998282373385
7,-5,50.0
7,-4,501.17948829534174
7,-4,155.3311510914811
8,-4,248.24945706950209
8,-4,328.8316564047344
9,-4,446.2886681840836
9,-4,309.4401797527401
9,-3,50.0
9,-3,275.10539833538917
9,-2,595.1242625324278
9,-2,50.0
10,-2,422.8912468811001
10,-2,535.6507901888056
9,-2,157.8197908602247
9,-2,518.1504360479626
10,-2,420.25985363697123
10,-2,222.45700444615298
10,-1,223.50622100203037
10,-1,168.0298516171176
11,-1,245.31080272493486
11,-1,155.16857299153276
11,0,50.0
11,0,172.91234720784027
12,0,191.43088754792893
12,0,356.53213035364945
12,1,406.9928570787372
12,1,50.0
12,2,143.47502755508572
12,2,228.55885677121293
13,2,54.39319362037993
13,2,163.086126170446
13,3,119.4735850796924
13,3,84.75338493181053
12,3,228.41152668029582
12,3,254.7329509434629
12,4,50.0
12,4,115.84638911126694
13,4,315.20480917744135
13,4,214.0389092605731
12,4,103.85429617930268
12,4,142.02512547989573
12,5,310.83359123024366
12,5,120.8060553217023
13,5,99.54389850230551
13,5,50.0
14,5,70.918412789251
14,5,50.802873005172174
13,5,213.4010719790237
13,5,194.0116151740158
13,4,311.8188181032341
13,4,247.895036397113
14,4,90.8497291437987
14,4,83.2933887828798
14,5,282.26355566988684
14,5,54.805217763820224
15,5,50.0
15,5,61.68728512375847
16,5,50.0
16,5,50.0
17,5,50.0
17,5,50.0
18,5,60.633349314286505
18,5,108.80570408246211
18,6,50.0
18,6,50.0
18,7,95.38775844336277
18,7,166.11434519520424
18,8,50.0
18,8,50.0
19,8,50.0
19,8,50.0
20,8,50.0
20,8,235.1327011116928
19,8,50.0
19,8,196.18410040044557
18,8,182.2707732952181
18,8,50.0
17,8,142.3786177953216
17,8,57.25161489711422
16,8,50.0
16,8,50.0
15,8,253.64465086288016
15,8,103.11772489547718
14,8,59.350550083287104
14,8,165.96705430004772
13,8,50.0
13,8,219.34232040510807
12,8,248.71868258801462
12,8,178.70506829340317
12,9,50.0
12,9,261.4104353475818
12,8,81.52672281141551
12,8,173.63294487177797
12,7,98.13494118236025
12,7,71.61668217922103
12,6,356.93237284951954
12,6,239.16235596774163
12,5,131.30496497039906
12,5,91.52370255661643
12,4,455.27992280132526
12,4,90.67939783298122
12,3,87.09798476838024
12,3,50.0
13,3,404.623123052697
13,3,304.5429914335151
12,3,108.97421266943834
12,3,94.06305165922541
13,3,264.5088876073271
13,3,82.2863025320504
14,3,182.30458983981032
14,3,303.5314335782399
13,3,434.2472036350973
13,3,97.79585842853285
14,3,50.0
14,3,95.3023690553284
13,3,50.0
13,3,399.90413010957354
13,2,128.03606576733011
13,2,180.65250350774795
13,1,345.43843112570653
13,1,308.51320885823134
