16,-15,50.0
16,-15,50.0
16,-14,50.0
16,-14,50.0
16,-13,50.0
16,-13,50.0
16,-12,50.0
16,-12,97.01928679768594
16,-11,50.0
16,-11,50.0
15,-11,50.0
15,-11,50.0
14,-11,50.0
14,-11,223.50564318261584
15,-11,50.0
15,-11,50.0
14,-11,50.0
14,-11,53.05402136567553
14,-10,50.0
14,-10,50.0
13,-10,50.0
13,-10,249.2801194357351
12,-10,50.0
12,-10,50.0
11,-10,76.82563462982564
11,-10,356.18458886195583
11,-9,50.0
11,-9,192.60089122805775
12,-9,113.90225057313266
12,-9,50.0
12,-8,82.36425149418002
12,-8,50.0
11,-8,50.0
11,-8,236.57984020528522
11,-7,287.2034797880397
11,-7,148.79315787292657
10,-7,368.2201940726249
10,-7,134.06669096053005
9,-7,230.66549766678395
9,-7,311.6880133171893
8,-7,429.4151990482888
8,-7,349.0368467146353
8,-6,665.906038094155
8,-6,349.64458286426327
8,-5,412.1410596454472
8,-5,268.4823025204764
8,-4,50.0
8,-4,81.19849185344796
7,-4,553.2321817099667
7,-4,356.78320888097267
7,-5,234.97261179295873
7,-5,162.76473645157878
7,-4,346.7692941286362
7,-4,295.0748299721731
8,-4,173.34549019477708
8,-4,151.46461917688634
7,-4,205.9018579951289
7,-4,380.78584701903884
6,-4,229.897603477605
6,-4,200.7534914982794
6,-3,340.5590196932178
6,-3,324.8668509287684
5,-3,355.43900292567776
5,-3,308.5761553206709
4,-3,182.79583697435896
4,-3,339.78439755362876
4,-2,224.07234874123554
4,-2,242.7341416646919
4,-1,469.3692684293386
4,-1,106.20208823946373
5,-1,387.39445361537344
5,-1,367.00137029699596
4,-1,396.6786155687801
4,-1,271.94123623996745
3,-1,368.4410236193575
3,-1,206.41860115468887
2,-1,227.59879899470124
2,-1,114.05438859771903
2,0,227.09649067151932
2,0,234.05573602621294
2,1,459.04534557082263
2,1,465.29933943628777
2,2,307.95434305251075
2,2,549.9067577087966
1,2,343.6036440465461
1,2,331.9074338629317
0,2,442.8908972222426
0,2,50.0
0,3,347.8943854024704
0,3,233.99907634577505
-1,3,328.32649515233686
-1,3,482.15930080616783
0,3,637.2094622953349
0,3,367.87424992387514
-1,3,506.5791854752041
-1,3,270.17041244180615
-2,3,281.05064960831083
-2,3,254.51018070414074
-2,4,609.1482694798104
-2,4,266.45109143166457
-2,5,327.9667027849538
-2,5,201.978463484337
-2,6,435.14671396347825
-2,6,205.41432310810302
-1,6,464.3435741316988
-1,6,175.17566629152088
0,6,265.9731033465427
0,6,272.4137216350309
-1,6,461.86048106104863
-1,6,213.3279447559394
-2,6,258.97747612060084
-2,6,320.27148528897214
-1,6,315.89797555951014
-1,6,119.27650653356258
-2,6,247.27204825866397
-2,6,601.3839411857706
-2,7,283.6058300145694
-2,7,214.4714340670604
-1,7,391.40344168240233
-1,7,308.4029455893884
-2,7,72.16791235064485
-2,7,155.61504625253846
-1,7,254.41617783907583
-1,7,334.04521207396994
-2,7,265.40872228198174
-2,7,244.80383078803862
-2,6,285.6466828169322
-2,6,153.27761532999085
-3,6,439.94549510976833
-3,6,524.7624384472547
-3,7,165.34080286699975
-3,7,135.582667302992
-4,7,50.0
-4,7,146.0974889595139
-4,8,182.5926268733941
-4,8,247.08430729999642
-5,8,249.49848245484512
-5,8,318.3482719105622
-5,9,81.88844799972048
-5,9,152.1752823987223
-6,9,336.51165062131156
-6,9,355.87366018244137
-5,9,63.60804936569275
-5,9,244.76692109946592
-5,10,301.7255849455487
-5,10,249.2776328646698
-6,10,50.0
-6,10,337.6437454662713
-7,10,50.0
-7,10,72.76720164675149
-8,10,350.5580286390446
-8,10,109.4502613340606
-9,10,59.2672521309797
-9,10,189.02539114623616
-10,10,226.1122485527325
-10,10,331.58041990329014
-11,10,450.94816213398246
-11,10,58.449431903548415
-12,10,334.69297424109635
-12,10,148.00472998924718
-13,10,50.0
-13,10,50.0
-13,9,179.2577676455541
-13,9,185.89349220281383
-13,10,315.3822954009743
-13,10,176.99451794152125
-12,10,132.2960571653017
-12,10,80.49378028766897
-12,11,82.15089974393875
-12,11,208.62450757571963
-13,11,368.38737457743844
-13,11,127.3089550652067
-13,10,50.0
-13,10,50.0
-13,11,80.449476019609
-13,11,69.36618669446094
-14,11,50.0
-14,11,50.0
-15,11,441.5188551746024
-15,11,232.8907129859586
-15,12,50.0
-15,12,164.18207835420696
-16,12,167.9910873711392
-16,12,274.98796191425606
-16,11,137.05432856308164
-16,11,52.57561828208942
-15,11,239.20568700884513
-15,11,118.5630562033561
-16,11,50.0
-16,11,50.0
-15,11,97.085760978968
-15,11,51.550324846896785
-15,10,50.0
-15,10,50.0
-14,10,145.0986794726834
-14,10,95.4277989083875
-14,11,50.0
-14,11,50.0
-14,12,154.2522144511861
-14,12,50.0
-14,11,55.54720840805075
-14,11,149.56380800175995
-13,11,50.0
-13,11,52.08905206892048
-12,11,204.22722110924929
-12,11,50.0
-12,10,103.73947009689758
-12,10,51.31904445285666
-12,9,155.27269564812465
-12,9,337.9739192044523
-11,9,50.0
-11,9,264.7904979183442
-11,8,97.54954090373522
-11,8,50.0
-11,7,94.18544542415175
-11,7,173.98399014917612
-11,8,90.29486733262098
-11,8,50.0
-11,7,81.03040515720667
-11,7,225.65955192312617
-12,7,179.6665150096545
-12,7,50.0
-12,8,375.0379227572357
-12,8,157.74827663382035
-13,8,50.0
-13,8,50.0
-12,8,126.2724015098712
-12,8,136.80161709199874
-12,9,302.3396969641932
-12,9,474.01417463954215
-11,9,110.914924518443
-11,9,305.05805671066
-11,8,499.3164425455942
-11,8,170.3346308747344
-10,8,348.8075511281935
-10,8,193.0548120051253
-10,7,50.0
-10,7,50.0
-9,7,412.86792778533135
-9,7,238.28996261801734
-9,8,129.50986889413025
-9,8,160.65379915528555
-10,8,50.0
-10,8,196.18348172286068
-10,7,241.16667655770755
-10,7,171.01331966815118
-9,7,128.07808780434996
-9,7,223.90154470801863
-10,7,50.0
-10,7,50.0
-10,6,162.17572455433557
-10,6,149.63370493328316
-10,5,584.6039041974785
-10,5,235.8050585555373
-9,5,638.6206660481204
-9,5,201.20720173585852
-8,5,311.7946002042382
-8,5,455.1274621429616
-8,4,296.30750800562186
-8,4,401.6801644971591
-8,3,59.70321155345823
-8,3,552.5471890183279
-8,2,177.13899876845892
-8,2,404.94799883651217
-8,1,180.61397332103252
-8,1,510.4975577492047
-7,1,161.6047669524164
-7,1,159.4554043018391
-7,0,232.27942141445124
-7,0,50.0
-7,-1,177.0236630858175
-7,-1,357.12233055478083
-7,-2,193.82567253340738
-7,-2,318.3310616825443
-6,-2,189.5712624411757
-6,-2,307.70591369185496
-6,-3,202.24154273889238
-6,-3,537.8043134948534
-6,-4,118.59764234665222
-6,-4,586.879460529235
-5,-4,334.9621564061733
-5,-4,168.33735290726008
-4,-4,148.5288471254579
-4,-4,438.60666890413256
-3,-4,331.49660930948255
-3,-4,306.7170106563897
-3,-3,297.0734006137808
-3,-3,280.6897499924423
-3,-4,520.6332734077025
-3,-4,160.66835791647566
-3,-3,500.75038232300096
-3,-3,508.47513400861
-3,-4,604.9610618839508
-3,-4,341.7862961171651
-3,-5,302.5299271054252
-3,-5,350.9208283591151
-4,-5,173.90674054047008
-4,-5,365.03980770398647
-3,-5,203.72603961377735
-3,-5,448.0658398900489
-2,-5,481.49821510901995
-2,-5,291.20598566657253
-2,-6,409.7274225608515
-2,-6,212.146417085606
-1,-6,227.7773782165109
-1,-6,203.33178386800247
-1,-7,253.92098728177632
-1,-7,301.47026671311386
0,-7,50.0
0,-7,135.69769688201666
0,-8,552.2280261998343
0,-8,202.55826289175195
-1,-8,85.81512967527192
-1,-8,241.34826839787561
-2,-8,151.06716436576244
-2,-8,290.740027711291
-3,-8,333.411535637753
-3,-8,99.13876617977272
-2,-8,50.0
-2,-8,326.1171087240296
-1,-8,556.2751130294453
-1,-8,246.82874462975008
-2,-8,142.82347309423244
-2,-8,194.98840730822297
-3,-8,50.0
-3,-8,178.78504232851188
-4,-8,154.74206763447134
-4,-8,187.44975400106392
-3,-8,379.30482262171455
-3,-8,129.34809769256898
-4,-8,279.77933055884756
-4,-8,280.3411296401616
-3,-8,280.0423486220512
-3,-8,468.25655428113896
-4,-8,168.48603199957768
-4,-8,283.615413666373
-3,-8,237.27651042875252
-3,-8,165.8635510212264
-2,-8,315.0324019564393
-2,-8,218.7363560598546
-3,-8,50.0
-3,-8,284.0880186974228
-4,-8,312.3382512641238
-4,-8,50.0
-5,-8,230.4236902359132
-5,-8,172.6994484452767
-6,-8,301.3378293450313
-6,-8,490.0581081147202
-5,-8,50.0
-5,-8,140.51417285853512
-6,-8,65.11660284446536
-6,-8,50.0
-5,-8,159.0913978106094
-5,-8,182.0281033463564
-6,-8,310.2216708229032
-6,-8,272.22666591368755
-7,-8,154.77350066954773
-7,-8,318.93828272868586
-6,-8,266.9266590478496
-6,-8,244.0828524546021
-5,-8,319.21748858355625
-5,-8,73.46760922864608
-6,-8,111.46081593647814
-6,-8,240.2326866524973
-7,-8,543.5140502974103
-7,-8,50.0
-8,-8,115.80740510990324
-8,-8,208.03165737818867
-9,-8,102.82429735238027
-9,-8,138.73318166327545
-10,-8,278.00628445648863
-10,-8,50.0
-11,-8,355.0079081579329
-11,-8,111.80960242912876
-12,-8,87.21254683930903
-12,-8,50.0
-11,-8,274.81433405278847
-11,-8,301.94388750655463
-12,-8,279.1533417734766
-12,-8,90.62768400756481
-13,-8,50.0
-13,-8,50.0
-14,-8,50.0
-14,-8,50.0
-15,-8,373.6182696705436
-15,-8,89.23190565043095
-16,-8,50.0
-16,-8,212.21860970234542
-17,-8,230.8479737698241
-17,-8,50.0
-16,-8,334.9819823841813
-16,-8,96.48613358723185
-15,-8,50.0
-15,-8,50.0
-15,-7,50.0
-15,-7,130.5285629446414
-14,-7,50.0
-14,-7,98.68684757118672
-14,-8,50.0
-14,-8,161.99959509889328
-13,-8,101.66509047878391
-13,-8,50.0
-12,-8,106.9348327400003
-12,-8,219.64108490359212
-11,-8,188.10700978643283
-11,-8,356.98272475944106
-11,-7,391.87303390879947
-11,-7,238.62676646935262
-10,-7,177.6202694922149
-10,-7,218.13426839102294
-9,-7,77.3874714140064
-9,-7,236.55900911981527
-10,-7,541.0534613126183
-10,-7,232.79474980521493
-9,-7,50.0
-9,-7,50.82553041948313
-9,-8,116.30959197298908
-9,-8,50.26324671253673
-9,-7,50.0
-9,-7,232.45853121534793
-8,-7,296.5105760739575
-8,-7,113.31366226878197
-7,-7,264.0690847888164
-7,-7,171.9393187037125
-7,-8,211.06033308268326
-7,-8,350.6926233403473
-6,-8,296.1932094039711
-6,-8,50.0
-5,-8,147.29354268699853
-5,-8,339.1529421284777
-5,-9,50.0
-5,-9,97.83299302428875
-6,-9,343.9919642874489
-6,-9,221.24052646417414
-5,-9,236.853505172085
-5,-9,248.9358295451654
-4,-9,528.5988099716084
-4,-9,465.7732612855632
-5,-9,90.94011515664768
-5,-9,195.1714478052588
-4,-9,50.0
-4,-9,414.1527858284139
-3,-9,143.27738942093896
-3,-9,204.89592479576618
-3,-10,105.37387121577362
-3,-10,50.0
-3,-11,198.04682495972816
-3,-11,50.0
-2,-11,199.1669918290485
-2,-11,104.83896786704456
-1,-11,210.6669200830592
-1,-11,164.92237561726705
0,-11,265.05440605682264
0,-11,336.88589286184487
1,-11,152.48514294119767
1,-11,184.14529314986467
0,-11,198.44736239115704
0,-11,224.8407431800611
1,-11,120.84284488307631
1,-11,155.34785064203933
1,-12,216.858802383915
1,-12,50.0
0,-12,133.2790154753701
0,-12,140.17653528897063
-1,-12,61.33907430357155
-1,-12,97.87101158490597
0,-12,523.4901583470647
0,-12,218.28617322163257
0,-13,220.88175603316682
0,-13,203.91707405680006
1,-13,50.0
1,-13,265.94110346220043
2,-13,124.42769433226712
2,-13,149.53186338225294
2,-14,174.0270315666933
2,-14,114.05668154173043
3,-14,50.0
3,-14,76.3161122134174
4,-14,285.1892637974681
4,-14,50.0
5,-14,50.0
5,-14,131.07956614239063
6,-14,105.17145678720318
6,-14,172.04557898929443
6,-15,122.34507874019717
6,-15,76.75927541676319
7,-15,50.0
7,-15,50.0
7,-14,159.62199948945124
7,-14,297.2797421903133
6,-14,50.0
6,-14,50.0
7,-14,162.67836316594946
7,-14,207.33151821237442
8,-14,84.79668681435382
8,-14,209.39182325706776
9,-14,180.09309515453955
9,-14,153.85222835365292
10,-14,50.0
10,-14,215.40827462032428
11,-14,249.84990469313885
11,-14,213.00000776250664
12,-14,50.0
12,-14,350.16579039515705
13,-14,50.0
13,-14,50.0
14,-14,50.0
14,-14,50.0
14,-15,90.71482124542844
14,-15,50.0
15,-15,121.5365948182183
15,-15,50.0
14,-15,50.0
14,-15,220.5429693575296
14,-16,50.0
14,-16,50.0
14,-17,118.8710287444604
14,-17,50.0
14,-16,50.0
14,-16,50.0
15,-16,50.0
15,-16,50.0
16,-16,50.0
16,-16,50.0
16,-17,160.03333344360846
16,-17,351.23499866333054
16,-18,50.0
16,-18,50.0
16,-19,112.2627836625806
16,-19,50.0
16,-20,50.41380700262556
16,-20,243.13344104344242
17,-20,50.0
17,-20,50.0
18,-20,82.78196259345938
18,-20,50.0
19,-20,50.0
19,-20,50.0
20,-20,50.0
20,-20,50.0
20,-19,265.01714272078254
20,-19,50.0
20,-18,50.0
20,-18,50.0
20,-17,50.0
20,-17,122.86700561862742
20,-16,50.0
20,-16,50.0
20,-17,50.0
20,-17,50.0
20,-18,143.3746411719171
20,-18,97.38017650307816
20,-17,50.0
20,-17,50.0
20,-16,50.0
20,-16,50.0
20,-15,50.0
20,-15,50.0
20,-14,92.0945165273769
20,-14,68.74379657238855
20,-13,50.0
20,-13,50.0
20,-12,50.204726950013736
20,-12,50.0
20,-11,55.09845331397754
20,-11,50.0
20,-10,50.0
20,-10,53.800366042219
20,-9,217.67903941115685
20,-9,179.21618069900896
20,-8,50.0
20,-8,50.0
19,-8,50.0
19,-8,50.0
18,-8,50.0
18,-8,50.0
17,-8,144.5501422896618
17,-8,50.0
16,-8,63.63582763929186
16,-8,64.70593265298562
15,-8,94.65746656860028
15,-8,50.0
14,-8,50.0
14,-8,98.57846761293456
13,-8,50.0
13,-8,141.80723532314315
12,-8,282.51297602198497
12,-8,80.08713863372863
11,-8,207.87778470406965
11,-8,161.16570577560992
10,-8,50.0
10,-8,74.68925024994427
10,-7,86.2408908432344
10,-7,199.8773441668716
9,-7,233.7395841912381
9,-7,229.9071429548649
8,-7,287.0511705655799
8,-7,277.74930827079004
7,-7,394.2899900745949
7,-7,156.15953474690136
7,-8,122.38887880074266
7,-8,180.82763795927323
6,-8,178.5037315846081
6,-8,497.3917339752467
5,-8,264.7705954093938
5,-8,753.8236118912093
6,-8,285.216944901059
6,-8,213.52968112846747
6,-9,50.0
6,-9,158.17111997618164
5,-9,249.91085699903127
5,-9,164.00511360659692
4,-9,219.285031648604
4,-9,299.3852615470476
3,-9,50.0
3,-9,236.41293624935275
4,-9,65.58488439590367
4,-9,399.69847604754165
5,-9,101.8735580237672
5,-9,151.98129933385974
4,-9,429.9152747991895
4,-9,386.80846499243705
4,-10,72.19749216790376
4,-10,388.96210215423343
3,-10,201.20712981076178
3,-10,334.1285591867327
4,-10,139.92738796875196
4,-10,220.3926272628038
4,-11,341.4103814290311
4,-11,50.0
3,-11,128.2847911178352
3,-11,158.50078192814337
2,-11,157.08052211357335
2,-11,170.62782393293136
1,-11,236.54294497801058
1,-11,222.863162479551
0,-11,193.74301545672589
0,-11,196.12243695257203
-1,-11,63.739147192784685
-1,-11,251.50275565410053
-1,-12,137.7397086594181
-1,-12,264.2975135632749
-2,-12,254.34852185079433
-2,-12,88.00817279993888
-3,-12,120.0877392443068
-3,-12,50.0
-3,-13,50.0
-3,-13,259.00064434295
-4,-13,50.0
-4,-13,90.13051747156781
-5,-13,166.75337852428473
-5,-13,136.22184277799357
-6,-13,50.0
-6,-13,135.14919306636867
-5,-13,134.43092471677417
-5,-13,50.0
-6,-13,50.0
-6,-13,350.4656631537806
-6,-14,164.6368657788608
-6,-14,94.03228504442892
-7,-14,421.7620837779019
-7,-14,92.19212778966865
-6,-14,184.48937985907742
-6,-14,50.0
-7,-14,135.17249803172805
-7,-14,175.75700315364634
-7,-15,148.10561649581095
-7,-15,77.86679477120607
-8,-15,114.24411358309504
-8,-15,50.0
-9,-15,162.73642929953604
-9,-15,50.0
-10,-15,105.46742340806443
-10,-15,50.0
-11,-15,50.0
-11,-15,110.29428368899922
-10,-15,50.0
-10,-15,135.71552372677712
-11,-15,50.0
-11,-15,120.62881855217836
-12,-15,53.95153469027543
-12,-15,216.2398275133667
-13,-15,196.98143013956926
-13,-15,50.0
-14,-15,50.0
-14,-15,63.60706769165846
-15,-15,50.0
-15,-15,54.69920237714355
-15,-16,50.0
-15,-16,110.68469491170688
-16,-16,101.89927732839136
-16,-16,50.0
-17,-16,154.52474358672663
-17,-16,165.36838311462552
-18,-16,50.0
-18,-16,50.0
-19,-16,50.0
-19,-16,50.0
-20,-16,50.0
-20,-16,50.0
-19,-16,50.0
-19,-16,50.0
-19,-17,50.0
-19,-17,50.0
-18,-17,50.0
-18,-17,96.9934829880252
-18,-16,50.0
-18,-16,50.0
-17,-16,68.93792149047039
-17,-16,50.0
-16,-16,237.62720160405985
-16,-16,323.2303236426351
-15,-16,200.28735273417476
-15,-16,50.0
-15,-15,50.0
-15,-15,90.71511646197962
-14,-15,50.0
-14,-15,50.0
-13,-15,307.08940285365696
-13,-15,50.0
-12,-15,202.18806478154758
-12,-15,50.0
-12,-16,50.0
-12,-16,57.88133979977225
-12,-15,50.0
-12,-15,50.0
-13,-15,50.0
-13,-15,62.516888597092134
-12,-15,50.0
-12,-15,50.0
-11,-15,309.4392051679988
-11,-15,50.0
-10,-15,50.0
-10,-15,167.93941565602947
-9,-15,50.0
-9,-15,59.212442277991514
-8,-15,120.85212987429304
-8,-15,112.57127906931585
-9,-15,50.0
-9,-15,50.0
-9,-16,468.5952482482498
-9,-16,201.2892507574563
-9,-15,50.0
-9,-15,92.1208718967839
-8,-15,50.0
-8,-15,50.0
-8,-14,105.49377177133286
-8,-14,50.0
-7,-14,201.90755728060407
-7,-14,307.3860818732752
-6,-14,232.611257354756
-6,-14,59.60066937672367
-5,-14,231.21418445728563
-5,-14,50.0
-5,-13,50.0
-5,-13,50.0
-4,-13,50.0
-4,-13,50.0
-3,-13,180.12925047610796
-3,-13,358.47729894414664
-2,-13,248.1906914430729
-2,-13,179.72228136957912
-1,-13,341.81947523592044
-1,-13,142.969801623311
-1,-12,373.3825691897856
-1,-12,50.0
-2,-12,238.64059073162304
-2,-12,390.7006019540944
-1,-12,244.34702705281853
-1,-12,204.34848728808313
-1,-11,352.35592647892895
-1,-11,131.43373165486474
-1,-12,378.01198349212314
-1,-12,294.523812763495
-2,-12,59.865064282031966
-2,-12,252.9674979640984
-1,-12,50.0
-1,-12,50.0
-1,-11,365.2752238504915
-1,-11,217.01939803823637
0,-11,123.94776998919866
0,-11,50.0
0,-10,231.7787109904679
0,-10,344.7425114992243
0,-9,333.16424214490615
0,-9,332.813241049982
-1,-9,50.0
-1,-9,221.03708437625824
0,-9,257.3091349484542
0,-9,156.45354916394376
1,-9,222.0443101178175
1,-9,132.79236585557658
0,-9,382.9374414410156
0,-9,84.79215676563261
-1,-9,442.14921426099465
-1,-9,512.1615365005156
0,-9,198.79087124030625
0,-9,432.7847930937826
-1,-9,268.49256181734086
-1,-9,50.0
0,-9,50.0
0,-9,270.9842282272921
1,-9,354.99367998517334
1,-9,415.7387886484276
2,-9,289.5553468532483
2,-9,68.94823006645956
2,-8,589.9955840004229
2,-8,321.28854334296847
3,-8,261.0252480248507
3,-8,88.3038893014982
4,-8,113.53344476509932
4,-8,302.4596004544836
4,-9,240.323735453688
4,-9,171.86900499136087
3,-9,305.303879708
3,-9,50.0
2,-9,234.79486915661363
2,-9,282.69609652864176
1,-9,50.0
1,-9,162.83237378896166
1,-10,322.9388013340839
1,-10,168.07155635935342
0,-10,273.35028350593154
0,-10,155.7568323549486
0,-11,172.94664756065367
0,-11,97.59851328925622
0,-12,112.45173457830421
0,-12,309.2469101026703
0,-11,177.03351872789136
0,-11,50.0
1,-11,78.32924824619093
1,-11,50.0
1,-12,50.0
1,-12,143.48242767170106
2,-12,136.9663918935546
2,-12,238.89792095571545
2,-11,284.328609590575
2,-11,76.18470478697216
2,-10,134.29714391536723
2,-10,336.0430070725679
2,-9,225.77535146772522
2,-9,308.0126647104654
3,-9,280.4418085233783
3,-9,141.87624739665006
2,-9,50.0
2,-9,150.36057550812285
2,-8,183.97410334634458
2,-8,318.90998453300443
2,-9,386.3547443453263
2,-9,263.7959509883885
3,-9,82.36941000857342
3,-9,261.473741015466
3,-8,93.64320694801123
3,-8,311.4652166709276
4,-8,278.3482526587393
4,-8,292.9235329975901
5,-8,405.5676963340811
5,-8,50.0
6,-8,50.0
6,-8,251.2366738741761
6,-7,223.57892355661042
6,-7,179.86362742827964
6,-6,447.7044382101487
6,-6,181.02228174956048
7,-6,164.70591789866046
7,-6,103.54988871036174
7,-7,269.28356560879644
7,-7,270.912953822043
6,-7,404.5621112629832
6,-7,263.8171316840302
7,-7,522.2355700884968
7,-7,348.24110835224496
8,-7,532.8823480288786
8,-7,331.0452921497839
8,-6,217.43369412471873
8,-6,239.88716024804563
7,-6,402.05725814889473
7,-6,228.86695779130784
7,-5,417.0773051739986
7,-5,401.2125804433583
7,-4,438.6957859376943
7,-4,222.27719750077014
8,-4,242.64741201000584
8,-4,235.12376713738877
9,-4,329.94724544307246
9,-4,319.93523350963875
9,-3,158.77620694320268
9,-3,50.0
9,-2,160.77082506512284
9,-2,316.43336161643015
10,-2,268.689828816229
10,-2,314.73755520353166
9,-2,217.0710234113268
9,-2,212.72246030493216
10,-2,246.3947741282754
10,-2,312.94032902889177
10,-1,50.0
10,-1,249.0245972701773
11,-1,227.04423524533934
11,-1,50.0
11,0,172.90892414341366
11,0,145.2358361280066
12,0,139.28651708030893
12,0,50.0
12,1,400.0456770985732
12,1,300.5606201897256
12,2,309.5026677629906
12,2,228.12664297129828
13,2,302.0209213911212
13,2,160.0445290662684
13,3,131.4770778236275
13,3,50.0
12,3,260.3952598337661
12,3,168.31973278057148
12,4,577.3426209641447
12,4,274.6961910234297
13,4,50.0
13,4,219.78127909415412
12,4,304.0132536615274
12,4,50.0
12,5,346.723628286373
12,5,262.94681325798365
13,5,454.6933939644494
13,5,50.0
14,5,95.82612232961334
14,5,174.4221572702636
13,5,119.07978536952233
13,5,174.30486671437
13,4,193.24979634290779
13,4,87.6170058983272
14,4,50.0
14,4,50.0
14,5,151.16944374603366
14,5,218.26928681149062
15,5,91.10674779138174
15,5,50.0
16,5,50.0
16,5,135.95365005330012
17,5,50.0
17,5,254.1843562021198
18,5,69.88289452401338
18,5,50.0
18,6,50.0
18,6,170.63267975616546
18,7,50.0
18,7,92.08415652037976
18,8,124.26346974397633
18,8,130.26826458980577
19,8,50.0
19,8,50.0
20,8,50.0
20,8,218.1033967814811
19,8,50.0
19,8,60.59760814284159
18,8,50.0
18,8,50.0
17,8,175.58257106549019
17,8,50.0
16,8,50.0
16,8,50.0
15,8,50.0
15,8,183.3402496786387
14,8,181.68045120247547
14,8,50.0
13,8,50.0
13,8,122.27030831626034
12,8,92.31115796737217
12,8,50.0
12,9,50.0
12,9,160.2171941899362
12,8,50.55315059379552
12,8,50.0
12,7,189.76043846711377
12,7,301.4967423155278
12,6,185.36119117686982
12,6,297.45286002600267
12,5,172.37909786547144
12,5,340.9816466482915
12,4,77.17522403852121
12,4,50.0
12,3,196.0926640258942
12,3,50.0
13,3,287.7742120825111
13,3,185.15407705516242
12,3,50.0
12,3,198.45446074408497
13,3,200.81053251783098
13,3,197.84935970091303
14,3,222.55437527650963
14,3,262.4986345750004
13,3,58.56452039944688
13,3,286.6260507708951
14,3,50.0
14,3,324.4374043112991
13,3,58.392438397702236
13,3,420.5597598731526
13,2,105.03203780144105
13,2,241.96140265328802
13,1,50.0
13,1,141.13269913904986
