16,-15,50.0
16,-15,50.0
16,-14,103.37598855508142
16,-14,50.0
16,-13,257.4194247466402
16,-13,172.19724481225694
16,-12,50.0
16,-12,50.0
16,-11,50.0
16,-11,112.29665083993268
15,-11,50.0
15,-11,50.0
14,-11,361.6059283243842
14,-11,124.29540143149927
15,-11,131.71922371798038
15,-11,50.0
14,-11,73.403197963681
14,-11,119.78895661991274
14,-10,263.3394741204552
14,-10,50.0
13,-10,262.52128040887953
13,-10,50.0
12,-10,130.08825252584634
12,-10,50.0
11,-10,50.0
11,-10,193.37275351553694
11,-9,155.78338269277566
11,-9,119.53107698787034
12,-9,51.402209512668705
12,-9,254.6233783520422
12,-8,50.0
12,-8,111.9901620870101
11,-8,219.64188585205963
11,-8,50.0
11,-7,61.20520101413288
11,-7,277.77039111820716
10,-7,50.0
10,-7,108.26858877415393
9,-7,134.00327356086382
9,-7,137.88853193623333
8,-7,50.0
8,-7,50.0
8,-6,78.59467353676561
8,-6,50.0
8,-5,50.0
8,-5,264.40392490202225
8,-4,243.25637825174599
8,-4,503.9403186876277
7,-4,187.13596849934316
7,-4,269.317287586976
7,-5,349.3632464777405
7,-5,246.62080577238154
7,-4,232.0197997428998
7,-4,396.4433175164549
8,-4,343.1694488802592
8,-4,269.2987841699652
7,-4,237.36754926635484
7,-4,251.85120726529587
6,-4,227.20026908481418
6,-4,571.1679415670187
6,-3,118.28498564923815
6,-3,416.42371717772255
5,-3,149.99556720135865
5,-3,362.2081851144571
4,-3,732.79131384892
4,-3,163.75077142542153
4,-2,311.4650817799086
4,-2,365.71052207609256
4,-1,362.0064479747256
4,-1,479.9291583026783
5,-1,546.7867768116114
5,-1,612.9407669002917
4,-1,364.2906751275143
4,-1,475.2057832314287
3,-1,303.5914646658192
3,-1,106.51040009527219
2,-1,215.9406261714016
2,-1,823.4896634724332
2,0,178.03314861747225
2,0,557.8720376704952
2,1,324.8691497796894
2,1,324.23732906694937
2,2,586.8020714000116
2,2,309.17163462363146
1,2,465.53804504589914
1,2,590.2160797399976
0,2,315.72486164574025
0,2,469.1539870466069
0,3,278.3629985108449
0,3,297.5758717534119
-1,3,519.6701329488026
-1,3,195.16671685388604
0,3,750.5489756733048
0,3,442.24814785774566
-1,3,359.5162752084916
-1,3,580.6808252085712
-2,3,471.7259003839557
-2,3,215.06269312669204
-2,4,385.73574782584046
-2,4,437.1853835779593
-2,5,385.3502750656552
-2,5,137.980772956676
-2,6,221.65790886994552
-2,6,314.44057508787967
-1,6,159.03201758739544
-1,6,159.39013296159584
0,6,271.8987376145752
0,6,335.4083329917165
-1,6,236.86822795599323
-1,6,284.774679226604
-2,6,412.76273195929883
-2,6,444.82428305397593
-1,6,275.4703395559708
-1,6,473.9013202051813
-2,6,230.66900354406545
-2,6,399.9143881417645
-2,7,287.48654908615424
-2,7,375.07911677030825
-1,7,462.6982506373111
-1,7,141.7471849062116
-2,7,189.46873722089003
-2,7,297.9464619428199
-1,7,351.58297188504093
-1,7,185.0671273082624
-2,7,218.96745046380448
-2,7,528.6633983280663
-2,6,253.08350642049965
-2,6,573.897103992221
-3,6,350.52418411479505
-3,6,336.85602952781977
-3,7,248.00798864050347
-3,7,431.54196610427505
-4,7,50.0
-4,7,216.27399096469895
-4,8,209.528156804366
-4,8,50.0
-5,8,140.33872028245116
-5,8,230.86163414908822
-5,9,345.5026910322681
-5,9,50.0
-6,9,433.0176253053868
-6,9,303.6204556844787
-5,9,270.74256727304066
-5,9,241.68455305821584
-5,10,52.465639585029805
-5,10,422.73521596398206
-6,10,366.8862600361085
-6,10,227.6833010579718
-7,10,294.9784266447662
-7,10,50.0
-8,10,50.0
-8,10,190.9451254611495
-9,10,125.67504199992374
-9,10,231.3888341008817
-10,10,93.26361067800056
-10,10,229.3419768549739
-11,10,50.0
-11,10,77.29426939401269
-12,10,524.2190707336856
-12,10,50.0
-13,10,66.31771977807495
-13,10,128.77600210626872
-13,9,81.60203915013304
-13,9,190.9306438632642
-13,10,108.77713751236962
-13,10,163.9123503998431
-12,10,50.0
-12,10,184.7645452970282
-12,11,83.4628615220716
-12,11,119.78001840134152
-13,11,412.4265003205945
-13,11,50.0
-13,10,361.7136871747413
-13,10,160.6709181872385
-13,11,205.48376929078734
-13,11,100.00329352523393
-14,11,114.6304573836001
-14,11,50.0
-15,11,50.0
-15,11,135.46961563359392
-15,12,50.0
-15,12,50.0
-16,12,50.0
-16,12,135.86316832084103
-16,11,173.0037925211669
-16,11,215.43574513451702
-15,11,50.0
-15,11,50.0
-16,11,119.41591830500676
-16,11,213.3324305796367
-15,11,106.4412280030628
-15,11,235.15002974699047
-15,10,64.1368502557319
-15,10,69.17199892848262
-14,10,50.0
-14,10,50.0
-14,11,50.0
-14,11,337.34158887405135
-14,12,50.0
-14,12,50.0
-14,11,50.0
-14,11,50.0
-13,11,67.14710068440507
-13,11,132.35576721476826
-12,11,328.7677529073629
-12,11,126.60661304590774
-12,10,241.25701303430196
-12,10,50.0
-12,9,50.0
-12,9,204.31714368755263
-11,9,50.0
-11,9,189.91911535896418
-11,8,197.85116294658167
-11,8,50.0
-11,7,305.8441649267994
-11,7,262.1790022554164
-11,8,50.0
-11,8,153.1601470289781
-11,7,213.71116534078678
-11,7,234.40934184798658
-12,7,357.3539266177638
-12,7,144.057401660836
-12,8,50.0
-12,8,50.0
-13,8,87.71282631809588
-13,8,199.29499615517614
-12,8,50.0
-12,8,132.65121512185027
-12,9,166.51516876306255
-12,9,349.2117015640686
-11,9,193.42925139004723
-11,9,135.83457542613746
-11,8,50.0
-11,8,50.56842403321693
-10,8,165.01377104321682
-10,8,242.26730658982953
-10,7,91.41893585880865
-10,7,50.0
-9,7,389.334659649819
-9,7,346.8790398328141
-9,8,167.17614929455664
-9,8,171.2512426114004
-10,8,165.7824720392606
-10,8,50.0
-10,7,50.0
-10,7,121.59626518572107
-9,7,121.45472439867743
-9,7,128.84764204543168
-10,7,470.4832503153719
-10,7,190.8495130913632
-10,6,261.07959024391863
-10,6,50.0
-10,5,306.5467920588343
-10,5,147.43396996486098
-9,5,190.10201598455603
-9,5,296.3195731240419
-8,5,120.69159716871276
-8,5,75.87596387859963
-8,4,111.12653984535025
-8,4,259.3745113544007
-8,3,256.52944699027995
-8,3,347.7712709130703
-8,2,198.60707436899233
-8,2,116.66645389608476
-8,1,139.55291678914523
-8,1,261.12381037122145
-7,1,153.28022419496097
-7,1,238.78910351977567
-7,0,690.1241317593949
-7,0,242.51538340872003
-7,-1,407.9009027811173
-7,-1,258.8037308631704
-7,-2,145.15218465027297
-7,-2,431.82653881679795
-6,-2,422.6910246608079
-6,-2,50.0
-6,-3,301.95588587695624
-6,-3,159.8142850582388
-6,-4,245.86992619186884
-6,-4,254.76657899957954
-5,-4,245.23601984733753
-5,-4,78.88709796713326
-4,-4,260.82815290773453
-4,-4,531.1837480464744
-3,-4,80.07808432892341
-3,-4,307.13720096607506
-3,-3,115.06146216915403
-3,-3,466.91680085995984
-3,-4,716.9551093184276
-3,-4,218.05737263887556
-3,-3,138.03501952457717
-3,-3,276.98921756225883
-3,-4,414.8531983130192
-3,-4,300.626041376005
-3,-5,288.3298559973505
-3,-5,168.28607683329153
-4,-5,205.5234562846739
-4,-5,185.86285284799365
-3,-5,270.71548888377606
-3,-5,382.9649170040603
-2,-5,286.5004236238282
-2,-5,347.652636047166
-2,-6,301.18414026513693
-2,-6,268.9027902539172
-1,-6,339.23914577801975
-1,-6,65.04947012114789
-1,-7,312.549260309264
-1,-7,354.4906992573694
0,-7,277.809877449858
0,-7,204.42370680448758
0,-8,409.030458717481
0,-8,273.26411803803865
-1,-8,540.9286901166827
-1,-8,295.6540019622431
-2,-8,90.37006185756476
-2,-8,50.0
-3,-8,311.5632952232862
-3,-8,322.5157981537361
-2,-8,193.62425618574852
-2,-8,297.03914923780155
-1,-8,258.8540632534695
-1,-8,265.48730408514393
-2,-8,544.9074628210565
-2,-8,330.056416250888
-3,-8,177.65081671258702
-3,-8,305.33708086881677
-4,-8,229.0643190716533
-4,-8,93.75291677717311
-3,-8,269.7552295061521
-3,-8,121.30867072713924
-4,-8,321.6789707891905
-4,-8,88.25800401471143
-3,-8,220.06707831910714
-3,-8,202.1311416343289
-4,-8,418.73565714283
-4,-8,572.886414952388
-3,-8,112.77031535714359
-3,-8,193.09359728707685
-2,-8,260.6944348794253
-2,-8,259.30191013814596
-3,-8,269.25427620538966
-3,-8,393.88174116071434
-4,-8,462.40169743008414
-4,-8,86.44906421468806
-5,-8,105.99782471840716
-5,-8,205.9720355414598
-6,-8,312.92275535009816
-6,-8,72.6230632644747
-5,-8,162.3246083518468
-5,-8,183.72921922610823
-6,-8,51.71346548901357
-6,-8,244.35611608737028
-5,-8,207.8071829275827
-5,-8,265.6061901042823
-6,-8,99.45700716535188
-6,-8,231.43777955852073
-7,-8,411.8414113013852
-7,-8,85.56669703231177
-6,-8,213.10276534660326
-6,-8,179.37336754154572
-5,-8,383.56190393588656
-5,-8,389.5670937559451
-6,-8,193.03909627220847
-6,-8,264.8058793659888
-7,-8,97.87050741156901
-7,-8,417.13596319594933
-8,-8,335.71830230879107
-8,-8,505.87053627670286
-9,-8,50.0
-9,-8,122.43019723298727
-10,-8,261.7817869172247
-10,-8,50.0
-11,-8,50.0
-11,-8,50.0
-12,-8,263.08237900337065
-12,-8,183.31703888865135
-11,-8,91.93526353106206
-11,-8,245.15828114557328
-12,-8,111.06088608934371
-12,-8,129.28158360331074
-13,-8,110.15579763442474
-13,-8,50.0
-14,-8,79.27323469675967
-14,-8,187.33566220147566
-15,-8,368.721356738064
-15,-8,284.30581844962944
-16,-8,306.83112500795505
-16,-8,212.36524607328
-17,-8,50.0
-17,-8,108.45049573628984
-16,-8,140.05391280304917
-16,-8,141.2553603249399
-15,-8,65.14250961696592
-15,-8,83.48638582584466
-15,-7,65.60397061442755
-15,-7,194.89833559193622
-14,-7,128.17868076963435
-14,-7,94.1005680326821
-14,-8,297.3281645988773
-14,-8,296.52191631416963
-13,-8,50.0
-13,-8,53.67018951693632
-12,-8,50.0
-12,-8,50.0
-11,-8,164.97998207686445
-11,-8,50.0
-11,-7,50.0
-11,-7,260.06050349066413
-10,-7,243.16360487203974
-10,-7,198.41238378640898
-9,-7,304.26451070046835
-9,-7,50.0
-10,-7,50.0
-10,-7,50.0
-9,-7,308.5316176713429
-9,-7,244.15917701474328
-9,-8,64.07899333973565
-9,-8,230.28286999952002
-9,-7,366.7642025794299
-9,-7,339.4052200842116
-8,-7,248.3073652654275
-8,-7,125.7790503061173
-7,-7,216.19365798571414
-7,-7,431.2320548331657
-7,-8,222.29625447719178
-7,-8,177.69168745173397
-6,-8,108.821303752682
-6,-8,212.33697102405523
-5,-8,151.75035387353648
-5,-8,553.4182206757138
-5,-9,361.9351266660018
-5,-9,155.2220178237971
-6,-9,282.79581093345956
-6,-9,50.0
-5,-9,210.43170748281707
-5,-9,50.0
-4,-9,149.7354281622428
-4,-9,328.1683616987249
-5,-9,121.02271106044216
-5,-9,268.0661463343883
-4,-9,374.64933839970706
-4,-9,216.6503369170976
-3,-9,224.19704907155403
-3,-9,434.2337118551609
-3,-10,385.89025945248625
-3,-10,333.8426321136355
-3,-11,50.0
-3,-11,50.0
-2,-11,267.03557707221455
-2,-11,347.20632570046587
-1,-11,89.46721247216392
-1,-11,175.77620150451511
0,-11,358.98302022572534
0,-11,50.0
1,-11,58.45724269050393
1,-11,150.53340990396035
0,-11,261.10050497166753
0,-11,91.67281526649427
1,-11,233.0590215694005
1,-11,235.24764449680487
1,-12,168.34174483889976
1,-12,158.58099046786577
0,-12,86.9132052732088
0,-12,227.00554454176591
-1,-12,50.0
-1,-12,472.7840395893328
0,-12,333.79208396072704
0,-12,397.88976252214496
0,-13,232.23169160062662
0,-13,152.3900119622737
1,-13,50.0
1,-13,50.0
2,-13,259.72395677018494
2,-13,241.11265025545998
2,-14,190.02227970689705
2,-14,50.0
3,-14,50.0
3,-14,221.27723032417884
4,-14,155.31212165468406
4,-14,241.27758327801646
5,-14,192.80384079915598
5,-14,74.77700071009724
6,-14,164.72738726445994
6,-14,50.0
6,-15,50.0
6,-15,364.9520087531306
7,-15,181.68683402013386
7,-15,50.0
7,-14,50.0
7,-14,379.012071566286
6,-14,118.95849401268762
6,-14,88.80408101819786
7,-14,74.66066271599945
7,-14,201.12772696563275
8,-14,50.0
8,-14,50.0
9,-14,50.0
9,-14,50.0
10,-14,453.2040703499437
10,-14,90.77927301301533
11,-14,50.0
11,-14,146.15589279429457
12,-14,74.05937141707983
12,-14,76.87283013786782
13,-14,50.0
13,-14,50.0
14,-14,152.02883575199593
14,-14,50.0
14,-15,50.0
14,-15,50.0
15,-15,50.0
15,-15,50.0
14,-15,147.3078502077712
14,-15,50.0
14,-16,65.20479373625201
14,-16,50.0
14,-17,50.0
14,-17,50.0
14,-16,50.0
14,-16,50.0
15,-16,50.0
15,-16,50.0
16,-16,50.0
16,-16,50.0
16,-17,60.31423500778456
16,-17,107.45722993629316
16,-18,69.61499169290232
16,-18,107.78987774174001
16,-19,50.0
16,-19,50.0
16,-20,50.0
16,-20,50.0
17,-20,50.0
17,-20,50.0
18,-20,50.0
18,-20,50.0
19,-20,50.0
19,-20,50.0
20,-20,50.0
20,-20,50.0
20,-19,50.0
20,-19,118.50137278941966
20,-18,50.0
20,-18,50.0
20,-17,50.0
20,-17,50.0
20,-16,50.0
20,-16,50.0
20,-17,50.0
20,-17,50.0
20,-18,50.0
20,-18,50.0
20,-17,50.0
20,-17,50.0
20,-16,50.0
20,-16,50.0
20,-15,50.0
20,-15,50.0
20,-14,50.0
20,-14,145.17130162444477
20,-13,50.0
20,-13,50.0
20,-12,50.0
20,-12,50.0
20,-11,50.0
20,-11,222.28601296325715
20,-10,50.0
20,-10,55.24844697854448
20,-9,50.0
20,-9,50.0
20,-8,50.0
20,-8,137.42381098656134
19,-8,50.0
19,-8,50.0
18,-8,50.0
18,-8,50.0
17,-8,73.80381055366637
17,-8,76.16989437320059
16,-8,50.0
16,-8,225.7697912931598
15,-8,50.0
15,-8,50.0
14,-8,50.0
14,-8,79.80055500989067
13,-8,50.0
13,-8,165.70781106750664
12,-8,189.3231839728347
12,-8,184.3002738485779
11,-8,50.0
11,-8,159.4636514009136
10,-8,389.7966343169335
10,-8,50.0
10,-7,234.20508500021865
10,-7,201.4035818864228
9,-7,303.1866486233447
9,-7,66.21385129401136
8,-7,50.0
8,-7,269.10952101098195
7,-7,116.6167116884038
7,-7,277.3675166480854
7,-8,155.53518249069793
7,-8,176.49365709390398
6,-8,132.4833076589215
6,-8,212.19494977447155
5,-8,211.57833016570393
5,-8,285.0934360068846
6,-8,50.0
6,-8,259.4194921707371
6,-9,235.18033716966556
6,-9,421.96824310545975
5,-9,656.7683531023233
5,-9,257.98067276887275
4,-9,307.4895119815453
4,-9,454.31556525430483
3,-9,50.0
3,-9,50.0
4,-9,330.87280007692993
4,-9,420.3544321761075
5,-9,50.0
5,-9,170.333153336471
4,-9,50.0
4,-9,301.95820744606056
4,-10,434.4038970100716
4,-10,137.21823654915633
3,-10,110.32419952870762
3,-10,490.6715517264483
4,-10,265.1822293127508
4,-10,261.2354344885114
4,-11,128.3729625843969
4,-11,191.42255062732158
3,-11,257.2362902953446
3,-11,170.63130006906056
2,-11,50.0
2,-11,301.6338565803323
1,-11,365.99953239678496
1,-11,50.0
0,-11,184.18797534531242
0,-11,549.594013992637
-1,-11,225.41864214400061
-1,-11,266.7179913666465
-1,-12,50.0
-1,-12,206.67375923335584
-2,-12,50.0
-2,-12,377.39029617003035
-3,-12,129.60627670437287
-3,-12,76.33588853491761
-3,-13,145.08569498069113
-3,-13,100.28030517318543
-4,-13,167.40596096941414
-4,-13,315.2278428391898
-5,-13,320.5398464673942
-5,-13,70.74851172585741
-6,-13,109.96020983092797
-6,-13,56.62738688634943
-5,-13,138.7614321633907
-5,-13,357.7887384743191
-6,-13,189.18698500357021
-6,-13,221.34528515871455
-6,-14,50.0
-6,-14,172.18450624843217
-7,-14,50.0
-7,-14,182.66395039967637
-6,-14,329.2236770731722
-6,-14,198.10734188351387
-7,-14,50.0
-7,-14,341.1548503317829
-7,-15,248.65727280377402
-7,-15,80.17791579175565
-8,-15,50.0
-8,-15,333.8251156260892
-9,-15,50.0
-9,-15,136.91302330957848
-10,-15,264.4371515696075
-10,-15,50.0
-11,-15,206.14085425462517
-11,-15,53.1094187660664
-10,-15,135.87850809186835
-10,-15,307.9338991528342
-11,-15,81.69612705440832
-11,-15,93.93833963531698
-12,-15,50.0
-12,-15,50.0
-13,-15,77.54950662597705
-13,-15,111.74923744627834
-14,-15,423.16999429441915
-14,-15,50.0
-15,-15,50.0
-15,-15,50.0
-15,-16,50.0
-15,-16,256.1611544006672
-16,-16,50.0
-16,-16,50.0
-17,-16,58.58447085788204
-17,-16,50.0
-18,-16,50.0
-18,-16,50.0
-19,-16,50.0
-19,-16,50.0
-20,-16,50.0
-20,-16,127.20523458701433
-19,-16,50.0
-19,-16,50.0
-19,-17,50.0
-19,-17,50.0
-18,-17,50.0
-18,-17,50.0
-18,-16,50.0
-18,-16,95.90712662870982
-17,-16,50.0
-17,-16,50.0
-16,-16,50.0
-16,-16,303.187405600921
-15,-16,50.0
-15,-16,70.73665211190958
-15,-15,189.40073133498421
-15,-15,50.0
-14,-15,50.0
-14,-15,467.6030182795353
-13,-15,50.0
-13,-15,50.0
-12,-15,50.0
-12,-15,50.0
-12,-16,50.0
-12,-16,295.96337679545445
-12,-15,50.0
-12,-15,50.0
-13,-15,271.76044514680837
-13,-15,56.26473106751546
-12,-15,162.2695587138087
-12,-15,50.0
-11,-15,53.50613700587802
-11,-15,64.59211834139788
-10,-15,50.0
-10,-15,50.0
-9,-15,98.97178969103211
-9,-15,50.0
-8,-15,223.08360686509664
-8,-15,50.0
-9,-15,50.0
-9,-15,50.0
-9,-16,50.0
-9,-16,82.01138066941165
-9,-15,80.67540943979104
-9,-15,50.0
-8,-15,50.0
-8,-15,79.57509989413197
-8,-14,113.51802828463921
-8,-14,50.0
-7,-14,112.60704263489794
-7,-14,50.0
-6,-14,293.75976259895486
-6,-14,50.0
-5,-14,296.3822023178371
-5,-14,86.48346610332185
-5,-13,111.9166214341638
-5,-13,435.9734813887621
-4,-13,117.21972192816398
-4,-13,229.8805755572463
-3,-13,107.06835930117609
-3,-13,50.0
-2,-13,72.00381702602151
-2,-13,115.82010260327053
-1,-13,180.28269810922555
-1,-13,307.42517772241075
-1,-12,87.27951515036926
-1,-12,297.85552775570216
-2,-12,347.49996327690394
-2,-12,50.0
-1,-12,133.36607169927478
-1,-12,50.0
-1,-11,260.71179491687656
-1,-11,199.24386422785125
-1,-12,149.72884817353082
-1,-12,217.1999714977007
-2,-12,305.3244659734238
-2,-12,239.61863701041858
-1,-12,542.6703535643086
-1,-12,171.30016417751926
-1,-11,60.768871202080135
-1,-11,466.26068576463126
0,-11,398.706412757567
0,-11,304.55500181709203
0,-10,636.9511318312042
0,-10,121.43628405511787
0,-9,364.497077033149
0,-9,302.30277699303144
-1,-9,115.66569444650204
-1,-9,50.0
0,-9,119.84571993836349
0,-9,207.580522128283
1,-9,50.0
1,-9,109.50383705374233
0,-9,62.50342052374114
0,-9,141.40209725062195
-1,-9,50.0
-1,-9,318.537306597287
0,-9,112.1608194116518
0,-9,146.73762501672087
-1,-9,305.39353265693074
-1,-9,51.72052750752374
0,-9,452.6854646742451
0,-9,279.29875020959975
1,-9,196.68293066107572
1,-9,50.0
2,-9,158.79622775831865
2,-9,110.7583396399867
2,-8,114.37341451740974
2,-8,170.93331855219844
3,-8,197.2915049856476
3,-8,244.66540359843478
4,-8,111.90328670416889
4,-8,521.3555885658525
4,-9,153.32219318403685
4,-9,271.8962532674872
3,-9,347.8842944344759
3,-9,259.3747928281497
2,-9,274.2258375586638
2,-9,258.4636521030679
1,-9,70.43915182627308
1,-9,291.834943979034
1,-10,309.73471341726383
1,-10,407.44990484976506
0,-10,344.9171796036871
0,-10,93.39677920190441
0,-11,386.0760479759115
0,-11,343.38892967853985
0,-12,250.06996111944153
0,-12,127.83157775217383
0,-11,50.0
0,-11,156.8515824707805
1,-11,502.41236171409196
1,-11,50.0
1,-12,201.3169260103058
1,-12,50.0
2,-12,52.57431387867689
2,-12,61.40486061875907
2,-11,162.92918415668152
2,-11,356.3652556201076
2,-10,189.02563896723862
2,-10,190.3727862435561
2,-9,442.0342341741375
2,-9,204.36973176672768
3,-9,136.8559949907226
3,-9,361.6913632625366
2,-9,118.57418555589074
2,-9,186.40054225597257
2,-8,381.7922304806659
2,-8,50.0
2,-9,50.0
2,-9,142.66587406789372
3,-9,119.97217561900189
3,-9,325.5628558698993
3,-8,316.9744875452149
3,-8,50.0
4,-8,248.73664301919942
4,-8,243.45787692592896
5,-8,50.0
5,-8,59.11162382771869
6,-8,298.1558794332678
6,-8,411.14333489480333
6,-7,126.52752431043783
6,-7,238.38733149909635
6,-6,151.08520522604238
6,-6,223.72817786522208
7,-6,273.38074880968276
7,-6,263.4477806071976
7,-7,498.8437441088381
7,-7,265.43164819802934
6,-7,365.5717831983247
6,-7,181.21710551315607
7,-7,278.6787459248144
7,-7,325.21149895758623
8,-7,103.41821620052383
8,-7,227.29254561835802
8,-6,245.0742328035387
8,-6,241.56397118892022
7,-6,366.3377463116914
7,-6,50.0
7,-5,370.46801726729814
7,-5,262.5726044245258
7,-4,273.58341858092905
7,-4,280.5591617549121
8,-4,224.1062656971784
8,-4,50.0
9,-4,50.0
9,-4,171.48974283329056
9,-3,137.2811141105721
9,-3,204.33868512756644
9,-2,50.0
9,-2,188.08323991654905
10,-2,161.8633793084686
10,-2,50.0
9,-2,50.0
9,-2,151.50950779595547
10,-2,291.09551176103196
10,-2,260.57120174523465
10,-1,307.1585112288131
10,-1,475.85061581914516
11,-1,181.7634270390883
11,-1,135.55738397462622
11,0,344.79917262684717
11,0,50.0
12,0,312.71840423776655
12,0,329.40500879426315
12,1,163.38572328756422
12,1,50.0
12,2,434.22689121468886
12,2,50.0
13,2,177.56786521155598
13,2,192.62475631503526
13,3,430.9782921007726
13,3,225.19845069080714
12,3,65.67216887790585
12,3,519.6960641499066
12,4,120.49443104662097
12,4,50.0
13,4,217.6085535834303
13,4,178.38370075953924
12,4,50.0
12,4,230.42345265725336
12,5,299.9993479370977
12,5,153.37132881582522
13,5,187.39714330170474
13,5,258.39903837888664
14,5,53.09212844793766
14,5,50.0
13,5,218.11838961445326
13,5,144.3604735929447
13,4,50.0
13,4,50.0
14,4,147.30665650668445
14,4,110.74427183667102
14,5,50.0
14,5,204.71482981260232
15,5,102.83830096200896
15,5,152.78538771158284
16,5,55.26547518665164
16,5,155.69821014546437
17,5,74.13284489681435
17,5,50.0
18,5,146.66421658360053
18,5,204.09015426267302
18,6,197.29465334755912
18,6,50.0
18,7,124.29839673763475
18,7,97.29484260961675
18,8,50.0
18,8,50.0
19,8,211.07063102725562
19,8,50.0
20,8,50.0
20,8,121.46698304867331
19,8,50.0
19,8,64.61350093440419
18,8,149.53688075739007
18,8,130.22802163814168
17,8,98.5480233953406
17,8,50.0
16,8,116.518082681925
16,8,259.6704957751413
15,8,59.99744664248941
15,8,50.0
14,8,50.0
14,8,171.3152347200479
13,8,284.5808457453836
13,8,56.394566744452675
12,8,50.0
12,8,245.55036248472976
12,9,50.0
12,9,50.0
12,8,95.42648880958215
12,8,50.0
12,7,140.853700807485
12,7,50.0
12,6,50.0
12,6,155.9167931808197
12,5,156.83531459484084
12,5,267.7737668007847
12,4,335.40668099146717
12,4,204.47398370723232
12,3,354.8441260337297
12,3,460.23123032451576
13,3,366.8258609149641
13,3,395.63737305832507
12,3,106.29400558044844
12,3,150.63114432395906
13,3,253.1797818730046
13,3,316.78481184767725
14,3,50.0
14,3,150.88380691215465
13,3,318.60421188247346
13,3,50.0
14,3,104.49116791632494
14,3,111.84990418350208
13,3,139.25560694547005
13,3,226.69805384966378
13,2,171.53658896265313
13,2,50.0
13,1,165.70880995754897
13,1,54.28318853863178
