16,-15,50.0
16,-15,50.0
16,-14,50.0
16,-14,50.0
16,-13,69.05622360633731
16,-13,50.0
16,-12,50.0
16,-12,50.0
16,-11,61.522571024477
16,-11,122.63065633863086
15,-11,198.50069996851326
15,-11,124.24966579946233
14,-11,57.24478089752988
14,-11,304.70843067427165
15,-11,50.0
15,-11,195.9482912891188
14,-11,153.5870615671961
14,-11,50.0
14,-10,50.0
14,-10,50.0
13,-10,314.8703545861146
13,-10,50.297323921542684
12,-10,230.35937295259794
12,-10,54.6287505291359
11,-10,50.0
11,-10,201.8352981159154
11,-9,107.4201148888648
11,-9,50.0
12,-9,55.58117095554688
12,-9,50.0
12,-8,308.2218625922892
12,-8,506.2210297936569
11,-8,381.67964823061436
11,-8,172.17216530004498
11,-7,109.77503017196474
11,-7,248.62947836557657
10,-7,238.0959210117387
10,-7,50.0
9,-7,72.55245548810842
9,-7,80.99225374157066
8,-7,390.38572134627645
8,-7,107.51264910726047
8,-6,125.04120816958655
8,-6,252.7892775289419
8,-5,420.7492240210271
8,-5,65.26679802726214
8,-4,323.66871071042203
8,-4,128.4336878293857
7,-4,324.81761489350913
7,-4,164.74111597908558
7,-5,83.69839945652792
7,-5,360.0847910624552
7,-4,50.0
7,-4,232.3217778270138
8,-4,140.4078285789525
8,-4,127.37502595752255
7,-4,51.150170545778735
7,-4,113.92367146608672
6,-4,213.95071927264945
6,-4,192.1615757383705
6,-3,50.0
6,-3,293.58895257070617
5,-3,352.7060110407465
5,-3,234.1456181075735
4,-3,107.55401842758405
4,-3,204.59557480600148
4,-2,249.30670969381217
4,-2,206.81481821748014
4,-1,394.71246796139377
4,-1,393.0373372166145
5,-1,490.94670050949117
5,-1,316.23470520874776
4,-1,221.04040251566693
4,-1,281.9992146490567
3,-1,716.0780580457692
3,-1,259.727391020773
2,-1,454.0929310137869
2,-1,235.71529582148557
2,0,172.28190923213884
2,0,318.95710573422014
2,1,292.46324141622205
2,1,271.069552134175
2,2,256.79204224995317
2,2,312.16463819125113
1,2,381.4727971389821
1,2,270.8154742823127
0,2,442.88490822937524
0,2,319.4889886887148
0,3,705.3732438911611
0,3,743.0642182737304
-1,3,225.39089595996745
-1,3,439.7508041761051
0,3,285.3117679812631
0,3,212.05802253906117
-1,3,376.2646694772465
-1,3,162.1931381065616
-2,3,582.7112811755262
-2,3,431.93441784709574
-2,4,280.8070935695548
-2,4,268.3833035388294
-2,5,259.7745796831117
-2,5,536.1506241305997
-2,6,315.8385487217208
-2,6,165.6794125656785
-1,6,315.82489653416474
-1,6,310.3730583584163
0,6,455.54648782802224
0,6,338.16537093369107
-1,6,657.240062140094
-1,6,146.32387570461765
-2,6,289.58164019038037
-2,6,268.89693408654796
-1,6,282.9717894086573
-1,6,292.16065390937143
-2,6,274.214482891173
-2,6,353.9711286257106
-2,7,388.5296020802746
-2,7,496.3520779275201
-1,7,191.7881338235944
-1,7,293.6871938904225
-2,7,347.48863972276274
-2,7,508.64793847239355
-1,7,368.5512897861619
-1,7,308.36385554150485
-2,7,334.2009683395391
-2,7,175.5987089715917
-2,6,50.0
-2,6,399.9263076411339
-3,6,398.49523491847344
-3,6,223.8721419001887
-3,7,184.43161249388254
-3,7,286.48391190389816
-4,7,665.734314709417
-4,7,225.8725439785335
-4,8,341.40435468704123
-4,8,315.16408670951324
-5,8,324.4701700303165
-5,8,474.31020305270647
-5,9,83.81794362085364
-5,9,274.45783259479987
-6,9,335.15120053035304
-6,9,157.4474008386597
-5,9,149.9629568570694
-5,9,50.0
-5,10,209.98883566711518
-5,10,112.86232511441652
-6,10,349.1075126149219
-6,10,94.29318838540118
-7,10,83.86073318611159
-7,10,286.894774525353
-8,10,154.1552135635678
-8,10,50.0
-9,10,101.45062176931526
-9,10,230.30489046009652
-10,10,111.39846107096812
-10,10,376.59564392575885
-11,10,147.7881940016347
-11,10,50.0
-12,10,73.34070276156382
-12,10,70.85243290976561
-13,10,265.754025486768
-13,10,50.0
-13,9,50.0
-13,9,254.03354867913424
-13,10,254.46781044278745
-13,10,232.46918946530218
-12,10,326.52053111988664
-12,10,244.882305248781
-12,11,247.98304442970206
-12,11,231.43682838731365
-13,11,226.0630406327448
-13,11,50.0
-13,10,116.29465298402553
-13,10,70.28826559526046
-13,11,343.7665638891518
-13,11,71.65612179612307
-14,11,278.1656003984482
-14,11,124.43020079655597
-15,11,254.6212483467876
-15,11,50.0
-15,12,50.0
-15,12,77.5561952508882
-16,12,50.0
-16,12,183.9834893680345
-16,11,156.10301477169546
-16,11,257.02175304911805
-15,11,116.58985994496174
-15,11,93.0499045818135
-16,11,50.0
-16,11,86.95958956317294
-15,11,102.38580630660881
-15,11,50.0
-15,10,242.3827886264009
-15,10,50.0
-14,10,88.83245344292645
-14,10,139.71636474619774
-14,11,50.0
-14,11,162.7222035998873
-14,12,177.91114180763162
-14,12,50.0
-14,11,139.26425926303062
-14,11,146.97419295437442
-13,11,50.0
-13,11,90.71300343858371
-12,11,108.26227304222515
-12,11,50.0
-12,10,245.24399420830912
-12,10,73.59458631123663
-12,9,168.67096309105358
-12,9,213.75958186164746
-11,9,50.0
-11,9,109.71347015271277
-11,8,117.75901423704298
-11,8,240.67066537787497
-11,7,72.98079684308506
-11,7,121.45531812098676
-11,8,227.37089066999488
-11,8,144.06712041540052
-11,7,360.31599531686396
-11,7,50.0
-12,7,260.0106712771008
-12,7,50.0
-12,8,50.0
-12,8,203.49501040216205
-13,8,170.69022149099536
-13,8,332.0584679717306
-12,8,175.01959126258922
-12,8,277.13193000892693
-12,9,50.0
-12,9,402.5072310203511
-11,9,50.0
-11,9,252.84901432460686
-11,8,50.0
-11,8,198.62809815205011
-10,8,50.0
-10,8,86.80808875701868
-10,7,126.26994948087476
-10,7,144.2104028919783
-9,7,107.24047545395018
-9,7,100.26057324555586
-9,8,293.68100304442106
-9,8,129.52965843463875
-10,8,318.61268779990985
-10,8,50.0
-10,7,208.23575436958657
-10,7,306.0153915359124
-9,7,111.04188143648304
-9,7,207.17457732133641
-10,7,142.33035392542234
-10,7,145.46011492759257
-10,6,192.3144940029415
-10,6,186.8184455969611
-10,5,310.5763272910904
-10,5,373.66155798199895
-9,5,234.02062688720946
-9,5,387.43528807093145
-8,5,187.36971792252666
-8,5,217.4680992705737
-8,4,76.4928828846262
-8,4,352.1093387738001
-8,3,134.24429617573574
-8,3,136.11474157709875
-8,2,110.60561776803124
-8,2,252.3844555107
-8,1,552.0644625731113
-8,1,50.0
-7,1,291.9641358283453
-7,1,201.87207472972716
-7,0,257.3493632297797
-7,0,504.6654641944788
-7,-1,307.1218360615036
-7,-1,232.1150228102752
-7,-2,451.1738530402983
-7,-2,233.6268128255819
-6,-2,492.8992460943731
-6,-2,301.81036236479173
-6,-3,70.1812417807335
-6,-3,315.6916316570267
-6,-4,252.71644823901514
-6,-4,94.04040469849194
-5,-4,276.3214279349926
-5,-4,519.4483499869848
-4,-4,243.68621609822065
-4,-4,98.33646911557747
-3,-4,486.19805887464275
-3,-4,360.33133558228565
-3,-3,509.1864992821062
-3,-3,267.8116662433433
-3,-4,123.55393803311202
-3,-4,399.1618543711483
-3,-3,204.46736034969413
-3,-3,284.9728830113352
-3,-4,230.24550094732018
-3,-4,250.3451774958522
-3,-5,252.5052980354214
-3,-5,181.65966172634018
-4,-5,138.03599890998268
-4,-5,320.1083156958651
-3,-5,358.22530219582455
-3,-5,329.01934187133656
-2,-5,50.0
-2,-5,160.42756096218383
-2,-6,106.33894270007144
-2,-6,50.0
-1,-6,75.21262313442958
-1,-6,264.40871234595795
-1,-7,184.80334362502626
-1,-7,313.7154905223556
0,-7,363.11026713621345
0,-7,219.15744181095212
0,-8,407.7781512819572
0,-8,348.5502345109537
-1,-8,86.62120335874013
-1,-8,86.12592576707212
-2,-8,468.67643000059934
-2,-8,234.7996119167808
-3,-8,88.41642628239299
-3,-8,89.44388490688652
-2,-8,50.0
-2,-8,607.8102743207253
-1,-8,343.5541523884571
-1,-8,159.226212684485
-2,-8,50.0
-2,-8,326.1764594685834
-3,-8,300.1968208160262
-3,-8,147.69186118780226
-4,-8,162.24643465668623
-4,-8,159.5901943496151
-3,-8,379.07538359836593
-3,-8,330.1384156117323
-4,-8,50.0
-4,-8,242.96254887810915
-3,-8,157.74619882029197
-3,-8,82.24736074174777
-4,-8,424.874684590765
-4,-8,396.6182454360961
-3,-8,190.75717440069985
-3,-8,281.61779954580805
-2,-8,188.00242135414146
-2,-8,210.8069551356374
-3,-8,175.1433001035059
-3,-8,253.9776874389846
-4,-8,236.57662946363286
-4,-8,297.67712790129644
-5,-8,185.20762889220157
-5,-8,269.403680232043
-6,-8,223.90276608706802
-6,-8,222.04531982415926
-5,-8,457.09486013912556
-5,-8,312.8130197602237
-6,-8,151.81481351989868
-6,-8,117.7503293398935
-5,-8,346.0560994620771
-5,-8,487.7767591001508
-6,-8,74.93115555355055
-6,-8,276.2681886361531
-7,-8,50.0
-7,-8,272.6370698196418
-6,-8,128.30305951231207
-6,-8,540.8238005227515
-5,-8,245.33547772862732
-5,-8,50.0
-6,-8,160.0412659281401
-6,-8,202.91735604420265
-7,-8,130.06873798391504
-7,-8,75.70619535306182
-8,-8,50.0
-8,-8,50.0
-9,-8,116.2898748731515
-9,-8,228.54893158160988
-10,-8,263.47417779918493
-10,-8,190.49828044965136
-11,-8,172.18537385542825
-11,-8,253.72319777329454
-12,-8,108.56021894827941
-12,-8,50.0
-11,-8,202.25383710033637
-11,-8,60.95311088152192
-12,-8,154.12942802462032
-12,-8,140.00912737509134
-13,-8,218.02299276197604
-13,-8,50.0
-14,-8,486.7551396081755
-14,-8,252.81813489959083
-15,-8,412.9279266396959
-15,-8,190.23692544326863
-16,-8,50.0
-16,-8,301.324105994143
-17,-8,50.0
-17,-8,50.0
-16,-8,196.0925777550493
-16,-8,50.0
-15,-8,327.7060311486964
-15,-8,349.45309342581214
-15,-7,96.05281068740702
-15,-7,50.0
-14,-7,138.34828000781226
-14,-7,50.0
-14,-8,224.40353909938648
-14,-8,50.0
-13,-8,60.07633728538282
-13,-8,108.90338567582391
-12,-8,88.58173689162558
-12,-8,153.09727407006292
-11,-8,244.63803033344183
-11,-8,50.0
-11,-7,427.99194378007365
-11,-7,131.55523399546533
-10,-7,50.0
-10,-7,112.24503662521555
-9,-7,54.581939157773306
-9,-7,50.0
-10,-7,50.0
-10,-7,182.6032987516585
-9,-7,98.4231138614108
-9,-7,76.15481256129917
-9,-8,381.57071813672496
-9,-8,221.77065617947457
-9,-7,115.92823395269087
-9,-7,50.0
-8,-7,204.23333874087248
-8,-7,50.0
-7,-7,193.72483717466446
-7,-7,145.13832470582008
-7,-8,85.74862518904911
-7,-8,140.13013096034194
-6,-8,163.76837924165133
-6,-8,363.2869316090964
-5,-8,265.9321371294587
-5,-8,248.53497224289652
-5,-9,51.21599573381505
-5,-9,328.2148280044498
-6,-9,346.0886252578565
-6,-9,208.73225782142592
-5,-9,208.78587007795434
-5,-9,224.81541674540563
-4,-9,163.0895305655668
-4,-9,54.55952699081439
-5,-9,204.22472384029842
-5,-9,353.3468012859898
-4,-9,96.67100728741443
-4,-9,110.82562858871876
-3,-9,50.0
-3,-9,334.3851050202225
-3,-10,188.4367101515279
-3,-10,448.1064361755199
-3,-11,264.4613071051573
-3,-11,126.6017758196557
-2,-11,393.12701152169484
-2,-11,248.22965655001315
-1,-11,332.65098801609815
-1,-11,251.0394371974375
0,-11,126.23721121951985
0,-11,252.69767247048097
1,-11,247.02949303475424
1,-11,212.55682243509585
0,-11,185.4368928167865
0,-11,205.27046045472656
1,-11,241.7438448246591
1,-11,380.2846671876515
1,-12,50.0
1,-12,50.0
0,-12,358.42758150446326
0,-12,200.09680096276108
-1,-12,136.31969839087105
-1,-12,313.9245150618245
0,-12,154.29103317111526
0,-12,172.57330364361636
0,-13,267.75678987791804
0,-13,267.3221542699226
1,-13,226.56333162726966
1,-13,50.0
2,-13,439.6875160359242
2,-13,71.17089688876834
2,-14,50.0
2,-14,105.15419401967397
3,-14,50.0
3,-14,59.07962500434142
4,-14,50.0
4,-14,323.6607526566153
5,-14,133.5057958759638
5,-14,94.0127095668823
6,-14,102.78819263742966
6,-14,50.0
6,-15,50.0
6,-15,102.46939235450134
7,-15,50.0
7,-15,88.92096162547428
7,-14,125.48632076169959
7,-14,343.1862991507445
6,-14,50.0
6,-14,97.99747620119012
7,-14,50.0
7,-14,50.0
8,-14,136.355954449487
8,-14,127.0169906007433
9,-14,131.47499481452257
9,-14,50.0
10,-14,50.0
10,-14,51.443998002580315
11,-14,50.0
11,-14,82.34786163678913
12,-14,50.0
12,-14,50.0
13,-14,75.64047403720225
13,-14,50.0
14,-14,50.0
14,-14,50.0
14,-15,50.0
14,-15,179.48482475130953
15,-15,50.0
15,-15,50.0
14,-15,66.28993830190768
14,-15,50.0
14,-16,50.0
14,-16,50.0
14,-17,50.0
14,-17,50.0
14,-16,50.0
14,-16,159.36781082054307
15,-16,50.0
15,-16,136.63687089303343
16,-16,199.57714913777977
16,-16,296.61588904873213
16,-17,50.0
16,-17,50.0
16,-18,50.0
16,-18,50.0
16,-19,50.0
16,-19,50.0
16,-20,50.0
16,-20,50.0
17,-20,50.0
17,-20,50.0
18,-20,50.0
18,-20,50.0
19,-20,50.0
19,-20,50.0
20,-20,50.0
20,-20,50.0
20,-19,50.0
20,-19,50.0
20,-18,50.0
20,-18,50.0
20,-17,50.0
20,-17,259.48949868155006
20,-16,239.25825240874997
20,-16,50.0
20,-17,50.0
20,-17,50.0
20,-18,50.0
20,-18,50.0
20,-17,150.0282911017501
20,-17,50.0
20,-16,50.0
20,-16,50.0
20,-15,50.0
20,-15,50.0
20,-14,50.0
20,-14,50.0
20,-13,50.0
20,-13,50.0
20,-12,50.0
20,-12,50.0
20,-11,232.56522527192124
20,-11,50.0
20,-10,50.0
20,-10,50.0
20,-9,50.0
20,-9,50.0
20,-8,50.0
20,-8,115.69123349607108
19,-8,50.0
19,-8,50.0
18,-8,197.89859568283828
18,-8,50.0
17,-8,50.0
17,-8,50.0
16,-8,189.062833901629
16,-8,50.0
15,-8,202.35152719905855
15,-8,95.35836671100444
14,-8,134.2171727058098
14,-8,196.75218074953344
13,-8,224.6434833114742
13,-8,50.0
12,-8,50.0
12,-8,135.4466220614177
11,-8,175.77640807119673
11,-8,159.99569021187713
10,-8,101.64470509737662
10,-8,50.0
10,-7,59.56520068215568
10,-7,477.7917855081399
9,-7,174.79724811017448
9,-7,109.04372887955171
8,-7,482.0798829953494
8,-7,291.88827112570624
7,-7,276.8114643061614
7,-7,147.7162023806643
7,-8,261.2725392213241
7,-8,171.45341974662458
6,-8,454.2399717992875
6,-8,221.96678516919135
5,-8,471.44764459185365
5,-8,343.5237456626926
6,-8,109.95941742794612
6,-8,165.53334185040643
6,-9,321.4327431578769
6,-9,154.20762744711683
5,-9,169.68513835255533
5,-9,321.7224181804722
4,-9,202.43310994246934
4,-9,106.29438413006383
3,-9,490.3797878979525
3,-9,151.75081236263753
4,-9,169.67594854125244
4,-9,335.8311355018333
5,-9,347.9230635308247
5,-9,138.50022180601752
4,-9,347.8235023945598
4,-9,150.13303987738573
4,-10,254.9361730099959
4,-10,185.82869258336407
3,-10,50.0
3,-10,369.8947898240432
4,-10,540.5835049517402
4,-10,352.10300490917564
4,-11,50.0
4,-11,114.08504061152594
3,-11,219.7065737808491
3,-11,133.39519685535478
2,-11,184.99189944245867
2,-11,50.0
1,-11,141.79709384137072
1,-11,179.4804785688093
0,-11,478.31437689212146
0,-11,217.31559134296265
-1,-11,184.57307391034382
-1,-11,83.53649531647508
-1,-12,587.454214846271
-1,-12,50.0
-2,-12,50.0
-2,-12,97.58371621656968
-3,-12,194.9214663701909
-3,-12,175.88645205021518
-3,-13,68.84372912816643
-3,-13,50.0
-4,-13,145.24544430443873
-4,-13,233.35170784216055
-5,-13,87.17015205713422
-5,-13,50.0
-6,-13,213.1117791260263
-6,-13,137.375217876725
-5,-13,444.89047659204243
-5,-13,187.83065270753116
-6,-13,216.94331000378546
-6,-13,50.0
-6,-14,71.33541557895734
-6,-14,50.0
-7,-14,228.58814646353818
-7,-14,324.7167650814964
-6,-14,50.0
-6,-14,252.28891239491696
-7,-14,316.82826639672055
-7,-14,50.0
-7,-15,50.0
-7,-15,92.7728234135257
-8,-15,205.17983810758534
-8,-15,50.0
-9,-15,55.29742542133804
-9,-15,380.74200120861275
-10,-15,85.28096788623975
-10,-15,85.92608501025867
-11,-15,50.0
-11,-15,217.24959668203948
-10,-15,257.0525206075115
-10,-15,107.56025431716508
-11,-15,50.0
-11,-15,50.0
-12,-15,50.0
-12,-15,101.73553307433535
-13,-15,50.0
-13,-15,192.11906526702728
-14,-15,50.0
-14,-15,140.5730953202178
-15,-15,50.0
-15,-15,50.0
-15,-16,50.0
-15,-16,50.0
-16,-16,50.0
-16,-16,50.0
-17,-16,50.10838707475063
-17,-16,137.62667963176787
-18,-16,50.0
-18,-16,50.0
-19,-16,50.0
-19,-16,50.0
-20,-16,63.55152082790822
-20,-16,50.0
-19,-16,50.0
-19,-16,50.0
-19,-17,50.0
-19,-17,50.0
-18,-17,50.0
-18,-17,50.0
-18,-16,142.9048813864069
-18,-16,214.66401238895224
-17,-16,151.45216862631517
-17,-16,50.0
-16,-16,50.0
-16,-16,50.0
-15,-16,50.0
-15,-16,90.82398263134104
-15,-15,165.0977351066809
-15,-15,50.0
-14,-15,225.06882966940617
-14,-15,50.0
-13,-15,50.0
-13,-15,50.0
-12,-15,246.03045860389304
-12,-15,50.0
-12,-16,88.26243931412871
-12,-16,120.8095231572581
-12,-15,50.0
-12,-15,58.548982395904375
-13,-15,114.68536968235561
-13,-15,50.0
-12,-15,317.27777054446267
-12,-15,50.0
-11,-15,50.0
-11,-15,50.0
-10,-15,50.0
-10,-15,50.0
-9,-15,223.93308619951057
-9,-15,83.81521056851005
-8,-15,50.0
-8,-15,166.9234722768109
-9,-15,50.0
-9,-15,150.41367961339347
-9,-16,137.19470730440324
-9,-16,50.0
-9,-15,164.11315855632972
-9,-15,500.5477531341565
-8,-15,50.0
-8,-15,268.00342230561046
-8,-14,301.10733179544917
-8,-14,50.0
-7,-14,113.88081985755841
-7,-14,58.183800888892684
-6,-14,111.12037711069172
-6,-14,253.58758035412592
-5,-14,50.0
-5,-14,134.43023838924415
-5,-13,201.03723619231894
-5,-13,158.49951260310718
-4,-13,356.4326050221658
-4,-13,363.5079114854197
-3,-13,349.69345711131353
-3,-13,415.10793648759943
-2,-13,50.0
-2,-13,50.0
-1,-13,50.0
-1,-13,302.3319471449088
-1,-12,212.49653662745698
-1,-12,70.48018184430885
-2,-12,65.03394300892182
-2,-12,106.00891326799399
-1,-12,120.16299523487565
-1,-12,71.64381929666976
-1,-11,50.0
-1,-11,207.62070294648618
-1,-12,50.0
-1,-12,300.6321322540453
-2,-12,73.08832689490544
-2,-12,227.63385167023097
-1,-12,293.6507152325807
-1,-12,205.0544730670124
-1,-11,80.13259333843216
-1,-11,255.29245110959695
0,-11,322.58257480309356
0,-11,50.0
0,-10,266.75246671887396
0,-10,156.08086246941292
0,-9,153.8285522328987
0,-9,175.25673851599126
-1,-9,50.0
-1,-9,59.87997758954131
0,-9,59.4833086736877
0,-9,293.9594594459305
1,-9,422.7001579307626
1,-9,190.2670387714441
0,-9,181.4950666369636
0,-9,444.43659013741126
-1,-9,174.4245627896802
-1,-9,50.0
0,-9,314.5656115764798
0,-9,333.76431335468766
-1,-9,115.44715440286498
-1,-9,142.24034384876438
0,-9,214.24276054765392
0,-9,112.5096867857203
1,-9,194.5379633154244
1,-9,227.1845212023419
2,-9,332.90789371770063
2,-9,331.8694658412456
2,-8,251.8708451247649
2,-8,271.0826704029471
3,-8,169.47908552466086
3,-8,181.17406373399422
4,-8,158.47774399794244
4,-8,188.86584578986376
4,-9,176.02882183419425
4,-9,62.3300536507943
3,-9,204.70058695667188
3,-9,424.29466012783996
2,-9,157.54252195560625
2,-9,346.15490772957264
1,-9,50.0
1,-9,293.41405474933197
1,-10,147.51996083274744
1,-10,241.89200748298444
0,-10,205.5834412562503
0,-10,93.64637413874944
0,-11,272.5326717548271
0,-11,247.84793484988356
0,-12,173.99071697137026
0,-12,135.45155206886355
0,-11,151.60222465864135
0,-11,100.72461151476823
1,-11,139.22643061288483
1,-11,286.4925163499531
1,-12,150.48458242521775
1,-12,199.6340469954607
2,-12,50.0
2,-12,225.62912360248086
2,-11,375.31704186284685
2,-11,106.619219671536
2,-10,332.9893212543511
2,-10,55.42787791727474
2,-9,168.93069760732698
2,-9,77.14387483470014
3,-9,119.88977225644618
3,-9,155.0189132320903
2,-9,274.2742452533837
2,-9,147.15370588975952
2,-8,375.0373144636461
2,-8,372.0891530656976
2,-9,141.63358817782336
2,-9,239.5721268446779
3,-9,107.15525074290332
3,-9,237.69514024021376
3,-8,182.00192362276223
3,-8,322.46542966800945
4,-8,230.03061956760646
4,-8,50.0
5,-8,141.32407059988637
5,-8,118.79949489155615
6,-8,68.07198796440694
6,-8,87.5448989153054
6,-7,80.35968766821824
6,-7,209.34531783177403
6,-6,165.58739315851267
6,-6,451.78951269453614
7,-6,55.139952131498035
7,-6,277.3980924718702
7,-7,347.4389741170179
7,-7,50.0
6,-7,50.0
6,-7,310.9840402783279
7,-7,190.49748756466897
7,-7,259.3096058780942
8,-7,129.56648043970858
8,-7,245.5032668673207
8,-6,304.94344097673
8,-6,343.80071972798316
7,-6,316.49253738518263
7,-6,314.8234033912493
7,-5,104.19225605356598
7,-5,218.11057413961754
7,-4,320.7631342117066
7,-4,164.07294829265768
8,-4,454.47624995956505
8,-4,437.1394453734846
9,-4,297.6065953889655
9,-4,258.31499109997037
9,-3,495.35888101041326
9,-3,235.68782808176135
9,-2,318.6781719539516
9,-2,158.87522318843645
10,-2,210.5915621438131
10,-2,328.9017797894635
9,-2,97.7414191110662
9,-2,205.89011571707138
10,-2,456.29208801173917
10,-2,417.759292721886
10,-1,50.0
10,-1,119.05195856831611
11,-1,179.48455331784658
11,-1,50.0
11,0,188.37965271715862
11,0,461.8648534943293
12,0,401.77328988245
12,0,620.0414430046608
12,1,296.4235007454249
12,1,489.7556296266325
12,2,386.2659912718318
12,2,283.7544161936553
13,2,503.56713456715954
13,2,310.91433290907327
13,3,277.6935891695531
13,3,50.0
12,3,128.21488744998047
12,3,373.35561563083553
12,4,72.29865820066792
12,4,199.81226219995153
13,4,50.0
13,4,50.0
12,4,80.56064198378223
12,4,67.75612970689629
12,5,81.03044870611919
12,5,415.7669149070799
13,5,149.692267930647
13,5,50.0
14,5,50.0
14,5,415.3552690208913
13,5,384.31169207276696
13,5,157.10207569539594
13,4,195.01701756772263
13,4,94.67605151935155
14,4,137.50513000980015
14,4,310.86157198179905
14,5,152.9401426321628
14,5,50.0
15,5,50.0
15,5,50.0
16,5,51.99703103836241
16,5,50.0
17,5,50.0
17,5,151.42716763437556
18,5,50.0
18,5,275.26228727893954
18,6,266.23081895278494
18,6,50.0
18,7,97.43289920754573
18,7,50.0
18,8,50.0
18,8,50.0
19,8,142.4908463968775
19,8,50.0
20,8,50.0
20,8,50.0
19,8,50.0
19,8,50.0
18,8,80.98054511891326
18,8,50.0
17,8,50.0
17,8,50.0
16,8,50.0
16,8,50.0
15,8,50.0
15,8,50.0
14,8,251.27847826758781
14,8,50.0
13,8,202.22350060698403
13,8,106.81097640318026
12,8,159.22713708076813
12,8,191.60056420885164
12,9,308.8144237679059
12,9,79.57364236106466
12,8,133.01264950374036
12,8,225.1269762680854
12,7,261.9405800085451
12,7,68.44046672116266
12,6,406.54591382262015
12,6,197.33832463555484
12,5,50.0
12,5,164.39980769750963
12,4,210.43449306195302
12,4,244.2301453998924
12,3,50.0
12,3,203.08326840991765
13,3,221.13831345065176
13,3,132.90779163923338
12,3,50.0
12,3,338.16330386731875
13,3,367.88321762393014
13,3,50.0
14,3,302.7265538380042
14,3,50.0
13,3,230.4130003280449
13,3,279.415198369921
14,3,117.63330026524258
14,3,156.92640767897308
13,3,212.26590760220523
13,3,50.0
13,2,175.16248736765652
13,2,290.48033938604016
13,1,132.48077946293898
13,1,80.6054995642455
