16,-15,50.0
16,-15,50.0
16,-14,50.0
16,-14,50.0
16,-13,68.15319184326592
16,-13,50.0
16,-12,61.34124072253526
16,-12,50.0
16,-11,203.29167760731815
16,-11,84.04246479872486
15,-11,50.0
15,-11,50.0
14,-11,50.0
14,-11,532.3142250197128
15,-11,50.0
15,-11,302.4925522727972
14,-11,65.21335623963552
14,-11,137.08632516078575
14,-10,229.56877626499286
14,-10,224.70378831560882
13,-10,50.0
13,-10,253.48085781634592
12,-10,409.55637043881836
12,-10,50.0
11,-10,62.308489288015025
11,-10,158.69933747148025
11,-9,50.0
11,-9,50.0
12,-9,50.0
12,-9,294.6516019817841
12,-8,91.47731846611818
12,-8,296.0310639289511
11,-8,50.0
11,-8,225.69995711910224
11,-7,172.64093526325001
11,-7,101.14202172483478
10,-7,219.59949083704623
10,-7,295.63004276947834
9,-7,50.0
9,-7,253.4109970042751
8,-7,368.4082468652893
8,-7,145.51792419059217
8,-6,153.33973543928016
8,-6,50.0
8,-5,223.17572633388954
8,-5,249.63145682011782
8,-4,50.0
8,-4,288.60099925306844
7,-4,74.68622056636335
7,-4,272.83269573795104
7,-5,211.00889229599122
7,-5,383.7236678280933
7,-4,141.88347996860614
7,-4,303.61084675023255
8,-4,443.26175150923007
8,-4,69.51305896399188
7,-4,379.5407598149227
7,-4,327.4300935906279
6,-4,306.85411422130164
6,-4,319.5821242139484
6,-3,354.14240224355126
6,-3,209.86063024337003
5,-3,381.71595802087387
5,-3,292.62764604248207
4,-3,464.0036681991727
4,-3,332.76465460585337
4,-2,263.0746563816412
4,-2,364.9005077797013
4,-1,419.467659814119
4,-1,445.0570916236693
5,-1,374.12424086847665
5,-1,247.5274787949341
4,-1,323.0362588437007
4,-1,313.703626711565
3,-1,318.5840966405976
3,-1,485.98846716290734
2,-1,508.73680679684037
2,-1,213.79606172661107
2,0,485.3373216555047
2,0,194.98242339323033
2,1,424.2090097452203
2,1,298.3048352680719
2,2,177.43091523594882
2,2,396.75309502438915
1,2,482.9803985664786
1,2,393.5148737756123
0,2,92.17363003393308
0,2,341.8080074860642
0,3,50.0
0,3,379.9386277445634
-1,3,414.91732006315686
-1,3,280.3671566880653
0,3,590.3255779500938
0,3,290.094744166683
-1,3,446.61378955539914
-1,3,312.2500066522294
-2,3,112.0996228509238
-2,3,325.4637405289287
-2,4,401.9478356851785
-2,4,65.41143359708383
-2,5,278.47371745795374
-2,5,341.94779821418217
-2,6,167.02514241272772
-2,6,170.75952212268106
-1,6,191.731239334786
-1,6,262.0608243620878
0,6,229.09874655109274
0,6,265.4957213508246
-1,6,207.7746836296542
-1,6,226.8370124662727
-2,6,508.1775608296331
-2,6,127.29805129628852
-1,6,173.9205052521857
-1,6,169.72586401133935
-2,6,285.48278026511844
-2,6,263.32361640701276
-2,7,340.61986663995026
-2,7,169.6624577655283
-1,7,103.64570793874876
-1,7,146.48639780153198
-2,7,115.57715952769661
-2,7,251.85863817185276
-1,7,328.88192064936874
-1,7,96.83992831006765
-2,7,342.642244684844
-2,7,207.62308575606983
-2,6,256.77886119426194
-2,6,314.60990392169003
-3,6,208.12002350926127
-3,6,389.91580359981185
-3,7,427.69501214611984
-3,7,280.442015862217
-4,7,50.0
-4,7,328.5813456321654
-4,8,339.07056699674627
-4,8,50.0
-5,8,50.0
-5,8,50.0
-5,9,50.0
-5,9,307.54952356559363
-6,9,221.00842716422363
-6,9,358.50330330844025
-5,9,290.0095229770404
-5,9,130.96275644571875
-5,10,276.04033912993566
-5,10,285.85363020347046
-6,10,50.0
-6,10,145.28395833441658
-7,10,172.88677458014791
-7,10,50.0
-8,10,93.44329977433537
-8,10,50.0
-9,10,142.0605010305835
-9,10,191.35475139932706
-10,10,128.58433690316113
-10,10,50.0
-11,10,79.4836973644467
-11,10,100.17228414894873
-12,10,50.0
-12,10,50.0
-13,10,50.0
-13,10,50.0
-13,9,50.0
-13,9,204.30086720005815
-13,10,50.0
-13,10,50.0
-12,10,50.0
-12,10,50.0
-12,11,55.9899243673427
-12,11,212.62019379522445
-13,11,50.0
-13,11,84.45720949596573
-13,10,284.5942163113714
-13,10,187.2123432474491
-13,11,50.0
-13,11,78.57378867195304
-14,11,68.80324863180074
-14,11,50.0
-15,11,129.93625719366258
-15,11,50.0
-15,12,61.61936158948373
-15,12,50.0
-16,12,50.0
-16,12,64.57217317822524
-16,11,326.8332926417365
-16,11,50.0
-15,11,50.0
-15,11,78.482157871384
-16,11,50.0
-16,11,56.97811788559314
-15,11,142.6961260138077
-15,11,50.0
-15,10,167.75535854422262
-15,10,301.8181425053889
-14,10,83.62831357691574
-14,10,60.27485783784854
-14,11,73.53005721650123
-14,11,50.0
-14,12,50.0
-14,12,50.0
-14,11,162.67638336461556
-14,11,100.28770797324644
-13,11,124.65176533200776
-13,11,72.06941560509911
-12,11,393.35016069230346
-12,11,111.91964587566883
-12,10,226.05220065964812
-12,10,138.70107155518437
-12,9,50.0
-12,9,293.62782971691877
-11,9,149.54007128132517
-11,9,226.6034068030797
-11,8,175.65360965489998
-11,8,232.54820812044062
-11,7,230.30104453154556
-11,7,50.0
-11,8,50.0
-11,8,140.88890025896268
-11,7,243.0929953073277
-11,7,227.62397931957184
-12,7,68.4899064927823
-12,7,123.17345597051923
-12,8,247.4866123447426
-12,8,269.95166539549285
-13,8,143.09581916909272
-13,8,50.0
-12,8,97.74647150496644
-12,8,251.2689841554954
-12,9,213.01473656740382
-12,9,113.81317209881055
-11,9,78.39600178836628
-11,9,169.31697768799455
-11,8,50.0
-11,8,50.0
-10,8,189.650474561246
-10,8,193.111644803408
-10,7,220.37823683344183
-10,7,50.0
-9,7,50.0
-9,7,153.7682191616023
-9,8,50.0
-9,8,243.93646247397498
-10,8,269.1205682544657
-10,8,50.0
-10,7,319.7408150326899
-10,7,164.8435650039112
-9,7,245.2583112571242
-9,7,358.63289754429326
-10,7,50.0
-10,7,50.0
-10,6,272.0715351262552
-10,6,50.0
-10,5,165.2156627190125
-10,5,50.0
-9,5,252.91269864239032
-9,5,322.75069018832994
-8,5,210.57747986459648
-8,5,203.40723536276968
-8,4,239.0119551658508
-8,4,171.62571265037923
-8,3,488.22122036340306
-8,3,467.3216094620077
-8,2,279.5942005931231
-8,2,427.0983537945326
-8,1,368.5720047821743
-8,1,364.516017557371
-7,1,436.03486777382307
-7,1,405.7459858641499
-7,0,664.2948484523451
-7,0,324.14610507667845
-7,-1,536.4815510966812
-7,-1,159.14562215899167
-7,-2,288.4936713447329
-7,-2,233.6359615297809
-6,-2,291.85327836662015
-6,-2,405.6332381215972
-6,-3,177.43518386652408
-6,-3,117.41638555050608
-6,-4,390.890488088621
-6,-4,237.85870939629126
-5,-4,457.1655250276414
-5,-4,50.0
-4,-4,354.8253938525002
-4,-4,122.7411372855536
-3,-4,151.4981755459359
-3,-4,108.33983017455805
-3,-3,473.3775603742373
-3,-3,267.6386308507245
-3,-4,214.56213425783486
-3,-4,512.437844739039
-3,-3,482.91784178020066
-3,-3,503.9795115985935
-3,-4,312.4481503370074
-3,-4,458.7414943632572
-3,-5,149.1497785591592
-3,-5,282.55260900252233
-4,-5,350.4001093688046
-4,-5,83.40945467316374
-3,-5,507.2085232904424
-3,-5,296.6009579494548
-2,-5,427.06964196569356
-2,-5,386.5257572934173
-2,-6,158.89473283654078
-2,-6,415.14696945092277
-1,-6,188.45648701541137
-1,-6,50.0
-1,-7,197.23155725783965
-1,-7,366.309528406259
0,-7,50.0
0,-7,616.9353317979717
0,-8,205.5498213227463
0,-8,221.56182957958615
-1,-8,342.42501775618865
-1,-8,240.51929765996243
-2,-8,336.9123932833101
-2,-8,158.61358376521633
-3,-8,245.06120024213996
-3,-8,96.87817286307158
-2,-8,222.96589113714012
-2,-8,407.477995169084
-1,-8,50.0
-1,-8,50.0
-2,-8,466.62881926211685
-2,-8,196.99389167538493
-3,-8,286.79661900747084
-3,-8,235.86017100373684
-4,-8,128.67032599494868
-4,-8,179.6111474253336
-3,-8,323.9296799733162
-3,-8,335.23225393715643
-4,-8,377.81231226925524
-4,-8,50.0
-3,-8,279.41110900249123
-3,-8,50.0
-4,-8,197.5472023712547
-4,-8,270.68712905520897
-3,-8,428.029126318585
-3,-8,208.4394682505385
-2,-8,462.8393242262331
-2,-8,50.0
-3,-8,455.0346608846786
-3,-8,167.41477049431768
-4,-8,218.92661681962457
-4,-8,459.071079966768
-5,-8,144.3009211962537
-5,-8,474.1941513884457
-6,-8,200.42117494723513
-6,-8,355.9481234393751
-5,-8,50.0
-5,-8,306.9446426374941
-6,-8,217.87754978046692
-6,-8,90.97269548937243
-5,-8,335.8683168727469
-5,-8,318.8782772347165
-6,-8,126.29381659842187
-6,-8,441.54737442005387
-7,-8,289.8105462312232
-7,-8,293.37563466349786
-6,-8,266.77685371207326
-6,-8,161.08243586343153
-5,-8,108.48314884620726
-5,-8,227.15008482372184
-6,-8,145.9961026788588
-6,-8,216.0371108048794
-7,-8,176.26050452372138
-7,-8,182.65114633233836
-8,-8,80.84900630378694
-8,-8,92.76315591494287
-9,-8,429.54585789660587
-9,-8,76.10302045542349
-10,-8,137.48610019932417
-10,-8,50.0
-11,-8,50.0
-11,-8,50.0
-12,-8,60.1900837825046
-12,-8,50.0
-11,-8,193.0479484129139
-11,-8,217.48982735788445
-12,-8,400.38295020261734
-12,-8,107.09376516526157
-13,-8,136.61449763939933
-13,-8,86.76786603358173
-14,-8,56.301155428801536
-14,-8,50.0
-15,-8,50.0
-15,-8,50.0
-16,-8,50.0
-16,-8,344.5322960737608
-17,-8,162.36644417220705
-17,-8,51.105937248022386
-16,-8,187.70017818363428
-16,-8,146.28109573994115
-15,-8,67.22414793630296
-15,-8,72.404301925042
-15,-7,113.60285717405523
-15,-7,50.0
-14,-7,130.51530102274305
-14,-7,237.96460693576853
-14,-8,338.060255430266
-14,-8,142.04776417669046
-13,-8,50.0
-13,-8,270.139652574146
-12,-8,154.23110158034507
-12,-8,375.51586607753916
-11,-8,133.82305101561766
-11,-8,152.44083964591923
-11,-7,95.95430928717722
-11,-7,133.55409479252583
-10,-7,119.3057314229803
-10,-7,50.0
-9,-7,168.22453714443273
-9,-7,278.34654547175035
-10,-7,277.9188859912926
-10,-7,207.09237872027776
-9,-7,216.1630982165887
-9,-7,140.25360987604324
-9,-8,128.23070448836432
-9,-8,101.88485687050502
-9,-7,62.694625420339364
-9,-7,498.33956786424255
-8,-7,123.93495427705798
-8,-7,329.1454833594935
-7,-7,236.43697402850833
-7,-7,157.7654006966943
-7,-8,211.40236110802536
-7,-8,253.02798346034376
-6,-8,143.5299629064481
-6,-8,465.046776338722
-5,-8,253.03066825682276
-5,-8,253.44673354362914
-5,-9,388.1269577263157
-5,-9,179.29337682563107
-6,-9,201.36246289937134
-6,-9,218.0199759209325
-5,-9,485.88296792423137
-5,-9,50.0
-4,-9,409.7187515936771
-4,-9,388.5935570001121
-5,-9,50.0
-5,-9,165.5670112467289
-4,-9,447.7858611323178
-4,-9,348.91291725094123
-3,-9,58.943088095440146
-3,-9,205.72707041942442
-3,-10,292.57268235010383
-3,-10,285.1800957038071
-3,-11,415.73679833881783
-3,-11,50.0
-2,-11,222.8487667613888
-2,-11,50.0
-1,-11,125.72942864251073
-1,-11,50.0
0,-11,50.0
0,-11,50.0
1,-11,246.10521250156577
1,-11,151.5757560633178
0,-11,327.82680609130637
0,-11,284.7279664754781
1,-11,123.61286479384891
1,-11,134.6844229323379
1,-12,167.79911263860888
1,-12,50.0
0,-12,97.77074304424552
0,-12,142.86301727946005
-1,-12,50.0
-1,-12,50.0
0,-12,96.08418720082688
0,-12,255.42575418138117
0,-13,205.44298317934138
0,-13,312.468262052382
1,-13,65.86040111621676
1,-13,262.6675885053703
2,-13,168.94350545423714
2,-13,125.4614376358897
2,-14,237.48536091404318
2,-14,276.39268408746904
3,-14,208.04847177710965
3,-14,92.12300249699992
4,-14,73.99834145433263
4,-14,50.0
5,-14,50.0
5,-14,50.0
6,-14,50.0
6,-14,50.0
6,-15,117.62556213505088
6,-15,200.71977851160483
7,-15,50.0
7,-15,50.0
7,-14,78.82487731332739
7,-14,50.0
6,-14,50.0
6,-14,87.92269732934554
7,-14,50.0
7,-14,50.0
8,-14,72.73332879981962
8,-14,50.0
9,-14,50.0
9,-14,81.58202165008329
10,-14,107.6950318878445
10,-14,50.0
11,-14,211.7771032196945
11,-14,224.2840920942987
12,-14,139.73308135834012
12,-14,152.99676187345787
13,-14,50.0
13,-14,50.0
14,-14,50.0
14,-14,50.0
14,-15,50.0
14,-15,50.0
15,-15,50.0
15,-15,50.0
14,-15,206.54391009483936
14,-15,50.0
14,-16,101.3469980988736
14,-16,179.54331515145375
14,-17,50.0
14,-17,63.57141622601371
14,-16,55.752777660010764
14,-16,50.0
15,-16,50.0
15,-16,50.0
16,-16,50.0
16,-16,205.85688131143723
16,-17,105.30017102860194
16,-17,95.6113245974901
16,-18,50.0
16,-18,50.0
16,-19,50.0
16,-19,119.25750142364598
16,-20,50.0
16,-20,50.0
17,-20,50.0
17,-20,50.0
18,-20,128.51748223225502
18,-20,50.0
19,-20,50.0
19,-20,50.0
20,-20,50.0
20,-20,50.0
20,-19,50.0
20,-19,50.0
20,-18,50.0
20,-18,50.0
20,-17,50.0
20,-17,50.0
20,-16,50.0
20,-16,50.0
20,-17,50.0
20,-17,50.0
20,-18,50.0
20,-18,50.0
20,-17,50.0
20,-17,50.0
20,-16,50.0
20,-16,50.0
20,-15,50.0
20,-15,102.52466949167305
20,-14,50.0
20,-14,50.0
20,-13,50.0
20,-13,50.0
20,-12,50.0
20,-12,119.17439330141708
20,-11,121.55137772447702
20,-11,50.0
20,-10,50.0
20,-10,50.0
20,-9,50.0
20,-9,50.0
20,-8,50.0
20,-8,132.78000249833326
19,-8,50.0
19,-8,67.46724854573723
18,-8,96.40687988599495
18,-8,203.5654362081382
17,-8,50.0
17,-8,65.65467470455687
16,-8,68.19368669330478
16,-8,50.0
15,-8,176.43470817137035
15,-8,115.153445003397
14,-8,281.7468587678317
14,-8,193.83731331379641
13,-8,183.65920239183873
13,-8,101.49504395464476
12,-8,50.0
12,-8,152.0332656238036
11,-8,268.31600099461997
11,-8,114.59966715724653
10,-8,295.75043427371327
10,-8,118.73190353498711
10,-7,265.34883817225483
10,-7,50.0
9,-7,414.3647896712073
9,-7,134.28408986833617
8,-7,88.11068636038084
8,-7,78.98376395579422
7,-7,226.32609981160542
7,-7,210.4675428422577
7,-8,76.63962796547813
7,-8,214.3755532975121
6,-8,335.5969532329183
6,-8,549.0246663100569
5,-8,243.58966158717578
5,-8,138.28595346346341
6,-8,265.6770873818976
6,-8,124.92963079440773
6,-9,386.53930260207323
6,-9,323.9756892876553
5,-9,183.02621729893656
5,-9,125.06764932689339
4,-9,414.0573211663767
4,-9,286.70888613109554
3,-9,227.39125823620478
3,-9,305.7338093169375
4,-9,390.6026789291304
4,-9,77.92240418125408
5,-9,217.95075276153938
5,-9,232.23487834731665
4,-9,655.6017946622214
4,-9,174.01007131062022
4,-10,386.816140688043
4,-10,249.28278988019932
3,-10,50.0
3,-10,298.09606591507196
4,-10,378.91179159909575
4,-10,50.0
4,-11,207.60108693608865
4,-11,202.16197563990028
3,-11,50.0
3,-11,61.29541667803554
2,-11,216.2902462003911
2,-11,110.78048033574385
1,-11,206.82495585836946
1,-11,121.4897558654955
0,-11,136.41113720655966
0,-11,199.50406608358188
-1,-11,279.3888241098138
-1,-11,258.56767535838395
-1,-12,131.2713205976944
-1,-12,145.58946584001737
-2,-12,121.28364023681519
-2,-12,70.73793074090707
-3,-12,50.0
-3,-12,103.30214859313786
-3,-13,245.1334259753559
-3,-13,50.0
-4,-13,156.28172462648655
-4,-13,182.2804890718769
-5,-13,274.7571102026824
-5,-13,408.97258307959316
-6,-13,57.75700754201168
-6,-13,76.63485863196196
-5,-13,50.0
-5,-13,235.16146594699222
-6,-13,102.96096585396653
-6,-13,338.6145069404599
-6,-14,50.0
-6,-14,168.6668914598619
-7,-14,164.8697559920803
-7,-14,308.7417781668037
-6,-14,146.5064632835175
-6,-14,50.0
-7,-14,184.06006901933
-7,-14,118.18882767863735
-7,-15,50.0
-7,-15,207.72614845870896
-8,-15,50.0
-8,-15,161.7733442094015
-9,-15,50.0
-9,-15,50.0
-10,-15,50.0
-10,-15,50.0
-11,-15,50.0
-11,-15,50.0
-10,-15,182.9316531260176
-10,-15,50.0
-11,-15,50.0
-11,-15,50.0
-12,-15,156.12659535176368
-12,-15,50.0
-13,-15,50.0
-13,-15,50.0
-14,-15,68.17727324352423
-14,-15,50.0
-15,-15,50.0
-15,-15,104.63630583336922
-15,-16,118.5590877281548
-15,-16,50.0
-16,-16,50.0
-16,-16,78.17669837026541
-17,-16,133.79986065294776
-17,-16,121.96377217393032
-18,-16,50.0
-18,-16,73.95554196715254
-19,-16,50.0
-19,-16,50.0
-20,-16,116.5691864446135
-20,-16,50.0
-19,-16,50.0
-19,-16,50.0
-19,-17,87.24515889912237
-19,-17,50.0
-18,-17,62.48999691531337
-18,-17,50.0
-18,-16,50.0
-18,-16,54.43184710771706
-17,-16,50.0
-17,-16,50.0
-16,-16,64.96066261352969
-16,-16,50.0
-15,-16,50.0
-15,-16,183.71933562908006
-15,-15,152.76282951564448
-15,-15,157.5259379122749
-14,-15,50.0
-14,-15,69.66412887442434
-13,-15,209.06013852704152
-13,-15,50.0
-12,-15,88.64250775960082
-12,-15,50.0
-12,-16,50.0
-12,-16,183.4231468968889
-12,-15,101.4390966411015
-12,-15,50.0
-13,-15,50.0
-13,-15,219.90968223208506
-12,-15,50.0
-12,-15,110.10971618419616
-11,-15,165.46586670706205
-11,-15,260.813159133673
-10,-15,50.2461068619387
-10,-15,168.38106410297692
-9,-15,50.0
-9,-15,50.0
-8,-15,139.475863184678
-8,-15,50.0
-9,-15,50.0
-9,-15,50.0
-9,-16,52.779100141718985
-9,-16,50.0
-9,-15,127.91538941219032
-9,-15,121.92085787094308
-8,-15,50.0
-8,-15,187.33514590916045
-8,-14,50.0
-8,-14,339.16019706175615
-7,-14,50.0
-7,-14,166.04395962395682
-6,-14,66.09258400704934
-6,-14,255.7189875289559
-5,-14,189.79747693358271
-5,-14,370.32001919196324
-5,-13,55.42138515965976
-5,-13,50.0
-4,-13,299.1784182806613
-4,-13,171.00187742305735
-3,-13,139.03259230059342
-3,-13,86.98733177750317
-2,-13,176.78572190302341
-2,-13,114.82681502387217
-1,-13,50.0
-1,-13,50.0
-1,-12,166.32211633159162
-1,-12,232.38006534636435
-2,-12,81.59695863406805
-2,-12,346.2229256501759
-1,-12,215.30183315822597
-1,-12,279.42600678954443
-1,-11,335.96700155215
-1,-11,279.5320514121473
-1,-12,176.0369074271518
-1,-12,246.3378659701424
-2,-12,217.18597350334235
-2,-12,216.87526886305608
-1,-12,205.01608249732863
-1,-12,163.18218127231057
-1,-11,251.23552503615005
-1,-11,151.98703172629652
0,-11,343.9259333156225
0,-11,238.82471298712773
0,-10,50.0
0,-10,98.83317362173224
0,-9,178.27566151455946
0,-9,214.12819786332648
-1,-9,58.36054324104737
-1,-9,272.2530010844887
0,-9,249.95909645756774
0,-9,361.7277712703341
1,-9,155.53559050859542
1,-9,118.75331662474622
0,-9,50.0
0,-9,133.5677129454731
-1,-9,236.16062851381318
-1,-9,148.47588327182882
0,-9,240.23080082604886
0,-9,104.34483876914469
-1,-9,273.9123929574738
-1,-9,132.13615849891443
0,-9,199.34471659575723
0,-9,288.47053630004916
1,-9,210.4823532741231
1,-9,474.48377392205066
2,-9,62.830621033850775
2,-9,224.38191598010107
2,-8,184.10520743304852
2,-8,323.424191199276
3,-8,228.00348180939764
3,-8,79.0711505381006
4,-8,347.3999981426656
4,-8,308.4959317362907
4,-9,205.15101011305177
4,-9,171.01130776382277
3,-9,271.21091775798834
3,-9,50.0
2,-9,382.74500498054584
2,-9,189.4235183601064
1,-9,369.3948275380192
1,-9,198.21999958229858
1,-10,251.6153025131699
1,-10,66.36287252740254
0,-10,50.0
0,-10,232.41582346346047
0,-11,202.1654676250397
0,-11,314.7301171543544
0,-12,377.5079484509823
0,-12,374.49125015122127
0,-11,50.0
0,-11,97.45123203425031
1,-11,50.0
1,-11,50.0
1,-12,693.2601611383765
1,-12,90.9986841620316
2,-12,54.19865331401509
2,-12,264.87974545600997
2,-11,50.0
2,-11,50.703787805719585
2,-10,50.0
2,-10,154.54679197372727
2,-9,307.67184579435803
2,-9,61.672033340568674
3,-9,345.91781288737707
3,-9,60.665959389674526
2,-9,224.8916362805963
2,-9,87.80407261935548
2,-8,491.2234602231543
2,-8,239.4795874587856
2,-9,138.39933019469473
2,-9,274.41309527021656
3,-9,54.04636232115888
3,-9,374.3345873805898
3,-8,185.5027076221715
3,-8,171.20854579124688
4,-8,352.5129772278618
4,-8,128.88961943330207
5,-8,455.2971733563442
5,-8,192.1976098831224
6,-8,291.901150917108
6,-8,466.11353679085846
6,-7,397.0484117389422
6,-7,299.9705176953795
6,-6,289.0361125150597
6,-6,221.62251169438838
7,-6,361.98848718817436
7,-6,153.4173361299637
7,-7,170.0553273172622
7,-7,63.77776739447128
6,-7,346.619254779876
6,-7,211.97786549739575
7,-7,106.49047115749384
7,-7,259.4829087941505
8,-7,170.24262678222104
8,-7,50.0
8,-6,520.6520420929268
8,-6,86.63777293414236
7,-6,132.14903577833414
7,-6,424.08415305645497
7,-5,420.58194453855685
7,-5,211.73880003553825
7,-4,347.74579661092883
7,-4,192.17012753254602
8,-4,94.05112503005027
8,-4,217.3252889875137
9,-4,185.74470001232078
9,-4,190.08821887589306
9,-3,342.83191926085175
9,-3,213.13314320788595
9,-2,151.8035111233521
9,-2,472.1028021778407
10,-2,210.84110231451848
10,-2,368.83288215418366
9,-2,142.40520653371595
9,-2,140.90810821111336
10,-2,471.95465481884594
10,-2,164.30307183873438
10,-1,314.88968762819457
10,-1,271.4596071429121
11,-1,161.48832694282754
11,-1,291.17135528957374
11,0,50.0
11,0,204.60032416466112
12,0,280.3161168853331
12,0,255.1480969363109
12,1,389.91876824598256
12,1,92.89813525422225
12,2,193.11585891095632
12,2,50.0
13,2,103.26197671866808
13,2,404.42192803972716
13,3,94.03353114597259
13,3,518.3228848925978
12,3,251.64629472640428
12,3,351.7204391989475
12,4,327.191524440149
12,4,50.0
13,4,174.3186827182079
13,4,129.0979016487664
12,4,255.20842920916232
12,4,564.4187124159155
12,5,375.9761573651615
12,5,50.0
13,5,170.37938043514117
13,5,50.0
14,5,50.0
14,5,196.95619718092075
13,5,180.47158504016605
13,5,262.1756226813652
13,4,285.18814912522265
13,4,50.0
14,4,83.14958142190993
14,4,83.5251992356407
14,5,89.58539201788675
14,5,453.5919070806505
15,5,201.93568823474402
15,5,135.9428472232848
16,5,416.9425930671558
16,5,50.0
17,5,50.0
17,5,50.0
18,5,50.0
18,5,114.25732677106886
18,6,62.85009623920938
18,6,50.0
18,7,131.77557516112813
18,7,50.0
18,8,76.42672305674418
18,8,50.0
19,8,50.0
19,8,50.0
20,8,50.0
20,8,226.33773834416704
19,8,129.87026009902996
19,8,90.57157162821876
18,8,50.0
18,8,50.0
17,8,50.0
17,8,50.0
16,8,111.57492917803074
16,8,50.0
15,8,276.70658642792904
15,8,50.0
14,8,154.10666974013867
14,8,50.0
13,8,197.29754978950163
13,8,50.0
12,8,50.0
12,8,234.75960533909185
12,9,88.01512793747192
12,9,278.0490602824651
12,8,322.13166418473577
12,8,225.05877351557325
12,7,493.7888878128477
12,7,273.41527551139154
12,6,235.8226933376518
12,6,50.0
12,5,169.04776369516767
12,5,249.66110175964067
12,4,264.6306768294219
12,4,242.78948342702498
12,3,194.1825737935212
12,3,193.47095337358584
13,3,118.83595479618546
13,3,185.3876292316476
12,3,125.7554973361602
12,3,203.19315884329154
13,3,50.0
13,3,101.95300292707768
14,3,50.0
14,3,52.01873759730202
13,3,124.4596740421796
13,3,264.5719295423723
14,3,62.42682799218307
14,3,335.24580448823474
13,3,187.47329380996428
13,3,66.3321547096206
13,2,102.5851108067939
13,2,195.12921011920895
13,1,50.0
13,1,491.39479234318696
