16,-15,100.0
16,-14,121.83849314429987
16,-13,100.0
16,-12,100.0
16,-11,100.0
15,-11,100.0
14,-11,566.2832975359759
15,-11,172.33770918007443
14,-11,201.90154477631285
14,-10,100.0
13,-10,226.16904408915127
12,-10,196.71050352757183
11,-10,501.3201821818395
11,-9,100.0
12,-9,100.0
12,-8,241.78057666287833
11,-8,100.0
11,-7,188.0246492834077
10,-7,118.00489841971316
9,-7,574.9215902623736
8,-7,331.3215918444675
8,-6,100.0
8,-5,466.41106899045565
8,-4,965.6778339447771
7,-4,313.9122333162943
7,-5,260.73713079173933
7,-4,537.9820872448325
8,-4,341.5626582878602
7,-4,526.8371907413114
6,-4,569.2557228851091
6,-3,306.59718354382966
5,-3,325.41671015530244
4,-3,100.0
4,-2,803.2482720242166
4,-1,706.2735500133604
5,-1,737.3533854949152
4,-1,489.3771748502786
3,-1,822.4523698846162
2,-1,545.4526977727388
2,0,867.7533157285856
2,1,334.8941250340096
2,2,805.3543013339047
1,2,1159.778847446902
0,2,711.1250908919778
0,3,964.7621692151536
-1,3,765.8869081860905
0,3,608.983860693254
-1,3,173.12823353923184
-2,3,334.76955069822213
-2,4,1388.2818155417788
-2,5,514.7657353420659
-2,6,220.77242406496657
-1,6,207.01020231545203
0,6,261.6893770673912
-1,6,561.1539785835748
-2,6,232.8346107366538
-1,6,200.2072419348932
-2,6,563.1414661827945
-2,7,473.3520167250584
-1,7,317.89036074367954
-2,7,395.4959188147927
-1,7,290.6521155151462
-2,7,340.56649600854456
-2,6,913.1522748378438
-3,6,379.45423393910926
-3,7,223.98516579926576
-4,7,198.41170427710927
-4,8,258.1163354381249
-5,8,418.52133944082016
-5,9,386.270428418255
-6,9,783.3285698149757
-5,9,381.5389353533179
-5,10,381.79195044783125
-6,10,177.78709589050345
-7,10,472.30410833225574
-8,10,363.16233366702335
-9,10,100.0
-10,10,100.0
-11,10,327.6709477283909
-12,10,136.67099667367097
-13,10,174.50377057049673
-13,9,100.0
-13,10,313.54527671172787
-12,10,100.0
-12,11,630.7774449033318
-13,11,313.24477382922146
-13,10,116.87267094323256
-13,11,100.0
-14,11,100.0
-15,11,100.0
-15,12,289.26697539966756
-16,12,100.0
-16,11,166.79656188551405
-15,11,241.07408630447594
-16,11,100.0
-15,11,327.61019831085764
-15,10,161.6528884611883
-14,10,443.3872282843093
-14,11,100.0
-14,12,203.4897395363866
-14,11,100.0
-13,11,270.1060780472478
-12,11,100.0
-12,10,100.0
-12,9,100.0
-11,9,444.4715265856145
-11,8,175.20965859045845
-11,7,300.3612276540378
-11,8,296.2709961433558
-11,7,100.0
-12,7,119.14642539501592
-12,8,100.0
-13,8,168.39951603935006
-12,8,117.50333512155282
-12,9,209.16846805759323
-11,9,281.3729046640274
-11,8,167.1327353164762
-10,8,295.03867742156945
-10,7,100.0
-9,7,258.73106128381835
-9,8,224.14074292704993
-10,8,180.68898196128447
-10,7,330.19557739415404
-9,7,225.8083697732042
-10,7,100.0
-10,6,597.9203229805036
-10,5,468.6224658140145
-9,5,480.58735501058436
-8,5,519.2162400180473
-8,4,222.49532599119243
-8,3,788.5719669683735
-8,2,342.45583522086076
-8,1,629.8547089388567
-7,1,254.6279726335177
-7,0,573.2769135043238
-7,-1,424.45540680718307
-7,-2,349.05201875371336
-6,-2,390.0893437068726
-6,-3,797.5179319978275
-6,-4,355.29134805393153
-5,-4,265.74345077848784
-4,-4,488.8523109741456
-3,-4,570.125198686081
-3,-3,535.5467427248909
-3,-4,451.77195626876795
-3,-3,344.25285384353276
-3,-4,936.85035468969
-3,-5,1069.2605624433213
-4,-5,338.41808327553105
-3,-5,496.74519222564345
-2,-5,508.18025698009654
-2,-6,293.5691301164738
-1,-6,351.7854897289949
-1,-7,297.60952465092964
0,-7,464.38917965955835
0,-8,505.528558364421
-1,-8,100.0
-2,-8,207.37111599309296
-3,-8,206.75476090620992
-2,-8,100.0
-1,-8,195.1884815346459
-2,-8,376.3249905175187
-3,-8,100.0
-4,-8,232.5909094152929
-3,-8,603.4037996438823
-4,-8,806.556729977583
-3,-8,518.8312839726841
-4,-8,226.15799970544697
-3,-8,151.64495089947843
-2,-8,1063.2127559401838
-3,-8,367.1336536488942
-4,-8,225.6891252703307
-5,-8,521.3658365438882
-6,-8,722.0557797811866
-5,-8,277.3689566112842
-6,-8,406.36204942718166
-5,-8,100.0
-6,-8,647.7074226919194
-7,-8,370.50181729375663
-6,-8,323.8094879238447
-5,-8,852.027859520764
-6,-8,744.3031554050021
-7,-8,163.83653783283785
-8,-8,167.03863529033018
-9,-8,211.6831324774805
-10,-8,100.0
-11,-8,100.0
-12,-8,100.0
-11,-8,110.41945702593779
-12,-8,100.0
-13,-8,238.78979938675477
-14,-8,100.0
-15,-8,100.0
-16,-8,100.0
-17,-8,100.0
-16,-8,342.4254170834245
-15,-8,100.0
-15,-7,100.0
-14,-7,100.0
-14,-8,100.0
-13,-8,296.1180665759599
-12,-8,178.67128918250364
-11,-8,207.29609707513285
-11,-7,214.94459563920535
-10,-7,337.60814619331387
-9,-7,386.14446413929693
-10,-7,100.0
-9,-7,100.0
-9,-8,100.0
-9,-7,255.3916465055843
-8,-7,463.3919810994863
-7,-7,297.1916221133421
-7,-8,198.75163578589454
-6,-8,282.53243193016533
-5,-8,100.0
-5,-9,313.84828637656096
-6,-9,254.05547903424485
-5,-9,339.1650353610266
-4,-9,308.68460316015535
-5,-9,740.8195997814864
-4,-9,585.8719790491486
-3,-9,289.81417091567596
-3,-10,421.9023857979483
-3,-11,520.1985426850803
-2,-11,262.86381615875143
-1,-11,100.0
0,-11,284.040411346965
1,-11,100.0
0,-11,394.21073813860465
1,-11,475.6178590094581
1,-12,334.3815576834266
0,-12,518.6684928882487
-1,-12,287.3362884793927
0,-12,387.6827620933209
0,-13,195.3611051836032
1,-13,563.3726490019825
2,-13,697.3653264997206
2,-14,212.1292562047475
3,-14,674.3528788682509
4,-14,231.96499964433428
5,-14,1096.4602097407633
6,-14,696.6172500532887
6,-15,237.6767988404305
7,-15,105.08599376571863
7,-14,148.98491839197965
6,-14,240.27337985485613
7,-14,100.0
8,-14,193.14063227070397
9,-14,160.24241229920418
10,-14,103.47286923997413
11,-14,203.9655563388071
12,-14,100.0
13,-14,100.0
14,-14,100.0
14,-15,151.35889302947712
15,-15,100.0
14,-15,100.0
14,-16,100.0
14,-17,100.0
14,-16,100.0
15,-16,243.4291937412167
16,-16,100.0
16,-17,100.0
16,-18,100.0
16,-19,100.0
16,-20,100.0
17,-20,100.0
18,-20,100.0
19,-20,284.23562183569334
20,-20,100.0
20,-19,100.0
20,-18,100.0
20,-17,100.0
20,-16,100.0
20,-17,100.0
20,-18,100.0
20,-17,100.0
20,-16,100.0
20,-15,100.0
20,-14,100.0
20,-13,127.50873040080452
20,-12,100.0
20,-11,100.0
20,-10,100.0
20,-9,100.0
20,-8,100.0
19,-8,100.0
18,-8,100.0
17,-8,100.0
16,-8,100.0
15,-8,112.87212501772053
14,-8,100.0
13,-8,181.16680720093888
12,-8,185.58901972113583
11,-8,338.92510509829674
10,-8,524.7196955729731
10,-7,484.34921933820215
9,-7,552.25615097625
8,-7,275.4579300100384
7,-7,162.7858461834404
7,-8,314.0061992062983
6,-8,100.0
5,-8,374.15151057703457
6,-8,287.48416050534706
6,-9,577.074951554337
5,-9,276.348576219729
4,-9,516.9957653985193
3,-9,291.98209557007465
4,-9,100.0
5,-9,103.85785017221326
4,-9,421.00900135488587
4,-10,228.2404776726005
3,-10,411.70860494598037
4,-10,100.0
4,-11,759.2939298688548
3,-11,224.5324725494795
2,-11,450.14069477267935
1,-11,147.19398470590733
0,-11,657.3778832593806
-1,-11,352.67994132875003
-1,-12,100.0
-2,-12,312.8258287635656
-3,-12,212.23317897512993
-3,-13,513.312668848659
-4,-13,107.60669137880528
-5,-13,100.0
-6,-13,152.5686961299682
-5,-13,628.5951833030294
-6,-13,100.0
-6,-14,100.0
-7,-14,321.43423742542996
-6,-14,283.66584491320225
-7,-14,259.98462852766284
-7,-15,151.09314906869008
-8,-15,119.79707285617411
-9,-15,104.7356615200226
-10,-15,631.1095415757802
-11,-15,100.0
-10,-15,100.0
-11,-15,100.0
-12,-15,100.0
-13,-15,100.0
-14,-15,100.0
-15,-15,100.0
-15,-16,207.82009477857844
-16,-16,100.0
-17,-16,100.0
-18,-16,100.0
-19,-16,100.0
-20,-16,100.0
-19,-16,100.0
-19,-17,100.0
-18,-17,351.01702854361895
-18,-16,100.0
-17,-16,100.0
-16,-16,100.0
-15,-16,100.0
-15,-15,100.0
-14,-15,181.22600091643645
-13,-15,100.0
-12,-15,305.8223462106654
-12,-16,120.60982843868572
-12,-15,100.0
-13,-15,100.0
-12,-15,235.22805443082026
-11,-15,100.0
-10,-15,100.0
-9,-15,342.58095764791403
-8,-15,185.1219597888686
-9,-15,100.0
-9,-16,100.0
-9,-15,100.0
-8,-15,100.0
-8,-14,160.6696910519374
-7,-14,752.2519600299936
-6,-14,124.90663610212326
-5,-14,100.0
-5,-13,165.05376473406187
-4,-13,275.52418205508803
-3,-13,360.3754454854071
-2,-13,100.0
-1,-13,565.4673009254236
-1,-12,100.0
-2,-12,160.0397707637495
-1,-12,1060.0477745812173
-1,-11,1001.8245131207268
-1,-12,997.8535738225742
-2,-12,142.64653434208958
-1,-12,220.2895010635344
-1,-11,251.92121782284846
0,-11,100.0
0,-10,189.21999463672418
0,-9,457.6677582156572
-1,-9,300.89699064082424
0,-9,100.0
1,-9,466.32394933839186
0,-9,222.77575158424844
-1,-9,270.0661294931616
0,-9,478.0133591175908
-1,-9,777.4308911444654
0,-9,489.79753843524975
1,-9,322.65517962990475
2,-9,545.8152429804026
2,-8,822.2801770996933
3,-8,309.2995304752518
4,-8,536.5035583089735
4,-9,100.0
3,-9,105.31683091730045
2,-9,173.2222388297938
1,-9,100.0
1,-10,851.7403448438699
0,-10,277.8280880332949
0,-11,220.5948747951042
0,-12,237.62377379976311
0,-11,100.0
1,-11,388.57440707712766
1,-12,193.80103019081056
2,-12,100.0
2,-11,100.0
2,-10,248.68784719554415
2,-9,303.6680632680072
3,-9,275.56214965522656
2,-9,490.25840975338957
2,-8,478.6252642498548
2,-9,197.09919410316252
3,-9,499.83282785267056
3,-8,222.71483367690243
4,-8,577.3181649259562
5,-8,166.84028970165105
6,-8,519.7703208602885
6,-7,288.7638324109141
6,-6,211.95484345292545
7,-6,100.0
7,-7,272.3674484799166
6,-7,732.4435159845855
7,-7,187.42273778639645
8,-7,228.37455369455841
8,-6,258.4134365983209
7,-6,245.42890931586842
7,-5,363.78658578606564
7,-4,348.27196667898255
8,-4,236.38078098585808
9,-4,426.721001474681
9,-3,325.72932232829044
9,-2,433.12311503988485
10,-2,492.0287574077673
9,-2,353.6489996963769
10,-2,496.1569206096827
10,-1,737.6330863367185
11,-1,312.1188918194838
11,0,294.9927814478663
12,0,234.8420147458366
12,1,100.0
12,2,806.5840016864711
13,2,345.3831459371197
13,3,290.7274202790123
12,3,255.0746368660278
12,4,126.08781963717482
13,4,310.2651165878428
12,4,100.0
12,5,499.94937351710416
13,5,279.4840857581333
14,5,163.85685870893033
13,5,229.64945154015265
13,4,388.1123729117487
14,4,321.28351405142564
14,5,212.95475403932025
15,5,100.0
16,5,165.64121413881995
17,5,100.0
18,5,397.3137202913989
18,6,148.6195935443626
18,7,100.0
18,8,198.462261998861
19,8,100.0
20,8,216.57170191363795
19,8,183.30676824300332
18,8,100.0
17,8,139.54313239355562
16,8,100.0
15,8,276.9931119442714
14,8,179.6798564631519
13,8,259.02834862745544
12,8,100.0
12,9,100.0
12,8,100.0
12,7,386.3731290769464
12,6,382.7107117401074
12,5,412.80990244215786
12,4,492.14302642739153
12,3,101.33797130410994
13,3,369.10768512277207
12,3,283.5531926350506
13,3,225.48357104585182
14,3,500.73852378356213
13,3,100.0
14,3,100.0
13,3,341.69117918294535
13,2,420.25371807183757
13,1,321.0404022496088
