16,-15,50.0
16,-15,50.0
16,-14,50.0
16,-14,136.31922280719579
16,-13,50.0
16,-13,85.80337097740984
16,-12,88.00301249155541
16,-12,50.0
16,-11,324.4160473873865
16,-11,50.0
15,-11,137.91459231559946
15,-11,85.3885972312108
14,-11,281.9897511118709
14,-11,148.57887850084757
15,-11,164.8290387337106
15,-11,50.0
14,-11,115.5762552214777
14,-11,86.79772421278452
14,-10,70.09043867538853
14,-10,50.0
13,-10,50.0
13,-10,50.0
12,-10,128.40816209432552
12,-10,67.14416268604924
11,-10,179.69396350400683
11,-10,50.0
11,-9,179.73736058209965
11,-9,50.0
12,-9,50.0
12,-9,50.0
12,-8,50.0
12,-8,50.0
11,-8,130.65611520971794
11,-8,402.78143099322597
11,-7,151.27706282121525
11,-7,100.05769725637668
10,-7,50.0
10,-7,320.36985698685623
9,-7,132.51782272848442
9,-7,212.62558553527302
8,-7,50.0
8,-7,344.72525311609695
8,-6,379.7121778244534
8,-6,50.0
8,-5,303.7614955331153
8,-5,298.7052425147268
8,-4,72.11393551340475
8,-4,391.07663599839384
7,-4,90.71936239677773
7,-4,50.0
7,-5,158.5758841072443
7,-5,439.9006874655363
7,-4,249.42276819008836
7,-4,133.9081719180361
8,-4,298.35713753855833
8,-4,58.903338387841416
7,-4,50.0
7,-4,226.5446890879798
6,-4,72.86737851607421
6,-4,319.0823609433409
6,-3,266.9934469951759
6,-3,233.08085030531342
5,-3,301.0665011241773
5,-3,484.71958538514633
4,-3,295.8491717450652
4,-3,320.10738379284817
4,-2,478.30174615773103
4,-2,224.5968564533266
4,-1,274.93766442233925
4,-1,223.40202361903732
5,-1,226.67547482839962
5,-1,269.51255296140187
4,-1,220.6095942226684
4,-1,512.2610580989824
3,-1,276.534045914339
3,-1,760.1598193506654
2,-1,374.8795767566136
2,-1,447.28771331185067
2,0,458.11930244108754
2,0,135.85800016299433
2,1,384.7956260431588
2,1,238.3776962919843
2,2,369.73039765584366
2,2,282.99687746918335
1,2,537.9726729935269
1,2,340.65031094427724
0,2,258.6964265715897
0,2,417.5888070614681
0,3,196.6808153198449
0,3,380.5162628868417
-1,3,462.57184672003007
-1,3,237.30135204375307
0,3,342.26566876467535
0,3,269.86132450926675
-1,3,381.6279231716382
-1,3,225.862916777361
-2,3,399.17171644384615
-2,3,214.18843741571482
-2,4,329.60731906710123
-2,4,284.0447270012113
-2,5,574.5915459489784
-2,5,504.43862804722147
-2,6,175.33644468656672
-2,6,367.2687130632295
-1,6,262.0938616257955
-1,6,249.75884309562556
0,6,386.55755330104853
0,6,279.0226583567377
-1,6,68.6880323026582
-1,6,713.6074024295458
-2,6,337.3001920090507
-2,6,318.74390317647493
-1,6,217.17142670452012
-1,6,418.75691706570535
-2,6,355.36639540547924
-2,6,331.3249204477315
-2,7,313.44181602968615
-2,7,139.37084282951596
-1,7,562.0978574323822
-1,7,330.3303058123766
-2,7,294.06632558309707
-2,7,134.7438809437951
-1,7,214.62278723666572
-1,7,613.5359163631329
-2,7,475.54598938410555
-2,7,217.9896436984416
-2,6,277.4896468592331
-2,6,306.69516376762465
-3,6,425.5617316050781
-3,6,376.94109487064304
-3,7,176.0885082463971
-3,7,135.37435275337765
-4,7,247.46446483669092
-4,7,346.3949470153982
-4,8,201.45083399052712
-4,8,436.17492591993044
-5,8,113.28163353467697
-5,8,112.54177338473251
-5,9,275.5716584390195
-5,9,75.03251816269679
-6,9,157.9112579060255
-6,9,133.48673370921728
-5,9,95.91991097083513
-5,9,249.39735861027478
-5,10,135.13440184073605
-5,10,50.0
-6,10,120.74868903670662
-6,10,50.0
-7,10,50.0
-7,10,130.36335175196976
-8,10,53.07374939293598
-8,10,73.41027594135248
-9,10,74.54819512631519
-9,10,279.80012909795227
-10,10,238.30184227545124
-10,10,171.3895903627861
-11,10,152.80958913380638
-11,10,236.6928253643811
-12,10,129.43399514678072
-12,10,287.3145485023239
-13,10,201.3755470828155
-13,10,155.06689074595397
-13,9,259.49454009221523
-13,9,63.53770498831624
-13,10,50.0
-13,10,89.11149483426233
-12,10,50.0
-12,10,50.0
-12,11,206.3015634515325
-12,11,155.94533336983915
-13,11,50.0
-13,11,66.26709234543117
-13,10,50.0
-13,10,50.0
-13,11,50.0
-13,11,192.07895403560642
-14,11,50.0
-14,11,274.1786997717695
-15,11,82.08613705144799
-15,11,128.5349228996379
-15,12,50.0
-15,12,84.06274652014272
-16,12,50.0
-16,12,256.6118677925498
-16,11,112.50649717863817
-16,11,184.3833015697041
-15,11,153.39502978815477
-15,11,50.0
-16,11,50.0
-16,11,50.0
-15,11,50.0
-15,11,50.0
-15,10,167.88772288021426
-15,10,122.93442787314078
-14,10,115.2582809028439
-14,10,292.0273435059139
-14,11,50.0
-14,11,50.0
-14,12,209.65804425593518
-14,12,150.30927475274353
-14,11,161.07870932389937
-14,11,87.13643439449298
-13,11,50.0
-13,11,50.0
-12,11,136.83333597571414
-12,11,245.84464746440366
-12,10,198.0142095946187
-12,10,239.56884998321047
-12,9,89.85536324402092
-12,9,296.00001610287154
-11,9,125.8300180483626
-11,9,50.0
-11,8,227.35297330908475
-11,8,207.21738186907652
-11,7,155.72224271234924
-11,7,139.52570742044202
-11,8,87.79990176023392
-11,8,50.0
-11,7,50.0
-11,7,261.05935719410354
-12,7,168.88981304861363
-12,7,97.23696297968141
-12,8,100.79262870356969
-12,8,99.55570843642522
-13,8,243.81180334614956
-13,8,179.29204656670848
-12,8,143.79138965050163
-12,8,343.8094838076492
-12,9,50.0
-12,9,388.9619774081954
-11,9,79.24683824654753
-11,9,334.69479017578
-11,8,360.7545375666482
-11,8,328.4031416638978
-10,8,382.43804826774505
-10,8,50.0
-10,7,151.4987494520104
-10,7,217.06784042605102
-9,7,239.24577614074633
-9,7,208.3512709933883
-9,8,208.59680073891482
-9,8,50.0
-10,8,147.83625528573862
-10,8,50.0
-10,7,213.87776691709453
-10,7,50.0
-9,7,346.5388993796224
-9,7,130.36666069236213
-10,7,107.90712342235442
-10,7,261.46935247297085
-10,6,330.2613749792278
-10,6,299.6204283781285
-10,5,217.42028179465754
-10,5,142.87394530953316
-9,5,520.6178965565607
-9,5,240.7511188226556
-8,5,86.57471991531968
-8,5,189.69145395326902
-8,4,335.14921056376505
-8,4,324.26376950957
-8,3,271.0029686890607
-8,3,190.81015642286582
-8,2,289.01472757544485
-8,2,301.96359000024245
-8,1,202.06426665000336
-8,1,50.0
-7,1,405.73427830978665
-7,1,423.43185490275016
-7,0,286.3895765413521
-7,0,334.83479697898576
-7,-1,585.2573501235895
-7,-1,449.465011049911
-7,-2,139.88336891339398
-7,-2,281.58030142500536
-6,-2,368.99778810061906
-6,-2,58.678107921126525
-6,-3,126.33173074076856
-6,-3,332.93091126128286
-6,-4,340.5117217497924
-6,-4,259.91322314560307
-5,-4,748.7304385256223
-5,-4,149.17577111285962
-4,-4,475.8527150433276
-4,-4,144.92458582355798
-3,-4,265.29045124760404
-3,-4,287.59200237085395
-3,-3,386.194466185472
-3,-3,273.67588078452934
-3,-4,458.39433229374333
-3,-4,250.69280593604847
-3,-3,309.83358435154923
-3,-3,391.2034617684229
-3,-4,191.2586081019184
-3,-4,310.3348547016639
-3,-5,175.92056474987257
-3,-5,430.65488913977674
-4,-5,373.38546170656025
-4,-5,186.51905494018382
-3,-5,181.68335736887713
-3,-5,173.23678128742804
-2,-5,456.3792453754686
-2,-5,148.56690422691497
-2,-6,140.83568640179482
-2,-6,50.0
-1,-6,442.40969204603545
-1,-6,247.7813101208179
-1,-7,299.9154170586476
-1,-7,318.7260246323334
0,-7,50.0
0,-7,376.3601172171792
0,-8,278.7338104654342
0,-8,198.86051529239518
-1,-8,226.33033832801095
-1,-8,58.77074711566175
-2,-8,258.2391151537299
-2,-8,161.9592921093828
-3,-8,205.40696796316317
-3,-8,579.5643486758261
-2,-8,164.34778787481815
-2,-8,181.41679472845968
-1,-8,255.68487664702482
-1,-8,446.58818743895137
-2,-8,268.83493260804835
-2,-8,190.58895777851708
-3,-8,308.83675612319075
-3,-8,281.411612499466
-4,-8,272.3150749039478
-4,-8,190.14607576046026
-3,-8,226.68812705482367
-3,-8,295.4671329352403
-4,-8,400.60117985290543
-4,-8,368.54601899506633
-3,-8,422.85778847932585
-3,-8,129.0271446653747
-4,-8,287.10712826474105
-4,-8,317.1723048653005
-3,-8,253.75057732407072
-3,-8,273.26414515107615
-2,-8,199.2142134826853
-2,-8,396.94619801858374
-3,-8,154.77191383975534
-3,-8,249.77076253018845
-4,-8,273.72955344245935
-4,-8,563.258469655684
-5,-8,144.424915568739
-5,-8,135.11975356053063
-6,-8,62.59727964997437
-6,-8,76.99006124159479
-5,-8,287.8230748146701
-5,-8,337.48261159775353
-6,-8,196.4530075365856
-6,-8,50.0
-5,-8,202.11570834953156
-5,-8,530.3514362675272
-6,-8,243.84356185132458
-6,-8,57.255722461785496
-7,-8,97.38196387993841
-7,-8,86.87748870166398
-6,-8,254.58475930103447
-6,-8,347.3412162902433
-5,-8,162.82081886418706
-5,-8,50.0
-6,-8,384.8436961076749
-6,-8,440.36343299367684
-7,-8,381.4758631129417
-7,-8,238.58047984269908
-8,-8,315.01438069548783
-8,-8,273.7773093219205
-9,-8,190.29631318785482
-9,-8,157.06857380078154
-10,-8,239.36285712397955
-10,-8,50.0
-11,-8,144.38845647097742
-11,-8,83.90819133981172
-12,-8,50.0
-12,-8,216.59285057124794
-11,-8,217.0829885395224
-11,-8,114.63700116701963
-12,-8,75.29269463910308
-12,-8,133.01142336448004
-13,-8,69.6505791490645
-13,-8,96.34208030327476
-14,-8,98.24386771112397
-14,-8,50.0
-15,-8,50.0
-15,-8,122.43796986140183
-16,-8,50.0
-16,-8,50.0
-17,-8,245.01211767685848
-17,-8,90.34197608989889
-16,-8,50.0
-16,-8,254.8355685767694
-15,-8,50.0
-15,-8,50.0
-15,-7,94.88721417209564
-15,-7,50.0
-14,-7,50.0
-14,-7,285.66130394114714
-14,-8,231.45056532524177
-14,-8,89.11093475459803
-13,-8,165.2490436745543
-13,-8,58.80241414967348
-12,-8,131.9282924015708
-12,-8,204.6715353454003
-11,-8,170.8945758288295
-11,-8,328.35720952953375
-11,-7,144.14883337114617
-11,-7,288.189072288451
-10,-7,79.64408684134833
-10,-7,121.64809407949764
-9,-7,50.0
-9,-7,146.30365297294594
-10,-7,111.92767256645044
-10,-7,103.584370066554
-9,-7,388.85934874164593
-9,-7,105.2599810217234
-9,-8,79.25272613805063
-9,-8,50.0
-9,-7,150.30854379983657
-9,-7,50.0
-8,-7,85.64703536484068
-8,-7,50.0
-7,-7,186.8537677065389
-7,-7,352.854654886663
-7,-8,199.19336974308865
-7,-8,306.2372868100778
-6,-8,234.93135506794601
-6,-8,135.70992728500033
-5,-8,152.72032362045746
-5,-8,297.4448141012943
-5,-9,189.81611889286935
-5,-9,323.207664356872
-6,-9,135.2837563686082
-6,-9,145.1628779797813
-5,-9,55.9245137609074
-5,-9,493.8288652144684
-4,-9,269.8120390365424
-4,-9,50.0
-5,-9,268.00789140558084
-5,-9,138.01348490963133
-4,-9,290.11579060326653
-4,-9,95.50328702598824
-3,-9,263.9973705816982
-3,-9,197.17841916030994
-3,-10,79.37669862847493
-3,-10,149.27734267266044
-3,-11,88.04674200207023
-3,-11,180.8161913565805
-2,-11,50.0
-2,-11,154.94611009291435
-1,-11,142.33866639247697
-1,-11,155.26681220312295
0,-11,288.9560646257815
0,-11,50.0
1,-11,481.63261612414624
1,-11,50.0
0,-11,452.80714483612053
0,-11,418.1088310907945
1,-11,125.60382322815764
1,-11,359.4136558916361
1,-12,138.12305414285527
1,-12,187.5583137443366
0,-12,335.45159922586345
0,-12,50.0
-1,-12,251.0450781211589
-1,-12,180.92234447537456
0,-12,71.562354646248
0,-12,360.422919814357
0,-13,222.35575587370747
0,-13,158.6484133362767
1,-13,50.0
1,-13,138.54688094339255
2,-13,144.00105959628718
2,-13,304.05650416437027
2,-14,204.8083478879545
2,-14,225.5309363650303
3,-14,448.591808639119
3,-14,50.0
4,-14,147.07947021667067
4,-14,81.09930701931538
5,-14,50.0
5,-14,50.0
6,-14,50.0
6,-14,129.66856168178407
6,-15,174.3334811622751
6,-15,122.68655636046567
7,-15,95.60366840423288
7,-15,50.0
7,-14,207.85287474226732
7,-14,50.0
6,-14,66.53420866206741
6,-14,223.35085872698687
7,-14,199.74076556819082
7,-14,76.80166349048125
8,-14,50.0
8,-14,175.98771944773108
9,-14,81.95054093430139
9,-14,263.838467177087
10,-14,440.11651629051283
10,-14,50.0
11,-14,129.04530663390508
11,-14,50.0
12,-14,305.16143044914577
12,-14,177.09015609936984
13,-14,211.39128182721447
13,-14,60.3253525781751
14,-14,50.0
14,-14,144.26133680072775
14,-15,84.51891543750635
14,-15,50.0
15,-15,50.0
15,-15,50.0
14,-15,50.0
14,-15,50.0
14,-16,50.0
14,-16,50.0
14,-17,50.0
14,-17,61.18133798389417
14,-16,50.0
14,-16,50.0
15,-16,64.21605272022194
15,-16,67.20140496620687
16,-16,149.3895847115873
16,-16,50.0
16,-17,50.0
16,-17,50.0
16,-18,50.0
16,-18,50.0
16,-19,50.0
16,-19,50.0
16,-20,50.0
16,-20,50.0
17,-20,50.0
17,-20,54.5816890418069
18,-20,50.0
18,-20,50.0
19,-20,50.0
19,-20,50.0
20,-20,50.0
20,-20,160.98126674090912
20,-19,50.0
20,-19,50.0
20,-18,50.0
20,-18,50.0
20,-17,50.0
20,-17,50.0
20,-16,50.0
20,-16,50.0
20,-17,50.0
20,-17,50.0
20,-18,50.0
20,-18,50.0
20,-17,50.0
20,-17,50.0
20,-16,50.0
20,-16,50.0
20,-15,50.0
20,-15,50.0
20,-14,50.0
20,-14,50.0
20,-13,170.26945572137112
20,-13,50.0
20,-12,50.0
20,-12,50.0
20,-11,50.0
20,-11,50.0
20,-10,50.0
20,-10,50.0
20,-9,50.0
20,-9,81.51874167415896
20,-8,50.0
20,-8,130.76078690236318
19,-8,50.0
19,-8,50.0
18,-8,184.54170757500697
18,-8,50.0
17,-8,50.0
17,-8,50.0
16,-8,62.23162430323291
16,-8,50.0
15,-8,126.70021009713867
15,-8,81.22572523235714
14,-8,50.0
14,-8,128.43691604397185
13,-8,194.26848076010495
13,-8,286.58897864748974
12,-8,178.75749041917973
12,-8,117.74121032749414
11,-8,102.9398471825505
11,-8,129.73475122916423
10,-8,68.92640943629598
10,-8,490.0035171937204
10,-7,353.5613583503572
10,-7,128.92609706213284
9,-7,358.35268694330193
9,-7,292.12109119804427
8,-7,184.27281151106408
8,-7,325.49743430099835
7,-7,95.60487191238425
7,-7,112.70960622252385
7,-8,153.55551374911343
7,-8,424.69145264470006
6,-8,77.92352519220756
6,-8,225.40975873452916
5,-8,197.52808996374878
5,-8,296.3810938243093
6,-8,336.3723543507293
6,-8,50.0
6,-9,324.07715570629034
6,-9,72.41762312196315
5,-9,50.0
5,-9,246.5735791075414
4,-9,237.77937783647096
4,-9,233.03253767686618
3,-9,221.17365108469087
3,-9,118.99573848838307
4,-9,78.34654999471114
4,-9,255.69583345775783
5,-9,226.31822601940974
5,-9,126.1160690583402
4,-9,50.0
4,-9,189.29231210962553
4,-10,50.0
4,-10,50.0
3,-10,156.60602079676755
3,-10,542.1896181699702
4,-10,50.0
4,-10,50.0
4,-11,323.367829168027
4,-11,115.75088274943917
3,-11,181.18402915028904
3,-11,536.4052748357651
2,-11,136.97081993726238
2,-11,243.1470523784049
1,-11,50.0
1,-11,145.70240247796875
0,-11,285.70722568097744
0,-11,534.6439893437732
-1,-11,316.5772269887102
-1,-11,50.0
-1,-12,245.18227910043208
-1,-12,50.0
-2,-12,228.17634514076028
-2,-12,101.31155510881047
-3,-12,108.87862842229107
-3,-12,50.0
-3,-13,134.6086212831955
-3,-13,143.90751969647258
-4,-13,138.88452867708588
-4,-13,50.0
-5,-13,50.0
-5,-13,174.56099165915725
-6,-13,196.36087999748702
-6,-13,153.39394929059847
-5,-13,50.0
-5,-13,133.3070584605425
-6,-13,269.84138094760465
-6,-13,180.35535755356153
-6,-14,50.0
-6,-14,50.0
-7,-14,142.36054365826084
-7,-14,50.0
-6,-14,71.51096164283295
-6,-14,220.0851875857911
-7,-14,124.62048971668796
-7,-14,50.0
-7,-15,50.0
-7,-15,206.6309051004279
-8,-15,290.1209773865266
-8,-15,68.49977931334669
-9,-15,50.0
-9,-15,50.0
-10,-15,50.0
-10,-15,259.4713583408626
-11,-15,340.99943133063
-11,-15,50.0
-10,-15,187.64710042317833
-10,-15,372.12759613165497
-11,-15,50.0
-11,-15,50.0
-12,-15,50.00070680392228
-12,-15,50.0
-13,-15,285.1545643617212
-13,-15,82.15632065443609
-14,-15,50.0
-14,-15,174.3059464567438
-15,-15,92.1559129871773
-15,-15,240.53444166677946
-15,-16,304.4903132658524
-15,-16,50.0
-16,-16,50.0
-16,-16,50.0
-17,-16,50.0
-17,-16,50.0
-18,-16,50.0
-18,-16,50.0
-19,-16,50.0
-19,-16,64.32493890011193
-20,-16,50.0
-20,-16,50.0
-19,-16,50.0
-19,-16,50.0
-19,-17,50.0
-19,-17,50.0
-18,-17,50.0
-18,-17,138.62470556350152
-18,-16,50.0
-18,-16,50.0
-17,-16,50.0
-17,-16,100.75398142363689
-16,-16,50.0
-16,-16,86.41421366926238
-15,-16,50.0
-15,-16,50.0
-15,-15,50.0
-15,-15,108.15660063157836
-14,-15,50.0
-14,-15,50.0
-13,-15,50.0
-13,-15,110.45701338855378
-12,-15,68.54275742085403
-12,-15,67.3512545205081
-12,-16,134.7275127063289
-12,-16,50.0
-12,-15,50.0
-12,-15,367.64266569754557
-13,-15,50.0
-13,-15,50.0
-12,-15,50.0
-12,-15,50.0
-11,-15,50.0
-11,-15,90.7321762308517
-10,-15,82.80357013733885
-10,-15,50.0
-9,-15,121.99804861468074
-9,-15,50.0
-8,-15,85.20578010108355
-8,-15,143.32777463837283
-9,-15,309.2325563864488
-9,-15,54.84072759725363
-9,-16,123.87920867221018
-9,-16,78.54743172275255
-9,-15,195.86135750108718
-9,-15,431.4754583165522
-8,-15,121.36816446270423
-8,-15,50.0
-8,-14,50.0
-8,-14,185.626829036412
-7,-14,227.2273095495133
-7,-14,133.68867676989083
-6,-14,50.0
-6,-14,222.06719715096312
-5,-14,160.12665178095054
-5,-14,134.42397239382672
-5,-13,326.02151184564036
-5,-13,307.11011606515046
-4,-13,238.0082396645071
-4,-13,200.37592334951165
-3,-13,135.82947706146672
-3,-13,262.97188484643766
-2,-13,178.7533187943844
-2,-13,243.3240827304466
-1,-13,357.541732716624
-1,-13,157.2147915282475
-1,-12,105.35918160862946
-1,-12,50.0
-2,-12,137.88936931431255
-2,-12,50.0
-1,-12,235.8326407291464
-1,-12,242.1830422912177
-1,-11,109.76532566158224
-1,-11,80.10089893897612
-1,-12,211.90007667390546
-1,-12,324.27447623982835
-2,-12,370.05445153126186
-2,-12,258.8349122411808
-1,-12,406.570725970127
-1,-12,188.8441356338544
-1,-11,50.0
-1,-11,283.9054652682974
0,-11,286.92527295843945
0,-11,343.11782480422175
0,-10,251.27726903204848
0,-10,334.1956136192864
0,-9,236.83205727114753
0,-9,179.12215353329043
-1,-9,72.50537994263959
-1,-9,377.2254569226433
0,-9,603.2253400337722
0,-9,314.1565975306183
1,-9,247.55586886955865
1,-9,381.9356989956307
0,-9,319.12181197711055
0,-9,212.8470986529684
-1,-9,212.50509113066394
-1,-9,159.84759132273157
0,-9,238.37179825962266
0,-9,50.0
-1,-9,261.40306007148206
-1,-9,309.75322678584996
0,-9,209.69066533806065
0,-9,550.7991961038479
1,-9,162.72262779854898
1,-9,339.9588414655203
2,-9,105.45922666662375
2,-9,531.184234520052
2,-8,261.844539367614
2,-8,50.0
3,-8,238.9811621619605
3,-8,164.01603890445205
4,-8,185.8197087881363
4,-8,203.1876716442794
4,-9,84.92314341856714
4,-9,50.0
3,-9,171.15729160793126
3,-9,243.7494099193849
2,-9,360.08682172567296
2,-9,203.86958861013258
1,-9,126.90067661587955
1,-9,252.49396801085607
1,-10,201.96411949800893
1,-10,386.74764529865746
0,-10,451.59032385801004
0,-10,453.1851240087431
0,-11,225.0137861149493
0,-11,64.56485421010652
0,-12,170.71929975430967
0,-12,50.0
0,-11,479.3376375791581
0,-11,50.0
1,-11,308.7556995872289
1,-11,119.01795513971237
1,-12,217.56568148524997
1,-12,104.92480761740958
2,-12,129.5180857318469
2,-12,415.86630683251485
2,-11,211.57072069852552
2,-11,307.41765567043035
2,-10,83.95620009469621
2,-10,144.69732075769195
2,-9,240.87220417081875
2,-9,456.16931148964727
3,-9,384.9646038643188
3,-9,249.44959963021768
2,-9,200.91956364279
2,-9,150.29118741012448
2,-8,473.20599919480514
2,-8,67.49012211893864
2,-9,495.8181382307368
2,-9,50.0
3,-9,497.2570885453447
3,-9,248.36252860850453
3,-8,116.00635688001555
3,-8,374.583686395557
4,-8,144.9769168146406
4,-8,349.69640902519944
5,-8,110.06357817049977
5,-8,246.30708925906123
6,-8,414.2618302849978
6,-8,69.51279065497755
6,-7,50.0
6,-7,295.4135928167915
6,-6,226.74354761771266
6,-6,115.1893970604054
7,-6,191.39268882333153
7,-6,214.2462738332573
7,-7,50.0
7,-7,164.1814165890664
6,-7,208.29964086933313
6,-7,321.5752116023217
7,-7,234.50060530326286
7,-7,450.36493355810205
8,-7,267.63043512355875
8,-7,50.0
8,-6,50.0
8,-6,422.1694453236527
7,-6,147.63420785367092
7,-6,157.9300747033593
7,-5,294.16223829271394
7,-5,254.22685500363042
7,-4,209.86522077798784
7,-4,141.2937059530957
8,-4,176.91605402453973
8,-4,446.0046300328959
9,-4,342.97830896629466
9,-4,211.94424962062075
9,-3,277.64914140566384
9,-3,148.52578853509885
9,-2,50.0
9,-2,188.9053847374798
10,-2,169.20753279624932
10,-2,51.50134607380792
9,-2,295.68966308300935
9,-2,202.35093847189802
10,-2,69.58456653943757
10,-2,252.10167132938255
10,-1,158.63971185242946
10,-1,50.0
11,-1,279.4490451872898
11,-1,94.56980691111491
11,0,375.3702206069852
11,0,583.2264086215154
12,0,199.3448138256415
12,0,183.38306749382932
12,1,426.05926492563844
12,1,144.58464559624508
12,2,264.6441462593882
12,2,54.74045162243415
13,2,50.0
13,2,50.0
13,3,241.1310901030712
13,3,220.6497301777133
12,3,227.80146938894816
12,3,346.9502669891511
12,4,51.82847731208764
12,4,207.9283475730046
13,4,225.93382113401802
13,4,50.0
12,4,224.1992905749831
12,4,123.07212580692217
12,5,215.27144158790674
12,5,50.0
13,5,467.7263789105815
13,5,200.34077871562096
14,5,185.4186689233848
14,5,266.2161033811217
13,5,50.0
13,5,310.2956638818025
13,4,50.05386896265989
13,4,740.1780763476913
14,4,50.0
14,4,227.27163235101818
14,5,50.0
14,5,50.0
15,5,195.72605237910727
15,5,50.0
16,5,187.05214668245193
16,5,228.53500635047544
17,5,90.98639456323423
17,5,85.9578868356769
18,5,89.56779081585393
18,5,148.936780546166
18,6,96.16483501248183
18,6,50.0
18,7,90.08538282234004
18,7,142.73746703604846
18,8,185.64780987749128
18,8,172.09958680141642
19,8,50.0
19,8,165.84885593161687
20,8,50.0
20,8,50.0
19,8,223.01928665427226
19,8,50.0
18,8,133.0115303124536
18,8,159.1445405389153
17,8,277.3696558676568
17,8,50.0
16,8,199.36802394995203
16,8,50.0
15,8,50.0
15,8,50.0
14,8,146.07580293512157
14,8,203.604927060891
13,8,387.1396440237951
13,8,50.0
12,8,126.13152574093806
12,8,168.6418974846781
12,9,177.52476989802602
12,9,156.90112462754257
12,8,175.21503293240085
12,8,50.0
12,7,249.42287879380456
12,7,50.0
12,6,195.17254663019844
12,6,200.31201325363966
12,5,162.58618010539863
12,5,178.01680747238817
12,4,163.8828356787424
12,4,271.395419391419
12,3,50.0
12,3,303.82698663265717
13,3,381.3780519387024
13,3,87.75476861415349
12,3,193.12280064855827
12,3,233.2736483099612
13,3,220.85884457661896
13,3,397.8762221528658
14,3,230.11338755306767
14,3,94.64606553915
13,3,142.60464372613484
13,3,105.01714637875422
14,3,50.0
14,3,325.1534597272953
13,3,193.42988779437394
13,3,50.0
13,2,372.46508489556265
13,2,123.249433084962
13,1,186.55239428239068
13,1,192.07733050032826
