16,-15,151.23232156692058
16,-14,105.00503096338555
16,-13,100.0
16,-12,182.069977149327
16,-11,100.0
15,-11,420.550075078543
14,-11,100.0
15,-11,192.22474249729433
14,-11,100.0
14,-10,100.0
13,-10,377.570133267164
12,-10,439.22655875045143
11,-10,280.7138565603167
11,-9,100.0
12,-9,122.06639027000053
12,-8,135.7948142598426
11,-8,417.80823519225066
11,-7,260.1365211200823
10,-7,630.9090186433932
9,-7,374.8227664908039
8,-7,312.74591370662773
8,-6,260.55260728024257
8,-5,275.50707462830445
8,-4,427.29690937514175
7,-4,100.0
7,-5,660.7729215790475
7,-4,465.59154068496684
8,-4,327.23677467038647
7,-4,387.2941371508257
6,-4,778.5787069121898
6,-3,332.34015871735517
5,-3,594.3664668992601
4,-3,318.51785200588057
4,-2,1061.610627458203
4,-1,436.4078456880355
5,-1,244.5604620607382
4,-1,989.1162970397586
3,-1,290.77787832573114
2,-1,912.6673605152328
2,0,767.6892858280777
2,1,676.9931402294445
2,2,316.86562338056143
1,2,692.5448230606094
0,2,224.60184579828265
0,3,736.790974222497
-1,3,485.1643473602312
0,3,254.86565421987507
-1,3,472.3664197420246
-2,3,549.0347306935178
-2,4,1009.2607424222083
-2,5,111.52686845735144
-2,6,276.98453419452255
-1,6,522.3604690818684
0,6,522.0050765185865
-1,6,271.0155860741329
-2,6,211.5685245693855
-1,6,595.3979260565424
-2,6,749.5671866353888
-2,7,773.2706240255854
-1,7,334.59017531488405
-2,7,467.40687037008433
-1,7,762.6070762314941
-2,7,412.68664932137534
-2,6,378.036167134271
-3,6,361.719203764815
-3,7,460.1954141781436
-4,7,136.4195265723644
-4,8,155.97413158826083
-5,8,151.5404512161322
-5,9,119.37350354129141
-6,9,197.77409939384015
-5,9,253.62264539991872
-5,10,125.31967386032908
-6,10,174.0027457756354
-7,10,271.7649283236164
-8,10,188.97656423128842
-9,10,100.0
-10,10,334.8641505236652
-11,10,142.90381756718594
-12,10,104.34508061267717
-13,10,437.59865497499703
-13,9,100.0
-13,10,103.13959498061908
-12,10,205.12154101306982
-12,11,242.31061305865614
-13,11,100.0
-13,10,546.7014201064305
-13,11,100.0
-14,11,387.5920242141021
-15,11,100.0
-15,12,361.5710674665711
-16,12,100.0
-16,11,100.0
-15,11,148.75678804160904
-16,11,100.0
-15,11,100.0
-15,10,234.96913302006539
-14,10,206.9111469426951
-14,11,100.0
-14,12,197.63712619181877
-14,11,100.0
-13,11,100.0
-12,11,100.0
-12,10,226.65415159757214
-12,9,441.52286396188873
-11,9,137.33982165210531
-11,8,203.4276140630139
-11,7,556.115456178278
-11,8,260.5278903698064
-11,7,495.1375095776733
-12,7,100.0
-12,8,100.0
-13,8,284.7456912961867
-12,8,316.53702194892264
-12,9,100.0
-11,9,100.0
-11,8,100.0
-10,8,618.1066037686651
-10,7,318.4315408579472
-9,7,216.99288489222997
-9,8,536.5397632107929
-10,8,175.14010287586774
-10,7,391.9967574990443
-9,7,706.4359496613973
-10,7,167.94989488905628
-10,6,430.02608666989414
-10,5,301.02790763130565
-9,5,272.75209879654324
-8,5,396.56357451832486
-8,4,646.2363034429177
-8,3,642.8112092401591
-8,2,460.20438511042585
-8,1,200.557950366375
-7,1,798.770657805333
-7,0,536.2962563301414
-7,-1,590.0532450446237
-7,-2,191.82518088610007
-6,-2,790.8013909401056
-6,-3,749.7139521731334
-6,-4,397.33036154305324
-5,-4,335.2598143811558
-4,-4,596.2208818301766
-3,-4,1102.0251175581143
-3,-3,332.02979755048915
-3,-4,598.3896225909771
-3,-3,558.2389185834938
-3,-4,1130.3134135664068
-3,-5,296.984078068784
-4,-5,450.323548604636
-3,-5,958.0451500583467
-2,-5,254.15061819713873
-2,-6,353.591569975913
-1,-6,523.1515907911387
-1,-7,268.9434370456478
0,-7,421.8594489035514
0,-8,461.35021027181364
-1,-8,434.1188655149499
-2,-8,483.526280787331
-3,-8,318.1204082211991
-2,-8,537.1838150340795
-1,-8,377.2538510625696
-2,-8,279.04774046919675
-3,-8,443.28798762570887
-4,-8,449.1829307489943
-3,-8,625.4566381682487
-4,-8,396.8472874518248
-3,-8,636.3385779602776
-4,-8,276.8795195226145
-3,-8,617.2706792444031
-2,-8,868.0691115617278
-3,-8,156.95950085122308
-4,-8,390.7260278172776
-5,-8,523.8138592580224
-6,-8,485.11866475820517
-5,-8,491.1937267719882
-6,-8,371.86541826940464
-5,-8,371.56753982003
-6,-8,232.31881358306723
-7,-8,228.49787907201463
-6,-8,381.71248431510435
-5,-8,309.8682207988005
-6,-8,551.8686920379845
-7,-8,485.07822351851445
-8,-8,787.166212619361
-9,-8,516.3482222735682
-10,-8,243.84654003843892
-11,-8,100.0
-12,-8,339.5468882277628
-11,-8,100.0
-12,-8,139.50529633585657
-13,-8,341.41911934522193
-14,-8,185.1216182735138
-15,-8,100.0
-16,-8,540.6555740133513
-17,-8,100.0
-16,-8,334.8463083943641
-15,-8,162.85645525618295
-15,-7,153.33103538250236
-14,-7,166.11792480501109
-14,-8,100.0
-13,-8,300.47237135499927
-12,-8,129.72775932840608
-11,-8,336.14091909898565
-11,-7,838.5142253666183
-10,-7,326.44173404220385
-9,-7,120.44272127455554
-10,-7,215.7829259537467
-9,-7,292.27630604644645
-9,-8,100.0
-9,-7,113.34646001968167
-8,-7,100.0
-7,-7,100.0
-7,-8,617.8172976445666
-6,-8,100.0
-5,-8,401.42019719917016
-5,-9,503.2792293425135
-6,-9,148.12784701738158
-5,-9,600.6989207496164
-4,-9,400.4369641465028
-5,-9,143.66351394999012
-4,-9,294.76364513299825
-3,-9,634.2301368629603
-3,-10,676.9224606121604
-3,-11,100.0
-2,-11,121.76533535884624
-1,-11,376.73639679152234
0,-11,100.0
1,-11,206.82121577606262
0,-11,100.0
1,-11,223.03967657742265
1,-12,336.4030721746526
0,-12,233.58212978657542
-1,-12,190.29211825771165
0,-12,542.4181696472261
0,-13,434.6543660166607
1,-13,273.02764534517405
2,-13,440.1200888360536
2,-14,523.3704610018281
3,-14,212.2788864117464
4,-14,100.0
5,-14,361.51464853124526
6,-14,100.0
6,-15,100.0
7,-15,130.84233150243134
7,-14,272.44366400641957
6,-14,213.90998051477516
7,-14,262.2003772333279
8,-14,100.0
9,-14,216.25996470376657
10,-14,276.7687436175614
11,-14,100.0
12,-14,100.0
13,-14,206.15883899821665
14,-14,100.0
14,-15,100.0
15,-15,100.0
14,-15,100.0
14,-16,145.40727177247888
14,-17,238.8128508413965
14,-16,142.66577579367464
15,-16,182.00897686363726
16,-16,224.79938900842149
16,-17,100.0
16,-18,100.0
16,-19,100.0
16,-20,100.0
17,-20,100.0
18,-20,100.0
19,-20,100.0
20,-20,100.0
20,-19,124.23881740074248
20,-18,100.0
20,-17,100.0
20,-16,100.0
20,-17,100.0
20,-18,100.0
20,-17,100.0
20,-16,100.0
20,-15,100.0
20,-14,100.0
20,-13,100.0
20,-12,100.0
20,-11,100.0
20,-10,325.99581063207756
20,-9,100.0
20,-8,100.0
19,-8,100.0
18,-8,100.0
17,-8,100.0
16,-8,258.0242264603339
15,-8,183.1211954905372
14,-8,100.0
13,-8,100.0
12,-8,280.98925096988324
11,-8,587.9884924780845
10,-8,736.2262184250455
10,-7,100.0
9,-7,577.9479466425346
8,-7,100.0
7,-7,299.57347276454476
7,-8,505.7586603726072
6,-8,466.2704004058446
5,-8,468.95862781220865
6,-8,409.6488913923107
6,-9,232.77423832831985
5,-9,574.0938572892306
4,-9,207.22014264751567
3,-9,339.4858426006928
4,-9,100.0
5,-9,283.35105673042864
4,-9,336.1869965039424
4,-10,100.0
3,-10,400.2642194957257
4,-10,265.62553573770555
4,-11,156.08956819445814
3,-11,547.2789732506963
2,-11,170.40868246175503
1,-11,144.04289210526926
0,-11,334.2803650814677
-1,-11,441.6913632665495
-1,-12,209.04078965582522
-2,-12,113.768492550764
-3,-12,606.8646558358317
-3,-13,100.0
-4,-13,136.46780078702815
-5,-13,100.0
-6,-13,161.16583779480945
-5,-13,114.66456375405656
-6,-13,642.150380417021
-6,-14,144.30545675926362
-7,-14,488.7927038173318
-6,-14,100.0
-7,-14,100.0
-7,-15,304.4668287520376
-8,-15,100.0
-9,-15,100.0
-10,-15,163.64083348216974
-11,-15,100.0
-10,-15,100.0
-11,-15,100.0
-12,-15,100.0
-13,-15,100.0
-14,-15,174.73408292688322
-15,-15,100.0
-15,-16,100.0
-16,-16,100.0
-17,-16,100.0
-18,-16,100.0
-19,-16,202.2602839873064
-20,-16,100.0
-19,-16,468.11279060008746
-19,-17,100.0
-18,-17,100.0
-18,-16,100.0
-17,-16,100.0
-16,-16,346.30674243655204
-15,-16,171.71157980800294
-15,-15,100.0
-14,-15,100.0
-13,-15,219.16384821199514
-12,-15,100.0
-12,-16,167.03983138341783
-12,-15,100.0
-13,-15,100.0
-12,-15,100.0
-11,-15,100.0
-10,-15,100.0
-9,-15,202.2130230670768
-8,-15,329.12748473014665
-9,-15,106.78241201962153
-9,-16,111.83554915015743
-9,-15,100.0
-8,-15,100.0
-8,-14,100.0
-7,-14,324.2115510773432
-6,-14,113.4249334854021
-5,-14,222.52938654147556
-5,-13,100.0
-4,-13,180.14316479803722
-3,-13,263.81805491902963
-2,-13,219.16469489072256
-1,-13,147.0688923042551
-1,-12,233.35750201536936
-2,-12,166.3849994568325
-1,-12,644.5291864372623
-1,-11,320.40280482770584
-1,-12,100.0
-2,-12,110.21222072879675
-1,-12,100.0
-1,-11,336.0708727074654
0,-11,739.3728454481982
0,-10,221.37426172841697
0,-9,365.13126927564895
-1,-9,605.1848982267214
0,-9,473.16609435126645
1,-9,552.5747312330299
0,-9,291.4402897649959
-1,-9,159.23904318365808
0,-9,849.3971018462087
-1,-9,285.60226462715656
0,-9,394.75963010039777
1,-9,508.62380114105304
2,-9,994.5376796386538
2,-8,228.7002571540969
3,-8,263.9761076516836
4,-8,263.48894854508
4,-9,202.116532896889
3,-9,373.0654247693267
2,-9,421.22262430062756
1,-9,274.1914394968535
1,-10,322.52993285059
0,-10,597.2072456060279
0,-11,356.4318019424216
0,-12,438.240167489662
0,-11,100.0
1,-11,509.8751313906871
1,-12,100.0
2,-12,100.0
2,-11,324.00523457517335
2,-10,643.2313463727799
2,-9,328.7222999182079
3,-9,371.9338551542784
2,-9,447.0805304753302
2,-8,100.0
2,-9,449.1581943448103
3,-9,606.95842038398
3,-8,611.5715013330583
4,-8,968.3654604938133
5,-8,157.90073117267644
6,-8,432.8618020389787
6,-7,678.3502576174219
6,-6,337.52268297883154
7,-6,379.2353003316043
7,-7,316.6060888418836
6,-7,642.2832875037182
7,-7,687.4027808581485
8,-7,100.0
8,-6,100.0
7,-6,264.67562301698206
7,-5,263.5779370878345
7,-4,468.94729757181517
8,-4,1220.2084057966313
9,-4,364.4376820041607
9,-3,239.17774420175502
9,-2,452.6722447634852
10,-2,172.21198042105758
9,-2,370.8766972011467
10,-2,370.7860069461833
10,-1,224.8903209936583
11,-1,691.3400537860025
11,0,515.4792632956677
12,0,133.79758740098384
12,1,331.50130895625637
12,2,192.8740016691652
13,2,161.67146063239338
13,3,148.57227649514616
12,3,436.02397493207457
12,4,357.30503589695866
13,4,100.0
12,4,165.45855796327515
12,5,100.0
13,5,106.8720097556394
14,5,265.75996141804035
13,5,100.0
13,4,100.0
14,4,122.79023095749517
14,5,100.0
15,5,100.0
16,5,100.0
17,5,296.58098673199055
18,5,311.68666443319694
18,6,100.0
18,7,100.0
18,8,379.9886861138265
19,8,422.5983137966929
20,8,100.0
19,8,100.0
18,8,100.0
17,8,173.07254927201043
16,8,100.0
15,8,100.0
14,8,440.6227632721652
13,8,100.0
12,8,138.8710838889073
12,9,290.82970501082605
12,8,303.6116036363917
12,7,704.4776775497311
12,6,100.0
12,5,445.74912869581686
12,4,100.0
12,3,100.0
13,3,321.6411260468415
12,3,372.01559087993564
13,3,325.4686699714357
14,3,644.7088445648019
13,3,140.3235112318339
14,3,158.01357162805553
13,3,456.7349885202939
13,2,325.1367613120284
13,1,100.0
