0.829305
0.831831
0.825203
0.823125
0.810789
0.796575
0.789583
0.795853
0.785145
0.780353
0.780786
0.774409
0.79949
0.805773
0.795987
0.804644
0.802367
0.784528
0.810789
0.818909
0.811888
0.815156
0.818909
0.825203
0.828796
0.829812
0.831328
0.831831
0.831328
0.833333
0.833333
0.831831
0.832834
0.832834
0.832834
0.833333
0.830319
0.830319
0.831335
0.830308
0.832835
0.833333
0.833333
0.832834
0.833333
0.832834
0.832834
0.832333
0.832333
0.830824
0.831328
0.829812
0.82675
0.828796
0.827263
0.823125
0.81944
0.820499
0.821553
0.823125
0.827775
0.825203
0.827263
0.826236
0.828796
0.832834
0.832333
0.833333
0.833333
0.832333
0.831831
0.833333
0.831831
0.833333
0.832834
0.832835
0.831831
0.833333
0.833333
0.832333
0.831831
0.830319
0.833333
0.833333
0.833333
0.833333
0.833333
0.833333
0.833333
0.833333
0.833333
0.833333
0.833333
0.833333
0.833333
0.833333
0.833333
0.833333
0.833333
