0.830824
0.830319
0.823646
0.822602
0.815696
0.803508
0.791232
0.801334
0.780786
0.768512
0.7876
0.790028
0.803508
0.804542
0.803508
0.800186
0.797745
0.778256
0.807457
0.812983
0.811339
0.811339
0.822078
0.828286
0.830319
0.830319
0.831831
0.830824
0.831831
0.832834
0.832834
0.832834
0.832834
0.832834
0.832333
0.831328
0.831831
0.829812
0.830319
0.832835
0.832834
0.833333
0.832333
0.833333
0.833333
0.832834
0.832333
0.832834
0.831321
0.830329
0.830319
0.828796
0.827775
0.827263
0.828796
0.825203
0.824685
0.812436
0.820499
0.824166
0.822602
0.821027
0.826236
0.82572
0.830824
0.833333
0.833333
0.832834
0.832336
0.832834
0.831328
0.831328
0.833333
0.831328
0.831826
0.831335
0.833333
0.832834
0.833333
0.832333
0.831328
0.832834
0.832834
0.833333
0.833333
0.833333
0.833333
0.833333
0.833333
0.833333
0.833333
0.833333
0.833333
0.833333
0.833333
0.833333
0.833333
0.833333
0.833333
