0.436713
0.456101
0.416667
0.416667
0.416667
0.416667
0.416667
0.416667
0.416667
0.416667
0.416667
0.416667
0.416667
0.416667
0.416667
0.416667
0.416667
0.416667
0.416667
0.416667
0.416667
0.416667
0.436713
0.455476
0.437041
0.454851
0.437041
0.437041
0.437041
0.455476
0.473944
0.457976
0.437369
0.437041
0.437041
0.438025
0.437041
0.416667
0.436713
0.437369
0.474837
0.511759
0.542816
0.596292
0.477518
0.438025
0.456101
0.472157
0.437041
0.416667
0.416667
0.437041
0.436713
0.416667
0.416667
0.416667
0.416667
0.416667
0.416667
0.416667
0.416667
0.416667
0.416667
0.437041
0.473944
0.437369
0.476624
0.438025
0.457976
0.437041
0.456726
0.437369
0.437041
0.437041
0.437697
0.457351
0.437369
0.437369
0.437697
0.438681
0.456101
0.438025
0.475731
0.439337
0.535039
0.479305
0.683756
0.692866
0.733051
0.74986
0.721234
0.744647
0.716706
0.69597
0.627584
0.605491
0.553947
0.496342
0.496342
