2.2699
3.3123
3.29598
3.30815
3.28537
3.17209
2.22749
3.30284
3.21939
2.68781
2.09805
1.63508
2.38407
2.48978
2.83395
1.71266
3.21229
3.30726
2.36437
3.20112
2.401
3.11122
3.08753
3.25617
1.4
2.42932
1.76084
2.59431
2.91086
3.0926
2.39647
3.2218
2.50505
2.15465
3.21051
3.31308
3.2116
2.1594
2.95872
2.59361
3.24865
3.31069
3.29306
3.28963
3.20146
3.24718
3.29306
3.12732
3.29598
3.29405
3.28016
3.31069
3.29598
3.3123
3.23632
3.3115
3.28754
3.30347
3.27703
3.30545
3.29101
3.30356
3.27945
3.30158
3.27131
3.29169
3.26532
3.28924
3.27953
3.29754
3.28888
2.70828
2.95923
2.69588
2.90324
3.07893
2.49814
3.31308
3.29502
2.20223
