2.1838
3.3123
3.29101
3.31069
3.17188
2.44189
2.95623
3.18548
1.9223
1.76585
2.47475
1.9378
2.33366
3.2787
2.48567
3.17207
3.13218
2.44787
2.50505
2.41334
2.49685
1.83742
1.61537
2.15709
2.42242
2.00549
2.20803
2.70955
2.74552
2.66283
2.85557
3.29064
1.94233
2.71681
3.29598
3.285
3.23321
3.29502
3.1511
3.30986
3.29101
3.31069
3.29405
3.26424
3.29204
2.72115
2.99243
3.3115
3.28537
3.3123
3.21491
3.3123
3.29598
3.3115
3.29204
3.31069
3.29598
3.30901
3.2831
3.30451
3.28195
3.29961
3.26037
3.22834
3.25713
3.27493
3.26686
3.28727
3.27131
3.29207
3.17672
2.62462
2.9751
3.30451
3.10238
3.27972
2.1838
3.29732
2.49685
3.3123
