3.28393
2.72115
2.58622
2.76277
3.15828
2.17607
3.10802
1.99994
2.86626
2.77187
2.9212
2.5345
3.26263
1.95443
2.94675
2.61134
2.43419
3.26169
2.0815
2.03745
2.42675
3.20942
1.62271
1.92029
2.0254
3.16198
2.95488
1.64884
2.03219
2.93543
3.29598
2.18649
2.95733
2.07525
2.08326
2.08198
2.38287
2.19356
3.25098
3.30901
3.28537
3.20034
3.2218
3.3115
3.20305
3.3123
3.29502
3.3123
3.29306
2.71703
3.00835
3.30986
3.29598
3.30986
3.29101
3.31069
3.29204
3.30815
3.23735
3.28056
3.28075
3.2391
3.28194
3.30159
3.26745
3.2687
2.42112
3.29954
3.23323
3.25533
3.08473
2.08473
2.38837
3.28895
2.93987
2.79807
3.28995
3.22013
3.29598
3.27673
