0.995339
0.995323
0.992169
0.995323
0.981424
0.979897
0.976683
0.973705
0.885065
0.879824
0.871958
0.829
0.816231
0.442702
0.44117
0.426011
0.424247
0.420031
0.418573
0.417993
0.416667
0.416667
0.416667
0.417428
0.417091
0.417577
0.418094
0.419371
0.419994
0.41865
0.42307
0.423525
0.428776
0.428645
0.864123
0.855052
0.887693
0.904774
0.896903
0.892952
0.888991
0.993806
0.998484
0.995323
1.0
0.998484
0.993806
0.968992
0.982949
0.96905
0.898211
0.8772
0.861578
0.858891
0.810203
0.844714
0.8302
0.843394
0.836869
0.815054
0.845764
0.845864
0.842237
0.425414
0.422638
0.420493
0.418103
0.419827
0.41844
0.417525
0.417502
0.417565
0.417068
0.416667
0.417103
0.419371
0.42043
0.423873
0.422638
0.427963
0.444947
0.831894
0.865442
0.885065
0.886376
0.892952
0.967465
0.986091
0.965934
0.992286
0.962865
0.979813
0.965934
0.976764
0.904774
0.976764
0.888991
0.865396
0.879797
