0.833333
0.832468
0.831601
0.832468
0.831601
0.830732
0.830732
0.827238
0.820162
0.810234
0.801
0.799129
0.792513
0.775998
0.764956
0.743035
0.728869
0.691819
0.62813
0.618766
0.578051
0.553435
0.542025
0.550722
0.59386
0.621555
0.618245
0.61927
0.629237
0.680782
0.679538
0.708431
0.7473
0.761128
0.79819
0.815678
0.82548
0.82636
0.824598
0.827238
0.829861
0.82636
0.831601
0.833333
0.831601
0.833333
0.833333
0.833333
0.833333
0.831601
0.828989
0.822829
0.820162
0.810234
0.806565
0.782877
0.796306
0.801
0.794414
0.775998
0.77896
0.800066
0.784822
0.764956
0.721038
0.685723
0.627849
0.62572
0.614075
0.60882
0.607082
0.597672
0.567961
0.570114
0.576164
0.625999
0.655167
0.724412
0.714209
0.695434
0.761894
0.781901
0.806565
0.810234
0.820162
0.824598
0.828989
0.831601
0.831601
0.827238
0.833333
0.832468
0.82636
0.830732
0.827238
0.827238
0.823715
0.823715
0.812965
