1.0
0.995323
0.995323
1.0
0.978367
0.990764
0.989135
0.967465
0.891624
0.864165
0.860264
0.851225
0.83565
0.42872
0.450863
0.426011
0.421088
0.420881
0.419039
0.417141
0.417083
0.417376
0.417033
0.417056
0.417126
0.417993
0.417132
0.418094
0.419548
0.42041
0.422235
0.424209
0.42391
0.47272
0.867994
0.871958
0.87721
0.904774
0.906128
0.871958
0.903513
0.989135
0.996965
1.0
1.0
0.992286
0.993806
0.984471
0.987614
0.956625
0.907431
0.891624
0.892929
0.85116
0.828151
0.842071
0.821554
0.838379
0.81416
0.818898
0.8278
0.825271
0.845953
0.427404
0.422264
0.42342
0.417646
0.419052
0.417135
0.41795
0.417097
0.417123
0.416667
0.416667
0.417097
0.418069
0.420534
0.424534
0.421905
0.427693
0.458192
0.825131
0.890316
0.878498
0.898211
0.891624
0.953533
0.976764
0.970517
0.989135
0.967515
0.973705
0.96588
0.976834
0.904821
0.975162
0.889006
0.89164
0.875901
