0.833333
0.833333
0.833333
0.833333
0.833333
0.832468
0.828989
0.828989
0.82548
0.811146
0.819269
0.793464
0.793464
0.775998
0.761894
0.728869
0.700207
0.677038
0.628711
0.615366
0.600011
0.547918
0.550722
0.532422
0.601124
0.615366
0.626268
0.62313
0.640383
0.62813
0.682023
0.709593
0.745173
0.772234
0.79819
0.810234
0.824598
0.829861
0.831601
0.822829
0.824598
0.828989
0.830732
0.833333
0.833333
0.831601
0.833333
0.832468
0.829861
0.824598
0.828989
0.828114
0.830732
0.805642
0.812965
0.79819
0.793464
0.801933
0.79819
0.793464
0.771015
0.786758
0.800066
0.757775
0.717637
0.678289
0.643901
0.627488
0.621969
0.615366
0.595173
0.61598
0.583353
0.5586
0.579877
0.616575
0.634876
0.708431
0.727759
0.731079
0.761894
0.775998
0.782877
0.821053
0.823715
0.820162
0.830732
0.828114
0.833333
0.82548
0.82548
0.830732
0.829861
0.829861
0.82636
0.831601
0.831601
0.821942
0.812056
