0.995339
1.0
0.993806
0.993806
0.98599
0.989135
0.979813
0.970517
0.885043
0.87064
0.864123
0.847098
0.845953
0.444947
0.42782
0.42524
0.422732
0.419613
0.419827
0.417542
0.417068
0.417051
0.417062
0.416667
0.417519
0.41806
0.418517
0.418473
0.420835
0.421495
0.419202
0.423873
0.426296
0.427977
0.856309
0.875821
0.902122
0.881132
0.889006
0.871923
0.90086
0.990653
0.976683
1.0
1.0
0.993806
0.981333
0.981424
0.962825
0.956683
0.906128
0.89955
0.891624
0.852478
0.832997
0.8278
0.816529
0.835749
0.813878
0.807385
0.841973
0.860264
0.866718
0.425058
0.423066
0.420555
0.419994
0.419052
0.417993
0.417118
0.417548
0.417525
0.417077
0.417059
0.417115
0.417605
0.420996
0.423595
0.42356
0.425717
0.428646
0.813878
0.855107
0.892929
0.907431
0.896924
0.961249
0.998484
0.982949
0.989135
0.975162
0.967403
0.976764
0.955096
0.906171
0.987614
0.896924
0.88113
0.887685
