0.995339
0.992286
1.0
1.0
0.982851
0.990764
0.978367
0.981424
0.896903
0.873275
0.853794
0.870671
0.848594
0.437258
0.426439
0.427608
0.421932
0.417737
0.419107
0.417605
0.417071
0.416667
0.417405
0.416667
0.4171
0.417138
0.417651
0.418484
0.42043
0.421577
0.421327
0.421878
0.437066
0.459114
0.833109
0.852332
0.882442
0.875884
0.903471
0.899517
0.895568
0.967465
0.995323
1.0
1.0
0.989135
0.97829
0.984471
0.987614
0.973705
0.902202
0.887693
0.875901
0.862889
0.842071
0.843609
0.83443
0.839308
0.793836
0.821554
0.825271
0.842071
0.840746
0.424695
0.424132
0.421402
0.418128
0.418562
0.417118
0.417525
0.417094
0.417537
0.417077
0.416667
0.417091
0.417645
0.420086
0.422411
0.422763
0.425058
0.452149
0.830574
0.868072
0.886364
0.906128
0.90086
0.97829
0.961293
0.975162
0.968992
0.97829
0.976834
0.984564
0.975236
0.889011
0.967465
0.898211
0.887693
0.886371
