1.0393
1.00376
0.905142
0.861669
0.811934
0.886474
0.912466
0.681133
0.81147
0.766114
0.775242
0.823753
0.681007
0.982567
0.998037
0.989801
0.764961
0.891964
0.88241
0.955592
0.802506
0.710586
0.936978
1.20297
1.03294
1.02554
1.05069
1.10821
1.15631
0.899037
1.10258
1.02594
1.12285
1.13152
1.01315
1.09377
1.01731
1.05971
0.929386
1.07967
1.03693
0.821533
1.08032
1.35902
1.04846
0.997168
1.02103
0.937023
0.900753
1.07969
0.996294
0.918
0.954688
0.861792
0.900252
0.913774
0.856581
0.997788
0.896735
1.02057
0.860131
0.883625
0.906907
0.917764
1.13009
1.17851
1.01263
1.18156
0.9475
0.9882
0.929976
0.981649
1.0159
1.01666
0.986164
0.982942
1.11432
0.985836
0.91162
0.914157
0.98084
1.02275
0.914157
0.914661
0.913652
0.956328
0.996985
0.916667
0.915666
0.916667
0.916667
0.958333
1.1081
0.956328
0.968194
0.956328
1.13303
0.952981
0.907949
