1.03546
0.898707
0.906667
0.913601
0.825497
0.927626
0.806387
0.846059
0.820505
0.744629
0.872151
0.620852
0.802438
0.951247
0.828749
0.898195
0.913654
0.834608
0.818992
0.63911
0.641828
0.849715
0.962286
0.954733
1.05945
1.18588
0.950683
0.961669
1.25452
1.37269
1.04764
1.22421
0.962778
1.13571
1.08453
1.01743
1.12684
0.934538
0.9758
1.05285
1.03376
0.913835
1.0209
1.16162
1.02311
0.947353
0.953303
1.17524
1.0721
0.993606
0.982656
0.928742
0.95744
0.993266
0.908019
0.895312
0.873774
0.859758
0.955981
0.980702
0.959192
0.890075
0.900517
0.919478
0.902907
0.901463
1.13648
1.027
1.03913
0.9204
0.900411
0.927717
1.05674
1.02463
0.902198
1.08858
0.958343
0.950203
0.933189
0.911821
1.02197
0.908252
0.930566
0.910807
0.915666
0.955319
0.941613
0.916667
0.972222
0.916667
1.05051
0.915666
0.998999
0.958333
0.969207
0.915666
1.05355
0.913835
0.94143
