0.753034
0.720672
0.688757
0.595573
0.563515
0.521991
0.495959
0.516337
0.477761
0.463647
0.490487
0.480409
0.523843
0.552968
0.573972
0.540322
0.523997
0.487455
0.521473
0.578331
0.583404
0.569236
0.654914
0.688786
0.726289
0.743747
0.769084
0.737657
0.757221
0.774846
0.771298
0.795261
0.79129
0.772364
0.770034
0.75017
0.734271
0.721292
0.742361
0.755539
0.782871
0.80919
0.819589
0.820344
0.814701
0.798836
0.787122
0.757351
0.753764
0.732008
0.716337
0.734927
0.713662
0.644424
0.68658
0.640514
0.622978
0.592856
0.600309
0.600202
0.657513
0.658998
0.678532
0.711242
0.736857
0.775698
0.789852
0.781133
0.767988
0.761621
0.745823
0.760721
0.764412
0.752045
0.751805
0.756818
0.769363
0.758954
0.785379
0.779088
0.768502
0.775594
0.803042
0.814279
0.801388
0.822028
0.825849
0.826776
0.830577
0.833333
0.833333
0.831038
0.828162
0.830292
0.827985
0.819877
0.820436
0.816497
0.80919
