0.73394
0.724581
0.691622
0.635449
0.572314
0.522462
0.530844
0.506961
0.471325
0.489963
0.522592
0.472036
0.521473
0.551943
0.537339
0.533918
0.497727
0.510228
0.543265
0.586907
0.572705
0.587295
0.66062
0.717633
0.730284
0.722269
0.772184
0.738073
0.75905
0.782463
0.787374
0.783995
0.795904
0.754239
0.777096
0.762889
0.73471
0.686821
0.724774
0.743343
0.787587
0.807619
0.824454
0.826313
0.821561
0.791414
0.786002
0.756219
0.737683
0.745188
0.733312
0.718095
0.720054
0.682459
0.68315
0.668904
0.644778
0.607071
0.607194
0.651143
0.6261
0.622168
0.680548
0.684552
0.737925
0.764945
0.77604
0.777744
0.754925
0.753329
0.746598
0.750508
0.746876
0.758955
0.747245
0.747923
0.756461
0.781378
0.785619
0.791823
0.755696
0.756215
0.796626
0.80551
0.81969
0.822309
0.828623
0.829371
0.831038
0.832417
0.831498
0.833333
0.831211
0.826951
0.829371
0.825565
0.818189
0.80988
0.814148
