0.788295
0.727475
0.666007
0.637547
0.552428
0.513017
0.516893
0.526883
0.477456
0.476676
0.499459
0.487215
0.527134
0.548936
0.584289
0.555408
0.517655
0.521071
0.549106
0.57229
0.564634
0.573571
0.629147
0.6975
0.719696
0.7492
0.743744
0.72145
0.765864
0.774403
0.79129
0.796773
0.791095
0.776485
0.767215
0.768005
0.746653
0.712838
0.740603
0.740333
0.790217
0.817721
0.82492
0.819024
0.810556
0.800153
0.776095
0.767438
0.769524
0.743488
0.721738
0.711415
0.717168
0.684757
0.693094
0.670685
0.636787
0.573932
0.603929
0.643113
0.624153
0.637791
0.68149
0.671658
0.755446
0.769784
0.793155
0.776355
0.781116
0.74619
0.769327
0.744795
0.767496
0.766066
0.72469
0.767746
0.767716
0.776596
0.778861
0.775854
0.753113
0.763631
0.809267
0.787094
0.824262
0.822028
0.822958
0.827701
0.828162
0.830577
0.832417
0.827701
0.833333
0.824173
0.82492
0.81941
0.823132
0.815648
0.810081
