0.943622
1.06892
0.981414
1.00956
0.900756
0.832163
0.783234
0.654543
0.820159
0.918643
0.836682
0.713922
0.973822
0.639938
0.989761
0.736635
0.59598
0.730489
0.940505
0.793741
0.873818
0.959446
0.913815
1.04447
0.907929
1.05739
0.964729
1.10625
1.15127
1.17542
1.03272
1.11423
1.1287
0.995454
1.14672
1.05779
0.98149
0.913047
1.1833
1.0074
0.932858
0.815754
1.15146
1.07462
0.942439
0.913835
0.947988
1.02791
1.02976
0.884562
0.887603
0.965605
0.92041
1.05418
0.926283
0.884165
0.889731
0.831984
0.954678
0.904934
0.924542
0.929245
0.976996
0.898533
1.0073
1.05552
0.939414
1.19315
1.24022
0.897077
0.997806
0.899087
0.908537
0.945916
1.14435
0.937467
1.00598
0.976524
0.911109
1.10612
0.908968
1.0692
0.936648
0.916167
1.0726
0.914661
0.914835
0.915666
0.915666
0.916667
1.05456
0.915666
0.943444
1.03783
0.969207
1.0
1.02375
1.03662
0.935515
