0.965025
1.11844
0.662982
1.00415
0.990383
0.818845
0.637261
0.629013
0.618266
0.612236
0.631767
0.644091
0.544373
0.545851
0.791491
0.563714
0.623965
0.56385
0.763466
0.937622
0.675816
0.693197
0.746314
0.79699
0.890361
0.985759
0.859352
1.05389
0.831207
0.882553
1.1321
1.16373
0.873337
1.10825
0.944346
1.11834
0.950339
0.979601
0.997998
1.15254
1.20164
1.20563
1.22134
1.22718
1.21154
1.20601
1.16444
1.17854
1.16148
1.1505
1.0839
1.13169
1.10872
1.11185
0.901226
0.688565
1.05666
0.852248
0.826104
0.986789
1.07788
1.01107
1.04278
1.08613
1.13202
1.14535
1.19443
1.1927
1.10701
1.06892
1.0807
1.15143
0.840948
1.07343
1.10734
1.14287
0.930348
1.16439
1.17461
0.998946
0.951764
0.98981
0.969224
0.983947
1.0192
1.20722
1.20791
1.21977
1.21784
1.23489
1.23488
1.22951
1.21432
1.22332
1.03841
1.19715
1.22487
1.18957
1.02039
