0.772819
0.72776
0.665537
0.629619
0.555369
0.536844
0.508771
0.519495
0.484913
0.481599
0.498849
0.496926
0.516369
0.534168
0.540964
0.52076
0.485133
0.485588
0.548808
0.584453
0.572845
0.610255
0.66483
0.694347
0.702828
0.733166
0.748967
0.720656
0.776356
0.765454
0.772221
0.778591
0.782755
0.775092
0.764563
0.756733
0.732864
0.699088
0.73915
0.767747
0.796001
0.815445
0.826128
0.827701
0.813392
0.787587
0.793783
0.77686
0.748418
0.730238
0.692093
0.743307
0.704736
0.681648
0.707419
0.641072
0.628069
0.60999
0.579786
0.639396
0.650253
0.641661
0.669699
0.664507
0.741249
0.755188
0.785074
0.79332
0.76876
0.763517
0.749432
0.756995
0.770798
0.749589
0.750515
0.775594
0.760073
0.759802
0.775555
0.775854
0.768357
0.765584
0.7975
0.789609
0.8079
0.812731
0.826313
0.830292
0.826313
0.831958
0.832128
0.827872
0.830292
0.826776
0.826951
0.827239
0.820707
0.805713
0.79843
