0.739021
0.729622
0.682723
0.626419
0.583964
0.540853
0.513155
0.510688
0.483324
0.471218
0.483841
0.506426
0.568871
0.548874
0.527116
0.525758
0.503454
0.508118
0.539053
0.565155
0.577787
0.60194
0.616381
0.696053
0.730473
0.731886
0.745051
0.737625
0.788607
0.790038
0.780632
0.780576
0.800842
0.774281
0.77371
0.76701
0.721876
0.701916
0.720189
0.741914
0.80543
0.817252
0.822669
0.822028
0.815843
0.796521
0.790474
0.767715
0.749095
0.740727
0.724279
0.730945
0.693298
0.672197
0.694915
0.667299
0.629499
0.618971
0.60563
0.605645
0.618182
0.628503
0.677944
0.701072
0.738612
0.764386
0.78184
0.785613
0.768493
0.771559
0.746059
0.750515
0.766469
0.762533
0.762365
0.753735
0.740223
0.759018
0.787853
0.786332
0.740861
0.766731
0.782828
0.795286
0.818189
0.81781
0.823592
0.831211
0.830577
0.830577
0.832128
0.829371
0.829653
0.827522
0.830752
0.819966
0.812449
0.818819
0.804477
