2.85306
2.84898
2.84595
2.78099
2.62683
1.8938
1.92902
1.30224
1.02645
1.97464
1.53176
2.02099
2.51439
2.6304
2.73587
2.81503
2.84676
2.8541
2.84531
2.85621
2.83057
2.79995
2.83691
2.78444
2.78645
2.69151
1.76039
1.98388
2.2537
1.88241
1.99891
2.33986
2.4347
2.5901
2.65307
2.68885
2.77177
2.83923
2.84407
2.85659
2.80363
2.68234
2.47605
2.5397
2.29557
2.70798
2.75149
2.80719
2.84192
2.84074
2.8489
2.85
2.8456
2.8412
2.842
2.8408
2.8456
2.85042
2.84188
2.76821
2.63059
2.61924
2.73079
2.74987
2.80962
2.8206
2.8251
2.84447
2.84745
2.8436
2.8444
2.8488
2.85221
2.8561
2.84798
2.83498
2.80081
2.79811
2.7225
2.61487
2.64475
2.63321
2.76164
2.74708
2.18062
2.62565
1.84808
2.69813
1.98097
2.626
2.8113
2.80264
2.8371
2.83215
2.8437
2.84194
2.84702
2.83613
2.81367
