2.84516
2.84127
2.85562
2.60897
2.44172
2.60182
1.6566
1.77884
1.01617
1.54871
1.55643
2.25909
2.43898
2.54375
2.81042
2.44421
2.83461
2.83633
2.84985
2.84895
2.8505
2.81076
2.82973
2.76472
2.72022
2.6563
2.54011
1.95716
1.52232
1.86871
1.97234
2.47312
2.56363
2.23482
2.63768
2.65486
2.71767
2.8281
2.85727
2.83136
2.78932
2.72172
2.71231
2.74764
2.61874
2.70032
2.75662
2.84274
2.82849
2.84581
2.84533
2.8484
2.84301
2.8424
2.8412
2.8424
2.8472
2.84881
2.8373
2.78312
2.68528
2.23402
2.69092
2.7528
2.79484
2.78439
2.81781
2.8517
2.85
2.8436
2.842
2.8448
2.84995
2.85111
2.84242
2.81222
2.83861
2.7888
2.2355
2.27361
2.54321
2.24519
2.75295
2.31271
2.6581
2.68669
2.5403
2.59355
2.51007
2.76878
2.7894
2.7869
2.8045
2.83772
2.84725
2.8489
2.8239
2.78431
2.81918
