2.84659
2.84879
2.81612
2.8015
2.2485
2.27206
1.90018
1.4783
1.37058
1.77798
1.56495
1.72259
2.03493
2.50442
2.60455
2.8352
2.8467
2.8462
2.85074
2.8551
2.83846
2.83281
2.82301
2.80337
2.77269
2.77923
2.09861
2.43618
1.89596
2.0269
1.99895
2.1071
2.2009
2.56943
2.57214
2.71001
2.67556
2.81096
2.84791
2.84347
2.82475
2.74619
2.68589
2.62611
2.71031
2.72346
2.77693
2.84186
2.85207
2.84494
2.8456
2.8484
2.8432
2.8412
2.8432
2.8416
2.846
2.85361
2.84855
2.55123
2.52702
2.6412
2.6608
2.37143
2.79498
2.8166
2.85851
2.84886
2.8448
2.8432
2.8432
2.84797
2.84941
2.84676
2.84867
2.81719
2.80341
2.71127
2.74095
2.22914
2.63203
2.24286
2.72849
2.73258
2.20024
2.63465
2.29044
2.58036
2.62327
2.29219
2.76937
2.75867
2.80143
2.83327
2.8452
2.8493
2.84682
2.81644
2.80442
