1.90964
1.91387
1.92893
1.98357
1.99181
1.99181
2.0
2.0
2.0
2.0
2.0
2.13076
2.0
2.13076
2.0
2.0
2.2
2.13076
2.0
2.2
2.11172
2.13076
2.15686
2.2
2.15686
2.13076
2.2
2.13076
2.15686
2.0
2.2
2.2
2.2
2.2
2.2
2.2
2.2
2.2
2.2
2.2
2.0
2.2
2.0
2.13076
2.11172
2.0
2.0
2.0
2.2
2.2
1.98357
1.97528
2.11172
2.11433
1.94591
1.92249
2.0
2.0
2.0
2.13076
2.11172
2.0
2.2
2.2
2.2
2.2
2.2
2.2
2.2
2.2
2.2
2.2
2.2
2.2
2.2
2.13076
2.0
2.0
2.15686
2.2
2.11172
2.0
1.98145
1.92461
1.82281
1.79932
1.88104
1.95858
1.95858
1.95858
1.98357
2.13076
1.98357
2.0
2.0
2.0
2.0
2.0
2.0
