1.75733
1.75029
1.77245
1.78322
1.77862
1.79109
1.78908
1.79804
2.28651
1.8
1.8
2.52728
2.28651
2.35235
2.8
2.35235
2.52728
2.52728
2.52728
2.52728
2.28651
2.35235
2.67348
2.8
2.8
2.52728
2.8
2.8
2.8
2.52728
2.8
2.8
2.52728
2.52728
2.8
2.8
2.8
2.8
2.8
2.8
2.52728
2.8
2.67348
2.28553
2.35235
2.28651
2.28651
2.28553
1.79409
1.78908
1.77879
1.78603
1.79109
1.78295
1.75881
1.7624
1.77984
2.28357
2.28357
2.28651
2.35235
2.28651
2.35235
2.52728
2.35235
2.28651
2.35235
2.67348
1.8
2.52728
2.8
2.28651
2.28651
2.35235
2.28651
1.8
1.8
1.79902
1.79409
1.79209
1.78394
1.76419
1.75062
1.76207
1.74175
1.74093
1.75578
1.76815
1.78705
1.78806
1.79804
2.28357
2.28651
1.8
2.28651
2.35235
2.28651
2.8
2.52728
