1.95016
1.96696
1.89862
1.96696
1.96271
2.0
2.0
2.0
2.0
2.0
2.0
2.0
2.0
2.0
2.0
2.0
2.11172
2.2
2.11172
2.0
2.11172
2.0
2.11172
2.0
2.2
2.13076
2.15686
2.2
2.2
2.13076
2.15686
2.2
2.2
2.2
2.11172
2.2
2.2
2.13076
2.15686
2.2
2.15686
2.13076
2.11172
2.0
2.11172
2.0
2.0
2.0
2.11172
1.99181
1.98357
2.13076
1.98357
1.96696
1.916
1.95858
2.087
2.13076
2.0
2.0
2.15686
2.2
2.2
2.13076
2.15686
2.13076
2.15686
2.2
2.2
2.2
2.2
2.2
2.2
2.2
2.2
2.2
2.11172
2.2
2.0
2.0
2.0
1.97932
1.97528
1.88986
1.83619
1.94169
1.90521
1.98357
1.96483
1.98357
1.97528
1.99181
2.0
2.0
2.0
2.0
2.0
2.13076
2.0
