1.75355
1.7349
1.75952
1.78705
1.77731
1.78398
1.79109
1.79902
1.8
1.79804
1.8
1.8
2.28651
2.52728
2.52728
2.35235
2.52728
2.8
2.8
2.8
2.52728
2.8
2.67348
2.35235
2.8
2.8
2.8
2.67348
2.52728
2.67348
2.8
2.8
2.8
2.8
2.52728
2.8
2.8
2.8
2.8
2.52728
2.8
2.8
2.67348
1.8
2.6725
2.8
1.79804
2.52532
1.79706
1.79309
1.78705
1.77984
1.78652
1.78116
1.7599
1.77938
2.27558
1.79706
1.79508
2.5263
2.52728
2.67348
2.28651
2.35235
2.67348
2.8
2.52728
2.67348
2.67348
2.52728
2.28651
2.35235
2.28651
2.67348
1.8
1.8
1.8
1.79902
1.79409
1.79209
1.78295
1.76309
1.73773
1.74183
1.75194
1.73114
1.74679
1.76673
1.77279
1.79409
1.79309
2.28553
1.8
2.28651
2.52728
2.28651
2.28651
2.8
1.8
