1.75595
1.74441
1.7599
1.785
1.78705
1.78705
1.79528
2.28357
1.8
1.79804
1.8
1.8
1.8
2.35235
2.28651
2.8
2.52728
2.8
2.52728
2.52728
2.8
2.52728
2.52728
2.8
2.8
2.8
2.8
2.8
2.52728
2.8
2.8
2.8
2.8
2.8
2.8
2.8
2.8
2.8
2.8
2.8
2.8
2.8
2.52728
2.8
2.52728
2.52728
2.28651
2.28553
2.34743
1.79109
1.785
1.78603
2.27224
1.77417
1.74249
1.75847
2.27355
2.28553
1.79902
2.28651
2.28651
2.52728
2.35235
2.67348
2.52728
2.52728
2.8
2.52728
2.52728
2.52728
2.8
2.35235
2.28651
2.28651
1.8
1.8
1.8
1.8
2.28455
1.79706
1.78551
1.76488
1.72596
1.73838
1.7624
1.71938
1.76278
1.76135
1.78041
1.78931
1.78573
2.28357
2.28455
1.8
2.28651
2.28651
2.28651
2.52728
2.52728
