1.75779
1.74249
1.76744
1.78908
1.78398
1.78424
1.78673
2.28258
1.8
2.28651
1.79902
1.8
1.8
2.52728
2.35235
2.35235
2.35235
2.8
2.52728
2.8
2.8
2.8
2.8
2.8
2.8
2.8
2.52728
2.52728
2.8
2.8
2.8
2.8
2.8
2.52728
2.67348
2.67348
2.8
2.8
2.8
2.8
2.52728
2.8
2.8
2.52728
2.28651
2.52728
2.52728
1.8
2.28455
2.27882
1.79031
1.785
1.79231
1.77372
1.76061
1.76349
1.78041
1.8
2.67054
2.35235
2.67348
2.28651
2.52728
2.35235
2.28651
2.35235
2.28651
2.35235
2.8
1.8
2.35235
2.35235
2.28651
2.67348
1.8
1.8
1.8
1.79804
1.79902
1.79409
1.78449
1.75483
1.74357
1.73954
1.73954
1.71991
1.75287
1.74787
1.77417
1.79508
2.27145
1.79706
1.8
2.35235
2.52728
2.52728
2.67348
2.8
2.8
