1.95858
1.89862
1.95016
1.98357
1.96271
1.98357
1.98357
2.0
2.0
2.0
2.0
2.0
2.0
2.0
2.11172
2.2
2.15686
2.13076
2.0
2.13076
2.2
2.0
2.2
2.2
2.2
2.0
2.15686
2.2
2.11172
2.2
2.2
2.2
2.2
2.2
2.2
2.2
2.15686
2.13076
2.2
2.2
2.11172
2.2
2.2
2.13076
2.0
2.0
2.2
2.2
2.11172
1.98357
2.10747
2.11433
2.15686
2.0
1.916
1.94591
2.07655
2.12257
2.0
2.0
2.0
2.13076
2.15686
2.2
2.2
2.0
2.2
2.2
2.11172
2.2
2.2
2.0
2.2
2.2
2.2
2.2
2.0
2.0
2.2
2.0
2.11172
1.98357
1.95016
1.88986
1.92461
1.8768
1.88104
1.88104
1.96696
2.0
2.0
1.99181
2.0
2.0
2.11172
2.0
2.11172
2.13076
2.0
