1.77454
1.60011
1.71568
1.74182
1.74201
1.71507
1.70999
1.79447
1.65374
1.7088
1.79339
1.88839
1.8042
1.71448
1.54403
1.47648
1.21946
1.33313
1.41548
1.78493
1.69226
1.83874
1.91045
1.93169
1.81036
1.91495
1.76168
1.63892
1.52186
1.50862
1.67951
1.3958
1.59086
1.41687
1.38063
1.73045
1.48405
1.73484
1.6894
1.69277
1.57705
1.79424
1.74411
1.78401
1.92892
2.04729
1.84723
1.78485
1.72028
1.22894
1.1744
1.65384
1.66136
1.61428
1.77282
1.63124
1.85434
1.87653
1.73286
1.82955
1.72726
1.69441
1.85359
1.86332
1.84014
1.68107
1.78435
1.69396
1.61452
1.61396
1.5672
1.65416
1.59932
1.73776
1.64579
1.78594
1.69415
1.45338
1.75856
1.75655
1.7833
1.77368
1.79243
1.82023
1.81937
1.66214
1.76454
1.66367
1.43837
1.5422
1.55515
1.6806
1.62143
1.44399
1.38366
1.40744
1.54824
1.40627
1.5353
