1.91667
2.08333
2.06543
2.02771
1.85704
1.60889
1.56953
1.61779
1.74355
1.91667
1.69207
1.89038
1.91853
1.63823
1.63975
1.15123
1.22074
1.34756
1.50398
1.60153
1.79507
1.78488
2.22318
2.14469
2.02111
2.27354
2.17575
1.73864
1.69935
1.72988
1.46956
1.74447
1.71578
1.73557
1.73826
1.79508
1.81135
1.82342
1.7503
1.92374
1.98048
1.89689
1.98862
2.09852
2.12567
1.954
1.77628
1.77265
1.74748
1.1326
1.51146
1.50271
1.47358
1.60474
1.7676
1.75
1.98159
1.74974
1.77111
1.77111
1.91667
1.83333
1.84061
1.99495
1.51128
1.73542
1.75724
1.55566
1.59349
1.34165
1.4549
1.44296
1.63289
1.73875
1.45596
1.47334
1.82174
1.34986
1.67187
1.89245
1.994
1.82534
1.6889
1.97946
1.62707
1.75794
1.62122
1.7338
1.38017
1.44156
1.49878
1.45128
1.57769
1.37294
1.32678
1.37805
1.19646
1.13617
1.18221
