1.85312
1.81738
1.71823
1.76956
1.80871
1.72666
1.68095
1.6403
1.78347
1.7298
1.72419
1.72557
1.62299
1.75592
1.63544
1.42123
1.18901
1.11436
1.38454
1.73232
1.61789
1.83763
1.95008
1.83915
1.745
1.84313
1.9156
1.56466
1.8603
1.59398
1.65852
1.45785
1.67497
1.59158
1.66214
1.59981
1.75507
1.78254
1.72734
1.69541
1.55132
1.60684
1.73657
1.88424
1.96061
2.03717
1.85684
1.70964
1.69241
1.22164
1.19616
1.66319
1.51092
1.54986
1.70778
1.62198
1.72452
1.99392
1.72365
1.73687
1.81508
1.72159
1.81206
1.52304
1.85777
1.74856
1.61377
1.66176
1.49621
1.52296
1.55245
1.44099
1.64091
1.60148
1.68462
1.74225
1.70663
1.47926
1.63039
1.68937
1.7675
1.48778
1.85944
1.83652
1.68053
1.75165
1.63758
1.67252
1.39082
1.5805
1.61653
1.643
1.57949
1.53281
1.58443
1.43198
1.41749
1.30262
1.37907
