1.94688
2.00536
1.99433
1.81267
1.80131
1.78365
1.77618
1.75378
1.78423
1.84228
1.94043
2.00525
1.7878
1.74391
1.66293
1.64093
1.44527
1.45666
1.50656
1.62409
1.7148
1.71303
1.67917
1.70416
1.80813
1.68711
1.78059
1.84654
1.92848
1.87857
1.74371
1.78624
1.86279
1.94245
2.02201
1.83922
1.85881
1.88863
1.79619
1.90394
1.86991
1.84134
1.8473
1.88233
1.98757
2.00092
1.87428
1.81488
1.71317
1.5926
1.52734
1.41003
1.44697
1.52331
1.58191
1.77126
1.74456
1.89954
1.90022
1.97214
1.95683
1.99677
2.01118
1.78586
1.94043
1.87549
1.86065
1.76982
1.69007
1.55569
1.51323
1.54615
1.45958
1.50695
1.52432
1.45576
1.61627
1.61777
1.69964
1.70974
1.7633
1.78248
1.77816
1.92247
1.91671
1.84092
1.78916
1.65911
1.60431
1.53235
1.48561
1.5877
1.53366
1.6509
1.70072
1.68119
1.55993
1.50477
1.5113
