1.68
1.68
1.68
1.60925
1.60925
1.52437
1.47996
1.29928
1.24066
1.2713
1.37378
1.4346
1.30245
1.48475
1.60925
1.68
1.68
1.68
1.68
1.68
1.68
1.68
1.68
1.68
1.68
1.60925
1.56734
1.43525
1.29861
1.32247
1.48156
1.64566
1.38481
1.48475
1.52915
1.60925
1.60925
1.68
1.68
1.68
1.68
1.68
1.60925
1.60925
1.68
1.68
1.68
1.68
1.68
1.68
1.68
1.68
1.68
1.68
1.68
1.68
1.68
1.68
1.68
1.68
1.52915
1.68
1.60925
1.68
1.68
1.68
1.68
1.68
1.68
1.68
1.68
1.68
1.68
1.68
1.68
1.68
1.68
1.68
1.60925
1.52915
1.52915
1.43684
1.68
1.60925
1.57052
1.64566
1.60607
1.57052
1.64566
1.68
1.60925
1.68
1.68
1.68
1.68
1.68
1.68
1.67841
1.60925
