1.68
1.68
1.68
1.68
1.52915
1.60925
1.47223
1.29861
1.27309
1.25766
1.47836
1.32311
1.60925
1.60925
1.60925
1.68
1.68
1.68
1.68
1.68
1.68
1.68
1.68
1.60925
1.52915
1.60925
1.52756
1.52372
1.27681
1.29152
1.3752
1.43365
1.48475
1.48475
1.57052
1.68
1.60925
1.68
1.68
1.68
1.68
1.52915
1.68
1.60925
1.60925
1.52915
1.68
1.68
1.68
1.68
1.68
1.68
1.68
1.68
1.68
1.68
1.68
1.68
1.68
1.68
1.64566
1.68
1.68
1.68
1.68
1.68
1.68
1.68
1.68
1.68
1.68
1.68
1.68
1.68
1.68
1.68
1.68
1.68
1.57052
1.64566
1.60925
1.60925
1.52915
1.68
1.60766
1.68
1.60925
1.60925
1.60766
1.60925
1.60925
1.68
1.68
1.68
1.68
1.68
1.60925
1.68
1.68
