2.84
2.84
2.84
2.84
2.47864
2.44516
2.10343
1.55675
1.45332
1.53721
2.09568
2.0306
2.22749
2.67149
2.67149
2.84
2.84
2.84
2.84
2.84
2.84
2.84
2.84
2.84
2.84
2.84
2.43667
2.44516
2.35668
2.00302
2.19414
2.47795
2.46199
2.67149
2.67149
2.84
2.8317
2.84
2.84
2.84
2.8317
2.84
2.84
2.09002
2.84
2.84
2.84
2.84
2.84
2.84
2.84
2.84
2.84
2.84
2.84
2.84
2.84
2.84
2.84
2.67149
2.66319
2.80652
2.84
2.47864
2.84
2.84
2.84
2.84
2.84
2.84
2.84
2.84
2.84
2.84
2.84
2.84
2.84
2.84
2.82335
2.08167
2.8317
2.47864
2.84
2.84
2.45221
2.8317
2.47034
2.46199
2.84
2.47864
2.84
2.84
2.84
2.84
2.84
2.84
2.84
2.84
2.84
