2.84
2.84
2.84
2.84
2.84
2.18551
1.9839
1.47134
1.35523
1.51845
1.99418
2.20203
2.80513
2.83931
2.84
2.84
2.84
2.84
2.84
2.84
2.84
2.84
2.84
2.84
2.8317
2.82335
2.07328
1.79803
2.13265
1.74399
2.02192
2.45221
2.63801
2.83031
2.84
2.831
2.84
2.84
2.84
2.84
2.84
2.84
2.67149
2.67149
2.47864
2.84
2.84
2.84
2.84
2.84
2.84
2.84
2.84
2.84
2.84
2.84
2.84
2.84
2.84
2.84
2.8317
2.67149
2.64645
2.84
2.84
2.84
2.84
2.84
2.84
2.84
2.84
2.84
2.84
2.84
2.84
2.84
2.84
2.84
2.84
2.81426
2.84
2.84
2.84
2.84
2.43667
2.84
2.09002
2.84
2.21974
2.84
2.84
2.84
2.84
2.84
2.84
2.84
2.84
2.84
2.84
