1.6
1.6
1.44915
1.2479
1.22404
1.2
1.18877
1.18551
1.18224
1.16047
1.19039
1.2
1.19841
1.19681
1.22404
1.49052
1.52925
1.6
1.6
1.44915
1.52925
1.30481
1.49052
1.40475
1.2479
1.22404
1.22245
1.19841
1.19521
1.18877
1.2
1.2479
1.2
1.192
1.22404
1.2
1.2
1.30481
1.6
1.44915
1.44915
1.22404
1.2
1.19841
1.22404
1.2479
1.22404
1.30481
1.35684
1.52925
1.6
1.6
1.6
1.6
1.6
1.6
1.6
1.6
1.49052
1.2
1.2479
1.22404
1.22404
1.2479
1.22404
1.35684
1.6
1.6
1.6
1.6
1.52925
1.6
1.6
1.6
1.56566
1.35684
1.35684
1.2479
1.2
1.22086
1.19841
1.2
1.22404
1.2479
1.2
1.22404
1.2
1.2
1.22404
1.22404
1.40475
1.35684
1.2479
1.49052
1.49052
1.6
1.35684
1.49052
1.22404
