2.31662
2.31662
2.31662
1.51692
1.04287
0.944287
0.861412
0.851439
0.846985
0.85672
0.861186
0.860628
0.856091
1.09646
1.86827
1.95526
2.31662
2.31662
2.31662
2.31662
2.31662
2.14811
1.72984
2.24672
1.68361
1.17345
0.899299
0.943593
0.864781
0.852246
0.917746
0.914902
1.31477
0.96986
1.10071
1.44423
1.18591
1.29368
1.95526
2.31662
1.93232
1.22269
1.14368
1.22782
1.14368
1.21558
1.5287
1.5465
2.31662
1.95526
2.31662
2.31662
2.31662
2.31662
2.31662
2.31662
2.31662
2.31662
2.31662
1.5287
1.41921
1.48718
1.19827
1.552
1.5465
1.95526
1.93232
2.31662
2.31662
2.31662
2.31662
2.31662
2.31662
2.31662
2.31662
1.93232
1.94383
1.66524
1.16089
1.09228
1.05645
1.12256
1.13997
1.52335
0.976428
1.22269
0.997932
1.44615
1.14822
1.43177
1.57494
2.14811
2.24672
2.31662
2.31662
2.14811
1.72984
1.93232
2.0795
