1.6
1.49052
1.40475
1.30481
1.2
1.22245
1.19039
1.17564
1.17063
1.18714
1.192
1.192
1.19681
1.22404
1.22404
1.35684
1.6
1.52925
1.6
1.52925
1.52925
1.40475
1.56566
1.22404
1.40475
1.2
1.19361
1.22404
1.19039
1.19681
1.21118
1.2
1.22086
1.2479
1.2
1.2479
1.2
1.35684
1.52925
1.52925
1.2479
1.30481
1.19681
1.2
1.30481
1.2479
1.2479
1.44915
1.6
1.35684
1.6
1.6
1.6
1.6
1.6
1.6
1.6
1.6
1.6
1.2
1.2
1.2
1.22086
1.22404
1.2479
1.35684
1.30481
1.52925
1.6
1.6
1.6
1.6
1.52925
1.52925
1.44915
1.40475
1.40475
1.22404
1.22404
1.2
1.2
1.2479
1.22404
1.2
1.2
1.22086
1.2
1.2
1.19681
1.30481
1.22404
1.35684
1.30481
1.52925
1.52925
1.6
1.40475
1.22404
1.2
