1.6
1.6
1.52925
1.44915
1.2
1.2
1.18877
1.19521
1.1723
1.17895
1.19361
1.19521
1.22404
1.22404
1.30481
1.44915
1.44915
1.52925
1.6
1.52925
1.35684
1.2479
1.44915
1.2
1.2
1.2
1.19841
1.19521
1.19681
1.18877
1.19039
1.19681
1.2
1.2
1.2479
1.2
1.2479
1.35684
1.44915
1.44915
1.35684
1.2
1.22404
1.2
1.22404
1.22404
1.30481
1.44915
1.35684
1.52925
1.6
1.6
1.6
1.6
1.6
1.6
1.6
1.6
1.44915
1.2479
1.2479
1.22404
1.30481
1.22404
1.30481
1.22404
1.49052
1.6
1.6
1.6
1.6
1.6
1.6
1.49052
1.49052
1.30481
1.30481
1.22404
1.2
1.2
1.2
1.22404
1.2
1.2
1.19841
1.2
1.2479
1.2
1.19841
1.2
1.22404
1.44915
1.2479
1.44915
1.6
1.6
1.30481
1.2479
1.26102
