1.6
1.6
1.44915
1.22404
1.2
1.19841
1.19681
1.1676
1.17397
1.18388
1.18877
1.19841
1.19681
1.2
1.22404
1.49052
1.52925
1.6
1.52925
1.6
1.6
1.2479
1.52925
1.2479
1.22404
1.2
1.19841
1.19681
1.19361
1.19681
1.21926
1.19681
1.2
1.21765
1.2
1.2
1.2
1.35684
1.52925
1.6
1.35684
1.22404
1.2
1.19681
1.22404
1.2479
1.22404
1.2479
1.6
1.6
1.6
1.6
1.6
1.6
1.6
1.6
1.56566
1.56566
1.52925
1.30481
1.22404
1.22404
1.2
1.22404
1.35684
1.2479
1.52925
1.6
1.6
1.6
1.6
1.6
1.52925
1.6
1.56566
1.40475
1.30481
1.2
1.22404
1.2
1.22404
1.19841
1.2
1.2
1.22404
1.2
1.2
1.2479
1.2
1.2479
1.2479
1.35684
1.30481
1.2479
1.56566
1.49052
1.44915
1.2
1.22551
