2.31662
2.31662
2.31662
1.29368
1.44912
1.15564
0.845184
0.853195
0.85001
0.858524
0.857419
1.14256
0.94598
1.35409
1.49984
1.93232
2.14811
2.14811
2.31662
2.31662
2.29368
2.14811
2.14811
1.57494
1.67719
1.58196
1.02918
0.861186
0.858524
0.882847
0.853931
1.05901
1.03909
1.09507
1.48718
1.40585
1.60661
1.93232
2.31662
2.31662
2.28207
1.50505
1.63592
1.48101
1.24672
1.28759
1.5287
1.72984
2.31662
2.31662
2.31662
2.31662
2.31662
2.31662
2.31662
2.31662
2.31662
2.31662
2.31662
1.6115
1.03909
1.14822
1.18591
1.22269
1.552
1.57494
1.95526
2.31662
2.31662
2.31662
2.31662
2.31662
2.31662
1.95526
2.31662
2.29368
1.57494
1.7069
1.34572
1.00071
1.09646
1.35061
1.87861
1.48101
1.01535
1.06592
1.04673
1.22963
1.02918
1.13544
1.89724
1.9495
1.95526
2.31662
2.31662
2.31662
2.31662
1.93232
1.80106
