2.31662
2.31662
2.14811
1.7069
1.019
1.05645
0.846608
0.846495
0.840319
0.879597
0.851101
0.859097
0.986631
1.02918
1.552
1.88537
2.31662
2.31662
2.31662
2.31662
1.95526
1.95526
2.27038
1.552
1.7069
1.402
0.860492
0.96986
0.847974
0.862803
0.90202
1.05256
0.929666
0.95877
1.05645
1.11391
1.49239
1.95526
2.31662
2.31662
1.72984
1.90902
1.08739
1.32823
1.06592
1.23475
1.72984
1.93232
1.72984
2.14811
2.31662
2.31662
2.31662
2.31662
2.31662
2.31662
2.31662
2.31662
2.31662
1.66524
1.19339
1.23996
1.53509
1.24603
1.68361
1.94383
1.95526
2.31662
2.31662
2.31662
2.31662
2.31662
2.31662
2.31662
2.31662
1.53497
1.31086
1.22269
1.1182
1.23475
0.944287
1.31477
1.22782
1.51692
1.01535
1.12256
1.32823
1.17345
1.29741
1.19079
1.27038
1.29368
1.95526
2.31662
2.31662
2.31662
2.31662
2.31662
1.95526
