1.56566
1.56566
1.30481
1.2479
1.24471
1.30481
1.192
1.18224
1.16456
1.17895
1.18714
1.19681
1.19841
1.22404
1.2
1.30481
1.49052
1.56566
1.52925
1.49052
1.35684
1.2479
1.2479
1.2479
1.22404
1.22404
1.22086
1.22086
1.21765
1.18877
1.19521
1.2
1.2
1.2
1.22404
1.2
1.22404
1.22404
1.30481
1.52925
1.44915
1.2479
1.30481
1.22404
1.2
1.2
1.30481
1.40475
1.49052
1.52925
1.6
1.6
1.6
1.6
1.6
1.6
1.6
1.6
1.44915
1.30481
1.2
1.2
1.22404
1.22404
1.35684
1.40475
1.6
1.44915
1.6
1.6
1.6
1.6
1.49052
1.44915
1.49052
1.40475
1.22404
1.2479
1.2
1.2
1.22404
1.2
1.22404
1.2479
1.19681
1.22404
1.2
1.24631
1.2
1.22404
1.22404
1.30481
1.22404
1.40475
1.6
1.6
1.30481
1.22404
1.30481
