-1,4,285.80008125166796
-1,4,581.6284874882288
-1,3,706.1160207087632
-1,3,309.3482825509951
-1,3,294.59009820218125
-2,3,271.0519090896498
-2,3,688.875141664601
-2,3,336.27258197779855
-2,2,525.3133552255428
-2,2,753.441259776243
-2,2,417.8152756517752
-2,1,509.13579846108894
-2,1,1203.098100584593
-2,1,371.82634707296893
-3,1,589.6112417081514
-3,1,366.2886460314463
-3,1,718.3792193909558
-4,1,437.6186953424075
-4,1,574.4772748145413
-4,1,360.46993647548726
-5,1,100.0
-5,1,892.9820518632621
-5,1,383.5496701274549
-5,0,486.0357436785424
-5,0,833.7058017696066
-5,0,491.9956047510806
-5,-1,444.0635600621232
-5,-1,196.75416725812676
-5,-1,345.8207639870568
-5,0,769.9534423315285
-5,0,642.1709030836241
-5,0,100.0
-5,-1,615.8814864756048
-5,-1,999.5546226713349
-5,-1,679.1162445319839
-5,-2,486.31967658005914
-5,-2,100.0
-5,-2,631.1974574762477
-5,-3,535.3759644986767
-5,-3,452.30088593737287
-5,-3,556.6780056103403
-5,-2,341.6725050978217
-5,-2,1123.9512430219775
-5,-2,504.3718976683667
-5,-3,670.6035898477719
-5,-3,521.6170499911677
-5,-3,352.02270282918727
-5,-4,283.9731370417753
-5,-4,351.8081367046602
-5,-4,214.058578652812
-6,-4,589.863712062222
-6,-4,902.512119751171
-6,-4,548.7885844323145
-7,-4,248.59152711036333
-7,-4,551.3357568334249
-7,-4,538.1189357686256
-7,-5,369.2984144469667
-7,-5,249.90225568487082
-7,-5,652.9699727943239
-8,-5,509.95007249977544
-8,-5,223.74613205915804
-8,-5,207.8283031807709
-8,-4,524.195022084537
-8,-4,1119.8274899660776
-8,-4,421.11668961680084
-8,-5,361.2885482975484
-8,-5,238.7248218586767
-8,-5,268.45789792870045
-8,-6,410.81961960443573
-8,-6,328.67800105818066
-8,-6,788.1248576894602
-8,-5,100.0
-8,-5,214.8684540908869
-8,-5,567.6916646100779
-9,-5,469.3605260128664
-9,-5,404.00301418783056
-9,-5,285.68851882116934
-9,-6,100.0
-9,-6,337.547550259598
-9,-6,297.72195625560653
-10,-6,681.6781189447877
-10,-6,500.1543242707463
-10,-6,149.1449738640137
-11,-6,330.49064385299846
-11,-6,296.7539271876667
-11,-6,100.0
-11,-7,100.0
-11,-7,260.8520715722624
-11,-7,129.48133585913763
-12,-7,303.46139535212865
-12,-7,555.275623407613
-12,-7,158.11980233840433
-12,-8,146.43475843283176
-12,-8,313.2739923830122
-12,-8,186.2062456155723
-12,-9,100.0
-12,-9,630.2550173242823
-12,-9,100.0
-11,-9,422.1625586675724
-11,-9,100.0
-11,-9,100.0
-11,-10,103.56520301821408
-11,-10,100.0
-11,-10,163.72251106056052
-12,-10,421.57276571519657
-12,-10,100.0
-12,-10,100.0
-13,-10,655.6047378397338
-13,-10,100.0
-13,-10,109.12817821576712
-14,-10,100.0
-14,-10,551.3531141724218
-14,-10,610.1225702216682
-15,-10,391.38723887225376
-15,-10,100.0
-15,-10,343.18591039706365
-16,-10,100.0
-16,-10,100.0
-16,-10,100.0
-16,-11,217.48147666950666
-16,-11,100.0
-16,-11,109.37781678815973
-16,-12,100.0
-16,-12,100.0
-16,-12,413.4331432982111
-16,-11,100.0
-16,-11,100.0
-16,-11,335.26237342185823
-16,-10,100.0
-16,-10,503.4132364204152
-16,-10,100.0
-16,-11,530.6161842428698
-16,-11,100.0
-16,-11,382.22346133412873
-16,-10,232.1740450260289
-16,-10,100.0
-16,-10,489.8240166064123
-16,-9,100.0
-16,-9,357.3126430167953
-16,-9,214.2902681511519
-16,-8,795.6565221434803
-16,-8,100.0
-16,-8,100.0
-16,-7,100.0
-16,-7,100.0
-16,-7,186.1583303510265
-16,-6,510.15678367826285
-16,-6,194.1703999053599
-16,-6,275.8656454046998
-16,-5,154.01308707553804
-16,-5,406.71683545360764
-16,-5,210.22685375348584
-16,-4,249.71149247526617
-16,-4,281.3367120754555
-16,-4,100.0
-17,-4,100.0
-17,-4,100.0
-17,-4,100.0
-17,-3,122.4074368357505
-17,-3,100.0
-17,-3,122.6869250605086
-17,-2,100.0
-17,-2,351.80534891250636
-17,-2,173.11434783598077
-17,-1,356.90268730761693
-17,-1,100.0
-17,-1,191.04443704759979
-18,-1,100.0
-18,-1,100.0
-18,-1,100.0
-18,-2,478.9506882637653
-18,-2,422.77261290390925
-18,-2,403.00668854229195
-18,-1,100.0
-18,-1,100.0
-18,-1,504.0758848306467
-19,-1,100.0
-19,-1,100.0
-19,-1,125.31002802817386
-19,-2,139.86190789199307
-19,-2,100.0
-19,-2,242.80652157135358
-19,-3,100.0
-19,-3,448.0453407994677
-19,-3,267.8915906618641
-19,-4,100.0
-19,-4,100.0
-19,-4,144.0891576575187
-19,-3,343.46540716795874
-19,-3,101.85617465988798
-19,-3,176.69833042105634
-20,-3,100.0
-20,-3,166.8966454784328
-20,-3,100.0
-20,-2,100.0
-20,-2,100.0
-20,-2,100.0
-20,-1,161.67081764870028
-20,-1,100.0
-20,-1,105.13343449758895
-20,-2,100.0
-20,-2,118.82087066807142
-20,-2,330.106086442145
-20,-3,100.0
-20,-3,100.0
-20,-3,100.0
-20,-2,100.0
-20,-2,206.794625705234
-20,-2,165.4474174272493
-20,-1,100.0
-20,-1,163.58171995905354
-20,-1,329.8748045993136
-20,0,100.0
-20,0,100.0
-20,0,238.1538099101178
-20,1,100.0
-20,1,100.0
-20,1,100.0
-20,0,284.1172412755868
-20,0,100.0
-20,0,100.0
-20,1,432.1245846686418
-20,1,100.0
-20,1,100.0
-20,2,165.04063754870094
-20,2,100.0
-20,2,221.52067767594255
-20,3,100.0
-20,3,100.0
-20,3,125.00931614408627
-20,4,100.0
-20,4,265.6604303421901
-20,4,191.30517984428775
-20,3,100.0
-20,3,322.3612598719673
-20,3,234.920427930139
-20,2,100.0
-20,2,100.0
-20,2,289.7875937666515
-20,3,204.02753156676198
-20,3,100.0
-20,3,100.0
-20,4,180.8144408089738
-20,4,100.0
-20,4,100.0
-20,3,100.0
-20,3,100.0
-20,3,384.0909649352459
-20,2,240.24205797547484
-20,2,100.0
-20,2,100.0
-20,3,100.0
-20,3,136.40056187116636
-20,3,100.0
-20,4,100.0
-20,4,292.12442070321015
-20,4,497.9999441349327
-20,5,100.0
-20,5,100.0
-20,5,485.06981049311196
-20,6,100.0
-20,6,100.0
-20,6,158.75888841180358
-20,7,100.0
-20,7,100.0
-20,7,226.3094681233824
-20,8,100.0
-20,8,100.0
-20,8,100.0
-20,9,100.0
-20,9,100.0
-20,9,561.0913653368917
-20,10,100.0
-20,10,100.0
-20,10,126.60952819781434
-20,11,399.88753101380917
-20,11,100.0
-20,11,504.7720443978247
-20,12,100.0
-20,12,253.117331550206
-20,12,100.0
-19,12,289.98321716957673
-19,12,100.0
-19,12,100.0
-18,12,100.0
-18,12,100.0
-18,12,255.65755062729443
-17,12,100.0
-17,12,100.0
-17,12,305.5177577490363
-16,12,100.0
-16,12,100.0
-16,12,480.1368622518581
-15,12,100.0
-15,12,100.0
-15,12,100.0
-15,11,100.0
-15,11,363.7457102339172
-15,11,100.0
-15,10,153.37484182156112
-15,10,214.3829057882491
-15,10,100.0
-15,9,100.0
-15,9,420.78294045407745
-15,9,100.0
-14,9,144.50097275511894
-14,9,132.65520738612096
-14,9,172.38594089024198
-13,9,364.83237604785967
-13,9,152.71336769112543
-13,9,408.7519972704464
-12,9,649.644297584946
-12,9,320.85029763526995
-12,9,100.0
-11,9,370.02086593524893
-11,9,625.9347900574694
-11,9,100.0
-11,8,100.0
-11,8,153.3720084631405
-11,8,208.66052985718176
-11,7,287.9143403720668
-11,7,421.2365183803244
-11,7,242.6549391183421
-12,7,835.1601669923807
-12,7,708.4228944896845
-12,7,100.0
-11,7,380.7747655534864
-11,7,146.80263383196964
-11,7,444.74132175654245
-11,6,370.60838987553143
-11,6,315.87839590570036
-11,6,202.21350150218993
-10,6,100.0
-10,6,304.6357717330159
-10,6,100.0
-9,6,445.32173062482514
-9,6,209.2486358953364
-9,6,836.8025467303694
-10,6,295.0403384667327
-10,6,100.0
-10,6,138.87837455697738
-10,5,555.67535854028
-10,5,100.0
-10,5,130.09396239463393
-9,5,100.0
-9,5,291.14587179055917
-9,5,440.617997978698
-8,5,960.0688529353262
-8,5,201.90439629413106
-8,5,511.8212733272301
-8,4,298.2838184580528
-8,4,445.5908567772749
-8,4,291.47693061252437
-8,3,418.7476049811886
-8,3,447.6029364490512
-8,3,465.0101648095267
-7,3,982.3210330585189
-7,3,147.93235531699477
-7,3,205.31489354806655
-7,2,216.7936121518121
-7,2,513.1416794180901
-7,2,581.8704017608446
-7,1,100.0
-7,1,1305.315238835988
-7,1,299.26687305409837
-6,1,138.89264192371252
-6,1,964.4627877131768
-6,1,282.105550338461
-5,1,758.308120643088
-5,1,270.5734168594637
-5,1,916.2539524473219
-5,0,1087.5828704715257
-5,0,619.5713416154773
-5,0,292.62988914923454
-6,0,516.5533500426177
-6,0,176.87406837484252
-6,0,294.7570421346782
-5,0,615.6330687443963
-5,0,421.3835462938472
-5,0,1207.7763645518812
-5,-1,594.7351105426928
-5,-1,997.1748283998108
-5,-1,590.7229088647546
-5,-2,100.0
-5,-2,396.25702961025036
-5,-2,902.5056727678295
-5,-3,632.5990816700358
-5,-3,553.134158109707
-5,-3,240.3337597780034
-5,-4,336.6735961824746
-5,-4,297.33034321071267
-5,-4,814.56979834056
-4,-4,100.0
-4,-4,956.7546789288583
-4,-4,283.5356405160326
-3,-4,630.5984394179224
-3,-4,100.0
-3,-4,469.11128903269474
-3,-3,420.7047051937307
-3,-3,151.05594045543148
-3,-3,725.4162706009454
-2,-3,396.7286142760882
-2,-3,570.8200935307755
-2,-3,733.5031338856468
-1,-3,1461.4880930110398
-1,-3,285.9557405420072
-1,-3,409.5132958723659
0,-3,556.9602464894577
0,-3,318.6230021348002
0,-3,543.5140053370168
0,-4,982.9137021666362
0,-4,494.9491500183567
0,-4,513.6197415452045
1,-4,465.8859412443825
1,-4,1314.1579426344915
1,-4,888.17771351463
1,-5,877.0160695160254
1,-5,449.97564582098556
1,-5,936.8832237232646
1,-6,496.413960708508
1,-6,590.7705198811976
1,-6,280.73287605908365
1,-7,762.6273374054971
1,-7,799.8720246972377
1,-7,390.7922992244946
1,-8,625.173807773462
1,-8,369.06414559226107
1,-8,388.5254087066968
2,-8,469.34185555755226
2,-8,501.32461856083285
2,-8,472.35770458017663
3,-8,473.8677909419885
3,-8,344.8753323651996
3,-8,370.14779663504225
4,-8,246.2064135155989
4,-8,834.4805454565634
4,-8,715.4856310821206
4,-9,596.7227976774933
4,-9,434.4236983224764
4,-9,835.2439185358005
5,-9,713.8820323648519
5,-9,230.13467661609548
5,-9,822.8960743502237
5,-10,463.12640282915055
5,-10,210.74309623398582
5,-10,608.950271882614
5,-11,451.7692989195906
5,-11,100.0
5,-11,256.9561353693884
5,-12,176.41379264310055
5,-12,537.5456884343546
5,-12,353.03342553912074
6,-12,584.7342027834411
6,-12,695.0561099750587
6,-12,828.1996548221598
7,-12,252.57834670444936
7,-12,206.17038070937346
7,-12,221.94110331977896
8,-12,255.58912865134442
8,-12,100.0
8,-12,100.0
7,-12,385.17263604476074
7,-12,564.5903812868355
7,-12,579.0645720724168
7,-13,461.64956859809826
7,-13,160.63540074223286
7,-13,100.0
8,-13,100.0
8,-13,414.75075064807044
8,-13,311.7181326789897
8,-14,124.03690531234339
8,-14,114.06857897341129
8,-14,395.10284166429557
9,-14,139.7281540767824
9,-14,423.63842990073397
9,-14,819.285999869134
9,-15,466.27695297058835
9,-15,582.9896310808098
9,-15,100.0
8,-15,141.10273134993975
8,-15,100.0
8,-15,292.79145843732215
7,-15,252.07403106627584
7,-15,397.86115687273787
7,-15,100.0
7,-14,100.0
7,-14,101.62160088251518
7,-14,523.5345730250956
8,-14,195.57036204504683
8,-14,328.1523797936487
8,-14,226.90377804545372
9,-14,605.7550128235098
9,-14,164.61484385372512
9,-14,100.0
10,-14,318.54315167666175
10,-14,358.4465778092102
10,-14,362.81656609561566
10,-15,799.2725454238298
10,-15,236.0213369759039
10,-15,100.0
