-7,-8,153.38982763745253
-7,-8,117.63410031028104
-6,-8,158.2152088503497
-6,-8,159.60932737174141
-6,-8,284.2211920671129
-5,-8,145.83620998863069
-5,-8,297.4862049996885
-5,-8,234.7341463490784
-4,-8,181.38266432457746
-4,-8,314.3851786476922
-4,-8,258.3676079857981
-3,-8,58.394512847527295
-3,-8,291.2592323172355
-3,-8,345.0306139586228
-2,-8,214.72500007995427
-2,-8,240.3045915940755
-2,-8,50.0
-1,-8,317.14360603838054
-1,-8,168.40672933072835
-1,-8,100.50782068449995
-2,-8,136.70598823791812
-2,-8,166.60732752205917
-2,-8,189.02714560375296
-1,-8,211.6826927355997
-1,-8,330.7879640991961
-1,-8,186.10163770792002
0,-8,306.481259271591
0,-8,213.62097032684872
0,-8,216.61472226857066
1,-8,351.7665275846921
1,-8,105.86977171648142
1,-8,145.38894561459642
2,-8,149.71912892687365
2,-8,108.17046798456252
2,-8,89.09760183201891
3,-8,194.27184985063593
3,-8,50.0
3,-8,245.48945879868603
4,-8,186.40675487239804
4,-8,293.77721148433614
4,-8,262.14230000045
4,-7,156.23759906856688
4,-7,134.09539790172818
4,-7,250.20505433311405
5,-7,271.663141240692
5,-7,50.0
5,-7,161.62080304282796
5,-6,137.57593391926298
5,-6,472.2328156632003
5,-6,153.12622755588524
5,-5,203.22388093950218
5,-5,288.8011379477914
5,-5,308.72101438850996
6,-5,50.0
6,-5,128.93354153244235
6,-5,226.37670726770256
7,-5,218.76174814355386
7,-5,83.36836170990645
7,-5,185.63154305451565
8,-5,304.3003986048557
8,-5,106.72588844714225
8,-5,242.70379308005863
8,-4,194.7567789995133
8,-4,313.49366036103163
8,-4,249.0860175913681
7,-4,93.60706839222675
7,-4,126.06467094812845
7,-4,233.58592339850466
6,-4,353.89639805873736
6,-4,166.24240151321604
6,-4,295.10219570274353
5,-4,298.3220372372717
5,-4,273.1853349716244
5,-4,98.23238738895887
4,-4,50.0
4,-4,202.57383823645955
4,-4,210.71196451675726
4,-3,315.3239439893561
4,-3,357.1905927966874
4,-3,82.23800688513796
4,-2,115.32575791373131
4,-2,149.52865489048295
4,-2,158.9185372736752
4,-1,430.3815109780825
4,-1,243.63928357266158
4,-1,217.35977324577112
3,-1,200.73831724005913
3,-1,425.43102136352223
3,-1,222.01199575180883
3,0,388.4273545368167
3,0,152.48325952711932
3,0,286.0931385131412
2,0,278.7044408306016
2,0,231.61325388497727
2,0,359.1348015131084
2,-1,307.7691649521827
2,-1,557.7690218724201
2,-1,321.2388135831312
1,-1,323.04060378364335
1,-1,410.2054282857662
1,-1,312.5744722762781
1,0,172.26039888541644
1,0,332.2929895722349
1,0,297.13414708644854
2,0,299.2164286074931
2,0,143.52986126734558
2,0,572.293563499684
2,1,412.8193360293261
2,1,432.1471378038804
2,1,326.83035321447926
1,1,335.23285002630496
1,1,339.34044789117894
1,1,359.24740850029593
2,1,375.57251192497097
2,1,288.2260782533109
2,1,377.9551712415397
1,1,235.4803800315632
1,1,377.14917170426656
1,1,120.26050114735642
0,1,523.4582072348257
0,1,155.49953257424602
0,1,228.94756338283878
-1,1,157.23270845297242
-1,1,135.60703042828234
-1,1,392.40911824340884
-1,2,497.4220478473046
-1,2,176.65385098138165
-1,2,431.60751197104616
-1,1,296.46951167594597
-1,1,391.23919881856614
-1,1,381.609530891993
-1,2,416.9802964717772
-1,2,452.632266975377
-1,2,328.16977635155126
-1,1,491.68169282808844
-1,1,352.21033582521153
-1,1,81.12607834435738
-1,2,316.7683561807973
-1,2,196.59954823815553
-1,2,302.5126625013553
-2,2,201.65149470276913
-2,2,409.8534018999305
-2,2,406.38323303414376
-3,2,345.9983734863356
-3,2,178.84621861318448
-3,2,328.8626829241259
-3,3,340.0925636569271
-3,3,309.2620573875136
-3,3,78.66152359850513
-2,3,405.6406871702383
-2,3,158.0222995456459
-2,3,221.85924045510367
-2,4,89.75108886373852
-2,4,179.40100888447552
-2,4,153.2660019965611
-3,4,314.1144704678384
-3,4,287.52689138618916
-3,4,397.8249565956063
-4,4,50.0
-4,4,162.4856468599081
-4,4,149.34461253721028
-4,5,264.37822268598353
-4,5,192.99025264941125
-4,5,263.87614417743066
-4,4,192.7733994564661
-4,4,249.4341385703667
-4,4,50.0
-5,4,385.1289562373679
-5,4,449.79858162247507
-5,4,314.60400499788193
-5,5,77.08353293343815
-5,5,300.2482545547096
-5,5,162.93252459916872
-5,6,448.1084924272652
-5,6,226.0017298992228
-5,6,572.4705639698849
-5,7,208.49672487136843
-5,7,159.20362169456456
-5,7,227.4634380854949
-5,8,67.2347064083227
-5,8,136.6972311929719
-5,8,72.85843907874789
-6,8,235.31821749701245
-6,8,320.3085734345749
-6,8,195.61886564493847
-7,8,214.95923006389089
-7,8,349.9201043271046
-7,8,171.48954042748804
-6,8,50.0
-6,8,123.73206533814852
-6,8,167.81206845397787
-7,8,148.75242568251647
-7,8,219.54140391121717
-7,8,247.1333625467488
-7,9,115.31448453608667
-7,9,50.0
-7,9,144.98670134461838
-8,9,150.87117204980117
-8,9,74.37943146387843
-8,9,90.58947674126144
-9,9,274.39574690664546
-9,9,273.4972509113537
-9,9,286.7286174507172
-10,9,253.1476144002463
-10,9,107.78847064678895
-10,9,50.0
-11,9,50.0
-11,9,170.30133518671653
-11,9,50.0
-11,8,190.94483297071383
-11,8,218.1451240733291
-11,8,210.7981812567918
-12,8,50.0
-12,8,229.58223751730543
-12,8,210.7898036987669
-12,9,211.24308358025084
-12,9,50.0
-12,9,70.80591470837801
-12,10,50.0
-12,10,50.0
-12,10,131.664403332358
-12,11,135.52264431258462
-12,11,85.95277182617626
-12,11,50.0
-13,11,231.69167672262026
-13,11,50.0
-13,11,50.0
-14,11,50.0
-14,11,234.63074904153368
-14,11,194.00964254925728
-14,10,50.0
-14,10,120.33346223308074
-14,10,96.62403890646355
-14,11,83.165086684938
-14,11,154.65929305738797
-14,11,212.86966095184505
-15,11,108.39493371418331
-15,11,88.46005207596875
-15,11,64.41995597579083
-16,11,116.81794505425411
-16,11,50.0
-16,11,50.0
-16,10,50.0
-16,10,50.0
-16,10,68.8592765727635
-16,11,50.0
-16,11,50.0
-16,11,62.85035399918348
-16,12,50.0
-16,12,181.79804586779167
-16,12,50.0
-15,12,50.0
-15,12,50.0
-15,12,50.0
-14,12,50.0
-14,12,50.0
-14,12,284.03831524285704
-14,11,133.38036418151665
-14,11,50.12494703165426
-14,11,50.0
-13,11,123.84779600594057
-13,11,66.03034759695473
-13,11,161.00388434973524
-14,11,50.0
-14,11,189.25440832099622
-14,11,112.40302811908228
-15,11,122.29334263524325
-15,11,85.89669038323294
-15,11,163.58496887282732
-14,11,50.0
-14,11,91.08728311561885
-14,11,56.97818417224317
-13,11,202.1976032609365
-13,11,58.18562312537812
-13,11,134.3992544601909
-12,11,50.0
-12,11,50.0
-12,11,125.01666797603423
-12,10,76.8736169753321
-12,10,160.7301308531853
-12,10,81.85823784124894
-11,10,186.00314177700386
-11,10,50.0
-11,10,91.85778608157405
-10,10,201.44697096647434
-10,10,50.0
-10,10,119.50100291777775
-9,10,50.0
-9,10,50.0
-9,10,69.77608137488795
-8,10,50.0
-8,10,144.01285798524628
-8,10,103.98996167340638
-7,10,188.02586376633252
-7,10,100.23630723870718
-7,10,185.13710375121556
-6,10,125.81326157995909
-6,10,126.74866099855717
-6,10,155.42708770416084
-6,9,372.15218100868805
-6,9,174.53724156698732
-6,9,50.0
-5,9,202.4727708116592
-5,9,300.94254633398725
-5,9,215.95651133136283
-4,9,159.1340376584332
-4,9,93.03575533061763
-4,9,203.28149549736904
-3,9,112.06245725738012
-3,9,50.0
-3,9,271.5474549384638
-2,9,127.33008218134583
-2,9,181.52411296704236
-2,9,102.33382039848615
-1,9,255.66189850409236
-1,9,161.13798881645553
-1,9,149.26069831592815
-2,9,66.05194772065781
-2,9,50.0
-2,9,252.77993070051818
-1,9,214.69465273056198
-1,9,279.816053625678
-1,9,175.2844384950912
0,9,321.09185453142106
0,9,186.95031351332085
0,9,378.39700069674336
0,8,159.73264579654943
0,8,53.86263768271165
0,8,196.5518577877575
1,8,105.17790594439793
1,8,158.06940537991125
1,8,120.38251641929733
0,8,378.3740134673999
0,8,187.19894754913162
0,8,189.67654155900019
1,8,269.6445953465966
1,8,50.0
1,8,283.1462579234145
2,8,313.39901875026897
2,8,339.06017393277875
2,8,349.2586266487949
3,8,53.678252523178855
3,8,56.449728390868955
3,8,151.90002114323212
4,8,365.98544700099467
4,8,297.8294863324479
4,8,320.3184223484646
5,8,308.11522058828757
5,8,138.40677815722566
5,8,129.7843117002785
6,8,50.0
6,8,214.46222403447288
6,8,150.96183444155605
7,8,320.3279768779318
7,8,228.90699862479178
7,8,90.8660005881681
8,8,73.97740874524106
8,8,268.0419427853684
8,8,82.07413196020603
8,9,327.4931012709627
8,9,278.65070587383707
8,9,115.81670846014025
8,10,121.96958190262421
8,10,156.30740638089588
8,10,157.5236467584453
8,11,180.77494531241976
8,11,50.0
8,11,197.63544474642956
8,12,50.0
8,12,151.90660466994416
8,12,50.0
8,13,169.82258172039093
8,13,93.51022458639378
8,13,86.76556901071721
8,12,89.84840709959454
8,12,89.38401552400725
8,12,234.82934167664354
8,13,72.29818530221849
8,13,147.39286079068467
8,13,334.57740948538685
8,12,50.0
8,12,183.75605964637953
8,12,90.80062957770788
8,13,50.0
8,13,127.31400231865828
8,13,50.0
8,14,50.0
8,14,50.0
8,14,74.66724470387744
8,15,50.0
8,15,111.36177377447478
8,15,50.0
8,16,50.0
8,16,305.2940456916324
8,16,50.0
8,17,178.97930499105354
8,17,50.0
8,17,109.60859153178546
8,16,71.66963718628512
8,16,50.0
8,16,50.0
8,17,50.0
8,17,255.86432114932114
8,17,50.0
8,18,116.25801482411288
8,18,50.0
8,18,50.0
8,17,50.0
8,17,50.0
8,17,148.58159637407255
8,16,128.50311289942368
8,16,159.19080136015947
8,16,164.42436997393176
8,17,196.86098536152213
8,17,50.0
8,17,50.0
8,18,62.28715516056212
8,18,50.0
8,18,50.0
8,17,133.90503522515553
8,17,50.0
8,17,50.0
8,18,50.0
8,18,50.0
8,18,50.0
8,19,50.0
8,19,50.0
8,19,50.0
8,20,146.9802784724813
8,20,50.0
8,20,87.34350496180394
8,19,50.0
8,19,173.81662547786613
8,19,50.0
8,18,50.0
8,18,91.00671290023753
8,18,50.0
8,17,187.51287331261904
8,17,149.48469369588761
8,17,50.0
9,17,50.0
9,17,50.0
9,17,239.15345678643476
9,16,61.2622101498996
9,16,50.0
9,16,50.0
8,16,50.0
8,16,50.0
8,16,121.62450915904438
8,15,65.81131555378447
8,15,50.0
8,15,50.0
8,16,68.52690228972921
8,16,50.0
8,16,54.55778384353521
7,16,68.15034516242292
7,16,146.45720103222592
7,16,50.0
7,15,50.0
7,15,50.0
7,15,97.16860090969193
7,14,50.0
7,14,179.07964108087705
7,14,100.22673810537368
6,14,50.0
6,14,135.0643711934722
6,14,50.0
6,13,50.0
6,13,171.7218699598099
6,13,220.23137458156026
5,13,50.0
5,13,86.28484600282654
5,13,93.90322824691971
6,13,268.32812922453746
6,13,74.98200487495421
6,13,108.04274169384611
5,13,292.9453259362506
5,13,230.32214765142814
5,13,100.04635189535058
5,14,50.0
5,14,197.86007089932622
5,14,184.72868770814395
5,13,157.8097129039586
5,13,50.0
5,13,261.2424245766797
4,13,332.72306285072636
4,13,107.20817867084779
4,13,161.12085717169083
4,14,50.0
4,14,245.98215704924473
4,14,50.0
4,13,138.2984272523235
4,13,226.64303634775325
4,13,129.2122368759051
4,12,50.0
4,12,50.0
4,12,105.42458283161218
4,11,94.49058438207145
4,11,61.51812642812681
4,11,207.39384517388615
4,10,50.0
4,10,240.1288542238882
4,10,50.0
4,9,225.20043795179902
4,9,147.77494801832432
4,9,109.44109229119982
4,8,117.24976978756585
4,8,104.15936602471135
4,8,50.0
4,7,404.53522042182306
4,7,136.6453653782068
4,7,139.39191732298224
4,6,382.7752303332675
4,6,165.4490473419744
4,6,50.0
4,5,66.68634370410601
4,5,255.37860444724575
4,5,293.5891065243553
4,4,253.6306650476576
4,4,255.49820134078226
4,4,292.8592879848726
3,4,513.1654303649034
3,4,170.05234847341694
3,4,251.72126698564446
3,3,280.12900375803457
3,3,58.83011999930403
3,3,91.1866582384077
3,2,256.81556119840974
3,2,200.0115015770102
3,2,401.7358743519966
3,1,454.41687350376793
3,1,315.88761603455566
3,1,161.11092384493048
2,1,377.2719329636015
2,1,188.30410866944155
2,1,445.8612905818885
2,0,212.0570911176942
2,0,95.89128720507193
2,0,60.17272047216147
2,-1,348.11086244696884
2,-1,403.5325025080347
2,-1,149.91367972222537
1,-1,427.2337057637949
1,-1,280.1470520229001
1,-1,243.4562698727663
0,-1,407.1050543172949
0,-1,184.7525842728983
0,-1,185.48099548651288
1,-1,348.509726481663
1,-1,424.71746386292443
1,-1,257.6182051565911
1,0,441.2877834439829
1,0,292.4619529004158
1,0,190.01635433008548
1,-1,449.92619781902107
1,-1,522.1295835258416
1,-1,254.05305983245256
2,-1,229.77197768551503
2,-1,395.77627129323525
2,-1,233.1367080048364
3,-1,329.5211342866884
3,-1,165.43219270125041
3,-1,306.9728672104719
3,-2,123.52226113879765
3,-2,183.37468397521394
3,-2,121.69616579070224
3,-3,153.64239771839016
3,-3,304.21382542579715
3,-3,422.30487749039634
3,-4,225.45125749280425
3,-4,430.2688207718161
3,-4,223.81884430023942
3,-5,80.18709735346872
3,-5,186.30679374714623
3,-5,123.61784829844211
2,-5,301.16894255330425
2,-5,120.03447475933139
2,-5,161.61193512122085
1,-5,200.6672176742705
1,-5,50.0
1,-5,100.9244619355438
0,-5,276.6253211049973
0,-5,396.67742324713697
0,-5,288.24461389379894
0,-6,249.48446629431993
0,-6,108.48275874843281
0,-6,219.7468765766358
-1,-6,85.74031578039487
-1,-6,187.7089189146223
-1,-6,264.4283367255598
-1,-5,285.52892447814304
-1,-5,73.53538812516203
-1,-5,90.47890323319042
-1,-6,233.17369397040602
-1,-6,319.27116032772767
-1,-6,326.67144295645505
-2,-6,249.76012691209328
-2,-6,269.27672054624094
-2,-6,349.4506781907321
-2,-7,216.88755250228684
-2,-7,379.5228052406525
-2,-7,107.65927632806739
-2,-8,192.70976408467865
-2,-8,50.0
-2,-8,261.30049783383004
-2,-9,50.0
-2,-9,70.92335232480825
-2,-9,252.92389081303057
-2,-10,118.02553485154613
-2,-10,50.0
-2,-10,116.02585068668326
-2,-11,221.93339203587226
-2,-11,185.7155631600081
-2,-11,345.39220156842464
-1,-11,231.19655627236395
-1,-11,153.56119824588822
-1,-11,97.40881701622558
-1,-12,176.03230145255935
-1,-12,50.0
-1,-12,50.0
-1,-13,322.6596504686297
-1,-13,50.0
-1,-13,125.6810543674718
-1,-12,94.88290368803236
-1,-12,66.88928490109838
-1,-12,156.1061625590313
-1,-13,109.50093516073588
-1,-13,50.0
-1,-13,74.42861415483233
-1,-14,227.58575825671238
-1,-14,202.5976906847224
-1,-14,192.1538514950179
0,-14,97.52336720496066
0,-14,50.0
0,-14,50.0
0,-13,293.00137975064405
0,-13,167.56490165008853
0,-13,153.59463219966668
0,-14,50.0
0,-14,50.0
0,-14,156.55594154724727
1,-14,247.13592406395213
1,-14,50.0
1,-14,177.83044815503368
0,-14,140.83805835169485
0,-14,50.0
0,-14,134.4411760949958
-1,-14,70.79994775443285
-1,-14,149.43088069542637
-1,-14,50.0
-1,-15,183.370334320108
-1,-15,238.06701905990536
-1,-15,50.0
-2,-15,215.0875172008418
-2,-15,125.45763997773413
-2,-15,184.8367549089323
-3,-15,167.5608368311354
-3,-15,125.99622959817512
-3,-15,63.848340312382106
-2,-15,133.46003741093713
-2,-15,50.0
-2,-15,260.2898344884625
-3,-15,50.0
-3,-15,50.0
-3,-15,175.85323047476004
-3,-16,102.50986589287373
-3,-16,112.05876766023582
-3,-16,155.67119491293477
-3,-17,50.0
-3,-17,95.01896031936835
-3,-17,99.36235168278829
-3,-18,50.0
-3,-18,156.55167868013237
-3,-18,50.0
-4,-18,50.0
-4,-18,93.2755870340054
-4,-18,57.25349260736175
-5,-18,50.0
-5,-18,50.0
-5,-18,50.0
-6,-18,155.01969157451896
-6,-18,50.0
-6,-18,272.3425707058762
-6,-19,50.0
-6,-19,174.02125045816874
-6,-19,50.0
-6,-20,151.3749944222176
-6,-20,110.65514734994436
-6,-20,50.0
-7,-20,79.3578975523021
-7,-20,50.0
-7,-20,52.13796511692882
-6,-20,50.0
-6,-20,118.88859404511882
-6,-20,50.0
-7,-20,50.0
-7,-20,50.0
-7,-20,50.0
-8,-20,50.0
-8,-20,50.0
-8,-20,50.0
-8,-19,50.0
-8,-19,50.0
-8,-19,50.0
-9,-19,50.0
-9,-19,70.90722890663815
-9,-19,50.0
-8,-19,50.0
-8,-19,108.09546791999243
-8,-19,103.07144722119423
-8,-18,76.57810331197054
-8,-18,50.0
-8,-18,50.0
-8,-17,147.3545163111486
-8,-17,50.0
-8,-17,185.06432650570093
-9,-17,50.0
-9,-17,50.0
-9,-17,111.88547547154276
-8,-17,57.4795053370678
-8,-17,102.66696412257585
-8,-17,50.0
-7,-17,50.0
-7,-17,249.18661847593197
-7,-17,175.17528644317244
-8,-17,97.74276074001037
-8,-17,169.31914947689873
-8,-17,148.25154515074053
-8,-16,116.52799947850251
-8,-16,118.79750192685606
-8,-16,188.4901592602284
-9,-16,110.0112107728828
-9,-16,50.0
-9,-16,50.0
-10,-16,63.767904123449725
-10,-16,50.0
-10,-16,125.3191855531541
-10,-15,69.04216382259517
-10,-15,108.55774434952738
-10,-15,50.0
-11,-15,50.0
-11,-15,50.0
-11,-15,158.85686695509614
-10,-15,124.85421676352773
-10,-15,50.0
-10,-15,50.0
-11,-15,94.03697216617424
-11,-15,50.0
-11,-15,103.1645931932814
-12,-15,50.0
-12,-15,50.0
-12,-15,63.63419392241987
-13,-15,50.0
-13,-15,130.78519056045076
-13,-15,50.0
-13,-14,50.0
-13,-14,247.64746273144036
-13,-14,50.0
-13,-13,175.69306387806958
-13,-13,50.0
-13,-13,164.62125295895504
-13,-12,121.85690755124728
-13,-12,156.51901964350168
-13,-12,66.94231161027558
-13,-11,70.64042126634595
-13,-11,50.0
-13,-11,50.0
-13,-10,105.15940817897715
-13,-10,189.12404041208916
-13,-10,50.0
-13,-9,97.39518331832792
-13,-9,63.804699925556676
-13,-9,53.78886961261964
-13,-8,50.0
-13,-8,93.06877886500278
-13,-8,79.99133796050783
-13,-7,60.32064340783576
-13,-7,50.0
-13,-7,244.52170073011112
-14,-7,236.56271404376272
-14,-7,340.6608951469467
-14,-7,92.55305703395194
-13,-7,158.18433056066104
-13,-7,127.81395031780866
-13,-7,50.0
-13,-6,51.619347311247836
-13,-6,50.0
-13,-6,88.67888536875464
-13,-7,50.0
-13,-7,177.5872372836486
-13,-7,107.12722498854458
-13,-6,184.94962288727015
-13,-6,153.051081719365
-13,-6,216.50613077739558
-13,-5,179.38692406399008
-13,-5,93.75161585683244
-13,-5,235.343706176041
-14,-5,50.0
-14,-5,87.8316385220227
-14,-5,197.21536552514033
-15,-5,50.0
-15,-5,178.10610483009276
-15,-5,132.3262929197694
-16,-5,224.89893694548047
-16,-5,90.51729675815955
-16,-5,135.30055623292097
-16,-4,64.3566834268722
-16,-4,201.3013129260923
-16,-4,50.0
-16,-3,50.0
-16,-3,170.7296992887132
-16,-3,205.61400243725683
-16,-2,87.47639419105302
-16,-2,132.25557351410941
-16,-2,50.0
-16,-1,50.0
-16,-1,175.83260548656142
-16,-1,71.91192834126572
-16,0,50.0
-16,0,163.9471056217092
-16,0,216.6747765037223
-15,0,139.24193872079445
-15,0,154.79190797914958
-15,0,67.53116892766856
-16,0,83.52616073497015
-16,0,77.26414345150422
-16,0,89.66899336486809
-17,0,50.0
-17,0,111.84588911600417
-17,0,84.1630397142753
-16,0,50.0
-16,0,50.0
-16,0,50.0
-17,0,50.0
-17,0,168.17162144018397
-17,0,138.75832933910328
-18,0,50.0
-18,0,66.58219329785145
-18,0,120.7567161365445
-17,0,152.78842593866
-17,0,50.0
-17,0,202.65221915284403
-18,0,125.97327282404535
-18,0,50.0
-18,0,50.0
-19,0,50.0
-19,0,84.58448590710887
-19,0,50.0
-20,0,50.0
-20,0,50.0
-20,0,92.72585224435704
-19,0,50.0
-19,0,50.0
-19,0,50.0
-18,0,51.804077899043676
-18,0,120.94670249221237
-18,0,50.0
-17,0,50.0
-17,0,50.0
-17,0,50.0
-16,0,50.0
-16,0,50.0
-16,0,79.91753804615567
-15,0,50.0
-15,0,142.08475321914395
-15,0,50.0
-15,1,354.81734978388204
-15,1,91.99200353312949
-15,1,88.14119501569286
-14,1,204.8727630432638
-14,1,124.67893163630194
-14,1,100.76819202171814
-14,2,50.0
-14,2,131.80602070489448
-14,2,64.02938928377327
-14,1,274.99478063023264
-14,1,158.9317775181203
-14,1,50.0
-14,0,87.0107016241121
-14,0,197.87870618855052
-14,0,129.58242173370863
-13,0,415.20441727359184
-13,0,149.85412557281012
-13,0,79.59241024317465
-13,1,126.19413498290842
-13,1,266.033369603388
-13,1,69.39344725303509
-12,1,107.57406209126191
-12,1,145.75824408719058
-12,1,220.66189868855645
-12,2,280.27801180101915
-12,2,50.0
-12,2,192.85557556997315
-12,1,145.92798775021146
-12,1,50.0
-12,1,50.0
-12,2,140.00480895321692
-12,2,169.11691162768776
-12,2,116.59637984399777
-12,3,70.5499040904591
-12,3,262.58232909224006
-12,3,174.56972268100327
-12,4,97.23801794397276
-12,4,259.19697307299475
-12,4,195.80043097905457
-13,4,131.3118200193982
-13,4,50.0
-13,4,279.65997031520567
-14,4,50.0
-14,4,162.8113450654675
-14,4,66.7302926436788
-14,5,106.0500894595866
-14,5,79.47199313175841
-14,5,50.0
-15,5,50.0
-15,5,215.0541588713273
-15,5,50.0
-15,4,131.2111924913294
-15,4,121.53427730881268
-15,4,50.0
-15,3,71.50551937192219
-15,3,96.51940290634266
-15,3,190.8881837448071
-15,2,82.53108009554863
-15,2,50.0
-15,2,50.09924109418454
-15,1,53.895298654601056
-15,1,85.46929081677662
-15,1,73.97054132421891
-15,0,168.86043783827262
-15,0,183.01308300493696
-15,0,191.66669849160667
-15,1,245.6284805475402
-15,1,50.0
-15,1,119.94740627342159
-15,0,59.0918448030375
-15,0,193.36588716858972
-15,0,50.0
-15,-1,190.7929000620994
-15,-1,62.65077544621503
-15,-1,232.9246061582707
-15,-2,54.392398852352954
-15,-2,328.1159983048608
-15,-2,313.99704470576717
-16,-2,51.24631258709704
-16,-2,85.12097870439135
-16,-2,64.94090014294505
-16,-3,50.0
-16,-3,165.1920132474283
-16,-3,50.0
-16,-4,50.0
-16,-4,172.91062487487469
-16,-4,50.0
-16,-5,95.98943534886823
-16,-5,52.365666138824714
-16,-5,50.0
-16,-6,56.108269717640795
-16,-6,85.05998796563782
-16,-6,50.0
-16,-7,50.28374396210771
-16,-7,50.0
-16,-7,50.0
-16,-8,111.80896382270717
-16,-8,50.0
-16,-8,83.23534125941799
-15,-8,50.0
-15,-8,69.49198495758301
-15,-8,50.0
-15,-7,115.98550476941506
-15,-7,50.0
-15,-7,50.0
-15,-6,189.25038080171484
-15,-6,50.0
-15,-6,50.0
-14,-6,126.94589980858493
-14,-6,169.09098594333506
-14,-6,147.81990614416227
-14,-7,50.0
-14,-7,50.0
-14,-7,50.0
-13,-7,53.716387149387344
-13,-7,125.43957995557086
-13,-7,50.0
-12,-7,276.0496157223927
-12,-7,158.65875108446852
-12,-7,149.25683587112835
-11,-7,281.1710005432677
-11,-7,50.0
-11,-7,238.4627602859529
-10,-7,52.05399713790423
-10,-7,178.59717120130273
-10,-7,321.73055103172317
-9,-7,85.1629861829592
-9,-7,233.35950020554193
-9,-7,223.30072665753318
-9,-6,82.07904326876614
-9,-6,124.00292016996565
-9,-6,275.56054788862616
-9,-5,80.62156258500963
-9,-5,50.0
