-1,4,640.3605656285994
-1,4,466.6136192019102
-1,3,502.50136482706347
-1,3,539.3215803573162
-1,3,358.2717614720269
-2,3,1054.996241125891
-2,3,100.0
-2,3,866.8035201290915
-2,2,311.79732977992364
-2,2,628.608336049537
-2,2,485.0860567764971
-2,1,685.2701255730306
-2,1,652.1616062037438
-2,1,484.15761116618256
-3,1,821.9452936421465
-3,1,650.8038159343114
-3,1,969.6192670321541
-4,1,865.0198003950079
-4,1,197.45965665167068
-4,1,925.5348322383431
-5,1,784.9636976440772
-5,1,822.8885996448303
-5,1,1088.2995902317418
-5,0,686.8194668241356
-5,0,1452.8486883305266
-5,0,540.2877437122374
-5,-1,627.5303070556278
-5,-1,1263.8783081139745
-5,-1,420.06983655093666
-5,0,396.48125408866895
-5,0,360.82161309080936
-5,0,758.913805704541
-5,-1,1157.3769238883647
-5,-1,776.3542747766119
-5,-1,310.94566413159595
-5,-2,440.66574534330096
-5,-2,352.7614004911967
-5,-2,810.7436031775563
-5,-3,384.2461719036821
-5,-3,1051.9780651043982
-5,-3,526.4208346906839
-5,-2,1262.8071739315865
-5,-2,884.5606356118319
-5,-2,433.0665931802707
-5,-3,761.4341808131263
-5,-3,818.7369412085934
-5,-3,214.64118353342448
-5,-4,487.59102924294154
-5,-4,654.8295712865245
-5,-4,330.04852677004124
-6,-4,243.61454507656072
-6,-4,454.97407197350793
-6,-4,391.3134712026092
-7,-4,867.7765670791482
-7,-4,147.1165679792822
-7,-4,241.76305398841998
-7,-5,445.58224561544023
-7,-5,992.675849242888
-7,-5,408.2186498576743
-8,-5,222.71018258053766
-8,-5,630.3674347348028
-8,-5,663.4058905196734
-8,-4,356.2277033136322
-8,-4,542.46086492813
-8,-4,209.5549802981139
-8,-5,591.6169954469427
-8,-5,343.27301397441033
-8,-5,234.08085500067622
-8,-6,100.0
-8,-6,258.4328030793739
-8,-6,271.82672641610304
-8,-5,423.51164170688946
-8,-5,429.5014779646044
-8,-5,212.37814183120605
-9,-5,100.0
-9,-5,982.0290864786571
-9,-5,136.6454638127583
-9,-6,274.49747173325494
-9,-6,100.0
-9,-6,128.560617903557
-10,-6,471.1127997567289
-10,-6,166.0084905864802
-10,-6,325.53685420066694
-11,-6,767.7998253802818
-11,-6,282.5640628255397
-11,-6,100.0
-11,-7,100.0
-11,-7,311.5447651888309
-11,-7,324.29965326572614
-12,-7,223.89505964166355
-12,-7,197.2480282808013
-12,-7,100.0
-12,-8,203.9563341164936
-12,-8,100.0
-12,-8,100.0
-12,-9,115.16534880717272
-12,-9,243.0233341312642
-12,-9,350.27355244846933
-11,-9,261.5691772599658
-11,-9,100.0
-11,-9,100.0
-11,-10,268.23317915705235
-11,-10,498.38443557175765
-11,-10,293.2925988231161
-12,-10,223.49037833940343
-12,-10,279.5597554969501
-12,-10,306.3736406119891
-13,-10,119.44520210688194
-13,-10,100.0
-13,-10,100.0
-14,-10,108.31212160090388
-14,-10,366.33881776165697
-14,-10,100.0
-15,-10,100.0
-15,-10,691.0995510387977
-15,-10,100.0
-16,-10,100.0
-16,-10,480.322722520296
-16,-10,115.62711888033088
-16,-11,175.31339989872146
-16,-11,100.0
-16,-11,100.0
-16,-12,100.0
-16,-12,325.9747343151515
-16,-12,161.11056939141122
-16,-11,353.33845482810784
-16,-11,100.0
-16,-11,107.93636789115982
-16,-10,100.0
-16,-10,233.43918986337042
-16,-10,172.6206357850024
-16,-11,191.23304276358704
-16,-11,100.0
-16,-11,100.0
-16,-10,100.0
-16,-10,100.0
-16,-10,239.76003770024633
-16,-9,136.9233911716628
-16,-9,324.23524247335644
-16,-9,833.6515756469857
-16,-8,100.0
-16,-8,100.0
-16,-8,103.74878562012344
-16,-7,481.71193012266474
-16,-7,686.0522654710377
-16,-7,241.5733905299206
-16,-6,100.0
-16,-6,232.0205509235521
-16,-6,513.879736930966
-16,-5,397.9677477030587
-16,-5,129.1873266484697
-16,-5,228.51689562791384
-16,-4,100.0
-16,-4,233.40295817049073
-16,-4,283.932238359779
-17,-4,100.0
-17,-4,444.4185742877869
-17,-4,234.19463222601348
-17,-3,188.8790858181865
-17,-3,177.86036887296183
-17,-3,156.9000093260077
-17,-2,399.23154452896324
-17,-2,100.0
-17,-2,572.7769986526691
-17,-1,550.327464531256
-17,-1,100.0
-17,-1,100.0
-18,-1,100.0
-18,-1,100.0
-18,-1,344.26451614375094
-18,-2,801.7075667605067
-18,-2,272.7474023559413
-18,-2,550.1265217921177
-18,-1,448.8108841617852
-18,-1,100.0
-18,-1,100.0
-19,-1,162.37024835920468
-19,-1,100.0
-19,-1,132.70276202604828
-19,-2,481.08607152951856
-19,-2,100.0
-19,-2,130.1884036382012
-19,-3,175.76076499159603
-19,-3,100.0
-19,-3,118.71646980758725
-19,-4,270.88070080405214
-19,-4,495.8209116952975
-19,-4,453.3017417520397
-19,-3,100.0
-19,-3,100.0
-19,-3,100.0
-20,-3,100.0
-20,-3,100.0
-20,-3,100.0
-20,-2,100.0
-20,-2,100.0
-20,-2,791.8522549409827
-20,-1,100.0
-20,-1,275.9128564453779
-20,-1,390.74544877192517
-20,-2,100.0
-20,-2,100.0
-20,-2,236.3712651990631
-20,-3,276.41431143383437
-20,-3,188.15056987704634
-20,-3,100.0
-20,-2,100.0
-20,-2,100.0
-20,-2,100.0
-20,-1,295.73824968248687
-20,-1,100.0
-20,-1,100.0
-20,0,100.0
-20,0,121.50120664033207
-20,0,302.69039033891903
-20,1,100.0
-20,1,491.7843246381884
-20,1,100.0
-20,0,466.5782774021646
-20,0,353.660043793776
-20,0,100.0
-20,1,100.0
-20,1,100.0
-20,1,100.0
-20,2,100.0
-20,2,100.0
-20,2,144.25942275093215
-20,3,100.0
-20,3,100.0
-20,3,100.0
-20,4,304.17901606548435
-20,4,154.73135136175
-20,4,476.39746875315217
-20,3,100.0
-20,3,100.0
-20,3,100.0
-20,2,100.0
-20,2,100.0
-20,2,451.49524593247236
-20,3,322.59303461865056
-20,3,134.5935607529947
-20,3,100.0
-20,4,100.8941497387032
-20,4,225.15005835870488
-20,4,158.52283621292673
-20,3,341.1625705227689
-20,3,163.64833991234758
-20,3,610.5107687133452
-20,2,259.8999010433773
-20,2,394.8220528274734
-20,2,100.0
-20,3,356.58855414513533
-20,3,161.60714454687277
-20,3,100.0
-20,4,100.0
-20,4,114.63184867596448
-20,4,368.80328504713844
-20,5,100.0
-20,5,381.2938843893924
-20,5,223.90294621350466
-20,6,737.5110017829732
-20,6,100.0
-20,6,100.0
-20,7,555.2537227774368
-20,7,100.0
-20,7,238.30481809784746
-20,8,111.32068512567945
-20,8,100.0
-20,8,100.0
-20,9,100.0
-20,9,100.0
-20,9,100.0
-20,10,100.0
-20,10,186.61796162179851
-20,10,100.0
-20,11,379.2969615202888
-20,11,409.3346161098376
-20,11,100.0
-20,12,100.0
-20,12,177.1035641643337
-20,12,102.87859152954618
-19,12,100.0
-19,12,100.0
-19,12,100.0
-18,12,161.88676331625226
-18,12,100.0
-18,12,323.6506967035869
-17,12,284.470875997962
-17,12,275.1972200681681
-17,12,496.3666696589475
-16,12,100.0
-16,12,100.0
-16,12,100.0
-15,12,356.4543854238162
-15,12,100.0
-15,12,440.5236041240297
-15,11,253.02456299751324
-15,11,100.0
-15,11,100.0
-15,10,240.19137387101853
-15,10,100.0
-15,10,100.0
-15,9,100.0
-15,9,100.0
-15,9,198.88664592846774
-14,9,279.57934961081537
-14,9,145.6087766181068
-14,9,147.55505187719413
-13,9,100.0
-13,9,100.0
-13,9,123.63155239863872
-12,9,498.9891157801665
-12,9,648.0963742261895
-12,9,332.9498061075375
-11,9,133.29706584945706
-11,9,100.0
-11,9,125.21710967651727
-11,8,534.7192763105795
-11,8,217.7385755617674
-11,8,487.8059139873758
-11,7,520.9097280419932
-11,7,129.63106120497844
-11,7,100.0
-12,7,100.0
-12,7,100.0
-12,7,233.61679037661014
-11,7,209.07104962693555
-11,7,362.1061253788005
-11,7,100.0
-11,6,322.9768722415506
-11,6,100.0
-11,6,405.1913822172807
-10,6,879.9162706496522
-10,6,261.4633827347454
-10,6,376.0318806050889
-9,6,245.0210791715882
-9,6,462.75788942145317
-9,6,100.0
-10,6,194.5480575754044
-10,6,600.18726269179
-10,6,720.6022618483078
-10,5,164.7708595497516
-10,5,431.8860717468984
-10,5,198.65426835014773
-9,5,247.1408629546051
-9,5,652.5486667598033
-9,5,230.88771185844075
-8,5,218.83813186548048
-8,5,328.1294865898569
-8,5,401.58819678447526
-8,4,153.04045871175353
-8,4,939.7633338759384
-8,4,558.925229850585
-8,3,1051.2318193843205
-8,3,553.3790343078942
-8,3,418.00558237776187
-7,3,970.9471509841576
-7,3,627.0388472121062
-7,3,530.0521941920482
-7,2,391.1446947295981
-7,2,527.1807420079297
-7,2,658.9575052845671
-7,1,392.50710288360153
-7,1,1189.4429882611773
-7,1,100.0
-6,1,866.9489036527425
-6,1,382.6985343905649
-6,1,100.0
-5,1,271.36260228010855
-5,1,154.07401152863287
-5,1,964.0937488089589
-5,0,585.3817942423043
-5,0,726.0737654714624
-5,0,628.4669508878752
-6,0,335.0205721957573
-6,0,492.50820833738317
-6,0,811.5407283013203
-5,0,539.6727311473309
-5,0,506.0615597294806
-5,0,279.28977210340986
-5,-1,1365.9937954464895
-5,-1,585.2585285433254
-5,-1,624.2604152040366
-5,-2,279.1618944622688
-5,-2,398.4757502924954
-5,-2,473.7611026509217
-5,-3,1080.6040850440058
-5,-3,877.6372865871813
-5,-3,841.2847351587657
-5,-4,658.68279775097
-5,-4,949.9122470362769
-5,-4,570.2919117675505
-4,-4,546.4602088429169
-4,-4,307.11962637079654
-4,-4,100.0
-3,-4,693.7241057452688
-3,-4,394.2576857927563
-3,-4,680.6470130538222
-3,-3,421.27397393270064
-3,-3,675.3241811829375
-3,-3,715.0672835134674
-2,-3,386.96539448371686
-2,-3,590.8122765171588
-2,-3,327.17164601586364
-1,-3,1373.9967705619729
-1,-3,365.65032502591015
-1,-3,479.2534405141835
0,-3,243.42064002090802
0,-3,376.94643534255124
0,-3,476.6455258219187
0,-4,519.780537791548
0,-4,879.5777752404421
0,-4,261.15216982448686
1,-4,339.3066797184845
1,-4,538.50966962902
1,-4,546.7643092974208
1,-5,409.97007501814113
1,-5,807.939360325594
1,-5,771.2754556512558
1,-6,425.1675458444478
1,-6,340.5824986557407
1,-6,417.6309204779228
1,-7,527.5923744021765
1,-7,259.18023305046745
1,-7,255.2651820385248
1,-8,750.8164680232157
1,-8,1072.1693924932697
1,-8,313.03395737127687
2,-8,663.8685120957687
2,-8,497.23747193547433
2,-8,205.77286791326003
3,-8,305.76389921163536
3,-8,701.7933197029022
3,-8,338.544088577129
4,-8,410.6244589039361
4,-8,216.72800326029508
4,-8,980.8189759916321
4,-9,558.3372151397082
4,-9,438.38122265641204
4,-9,783.9474116328752
5,-9,180.74249563223142
5,-9,310.602057572707
5,-9,100.0
5,-10,350.05906374270546
5,-10,447.15519622671064
5,-10,287.5713215836182
5,-11,193.84976061797863
5,-11,503.9610462620194
5,-11,390.31819485023016
5,-12,317.03837354103695
5,-12,736.7085594585869
5,-12,100.0
6,-12,108.1494347944872
6,-12,479.08612163898886
6,-12,476.52727319425435
7,-12,121.97981679331907
7,-12,107.69041671368522
7,-12,544.5586810017866
8,-12,364.2680936885467
8,-12,100.0
8,-12,265.59326550468927
7,-12,434.8046170492381
7,-12,468.3011718134407
7,-12,369.7861186327242
7,-13,203.61355814057464
7,-13,180.6311334870817
7,-13,100.0
8,-13,521.9993949085231
8,-13,145.11763841546556
8,-13,229.43995709519857
8,-14,100.0
8,-14,122.27330105881717
8,-14,118.57382484066842
9,-14,100.0
9,-14,275.4386580391521
9,-14,100.0
9,-15,441.49258120538394
9,-15,171.35577395815497
9,-15,100.0
8,-15,690.0011908728345
8,-15,100.0
8,-15,252.63654640712898
7,-15,387.4257510762907
7,-15,243.61096273993223
7,-15,100.0
7,-14,100.0
7,-14,185.05135492327352
7,-14,100.0
8,-14,100.0
8,-14,369.84493952697005
8,-14,533.8531992148047
9,-14,249.14524270885005
9,-14,642.8531987322715
9,-14,160.07455302645323
10,-14,394.3498091590197
10,-14,100.0
10,-14,525.633726958069
10,-15,358.0268021605283
10,-15,100.0
10,-15,669.5347845240625
