-8,-19,224.16551085660853
-8,-18,200.0
-8,-18,200.0
-8,-19,200.0
-8,-19,574.616025466474
-8,-18,200.0
-8,-18,200.0
-8,-17,200.0
-8,-17,1839.9024366521535
-8,-16,200.0
-8,-16,200.0
-7,-16,200.0
-7,-16,200.0
-7,-15,203.51475287179392
-7,-15,200.0
-7,-14,200.0
-7,-14,1465.2246491326264
-7,-13,538.7375179272011
-7,-13,1224.0512571942284
-7,-14,200.0
-7,-14,200.0
-7,-13,1694.7450711310396
-7,-13,200.0
-7,-12,200.0
-7,-12,583.473565819249
-6,-12,647.2651643585378
-6,-12,280.96067131421785
-5,-12,200.0
-5,-12,1755.388813767508
-4,-12,200.0
-4,-12,453.3563756251098
-3,-12,1419.4272987465836
-3,-12,555.8268320469219
-3,-11,2324.47119898402
-3,-11,2211.412308092721
-3,-12,281.40334745725863
-3,-12,453.6241667259025
-2,-12,1272.0433761668637
-2,-12,1007.5015526353278
-2,-11,200.0
-2,-11,241.76696926802288
-1,-11,3488.3029170584787
-1,-11,395.74639831338317
-1,-12,1956.7931585363438
-1,-12,849.7796524374951
-1,-11,1055.0695968120322
-1,-11,2506.2444568448987
-1,-10,813.1624470282636
-1,-10,392.7851413409833
0,-10,337.2223741198269
0,-10,872.6854090841069
0,-9,2445.909150798421
0,-9,498.1446622655734
0,-8,1591.2871380893125
0,-8,2812.589946706372
0,-7,200.0
0,-7,988.7389708986154
1,-7,3089.672133711295
1,-7,689.1394349192641
2,-7,223.74061755418597
2,-7,2659.47487470275
3,-7,331.5324449332643
3,-7,880.8659718936071
3,-6,2797.2654625368923
3,-6,3284.9547157474217
3,-7,2952.677065838193
3,-7,898.5517233014814
4,-7,308.26719380180964
4,-7,2227.7431051349135
4,-6,3600.0
4,-6,1035.9806220881842
4,-5,1124.8348845925505
4,-5,902.9757270761554
4,-6,547.9874091672013
4,-6,981.1312691987754
4,-5,1699.0937746698523
4,-5,2787.0036726381886
4,-4,200.0
4,-4,3153.377114765881
3,-4,1098.2464887665801
3,-4,641.2823080374433
3,-3,2803.7583660912105
3,-3,1280.518581395471
4,-3,922.4628337276447
4,-3,200.0
4,-2,2978.0152266006166
4,-2,986.1453735507989
4,-1,3164.6867071922206
4,-1,220.3857667735474
4,0,3600.0
4,0,885.0526040103574
4,1,3600.0
4,1,3600.0
4,2,2756.342639719648
4,2,3600.0
5,2,3600.0
5,2,2883.1910704644647
6,2,771.6292304524413
6,2,362.7309937564803
5,2,3600.0
5,2,1410.6415492375563
4,2,2087.784953393655
4,2,1298.0167805439896
4,3,3600.0
4,3,1849.5512941767681
5,3,721.7863249900649
5,3,3600.0
4,3,331.40393038472973
4,3,1036.5942419165244
4,2,3462.173286414589
4,2,2526.172099364578
5,2,660.6855845327336
5,2,2184.3402428282798
6,2,3600.0
6,2,920.0378015138067
6,3,3298.8736999579883
6,3,200.0
6,4,200.0
6,4,200.0
7,4,349.09442813568177
7,4,3295.1400914270016
7,5,1800.854571514468
7,5,1623.2393003989318
8,5,2287.5837138104716
8,5,577.974928436827
8,4,3600.0
8,4,2478.6763911151975
9,4,220.11827401755002
9,4,1461.1443101630898
10,4,3600.0
10,4,567.616072584162
10,5,1874.6313926267817
10,5,200.0
10,6,3600.0
10,6,2291.4446142172055
10,7,1489.173664126034
10,7,2657.8283486710343
10,8,200.0
10,8,491.97285690339004
11,8,200.0
11,8,3412.918856992403
10,8,200.0
10,8,574.1627624542874
10,9,1508.8198588577688
10,9,920.9618769854451
9,9,200.0
9,9,200.0
10,9,2967.6074057014393
10,9,200.0
11,9,200.0
11,9,409.5717544146493
11,10,200.0
11,10,200.0
12,10,1105.5931881647753
12,10,200.0
11,10,200.0
11,10,200.0
10,10,2054.129972360127
10,10,200.0
11,10,293.29579235591314
11,10,200.0
12,10,1841.337336376056
12,10,3600.0
13,10,200.0
13,10,200.0
13,11,1167.0140471425912
13,11,200.0
14,11,283.1559336313794
14,11,2367.8520128203695
14,12,200.0
14,12,200.0
15,12,2284.546702658514
15,12,200.0
16,12,200.0
16,12,200.0
16,11,790.4837088922927
16,11,200.0
16,10,200.0
16,10,200.0
16,9,1300.6438131421535
16,9,1401.6106106884165
15,9,200.0
15,9,200.0
14,9,3471.8930855621575
14,9,200.0
14,10,501.3975432926052
14,10,528.5983416048081
14,9,200.0
14,9,200.0
14,8,971.9035234959795
14,8,409.2559781203214
15,8,200.0
15,8,200.0
15,7,1107.915702574072
15,7,200.0
14,7,200.0
14,7,200.0
14,6,397.09525737666667
14,6,318.6159860807691
14,5,200.0
14,5,483.3486649167495
14,4,810.4437812949708
14,4,1016.5412547194207
14,3,201.68967028680606
14,3,200.0
13,3,200.0
13,3,333.8141031619052
13,2,344.5185424486981
13,2,200.0
13,1,200.0
13,1,3600.0
14,1,200.0
14,1,626.4375797143599
14,0,1770.760973524468
14,0,1340.0262867025056
14,-1,584.9310457677371
14,-1,1323.09243357437
13,-1,1183.3418262060454
13,-1,2726.98392888813
13,0,200.0
13,0,1646.0202502500424
13,-1,304.6976670166856
13,-1,1096.0101664280005
12,-1,232.3978650786119
12,-1,200.0
11,-1,604.1928071383595
11,-1,267.04915892037434
11,-2,593.8151528664357
11,-2,287.11181567148344
10,-2,907.2471280430624
10,-2,200.0
9,-2,1525.7463067046049
9,-2,1439.4343174386554
10,-2,797.6610898646406
10,-2,1201.90657274792
9,-2,816.0431883897556
9,-2,925.6401595542281
9,-1,572.5030825970438
9,-1,200.0
9,-2,448.37257546557265
9,-2,200.0
9,-3,1841.028853962443
9,-3,1113.3732905709305
9,-4,200.0
9,-4,2348.252408975568
9,-5,200.0
9,-5,810.301517071412
8,-5,428.1201212866281
8,-5,200.0
7,-5,1399.125215663118
