12,-7,1800.0
12,-7,726.7707372495131
12,-6,233.29869119481023
12,-6,966.8646695660316
12,-6,100.0
12,-5,590.3304458209097
12,-5,100.0
12,-5,637.4799987103704
12,-4,1041.5531688903134
12,-4,1607.921010471775
12,-4,100.0
12,-5,1800.0
12,-5,770.7259482039012
12,-5,604.0074118814277
12,-4,100.0
12,-4,520.5427061686544
12,-4,667.6502372210093
12,-3,899.1706271196873
12,-3,100.0
12,-3,1800.0
12,-2,146.83573404132204
12,-2,483.4601894575992
12,-2,198.45275425981404
12,-1,104.92142377452507
12,-1,677.7323287437385
12,-1,100.0
12,0,342.40895490659307
12,0,391.62886825410123
12,0,520.8560125450044
12,-1,427.19666959859046
12,-1,766.7576164545909
12,-1,475.69071787979624
12,0,497.45522457061725
12,0,860.6308489329128
12,0,505.0775616544925
12,-1,100.0
12,-1,1340.964459912606
12,-1,1333.208951331404
12,0,620.7584982000719
12,0,100.0
12,0,332.9316345207545
12,1,1133.0362095471014
12,1,100.0
12,1,100.0
12,2,703.186452751273
12,2,795.6874221809071
12,2,100.0
12,3,813.8204870714573
12,3,224.6745460303245
12,3,100.0
12,4,606.3997413671905
12,4,100.0
12,4,1121.9693540578403
12,5,348.54822906922465
12,5,686.9979299415452
12,5,897.4713551409478
12,6,100.0
12,6,100.0
12,6,381.6989408009697
12,5,100.0
12,5,410.5539943849088
12,5,684.554638797754
12,4,1723.56501526893
12,4,381.7797759613519
12,4,100.0
12,3,509.889042262211
12,3,715.2987863642012
12,3,100.0
12,4,100.0
12,4,1141.083087674196
12,4,396.8374845748486
12,5,100.0
12,5,162.98754807116228
12,5,355.8370429319956
12,6,362.6982985001109
12,6,123.88096577355566
12,6,573.8056951726885
12,7,100.0
12,7,100.0
12,7,246.32996614064498
12,6,100.0
12,6,100.0
12,6,187.17953964978307
12,7,100.0
12,7,100.0
12,7,1264.2607653841758
12,8,714.6305441816173
12,8,590.6775874017096
12,8,342.92597142792744
12,9,1260.2509956904112
12,9,100.0
12,9,172.30818305452857
12,10,100.0
12,10,100.0
12,10,704.2111626021434
12,11,268.23111970773033
12,11,1216.7979240538307
12,11,319.3957164240933
12,12,100.0
12,12,100.0
12,12,100.0
11,12,100.0
11,12,182.62353425188212
11,12,100.0
10,12,100.0
10,12,100.0
10,12,100.0
11,12,100.0
11,12,368.3755098832064
11,12,100.0
10,12,147.95551802816615
10,12,1135.1254131001292
10,12,100.0
9,12,100.0
9,12,100.0
9,12,1068.8018451216008
8,12,100.0
8,12,909.0668874751834
8,12,160.95488343081536
7,12,100.0
7,12,100.0
7,12,100.0
7,11,178.17064395940514
7,11,112.96181241992542
7,11,580.35867215251
8,11,100.0
8,11,553.1671977150647
8,11,100.0
8,10,100.0
8,10,100.0
8,10,430.4022238345327
8,9,867.4754652902363
8,9,100.0
8,9,489.0745756063297
7,9,446.64317960258734
7,9,792.8725689127863
7,9,100.0
7,8,100.0
7,8,294.79863851143926
7,8,428.14663140258585
6,8,926.7714800984688
6,8,1744.0751605516134
6,8,482.41448433571225
6,7,742.4073978385208
6,7,779.6969033566178
6,7,100.0
6,6,494.8594529753914
6,6,470.35317997296454
6,6,246.25184392933906
5,6,1075.5931059069019
5,6,873.2254304158893
5,6,1800.0
5,5,754.6047601961416
5,5,766.2116068700734
5,5,693.9583741637783
5,4,752.9886747185737
5,4,1263.5965002338687
5,4,881.6890861206554
5,3,482.85628581697125
5,3,100.0
5,3,846.0641745844054
5,2,692.3518372262552
5,2,784.291648910701
5,2,1596.1824633486785
5,1,612.9179262610244
5,1,1345.1166478346308
5,1,1034.3671074434744
5,2,551.9031155622506
5,2,764.2426760241403
5,2,180.98218131093847
5,1,930.0241840858586
5,1,832.971444572851
5,1,1482.8414963122384
4,1,644.1021059520359
4,1,1010.2344698391151
4,1,552.3494162219707
4,0,664.72520933449
4,0,1250.1613128899432
4,0,1303.9321321437105
3,0,945.7394147292889
3,0,1553.9439738144415
3,0,833.7115314535516
2,0,900.20429256549
2,0,391.06787345076
2,0,556.2307600399213
1,0,1800.0
1,0,1514.5298644659028
1,0,1800.0
1,-1,1767.6711596539476
1,-1,1245.709794076587
1,-1,1489.18438643394
1,-2,1150.3404872852052
1,-2,1635.6118797376228
1,-2,478.64678649227835
2,-2,1800.0
2,-2,1218.121458462368
2,-2,1558.2402295762788
2,-3,1193.6931119857668
2,-3,462.362269073979
2,-3,1800.0
1,-3,653.1966829704946
1,-3,196.25301010512726
1,-3,1161.4555043425032
1,-4,351.008041534688
1,-4,1192.6787789529549
1,-4,1324.316987794079
1,-5,1724.6445651941867
1,-5,1424.5099884291587
1,-5,100.0
1,-4,553.1262702251078
1,-4,1800.0
1,-4,840.5309860851365
0,-4,1220.0811443068678
0,-4,912.4481729323547
0,-4,715.2214212740748
0,-3,360.8927891086766
0,-3,1291.6980602497142
0,-3,367.3208395123244
0,-4,1800.0
0,-4,1284.8583729487377
0,-4,1800.0
0,-5,1674.9422885459273
0,-5,741.1290132083982
0,-5,100.0
0,-6,1367.868143089426
0,-6,1771.8522523007289
0,-6,1800.0
0,-7,1060.7964512038332
0,-7,656.2152560631298
0,-7,1247.9326716041633
0,-8,1085.0806512082193
0,-8,366.80530382710674
0,-8,666.4543146014494
0,-7,100.0
0,-7,640.2767087390605
0,-7,537.9740625281624
0,-8,1403.841245203749
0,-8,1058.5353107167355
0,-8,509.74246430495015
0,-9,853.861232131894
0,-9,399.782614998711
0,-9,100.0
0,-10,622.7619836789954
0,-10,127.01747537608352
0,-10,1795.4381030288193
0,-9,1211.1841103677505
0,-9,525.1593613743718
0,-9,793.2201900396717
0,-10,230.52482564321616
0,-10,100.0
0,-10,100.0
0,-11,1486.939534982497
0,-11,143.07020326200995
0,-11,839.4806789652541
0,-12,1034.0052071323098
0,-12,530.7134519519508
0,-12,100.0
0,-11,938.8627662874044
0,-11,100.0
0,-11,979.4621757594385
0,-10,1346.460795831037
0,-10,442.4135825075606
0,-10,623.1324901497076
0,-9,1404.2609992250675
0,-9,161.71863019304357
0,-9,437.1499807991284
0,-10,1077.5787866440812
0,-10,905.0511227642811
0,-10,663.7605941615172
0,-9,1511.5987217772715
0,-9,100.0
0,-9,562.3672604882511
0,-8,1397.6538383045604
0,-8,669.3998269939785
0,-8,1355.7886801538862
0,-9,902.737299053756
0,-9,1096.0447926836441
0,-9,1079.1726482412612
0,-10,100.0
0,-10,267.2524247349109
0,-10,100.0
0,-9,429.32758636951945
0,-9,1030.3684956608345
0,-9,378.60446518644045
0,-8,429.7978787233673
0,-8,1800.0
0,-8,457.89573022881433
0,-7,100.0
0,-7,558.7994031741864
0,-7,252.44249937441145
0,-6,103.46238343645484
0,-6,1800.0
0,-6,503.59701867144764
0,-5,694.2195853773298
0,-5,1096.6978785203669
0,-5,1530.9199373145186
0,-4,159.10109951086747
0,-4,1661.990283439429
0,-4,100.0
0,-3,673.9480790500752
0,-3,475.77006887388217
0,-3,1508.8601670966693
0,-2,1548.466148809524
0,-2,960.4925336295312
0,-2,250.99841853142902
0,-1,1136.6564687831637
0,-1,100.0
0,-1,100.0
0,0,1049.9257941019773
0,0,748.9002891885663
0,0,825.7542589917075
0,1,1800.0
0,1,1634.5996450681062
0,1,984.490282595858
0,2,1338.755504709551
0,2,1083.2137526179283
0,2,1087.04008149646
0,3,703.4556091409631
0,3,1800.0
0,3,459.82468741004936
0,4,319.0885363775895
0,4,216.0162112610941
0,4,1363.1526891607184
0,5,1800.0
0,5,400.0127419113385
0,5,1573.3732690816032
0,6,1800.0
0,6,1140.6132359206993
0,6,608.0566276453249
0,7,253.1356785907189
0,7,1207.2287663515785
0,7,481.38689562141775
0,8,1397.209929844263
0,8,684.1276298406154
0,8,228.1767473404018
0,9,100.0
0,9,1800.0
0,9,100.0
0,10,1647.9980905022358
0,10,795.5242227359267
0,10,100.0
0,11,880.3437698078128
0,11,731.365346222769
0,11,100.0
0,12,128.00296568108968
0,12,749.5019264144544
0,12,707.6800921948811
0,13,100.0
0,13,100.0
0,13,742.099249079178
0,12,413.72688727011575
0,12,145.0682629951439
0,12,167.41220768332846
0,13,100.0
0,13,483.75128245608937
0,13,534.0670981297685
0,14,1026.0358828724477
0,14,100.0
0,14,100.0
0,15,163.39704303347088
0,15,100.0
0,15,158.75197215654543
0,16,100.0
0,16,476.95827264653025
0,16,100.0
0,17,802.5856179076811
0,17,100.0
0,17,100.0
0,16,234.43681835941288
0,16,100.0
0,16,291.3703252090937
0,17,349.24858351111965
0,17,100.0
0,17,764.8236774583988
0,18,661.772986491617
0,18,100.0
0,18,393.1648671742308
0,17,100.0
0,17,100.0
0,17,126.29434380520772
0,18,285.7249217553966
0,18,852.7526176762223
0,18,295.60504063436906
0,19,100.0
0,19,392.05104690571363
0,19,100.0
0,20,100.0
0,20,197.98521243218676
0,20,100.0
0,19,100.0
0,19,353.2739794323801
0,19,620.5957878223697
0,18,465.64324176707566
0,18,667.7998986104136
0,18,100.0
0,17,100.0
0,17,100.0
0,17,100.0
0,16,350.571627579763
0,16,685.7061416904343
0,16,790.2283238620071
0,15,743.5591034526201
0,15,105.45481414747627
0,15,100.0
0,14,409.1633087521214
0,14,100.0
0,14,1245.358086450232
0,15,100.0
0,15,910.1494645705142
0,15,100.0
0,16,100.0
0,16,100.0
0,16,100.0
0,15,522.4356039570123
0,15,100.0
0,15,741.2597062933855
0,14,100.0
0,14,100.0
0,14,665.6080548183922
0,13,1277.256374126221
0,13,1321.959634990877
0,13,100.0
0,12,552.8723002265198
0,12,1053.1905801188796
0,12,568.3550186816324
0,13,968.6253335539891
0,13,336.16936903823245
0,13,1151.7262397614672
-1,13,578.7861243484742
-1,13,100.0
-1,13,100.0
-1,14,242.1345599202084
-1,14,100.0
-1,14,100.0
-1,13,100.0
-1,13,1101.003969345085
-1,13,1368.195848371266
-1,12,100.0
-1,12,100.0
-1,12,646.2628593710465
-1,11,632.9816707709632
-1,11,191.06900346199416
-1,11,100.0
-1,10,100.0
-1,10,372.1975588137298
-1,10,743.5173110637727
-1,9,926.7643262074653
-1,9,1499.6565068872537
-1,9,1244.078425456029
-1,8,100.0
-1,8,1020.6086155834711
-1,8,1188.1319706546697
-2,8,1603.0740033893378
-2,8,343.2960268120017
-2,8,252.54541068412107
-2,7,1487.1280192731429
-2,7,100.0
-2,7,100.0
-2,6,486.5963569871265
-2,6,696.0820506962772
-2,6,880.5747805730879
-2,5,1504.1692423311702
-2,5,1800.0
-2,5,501.78668870152694
-3,5,100.0
-3,5,577.6901697843235
-3,5,1308.2851164459444
-3,4,1055.1492597294503
-3,4,1790.6621020646076
-3,4,227.7069763526158
-3,3,968.6381657343734
-3,3,245.673203654786
-3,3,1800.0
-3,2,468.5468162698399
-3,2,1066.6457274443958
-3,2,1800.0
-3,1,1117.9807930441357
-3,1,594.2583624646767
-3,1,789.2579067868382
-3,0,100.0
-3,0,460.2651818703603
-3,0,1244.8789077499503
-3,-1,1800.0
-3,-1,1304.517974971302
-3,-1,543.2963273883142
-3,-2,453.31633680057257
-3,-2,1093.2310866809469
-3,-2,1800.0
-3,-1,1612.7914581526356
-3,-1,493.1428326901462
-3,-1,426.70013457454496
-4,-1,884.3049951027194
-4,-1,810.4530843821442
-4,-1,1669.9348728166265
-4,-2,1430.3468294390461
-4,-2,617.7063362372924
-4,-2,510.0552800135752
-5,-2,100.0
-5,-2,567.8580075812431
-5,-2,990.7187924827134
