-8,-19,900.0
-8,-19,428.1692497680747
-8,-19,684.8804293475125
-8,-19,50.0
-8,-18,508.2315296906778
-8,-18,50.0
-8,-18,50.0
-8,-18,50.0
-8,-18,252.1040288277522
-8,-19,50.0
-8,-19,50.0
-8,-19,50.0
-8,-19,175.06273169715035
-8,-19,50.0
-8,-18,559.8685195891502
-8,-18,551.9859408642384
-8,-18,50.0
-8,-18,50.0
-8,-18,50.0
-8,-17,50.0
-8,-17,50.0
-8,-17,296.39028065733623
-8,-17,788.0574814233811
-8,-17,743.632399345209
-8,-16,50.0
-8,-16,50.0
-8,-16,50.0
-8,-16,50.0
-8,-16,50.0
-7,-16,332.17655313935563
-7,-16,50.0
-7,-16,50.0
-7,-16,50.0
-7,-16,149.83846689043688
-7,-15,900.0
-7,-15,216.23914415914953
-7,-15,50.0
-7,-15,182.02515452834797
-7,-15,50.0
-7,-14,534.9131003275309
-7,-14,467.174177634041
-7,-14,868.3871573259499
-7,-14,50.0
-7,-14,50.0
-7,-13,54.25655059788836
-7,-13,670.1625054596965
-7,-13,340.3343467354239
-7,-13,50.0
-7,-13,50.0
-7,-14,390.04255170212156
-7,-14,211.82589831725585
-7,-14,50.0
-7,-14,50.0
-7,-14,62.601853960948475
-7,-13,50.0
-7,-13,86.71594033526723
-7,-13,337.5560187561535
-7,-13,82.56893377074104
-7,-13,506.802368508398
-7,-12,900.0
-7,-12,50.0
-7,-12,228.55932538777762
-7,-12,75.4008803303202
-7,-12,900.0
-6,-12,509.0549428692881
-6,-12,672.2501703814783
-6,-12,455.19599966333453
-6,-12,50.0
-6,-12,350.5970152716522
-5,-12,50.0
-5,-12,50.0
-5,-12,629.4132476889306
-5,-12,900.0
-5,-12,117.43618530845528
-4,-12,182.42898456743623
-4,-12,50.0
-4,-12,132.01379972150343
-4,-12,300.7230783681557
-4,-12,360.66899660193724
-3,-12,50.0
-3,-12,260.20841287682396
-3,-12,873.9557092325982
-3,-12,696.6727034839944
-3,-12,50.0
-3,-11,233.33816519300532
-3,-11,472.27607223454413
-3,-11,523.4101706926266
-3,-11,50.0
-3,-11,50.0
-3,-12,50.0
-3,-12,672.3059652086499
-3,-12,802.3185347894415
-3,-12,212.94672607587773
-3,-12,469.72052647711826
-2,-12,50.0
-2,-12,325.90284950107326
-2,-12,468.60512865860574
-2,-12,434.4456304752266
-2,-12,842.3110663826241
-2,-11,244.62507762888885
-2,-11,430.01420266990124
-2,-11,900.0
-2,-11,54.08894994016691
-2,-11,50.0
-1,-11,50.0
-1,-11,456.13094168020746
-1,-11,614.4427499713263
-1,-11,189.78561833405547
-1,-11,900.0
-1,-12,70.41559817746693
-1,-12,135.11225672659975
-1,-12,50.0
-1,-12,549.8185646197317
-1,-12,488.61291879674695
-1,-11,120.62181298704539
-1,-11,796.1879980374027
-1,-11,900.0
-1,-11,900.0
-1,-11,149.01047735118513
-1,-10,50.0
-1,-10,399.8355343713685
-1,-10,498.3195020364743
-1,-10,541.6379485495469
-1,-10,50.0
0,-10,291.08886548898533
0,-10,50.0
0,-10,50.0
0,-10,50.0
0,-10,172.40671688155732
0,-9,50.0
0,-9,352.36105544723296
0,-9,50.0
0,-9,447.15678729644577
0,-9,50.0
0,-8,807.076149496577
0,-8,338.4959085964872
0,-8,50.0
0,-8,346.15054388644074
0,-8,506.26501582059234
0,-7,754.5099689357464
0,-7,50.0
0,-7,900.0
0,-7,341.43006284518736
0,-7,284.0195464700398
1,-7,460.5586550896507
1,-7,591.9734997270766
1,-7,900.0
1,-7,294.6043448780639
1,-7,164.3559470550053
2,-7,508.9349131879208
2,-7,719.3255611354921
2,-7,85.19107333558509
2,-7,900.0
2,-7,597.7575201514245
3,-7,465.3097809803444
3,-7,900.0
3,-7,900.0
3,-7,900.0
3,-7,223.88411376827443
3,-6,776.292412530996
3,-6,332.3648716526473
3,-6,50.0
3,-6,401.4877194272178
3,-6,900.0
3,-7,900.0
3,-7,383.36708733267454
3,-7,900.0
3,-7,796.8916995377527
3,-7,900.0
4,-7,300.6527863111605
4,-7,610.8837355446744
4,-7,560.0488966711802
4,-7,657.5280872926569
4,-7,321.91384798076456
4,-6,900.0
4,-6,900.0
4,-6,276.6355525516928
4,-6,115.42398700283638
4,-6,234.1148401178321
4,-5,641.4292153653972
4,-5,95.63970870503135
4,-5,900.0
4,-5,390.9895544421865
4,-5,900.0
4,-6,187.4936011949061
4,-6,169.2390818357435
4,-6,736.494380456272
4,-6,766.426939784236
4,-6,460.2058838831888
4,-5,900.0
4,-5,643.6449413212142
4,-5,351.6069236597979
4,-5,690.4707795734656
4,-5,217.26160638410056
4,-4,514.9948390146463
4,-4,856.4156477304841
4,-4,701.959628910725
4,-4,114.03156707045093
4,-4,786.9329091661896
3,-4,859.6742220775959
3,-4,718.4102842508228
3,-4,709.1735724428399
3,-4,533.0157213403457
3,-4,626.2597401063986
3,-3,50.0
3,-3,186.15195776310787
3,-3,900.0
3,-3,682.443699295332
3,-3,50.0
4,-3,900.0
4,-3,897.8842406874862
4,-3,283.6785547443273
4,-3,621.3119084200309
4,-3,867.6724144495295
4,-2,256.4086020472148
4,-2,311.19477889025444
4,-2,288.83231345018237
4,-2,677.3056954016395
4,-2,900.0
4,-1,588.5787698651038
4,-1,418.10913353859553
4,-1,199.27109503752422
4,-1,891.4942576683927
4,-1,126.88070314207607
4,0,777.4777276471023
4,0,597.2176168673564
4,0,687.0376837164848
4,0,900.0
4,0,177.8960798359161
4,1,605.5633371276796
4,1,763.4975120766185
4,1,781.0572430980412
4,1,829.4169668089091
4,1,605.9157290686956
4,2,367.4286623007166
4,2,530.6341842079221
4,2,746.3569155862725
4,2,462.8222616154732
4,2,819.4947071085646
5,2,712.7541138405627
5,2,900.0
5,2,50.0
5,2,50.0
5,2,689.834671986481
6,2,580.1819596410023
6,2,618.86323875194
6,2,286.43252017514965
6,2,799.9423556594071
6,2,351.33777403874774
5,2,186.94683805666114
5,2,50.0
5,2,50.0
5,2,81.59667518587969
5,2,559.2518414410365
4,2,733.6174279423271
4,2,270.0442096717087
4,2,699.3926251097768
4,2,92.63271904228259
4,2,900.0
4,3,436.3855572600455
4,3,473.7073506396724
4,3,900.0
4,3,330.4659056865156
4,3,50.0
5,3,900.0
5,3,900.0
5,3,339.6285112010346
5,3,900.0
5,3,257.79935904249794
4,3,744.6559737508468
4,3,695.2074791028174
4,3,332.36012468764443
4,3,685.830832839138
4,3,610.4568803746303
4,2,537.8542608282669
4,2,536.7125779145587
4,2,678.1648403329018
4,2,828.7594787086064
4,2,503.35098485313745
5,2,900.0
5,2,475.5190185663048
5,2,424.36408370067403
5,2,661.1875911784214
5,2,900.0
6,2,53.46421813944016
6,2,604.1098832973962
6,2,546.8945885378344
6,2,50.0
6,2,50.0
6,3,900.0
6,3,392.8706524361577
6,3,220.69224929033362
6,3,54.822497723087736
6,3,702.7726462924317
6,4,131.4790164107534
6,4,900.0
6,4,900.0
6,4,50.0
6,4,320.057795133466
7,4,50.0
7,4,765.0759674698168
7,4,900.0
7,4,338.63531922191584
7,4,50.0
7,5,552.8815903730244
7,5,50.0
7,5,223.5904505350764
7,5,50.0
7,5,422.3231835649995
8,5,590.9103892376572
8,5,210.7171587699308
8,5,50.0
8,5,559.6893743881676
8,5,765.8687749662001
8,4,617.0229903419108
8,4,900.0
8,4,900.0
8,4,285.55349990231304
8,4,50.0
9,4,478.7361668143267
9,4,50.0
9,4,900.0
9,4,286.9133058368142
9,4,439.14305925074746
10,4,50.0
10,4,643.5527160807509
10,4,642.9616770539939
10,4,382.605829032932
10,4,187.79045667109818
10,5,160.2029461026818
10,5,227.00107461920527
10,5,391.0783491741762
10,5,450.7751939349919
10,5,484.1743898257133
10,6,50.0
10,6,272.1864751975386
10,6,780.2630387776371
10,6,900.0
10,6,701.0886278399958
10,7,623.624353358143
10,7,50.0
10,7,50.0
10,7,431.26242740450385
10,7,435.8889138309804
10,8,604.8405200595452
10,8,50.0
10,8,893.8561154829042
10,8,408.718681909377
10,8,416.9789089160868
11,8,50.0
11,8,50.0
11,8,50.0
11,8,484.04936683299456
11,8,50.0
10,8,329.0719531455021
10,8,50.0
10,8,410.85239146439244
10,8,220.70367407308805
10,8,790.1137435151221
10,9,554.1820150019198
10,9,50.0
10,9,50.0
10,9,50.0
10,9,279.2143954489071
9,9,246.9252988040869
9,9,50.0
9,9,52.800353574114865
9,9,326.9255992261345
9,9,50.0
10,9,469.41658822528086
10,9,50.0
10,9,900.0
10,9,482.2802765859064
10,9,50.0
11,9,50.0
11,9,50.0
11,9,719.0103618211685
11,9,372.0864354765963
11,9,69.43152508987988
11,10,50.0
11,10,516.7195438422101
11,10,900.0
11,10,423.36964545566656
11,10,624.095482185755
12,10,50.0
12,10,574.6811333883668
12,10,673.7810323421065
12,10,277.44209099133616
12,10,318.7497310719512
11,10,900.0
11,10,417.97008700766867
11,10,50.0
11,10,429.7507116498776
11,10,50.0
10,10,777.148978551954
10,10,390.83724704390613
10,10,209.03710029886867
10,10,50.0
10,10,281.9473577033427
11,10,386.9301541989331
11,10,50.0
11,10,50.0
11,10,50.0
11,10,50.0
12,10,144.34692222175858
12,10,707.3962159326061
12,10,744.4996316214391
12,10,340.16506329623775
12,10,426.5424507178471
13,10,173.171113637531
13,10,50.0
13,10,69.89458027427466
13,10,50.0
13,10,365.8303518557685
13,11,319.76189708720256
13,11,50.0
13,11,444.8593445951209
13,11,399.71834396799454
13,11,50.0
14,11,50.0
14,11,50.0
14,11,50.0
14,11,50.0
14,11,633.887678738129
14,12,480.05712656551077
14,12,50.0
14,12,50.0
14,12,513.6560904250746
14,12,50.0
15,12,381.5181239037118
15,12,418.2022471581623
15,12,50.0
15,12,50.0
15,12,338.7100951287923
16,12,50.0
16,12,50.0
16,12,50.0
16,12,350.7175940389902
16,12,50.0
16,11,50.0
16,11,104.17729389107554
16,11,50.0
16,11,50.0
16,11,50.0
16,10,50.0
16,10,267.60922087059953
16,10,50.0
16,10,153.83372053261976
16,10,185.1464777090768
16,9,93.65556594427065
16,9,50.0
16,9,50.0
16,9,50.0
16,9,50.0
15,9,393.58650474050575
15,9,499.47275056455373
15,9,422.72980006249037
15,9,466.40480890002334
15,9,445.17324535941606
14,9,50.0
14,9,50.0
14,9,50.0
14,9,592.9502945003035
14,9,50.0
14,10,50.0
14,10,470.1793392052724
14,10,50.99657077149257
14,10,612.7018705442362
14,10,335.68458566430843
14,9,50.0
14,9,50.0
14,9,50.0
14,9,50.0
14,9,145.28551079745952
14,8,50.0
14,8,249.70154001294958
14,8,50.0
14,8,50.0
14,8,50.0
15,8,283.7140654174057
15,8,50.0
15,8,677.0549885419598
15,8,50.0
15,8,298.4596347168261
15,7,50.0
15,7,382.56228935051206
15,7,429.65482949215607
15,7,307.85942374348735
15,7,50.0
14,7,50.0
14,7,50.0
14,7,54.1332435059651
14,7,50.0
14,7,512.8402755147738
14,6,281.24357795490755
14,6,198.40895463129436
14,6,155.3455078581509
14,6,351.80484743892976
14,6,805.8406531613686
14,5,628.6262405670604
14,5,50.0
14,5,50.0
14,5,50.0
14,5,900.0
14,4,50.0
14,4,132.16570717479664
14,4,418.1462437088319
14,4,50.0
14,4,598.9877383462634
14,3,518.3480706002176
14,3,50.0
14,3,64.27285962470302
14,3,50.0
14,3,495.54049674596524
13,3,108.85501528163928
13,3,415.51195359346275
13,3,50.0
13,3,50.0
13,3,50.0
13,2,116.18701600959679
13,2,139.23496321845897
13,2,50.0
13,2,753.8936555582181
13,2,393.8693618157943
13,1,888.3481724408356
13,1,729.2066798821726
13,1,320.5286216318574
13,1,50.0
13,1,50.0
14,1,900.0
14,1,516.0525418730998
14,1,691.3786525032342
14,1,50.0
14,1,330.73665037865146
14,0,154.40741135552673
14,0,50.0
14,0,50.0
14,0,115.48957300299057
14,0,50.0
14,-1,407.45374962113885
14,-1,50.0
14,-1,519.8988228761025
14,-1,52.52492226178799
14,-1,900.0
13,-1,900.0
13,-1,50.0
13,-1,622.6990165667438
13,-1,582.081626148479
13,-1,50.0
13,0,523.9128265142242
13,0,50.0
13,0,50.0
13,0,50.0
13,0,228.80780985131014
13,-1,100.45172434133517
13,-1,50.0
13,-1,411.6050311758107
13,-1,369.43975057074994
13,-1,900.0
12,-1,696.2087212415895
12,-1,788.5576113006687
12,-1,50.0
12,-1,293.6634684875286
12,-1,50.0
11,-1,900.0
11,-1,620.6235513964953
11,-1,761.6316172744785
11,-1,438.19658278266434
11,-1,50.0
11,-2,337.5484432759408
11,-2,588.8613690244428
11,-2,111.97409878236436
11,-2,451.7962212730716
11,-2,487.37944638587464
10,-2,407.2366446538802
10,-2,50.0
10,-2,522.0582707125897
10,-2,900.0
10,-2,50.0
9,-2,278.4592683912606
9,-2,50.0
9,-2,755.110232415959
9,-2,154.83448527245923
9,-2,812.0178308710995
10,-2,900.0
10,-2,453.1199239123385
10,-2,50.0
10,-2,311.24823469452974
10,-2,900.0
9,-2,888.6583451944114
9,-2,66.49183260436894
9,-2,507.550660253909
9,-2,183.93827449586195
9,-2,50.0
9,-1,50.0
9,-1,50.0
9,-1,50.0
9,-1,900.0
9,-1,648.1316288655369
9,-2,50.0
9,-2,703.1704892694545
9,-2,338.1301504025456
9,-2,618.7068622941547
9,-2,50.594601270945105
9,-3,900.0
9,-3,459.7833319812157
9,-3,846.3473997694599
9,-3,900.0
9,-3,50.0
9,-4,900.0
9,-4,158.3517985154876
9,-4,459.6877502743299
9,-4,402.0309823046011
9,-4,533.3770863477221
9,-5,319.59477976238
9,-5,181.25636734785957
9,-5,483.31610347627907
9,-5,793.2838022362146
9,-5,900.0
8,-5,81.53211614361433
8,-5,481.6533427274329
8,-5,50.0
8,-5,50.0
8,-5,560.1821050984288
7,-5,900.0
7,-5,620.6193907150284
7,-5,836.2417277501236
7,-5,431.73946446321975
7,-5,900.0
7,-6,900.0
7,-6,50.0
7,-6,143.26551781601003
7,-6,567.0420706909732
7,-6,50.0
7,-7,50.0
7,-7,50.0
7,-7,698.3511299211768
7,-7,900.0
7,-7,900.0
7,-8,819.3636541181802
7,-8,50.0
7,-8,50.0
7,-8,850.8837454680483
7,-8,212.88141362617907
6,-8,50.0
6,-8,357.40990515689055
6,-8,900.0
6,-8,50.0
6,-8,900.0
6,-9,441.978967449983
6,-9,900.0
6,-9,155.17356636708502
6,-9,577.912159450704
6,-9,153.309344570143
5,-9,529.0043144625836
5,-9,254.626919498586
5,-9,536.0847789782049
5,-9,50.0
5,-9,734.0546691647954
6,-9,900.0
6,-9,407.19686393541895
6,-9,499.84042366171843
6,-9,50.0
6,-9,840.4314317699764
5,-9,347.33740078161026
5,-9,204.16126855948346
5,-9,51.410584166456374
5,-9,684.0288940676209
5,-9,610.7400898945191
5,-8,212.64001496949294
5,-8,900.0
5,-8,313.0168068309027
5,-8,587.188741231077
5,-8,50.0
5,-9,392.53719720484577
5,-9,482.40322528676904
5,-9,354.2011041115242
5,-9,345.48406356842554
5,-9,305.5128833099571
5,-10,362.00371681745605
5,-10,900.0
5,-10,618.6026017294437
5,-10,50.0
5,-10,50.0
4,-10,900.0
4,-10,900.0
4,-10,50.0
4,-10,603.7959642334991
4,-10,50.0
4,-11,468.9220267857239
4,-11,689.5295099671357
4,-11,714.4797049991803
4,-11,265.47682584411507
4,-11,50.0
4,-12,206.07184728885125
4,-12,201.45676905631623
4,-12,50.0
4,-12,665.8690352484386
4,-12,50.0
5,-12,689.293141966562
5,-12,50.0
5,-12,50.0
5,-12,345.8360838482751
5,-12,50.0
6,-12,50.0
6,-12,146.68155753655788
6,-12,900.0
6,-12,50.0
6,-12,533.0365113810637
7,-12,50.0
7,-12,835.8680607491749
7,-12,602.3144863309427
7,-12,900.0
7,-12,50.0
8,-12,50.0
8,-12,50.0
8,-12,188.1712731093234
8,-12,546.7573285392612
8,-12,900.0
9,-12,50.0
9,-12,900.0
9,-12,572.9841379408988
9,-12,50.0
9,-12,588.9854157827854
9,-11,58.240962268117286
9,-11,900.0
9,-11,50.0
9,-11,50.0
9,-11,68.20332858642195
8,-11,50.0
8,-11,642.2139966424461
8,-11,50.0
8,-11,746.4226347213107
8,-11,50.0
9,-11,50.0
9,-11,50.0
9,-11,50.0
9,-11,288.1665867895687
9,-11,50.0
9,-10,581.0959854835171
9,-10,50.0
9,-10,148.21620248359682
9,-10,766.8982544514306
9,-10,153.77014735553357
9,-9,559.6736175468495
9,-9,148.81319726416984
9,-9,679.7011546333043
9,-9,648.5181228348647
9,-9,528.0521399095066
10,-9,260.9959132395633
10,-9,99.82649334144918
10,-9,900.0
10,-9,166.23736706874132
10,-9,50.0
11,-9,50.0
11,-9,141.14143072498752
11,-9,50.0
11,-9,900.0
11,-9,208.45103542637477
10,-9,50.0
10,-9,123.30187495960618
10,-9,800.5708016275985
10,-9,50.0
10,-9,50.0
10,-8,637.5382369357128
10,-8,166.05757085662955
10,-8,50.0
10,-8,192.35556636289297
10,-8,169.18220077486842
10,-7,531.0854782385795
10,-7,265.66521911233576
10,-7,50.0
10,-7,50.0
10,-7,900.0
11,-7,66.9239702084437
11,-7,657.6489630093988
11,-7,50.0
11,-7,131.13405410359024
11,-7,64.61138273931056
12,-7,777.0290360029773
12,-7,428.06921984319075
12,-7,900.0
12,-7,204.80422322483804
12,-7,50.0
11,-7,50.0
11,-7,50.0
11,-7,50.0
11,-7,623.1923035555568
11,-7,900.0
11,-6,900.0
11,-6,50.0
11,-6,900.0
11,-6,900.0
11,-6,409.3016270619132
12,-6,570.4453379210618
12,-6,50.0
12,-6,900.0
12,-6,404.72055175250665
12,-6,591.33234512885
13,-6,377.37072315268165
13,-6,120.92915333339488
13,-6,900.0
13,-6,208.82479028907593
13,-6,50.0
13,-5,340.72474710843426
13,-5,455.1360284993668
13,-5,807.5493884242704
13,-5,318.91450011894386
13,-5,900.0
13,-4,50.0
13,-4,499.53762754088416
13,-4,50.0
13,-4,798.8507085834149
13,-4,50.0
14,-4,50.0
14,-4,600.2260808462802
14,-4,50.0
14,-4,50.0
14,-4,435.97598611747503
15,-4,50.0
15,-4,136.8467267386431
15,-4,197.7399323324608
15,-4,50.0
15,-4,622.5549205950315
16,-4,50.0
16,-4,131.7810381858716
16,-4,50.0
16,-4,50.0
16,-4,607.7227654852318
15,-4,50.0
15,-4,382.5514599080984
15,-4,50.0
15,-4,188.27486012652008
15,-4,50.0
15,-5,166.94479924580855
15,-5,50.0
15,-5,50.0
15,-5,900.0
15,-5,215.0652031864205
14,-5,866.9638690574566
14,-5,294.4077003759893
14,-5,509.52349241000167
14,-5,50.0
14,-5,900.0
13,-5,50.0
13,-5,50.0
13,-5,50.0
13,-5,50.0
13,-5,739.1642947054868
12,-5,546.5313720518959
12,-5,534.3613025095979
12,-5,50.0
12,-5,50.0
12,-5,50.0
12,-6,554.3189568827045
12,-6,50.0
12,-6,203.7338418059254
12,-6,340.9512068886145
12,-6,196.71390796885996
11,-6,292.4753490823744
11,-6,339.9990793583753
11,-6,900.0
11,-6,305.28502465449094
11,-6,900.0
10,-6,535.9070013581695
10,-6,297.44824825044554
10,-6,103.60247357443023
10,-6,50.0
10,-6,636.1058530799733
9,-6,632.7550837365382
9,-6,543.1677374044631
9,-6,50.0
9,-6,50.0
9,-6,371.27774945520355
8,-6,495.8279957411404
8,-6,241.1389161213845
8,-6,900.0
8,-6,900.0
8,-6,50.0
7,-6,900.0
7,-6,50.0
7,-6,395.0511655926352
7,-6,644.2664830671488
7,-6,773.9658388813579
6,-6,827.5440890307707
6,-6,50.0
6,-6,296.5520552159962
6,-6,322.2807177281219
6,-6,900.0
5,-6,751.947969852535
5,-6,900.0
5,-6,851.1586171057132
5,-6,746.2031539397001
5,-6,212.11363184575248
4,-6,562.5197033826284
4,-6,843.2158074096192
4,-6,330.20046454523805
4,-6,900.0
4,-6,50.0
5,-6,547.3353677634965
5,-6,142.47602267318774
5,-6,900.0
5,-6,50.0
5,-6,408.75954300930516
4,-6,249.88123293475107
4,-6,865.3212021064264
4,-6,50.0
4,-6,697.0711393147678
4,-6,900.0
3,-6,900.0
3,-6,107.24428022491185
3,-6,760.4227154492588
3,-6,200.88410201787096
3,-6,900.0
4,-6,50.0
4,-6,900.0
4,-6,424.8842946690411
4,-6,62.06715212154256
4,-6,268.18222276890793
3,-6,900.0
3,-6,573.5971873131474
3,-6,161.14674995226696
3,-6,138.4163355743451
3,-6,146.76975697362872
2,-6,210.74992046187788
2,-6,50.0
2,-6,900.0
2,-6,900.0
2,-6,677.8750719120267
2,-7,900.0
2,-7,674.0594647836533
2,-7,534.213993693885
2,-7,389.44376723523254
2,-7,50.0
1,-7,479.8177065576368
1,-7,528.1241492808177
1,-7,766.109634985507
1,-7,464.86671335574033
1,-7,94.17446777540374
0,-7,900.0
0,-7,267.14890523794145
0,-7,50.0
0,-7,275.6886543249751
0,-7,255.49316731892998
-1,-7,900.0
-1,-7,900.0
-1,-7,900.0
-1,-7,50.0
-1,-7,900.0
-2,-7,161.74914082166117
-2,-7,710.1127169317853
-2,-7,217.218323247097
-2,-7,880.0464153342444
-2,-7,50.0
-3,-7,369.31832873720435
-3,-7,50.0
-3,-7,50.0
-3,-7,900.0
-3,-7,243.99929984507565
-4,-7,241.30749133270723
-4,-7,667.2188037085203
-4,-7,664.0349048965227
-4,-7,50.0
-4,-7,50.0
-5,-7,884.7763261613668
-5,-7,50.0
-5,-7,314.26427944823854
-5,-7,293.2441572784992
-5,-7,900.0
-6,-7,667.7613645222615
-6,-7,273.6283086033511
-6,-7,50.0
-6,-7,880.8679741828669
-6,-7,900.0
-7,-7,900.0
-7,-7,309.77811070446535
-7,-7,631.253986597642
-7,-7,523.7318793513357
-7,-7,900.0
-7,-6,519.2683187370454
-7,-6,50.0
-7,-6,558.8592704253404
-7,-6,125.47671667526305
-7,-6,743.2566571223624
-7,-7,900.0
-7,-7,507.71560261374754
-7,-7,50.0
-7,-7,50.0
-7,-7,50.0
-8,-7,331.70824720595596
-8,-7,900.0
-8,-7,161.71366372424515
-8,-7,597.2716281983555
-8,-7,123.67131436758478
-9,-7,636.064179470491
-9,-7,50.0
-9,-7,781.1769473265264
-9,-7,900.0
-9,-7,50.0
-9,-8,50.0
