15,8,233.45640076075676
15,8,183.47374686743
15,8,174.65629042838214
15,8,50.0
16,8,242.1410781898162
16,8,177.4200801988375
16,8,256.61179176144145
16,8,316.07000378017324
16,8,123.10664360362769
15,8,149.48497757717655
15,8,678.5641262060849
15,8,732.8631126142809
15,8,115.18914785038328
15,8,236.24720622883592
16,8,50.0
16,8,50.0
16,8,196.25611608460224
16,8,77.6687030258868
16,8,50.0
17,8,93.05716732442293
17,8,309.84915255611224
17,8,50.0
17,8,50.0
17,8,50.0
18,8,597.8965291905736
18,8,50.0
18,8,50.0
18,8,749.2222898846502
18,8,170.85187101073336
19,8,50.0
19,8,50.0
19,8,50.0
19,8,50.0
19,8,264.30688360453985
20,8,50.0
20,8,50.0
20,8,241.16101423528994
20,8,157.8465978250529
20,8,50.0
20,7,50.0
20,7,50.0
20,7,50.0
20,7,50.0
20,7,50.0
20,6,50.0
20,6,50.0
20,6,50.0
20,6,50.0
20,6,50.0
19,6,50.0
19,6,50.0
19,6,50.0
19,6,50.0
19,6,50.0
19,5,50.0
19,5,85.13585094810338
19,5,50.0
19,5,50.0
19,5,50.0
18,5,50.0
18,5,243.76827419784775
18,5,191.4495857834375
18,5,524.688789782565
18,5,900.0
18,4,50.0
18,4,279.41265525091
18,4,50.0
18,4,859.3331191490653
18,4,112.642344709498
17,4,50.0
17,4,462.6014277312785
17,4,592.5378107141856
17,4,135.76919409752855
17,4,50.0
17,3,440.59201181648535
17,3,50.0
17,3,144.71874600673203
17,3,50.0
17,3,96.62490964311962
16,3,50.0
16,3,50.0
16,3,50.0
16,3,501.4213365261186
16,3,50.0
17,3,50.0
17,3,506.3790744508086
17,3,50.0
17,3,196.80233635869845
17,3,252.03050669213906
17,4,50.0
17,4,50.0
17,4,347.8824308481152
17,4,556.6329787743557
17,4,50.0
17,3,133.27989082340295
17,3,782.6179896504469
17,3,472.0156152191734
17,3,50.0
17,3,50.0
17,2,131.81774787713815
17,2,377.2654816988018
17,2,180.94116080613733
17,2,333.18065418134216
17,2,50.0
17,1,435.9675572048186
17,1,50.0
17,1,469.5934148926251
17,1,50.0
17,1,50.0
16,1,50.0
16,1,50.0
16,1,900.0
16,1,50.0
16,1,50.0
15,1,50.0
15,1,50.0
15,1,50.0
15,1,900.0
15,1,329.1018863804523
14,1,50.0
14,1,50.0
14,1,50.0
14,1,221.5980810233552
14,1,50.0
13,1,228.4638126269264
13,1,346.72216135456915
13,1,900.0
13,1,50.0
13,1,598.6035729903865
13,0,50.0
13,0,50.0
13,0,515.0263363586216
13,0,248.90425682256316
13,0,449.737006613078
12,0,50.0
12,0,845.1713772419907
12,0,50.0
12,0,50.0
12,0,50.0
11,0,564.4398877499834
11,0,296.5102641794509
11,0,234.30270413350155
11,0,339.2041709918863
11,0,651.854387443968
11,-1,137.38165516246022
11,-1,767.8502874324807
11,-1,497.6086252806436
11,-1,579.584521099939
11,-1,873.9594533617371
10,-1,389.3397314080372
10,-1,61.982916893879974
10,-1,900.0
10,-1,862.693398249367
10,-1,900.0
10,-2,55.177633670468
10,-2,836.7769524058863
10,-2,900.0
10,-2,674.2099343574953
10,-2,900.0
10,-3,390.2314010906353
10,-3,143.25886316332867
10,-3,50.0
10,-3,50.0
10,-3,572.5039713832588
11,-3,759.2007952473709
11,-3,162.14420381224096
11,-3,900.0
11,-3,900.0
11,-3,93.67093877349765
10,-3,371.2330906541322
10,-3,612.7337048813827
10,-3,412.52380767786457
10,-3,554.6625279658929
10,-3,571.2063944817882
10,-4,900.0
10,-4,900.0
10,-4,580.8717092645778
10,-4,155.63648465273644
10,-4,900.0
11,-4,461.31232550787956
11,-4,50.0
11,-4,880.6814844931685
11,-4,554.9781876127364
11,-4,299.4624065707147
11,-5,900.0
11,-5,862.8524709891012
11,-5,548.7464511114017
11,-5,419.0003278246942
11,-5,900.0
11,-6,80.55412938201029
11,-6,721.5897534556973
11,-6,684.4030649258494
11,-6,900.0
11,-6,900.0
11,-7,109.36766441138369
11,-7,900.0
11,-7,50.0
11,-7,347.9731654967196
11,-7,227.65182146790093
11,-8,202.11756860329442
11,-8,866.3402665950736
11,-8,50.0
11,-8,50.0
11,-8,900.0
10,-8,50.0
10,-8,298.5237881806311
10,-8,50.0
10,-8,50.0
10,-8,553.759819074828
9,-8,429.7039178885651
9,-8,140.7644984318144
9,-8,680.6724703017366
9,-8,900.0
9,-8,50.0
8,-8,50.0
8,-8,50.0
8,-8,119.3797611266473
8,-8,900.0
8,-8,50.0
8,-9,362.7095141635223
8,-9,287.52888155969237
8,-9,436.20149819116824
8,-9,50.0
8,-9,134.28225522101764
8,-8,50.0
8,-8,50.0
8,-8,165.98598266582115
8,-8,50.0
8,-8,50.0
7,-8,50.0
7,-8,619.3726621788296
7,-8,128.0930254020948
7,-8,663.2382771471032
7,-8,526.0297914424318
6,-8,50.0
6,-8,154.3147479661115
6,-8,409.9210490100764
6,-8,156.9374774092375
6,-8,810.9860533593501
6,-9,575.0920420383906
6,-9,825.6358692815597
6,-9,106.11238640608178
6,-9,900.0
6,-9,50.0
6,-10,50.0
6,-10,50.0
6,-10,293.0609326238937
6,-10,50.0
6,-10,704.7232022221593
6,-11,143.5493641658809
6,-11,512.1809346718389
6,-11,576.0633702150344
6,-11,50.0
6,-11,50.0
6,-12,50.0
6,-12,50.0
6,-12,50.0
6,-12,55.815924717824856
6,-12,50.0
6,-13,511.71051197093544
6,-13,50.0
6,-13,50.0
6,-13,142.3300020574072
6,-13,900.0
6,-14,641.736509823206
6,-14,50.0
6,-14,50.0
6,-14,50.0
6,-14,375.0571845198759
5,-14,214.41880239477274
5,-14,422.34338289514926
5,-14,50.0
5,-14,481.50976284570146
5,-14,50.0
5,-15,210.05799020656042
5,-15,50.0
5,-15,677.9096104239426
5,-15,682.3936453857006
5,-15,101.58129887141074
4,-15,900.0
4,-15,186.95683508364368
4,-15,120.86585748088939
4,-15,430.5797045110402
4,-15,79.41216414320706
5,-15,50.0
5,-15,105.46068131597367
5,-15,50.0
5,-15,50.0
5,-15,50.0
4,-15,473.416066803107
4,-15,50.0
4,-15,516.9468773455865
4,-15,375.8781847031688
4,-15,367.758540605939
5,-15,50.0
5,-15,50.0
5,-15,174.4438805808768
5,-15,291.0007065604002
5,-15,50.0
4,-15,270.6842420320005
4,-15,348.3338922756692
4,-15,50.0
4,-15,900.0
4,-15,50.0
3,-15,50.0
3,-15,460.4641867583295
3,-15,51.8523226796091
3,-15,50.0
3,-15,50.0
3,-16,50.0
3,-16,50.0
3,-16,50.0
3,-16,837.1112172038536
3,-16,50.0
4,-16,272.9364136730643
4,-16,50.0
4,-16,601.9960140719113
4,-16,50.0
4,-16,151.97640974146577
4,-17,50.0
4,-17,791.8539780520294
4,-17,50.0
4,-17,181.98837684834996
4,-17,50.0
5,-17,290.25288174841984
5,-17,50.0
5,-17,52.759139851016904
5,-17,50.0
5,-17,50.0
4,-17,50.0
4,-17,644.0221758698251
4,-17,189.48258546252018
4,-17,50.0
4,-17,479.7373564704451
3,-17,78.7640487997341
3,-17,50.0
3,-17,821.7373139083406
3,-17,569.1385850291736
3,-17,50.0
2,-17,50.0
2,-17,244.8962827229544
2,-17,348.4740439730369
2,-17,50.0
2,-17,63.02304486179187
2,-18,261.5465364277281
2,-18,50.0
2,-18,214.7076792761043
2,-18,50.0
2,-18,50.0
2,-19,50.0
2,-19,50.0
2,-19,190.91244077116943
2,-19,50.0
2,-19,50.0
2,-20,50.0
2,-20,50.0
2,-20,733.8989443950613
2,-20,535.5958366606513
2,-20,149.8024747205609
1,-20,50.0
1,-20,50.0
1,-20,120.811045692656
1,-20,242.8016823039344
1,-20,62.12167605543539
2,-20,140.5595497739397
2,-20,50.0
2,-20,616.5085980699465
2,-20,50.0
2,-20,50.0
1,-20,441.8139183543739
1,-20,573.1516003622686
1,-20,732.83024706327
1,-20,338.61103889053487
1,-20,371.08549150238997
0,-20,50.0
0,-20,50.0
0,-20,148.2402267723287
0,-20,534.119645099461
0,-20,50.0
-1,-20,50.0
-1,-20,50.0
-1,-20,858.6402816742111
-1,-20,50.0
-1,-20,50.0
-1,-19,50.0
-1,-19,50.0
-1,-19,50.0
-1,-19,50.0
-1,-19,50.0
0,-19,50.0
0,-19,179.39030748175458
0,-19,84.70160933261138
0,-19,148.12530122619074
0,-19,50.0
0,-20,50.0
0,-20,50.0
0,-20,50.0
0,-20,78.18789684190921
0,-20,50.0
0,-19,50.0
0,-19,900.0
0,-19,846.5675861283115
0,-19,50.0
0,-19,50.0
1,-19,50.0
1,-19,98.0719054495487
1,-19,900.0
1,-19,50.0
1,-19,50.0
2,-19,50.0
2,-19,50.0
2,-19,613.1491470848896
2,-19,50.0
2,-19,50.0
2,-18,50.0
2,-18,50.0
2,-18,50.0
2,-18,50.0
2,-18,50.0
2,-19,217.89449590007217
2,-19,50.0
2,-19,50.0
2,-19,50.0
2,-19,626.6254430124437
2,-18,182.13604706053542
2,-18,50.0
2,-18,50.0
2,-18,57.305028631939535
2,-18,50.0
2,-17,50.0
2,-17,50.0
2,-17,50.0
2,-17,368.1651896178914
2,-17,167.7291614676241
2,-16,690.1179777625164
2,-16,245.27137877347766
2,-16,194.0262483462732
2,-16,50.0
2,-16,50.0
2,-15,50.0
2,-15,50.0
2,-15,50.0
2,-15,50.0
2,-15,50.0
2,-14,817.9318451282071
2,-14,50.0
2,-14,50.0
2,-14,50.0
2,-14,505.4886249144118
2,-13,876.8258997208654
2,-13,50.0
2,-13,434.9709951389111
2,-13,50.0
2,-13,50.0
2,-12,50.0
2,-12,900.0
2,-12,695.8834351651358
2,-12,94.44804519983984
2,-12,50.0
2,-11,257.4466053720979
2,-11,900.0
2,-11,722.226961472338
2,-11,900.0
2,-11,241.23557812604218
3,-11,359.5252515682193
3,-11,306.0442005295008
3,-11,380.4301194434362
3,-11,663.4766761678871
3,-11,602.8398137822985
4,-11,50.0
4,-11,621.0146305352762
4,-11,415.2551692329754
4,-11,347.47177819935627
4,-11,50.0
4,-10,462.0124269168448
4,-10,789.385371600745
4,-10,116.16113841191094
4,-10,900.0
4,-10,193.3666930625404
4,-11,218.8070837055061
4,-11,542.1086452257339
4,-11,593.5260399769166
4,-11,900.0
4,-11,713.0330606269347
4,-10,520.1811895392302
4,-10,129.40443932866407
4,-10,237.1605371891422
4,-10,749.6766119091552
4,-10,308.53970815954284
4,-9,387.7464428249924
4,-9,346.6023233763268
4,-9,50.0
4,-9,523.6366239958003
4,-9,161.96135881425204
5,-9,351.85272204033976
5,-9,231.8036203818152
5,-9,415.5446120496816
5,-9,50.0
5,-9,50.0
5,-8,495.14634916554337
5,-8,673.062313235628
5,-8,900.0
5,-8,182.64240093157676
5,-8,239.21081904148954
5,-7,327.9506883998447
5,-7,224.81192806202682
5,-7,900.0
5,-7,900.0
5,-7,900.0
6,-7,316.21950730903615
6,-7,50.0
6,-7,377.2728588765403
6,-7,900.0
6,-7,523.8691722584757
7,-7,589.5489010449016
7,-7,50.0
7,-7,160.20855616812497
7,-7,900.0
7,-7,63.9894443067181
8,-7,388.3296964173477
8,-7,654.9499685975086
8,-7,677.8759492801156
8,-7,389.50362209015134
8,-7,900.0
9,-7,900.0
9,-7,490.985844149103
9,-7,900.0
9,-7,496.16907523564333
9,-7,139.23095895138462
9,-6,50.0
9,-6,253.88014485626547
9,-6,514.7183354517576
9,-6,900.0
9,-6,551.7820770480258
9,-5,130.82980768243516
9,-5,152.19122074280915
9,-5,846.5839995893635
9,-5,50.0
9,-5,900.0
9,-4,655.1628469507608
9,-4,91.39687730516181
9,-4,824.1321839055456
9,-4,50.0
9,-4,497.82254285256033
9,-3,288.0836885743857
9,-3,447.30661086998145
9,-3,900.0
9,-3,719.3570544123725
9,-3,900.0
10,-3,605.5427662452965
10,-3,133.56502293140935
10,-3,900.0
10,-3,316.06231788996786
10,-3,67.68790401994485
10,-2,50.0
10,-2,627.0670647365876
10,-2,356.9325520201018
10,-2,900.0
10,-2,223.0665135975288
10,-1,900.0
10,-1,385.8828791071195
10,-1,274.64898951075185
10,-1,285.6352419087168
10,-1,765.6787941335174
10,-2,900.0
10,-2,900.0
10,-2,363.1953557557422
10,-2,79.4130992344376
10,-2,900.0
10,-1,515.0246867446535
10,-1,900.0
10,-1,50.0
10,-1,867.3258602540352
10,-1,181.46903988385475
10,-2,164.65874376281573
10,-2,101.52047999152495
10,-2,238.9065131017075
10,-2,133.60406970475316
10,-2,50.0
11,-2,675.7896611511171
11,-2,311.6936783047994
11,-2,347.70587024175137
11,-2,119.55256022544222
11,-2,349.21198423340354
11,-1,683.1170415132599
11,-1,510.7983865021931
11,-1,50.0
11,-1,50.0
11,-1,175.57853555707246
11,0,557.6440946383786
11,0,50.0
11,0,458.4186939078528
11,0,612.179919637719
11,0,787.6024828559651
11,1,821.6977023908584
11,1,50.0
11,1,842.911281597425
11,1,327.3757709167338
11,1,477.03801381652465
11,2,50.0
11,2,567.0612758871466
11,2,50.0
11,2,900.0
11,2,50.0
11,3,515.3391073397552
11,3,50.0
11,3,574.9506392236531
11,3,713.7089146300359
11,3,50.0
11,4,50.0
11,4,50.0
11,4,266.54520855168516
11,4,258.9967502032006
11,4,618.3613742364004
12,4,50.0
12,4,50.0
12,4,746.9082880048087
12,4,50.0
12,4,50.0
13,4,50.0
13,4,900.0
13,4,50.0
13,4,900.0
13,4,491.23286730511353
12,4,900.0
12,4,50.0
12,4,50.0
12,4,900.0
12,4,900.0
12,3,60.05765425890007
12,3,50.0
12,3,610.7825462265859
12,3,71.68150484127938
12,3,50.0
12,2,643.5904698750089
12,2,900.0
12,2,381.5504307618455
12,2,143.1602180901288
12,2,50.0
12,1,50.0
12,1,544.2908793414343
12,1,50.0
12,1,50.0
12,1,50.0
11,1,50.0
11,1,283.82569929111344
11,1,639.4456563009963
11,1,211.06419972780304
11,1,900.0
11,0,50.0
11,0,180.77837251151513
11,0,255.38158072885105
11,0,70.2839346537142
11,0,50.0
11,-1,155.01253218528268
11,-1,487.7933558580678
11,-1,790.9319791750945
11,-1,163.80316934832663
11,-1,50.0
11,-2,50.0
11,-2,900.0
11,-2,900.0
11,-2,278.4202761130627
11,-2,50.0
11,-3,50.0
11,-3,900.0
11,-3,900.0
11,-3,50.0
11,-3,138.75840791383195
10,-3,846.4826493715666
10,-3,772.2236515640601
10,-3,522.2625554921552
10,-3,380.06071017902923
10,-3,519.2541694531925
10,-4,50.0
10,-4,696.170799635302
10,-4,50.0
10,-4,818.0302838699153
10,-4,174.38654890457514
9,-4,900.0
9,-4,359.1050136458317
9,-4,582.2813247069128
9,-4,162.8672884137986
9,-4,417.3452387778313
9,-5,124.16487660391275
9,-5,50.0
9,-5,50.0
9,-5,504.7169285213088
9,-5,50.0
9,-6,50.0
9,-6,737.7577953807097
9,-6,196.7369581543785
9,-6,501.3228409128811
9,-6,132.7315226754954
9,-5,900.0
9,-5,458.37614406746883
9,-5,480.0161754628376
9,-5,275.8985524751601
9,-5,222.78310347757701
10,-5,224.61640747689518
10,-5,563.8931688458883
10,-5,464.0995763044636
10,-5,786.7221438537897
10,-5,900.0
10,-6,900.0
10,-6,774.601146055684
10,-6,900.0
10,-6,840.5482268263619
10,-6,50.0
10,-7,746.2230258823091
10,-7,50.0
10,-7,832.3178306895161
10,-7,652.4682458650983
10,-7,113.20190491452061
9,-7,154.51381634831267
9,-7,460.29345685328894
9,-7,50.0
9,-7,429.4053723453752
9,-7,174.9571487194355
8,-7,586.9573787438408
8,-7,56.72379610930591
8,-7,577.5569716868332
8,-7,50.0
8,-7,900.0
7,-7,900.0
7,-7,900.0
7,-7,296.4996588865483
7,-7,477.8393727810645
7,-7,716.0025271932838
7,-8,50.0
7,-8,428.97439721540303
7,-8,283.2370589943207
7,-8,527.7407460947292
7,-8,900.0
7,-9,50.0
7,-9,897.5481761610494
7,-9,50.0
7,-9,579.4508383419872
7,-9,316.70747017402755
6,-9,823.4658172139453
6,-9,798.08243890111
6,-9,50.0
6,-9,287.97132397957614
6,-9,253.65900488675618
5,-9,680.3031391627776
5,-9,900.0
5,-9,386.45185235595596
5,-9,863.742108175833
5,-9,471.31645884870136
5,-10,723.7479700396543
5,-10,361.4351598879673
5,-10,319.64023205857495
5,-10,900.0
5,-10,837.3556778148364
5,-11,749.0485332123864
5,-11,536.6610062327932
5,-11,180.60985706348947
5,-11,900.0
5,-11,50.0
5,-12,50.0
5,-12,242.0137625224816
5,-12,162.4251755467962
5,-12,50.0
5,-12,50.0
4,-12,50.0
4,-12,505.1554563163245
4,-12,900.0
4,-12,356.71554244932895
4,-12,50.0
3,-12,50.0
3,-12,649.3272715147091
3,-12,93.53748274074336
3,-12,416.1308388098017
3,-12,440.7116501570415
2,-12,50.0
2,-12,900.0
2,-12,50.0
2,-12,286.70931310460395
2,-12,416.6579060937098
1,-12,50.0
1,-12,436.1498460175588
1,-12,900.0
1,-12,764.8756462304394
1,-12,139.7599606501385
1,-13,50.0
1,-13,730.7683550835576
1,-13,884.457428676831
1,-13,50.0
1,-13,50.0
2,-13,50.0
2,-13,342.03004001275036
2,-13,50.0
2,-13,791.7992128311935
2,-13,50.0
1,-13,889.797667703772
1,-13,482.86290854402796
1,-13,50.0
1,-13,50.0
1,-13,161.58292995435326
1,-12,413.8354315374681
1,-12,410.0927302218162
1,-12,109.73691187000529
1,-12,123.74196859099084
1,-12,50.0
1,-13,50.0
1,-13,50.0
1,-13,50.0
1,-13,50.0
1,-13,888.6810315844785
0,-13,50.0
0,-13,711.4791609279503
0,-13,602.8115373219061
0,-13,564.2296493825481
0,-13,241.19695702044854
-1,-13,900.0
-1,-13,900.0
-1,-13,900.0
-1,-13,445.7640542565479
-1,-13,50.0
-2,-13,50.0
-2,-13,405.82563965818696
-2,-13,636.1724062180131
-2,-13,456.9633957597348
-2,-13,552.9029066205626
-1,-13,129.56390963552982
-1,-13,556.709543687854
-1,-13,307.8072147416981
-1,-13,310.0492150611193
-1,-13,816.1596346380717
-1,-14,399.58711415998897
-1,-14,104.77580122459861
-1,-14,50.0
-1,-14,50.0
-1,-14,353.4739588362692
-2,-14,900.0
-2,-14,50.0
-2,-14,522.0147136092469
-2,-14,284.97187917981915
-2,-14,50.0
-2,-15,172.22765263596628
-2,-15,474.89616454280986
-2,-15,549.4270406904473
-2,-15,50.0
-2,-15,389.81858942155196
-3,-15,50.0
-3,-15,50.0
-3,-15,408.4451662674184
-3,-15,419.31914519083307
-3,-15,50.0
-4,-15,50.0
-4,-15,194.0166978046878
-4,-15,322.59218665190815
-4,-15,50.0
-4,-15,229.6148277136766
-4,-16,584.1977300785084
-4,-16,50.0
-4,-16,780.5592784350432
-4,-16,50.0
-4,-16,50.0
-4,-17,50.0
-4,-17,610.2945703511801
-4,-17,50.0
-4,-17,459.90983839498796
-4,-17,550.6110665193119
-3,-17,50.0
-3,-17,50.0
-3,-17,900.0
-3,-17,347.1007934162674
-3,-17,50.0
-4,-17,50.0
-4,-17,816.377409622567
-4,-17,233.1722247942315
-4,-17,50.0
-4,-17,307.14045949758037
-5,-17,77.94367087342253
-5,-17,380.05780722198875
-5,-17,254.77323698743749
-5,-17,50.0
-5,-17,137.53901161354267
-6,-17,50.0
-6,-17,462.7003106423622
-6,-17,258.7316462447804
-6,-17,82.53382068945228
-6,-17,261.4199035462432
-7,-17,50.0
-7,-17,50.0
-7,-17,187.4266084433511
-7,-17,50.0
-7,-17,50.0
-7,-18,50.0
-7,-18,50.0
-7,-18,376.80227087514334
-7,-18,154.17470205970093
-7,-18,494.4586431071468
-7,-19,50.0
-7,-19,50.0
-7,-19,50.0
-7,-19,167.53960434387892
-7,-19,50.0
-8,-19,638.1999698434769
-8,-19,50.0
-8,-19,50.0
-8,-19,50.0
-8,-19,50.0
-8,-18,50.0
-8,-18,50.0
-8,-18,50.0
-8,-18,139.45294293980172
-8,-18,50.0
-8,-19,542.2953709210666
-8,-19,50.0
-8,-19,50.0
-8,-19,50.0
-8,-19,50.0
-8,-20,50.0
-8,-20,50.0
-8,-20,50.0
-8,-20,50.0
-8,-20,50.0
-8,-19,50.0
-8,-19,50.0
-8,-19,50.0
-8,-19,403.7647232290773
-8,-19,50.0
-7,-19,900.0
-7,-19,50.0
-7,-19,50.0
-7,-19,638.195487278755
-7,-19,50.0
-6,-19,50.0
-6,-19,50.0
-6,-19,50.0
-6,-19,50.0
-6,-19,144.9549364247009
-5,-19,99.27305303804096
-5,-19,50.0
-5,-19,50.0
-5,-19,50.0
-5,-19,50.0
-4,-19,505.48444534199643
-4,-19,50.0
-4,-19,440.6702020627206
-4,-19,50.0
-4,-19,50.0
-4,-20,346.98114157593045
-4,-20,900.0
-4,-20,50.0
-4,-20,823.0604938295216
-4,-20,50.0
-4,-19,50.0
-4,-19,50.0
-4,-19,50.0
-4,-19,399.67504202849284
-4,-19,195.27737411584897
-4,-18,78.64345563028803
-4,-18,50.0
-4,-18,50.0
-4,-18,50.0
-4,-18,50.0
-3,-18,50.0
-3,-18,50.0
-3,-18,50.0
-3,-18,50.0
-3,-18,50.0
-2,-18,400.0230704568855
-2,-18,435.51156705324536
-2,-18,50.0
-2,-18,50.0
-2,-18,50.0
-1,-18,50.0
-1,-18,745.6181010152234
-1,-18,76.47737699191033
-1,-18,50.0
-1,-18,50.0
0,-18,333.05005188217785
0,-18,405.5628920733897
0,-18,50.0
0,-18,50.0
0,-18,50.0
0,-17,50.0
0,-17,50.0
0,-17,407.08987883170636
0,-17,138.07600999091528
0,-17,168.9670740822009
0,-16,647.0794110723942
0,-16,315.9028682582167
0,-16,50.0
0,-16,50.0
0,-16,50.0
1,-16,144.59411349925742
1,-16,50.0
1,-16,803.1213720816348
1,-16,551.5417043542913
1,-16,50.0
2,-16,50.0
2,-16,645.8922058003044
2,-16,50.0
2,-16,50.0
2,-16,685.9714930692323
2,-15,188.44632901764223
