12,-7,259.49022648195273
12,-7,50.0
12,-7,53.4263928543277
12,-7,424.2232825429534
12,-6,50.0
12,-6,574.4974359347871
12,-6,50.0
12,-6,206.67013838517164
12,-6,50.0
12,-5,236.68187670168498
12,-5,50.0
12,-5,178.9444510514139
12,-5,50.0
12,-5,50.0
12,-4,50.0
12,-4,290.67805949964145
12,-4,50.0
12,-4,765.5812029965623
12,-4,153.90468844249622
12,-5,287.4811803955795
12,-5,180.58892724318855
12,-5,230.18249068988686
12,-5,525.9723737674789
12,-5,50.0
12,-4,50.0
12,-4,258.6950032397449
12,-4,50.0
12,-4,387.23720072820475
12,-4,535.2978862616849
12,-3,171.90990668757888
12,-3,735.5625102581234
12,-3,150.60586590325516
12,-3,71.97787263895171
12,-3,94.96234776343633
12,-2,626.7744874108372
12,-2,433.9210848054606
12,-2,50.0
12,-2,550.2962906808668
12,-2,50.0
12,-1,90.10270723680665
12,-1,50.31828649054384
12,-1,50.0
12,-1,87.60144504393699
12,-1,77.7581628597938
12,0,50.0
12,0,394.3159666279739
12,0,480.392719468235
12,0,112.30726169171109
12,0,50.0
12,-1,407.85322999517405
12,-1,81.42865771998834
12,-1,50.0
12,-1,50.0
12,-1,50.0
12,0,50.0
12,0,137.827406679703
12,0,50.0
12,0,50.0
12,0,450.02190819258317
12,-1,185.1344224908434
12,-1,50.0
12,-1,272.7817500588933
12,-1,50.0
12,-1,50.0
12,0,375.2211395430214
12,0,50.0
12,0,361.44378214616256
12,0,116.2472703758875
12,0,50.0
12,1,243.61862887890453
12,1,57.450861125277825
12,1,706.9767367229509
12,1,572.5633727505846
12,1,50.0
12,2,266.779196789741
12,2,129.49010771908783
12,2,591.3213579609392
12,2,263.6125750885534
12,2,342.7974788381871
12,3,270.6255799776135
12,3,428.44476790037834
12,3,52.8454701361068
12,3,303.3388496718362
12,3,50.0
12,4,192.9316053662081
12,4,50.0
12,4,50.0
12,4,50.0
12,4,125.56935018220442
12,5,695.9291698857334
12,5,50.0
12,5,50.0
12,5,86.05885278418648
12,5,503.0550030370239
12,6,179.10017331331608
12,6,373.96714116687497
12,6,257.5757346557499
12,6,50.0
12,6,477.5108747180135
12,5,386.60649563307084
12,5,50.0
12,5,50.0
12,5,331.039627434238
12,5,207.28186062564436
12,4,591.51268417953
12,4,332.342041780717
12,4,719.4812183616458
12,4,327.9676436573921
12,4,107.71171966831278
12,3,422.2798446624071
12,3,300.657096117885
12,3,78.45363329887502
12,3,50.0
12,3,197.5388385431342
12,4,139.04829136654
12,4,427.7743160326164
12,4,179.84851793188326
12,4,222.1558331327564
12,4,441.54329946751955
12,5,96.44673188108993
12,5,294.69463031879104
12,5,211.46150986608077
12,5,68.40588541626153
12,5,50.0
12,6,50.0
12,6,453.70756550133143
12,6,50.0
12,6,50.0
12,6,455.03686759149457
12,7,141.24190500784863
12,7,363.34914840170313
12,7,50.0
12,7,208.6656144731375
12,7,50.0
12,6,50.0
12,6,383.1734061485706
12,6,192.31508985512545
12,6,478.1994603154621
12,6,50.0
12,7,50.0
12,7,50.0
12,7,79.59462262914246
12,7,85.18706623987234
12,7,302.64885333558993
12,8,50.0
12,8,50.0
12,8,240.28404906003098
12,8,50.0
12,8,101.72806701967832
12,9,100.01851276698403
12,9,147.74435078089107
12,9,63.19650180325924
12,9,132.16253266657668
12,9,50.0
12,10,170.2485935135113
12,10,50.0
12,10,112.5582853681776
12,10,50.0
12,10,50.0
12,11,84.0873484183212
12,11,50.0
12,11,508.3826902717074
12,11,50.0
12,11,50.0
12,12,50.0
12,12,414.1374108769884
12,12,463.0586323491932
12,12,50.0
12,12,50.0
11,12,50.0
11,12,50.0
11,12,179.30093901047576
11,12,50.0
11,12,50.0
10,12,50.0
10,12,459.39662763618776
10,12,50.0
10,12,50.0
10,12,112.52524145159177
11,12,50.0
11,12,50.0
11,12,86.3245938722711
11,12,424.0895628237091
11,12,568.625387485757
10,12,269.7876243663871
10,12,50.0
10,12,50.0
10,12,50.0
10,12,231.02091287072386
9,12,122.77909448898814
9,12,50.0
9,12,381.52015998811476
9,12,248.28374236941323
9,12,256.3542929400712
8,12,155.5839688421432
8,12,542.2761431359396
8,12,213.11126779004348
8,12,50.0
8,12,50.0
7,12,55.142155964921415
7,12,390.18225010977875
7,12,417.1199128620698
7,12,72.56282177568121
7,12,122.64754393379702
7,11,715.5771408367236
7,11,632.936282104064
7,11,432.7189650855033
7,11,332.856857459794
7,11,87.3006436772842
8,11,294.48720227239596
8,11,50.0
8,11,350.4836556957107
8,11,50.0
8,11,50.0
8,10,141.27239911710095
8,10,478.38399963539814
8,10,50.0
8,10,50.0
8,10,604.0029924290786
8,9,539.3307331216563
8,9,113.12065909158764
8,9,211.251608696811
8,9,97.14441178402
8,9,50.0
7,9,325.91351435319854
7,9,517.0959773191512
7,9,222.39997749671372
7,9,336.6498228932962
7,9,50.0
7,8,63.84528852423986
7,8,50.0
7,8,457.93898510116117
7,8,322.46939245556064
7,8,412.37629353911314
6,8,50.0
6,8,50.0
6,8,479.1763002291358
6,8,686.6507754848515
6,8,745.3909350777295
6,7,147.52206817291324
6,7,50.0
6,7,360.4642622393979
6,7,549.9158464092
6,7,101.47174175317784
6,6,451.96117669733934
6,6,50.0
6,6,488.34804964588216
6,6,157.84836152924348
6,6,608.6977420316828
5,6,50.0
5,6,507.8796357743057
5,6,50.0
5,6,543.2142912553024
5,6,246.09078569384195
5,5,663.9407410520604
5,5,50.0
5,5,538.5449952291816
5,5,449.197524412855
5,5,271.13044386252744
5,4,50.0
5,4,50.0
5,4,758.5286089825549
5,4,419.3330714529616
5,4,548.4586553765957
5,3,500.66201055910216
5,3,900.0
5,3,706.4967595043279
5,3,409.14166902676186
5,3,50.0
5,2,874.2336477498084
5,2,839.4448190337234
5,2,465.49802033136706
5,2,350.20198642751967
5,2,313.9375658201643
5,1,273.3263892957506
5,1,868.5350035809763
5,1,715.3757357336418
5,1,668.6632905053638
5,1,99.04903521733024
5,2,745.2508611709549
5,2,50.0
5,2,467.36226657711387
5,2,50.0
5,2,606.7615981056819
5,1,224.6797542268593
5,1,444.1735420500799
5,1,50.0
5,1,290.2608331242237
5,1,665.8501346147517
4,1,446.7206623497288
4,1,558.0478567284475
4,1,581.1449382778028
4,1,202.55172715601236
4,1,99.55842307347876
4,0,122.97672098206476
4,0,900.0
4,0,528.8149299256695
4,0,596.103579262792
4,0,900.0
3,0,506.83556077875505
3,0,900.0
3,0,668.8093494178362
3,0,390.8939936962763
3,0,189.23411120243532
2,0,627.8115215391894
2,0,865.140454487401
2,0,760.3698898585164
2,0,900.0
2,0,900.0
1,0,486.9996774767511
1,0,169.6220318034301
1,0,179.629710230809
1,0,900.0
1,0,636.3714300767377
1,-1,546.0086033962614
1,-1,637.4368893760949
1,-1,662.4572156225364
1,-1,313.08494220922825
1,-1,748.8557415361668
1,-2,502.34134886188565
1,-2,423.5793380913036
1,-2,384.7797311090752
1,-2,59.481951733324195
1,-2,314.346027560543
2,-2,880.9358701328608
2,-2,417.81999663000545
2,-2,513.1196387844466
2,-2,162.23558350493207
2,-2,346.80310592027087
2,-3,441.7655562040295
2,-3,504.5331105595616
2,-3,202.15415066646582
2,-3,426.6821213652969
2,-3,488.4646124358246
1,-3,418.1445818109038
1,-3,508.1932790547621
1,-3,50.0
1,-3,483.16351839017256
1,-3,331.45578543970385
1,-4,798.4764205807465
1,-4,325.92866890661406
1,-4,50.0
1,-4,760.2178089655756
1,-4,285.03805454077326
1,-5,50.0
1,-5,278.50505311797383
1,-5,807.4549945987615
1,-5,416.9737319030188
1,-5,410.05026705972665
1,-4,900.0
1,-4,343.0740981566899
1,-4,767.2609958819146
1,-4,570.0139975265172
1,-4,352.8053753424603
0,-4,449.8808813529091
0,-4,900.0
0,-4,631.0140064589946
0,-4,785.3430886437118
0,-4,636.6036209746709
0,-3,254.46622397824365
0,-3,655.4203936208561
0,-3,342.5497279107053
0,-3,900.0
0,-3,529.3879635267483
0,-4,844.7423402401309
0,-4,312.8936199396866
0,-4,166.8236071682889
0,-4,279.1576413524702
0,-4,900.0
0,-5,295.4520132195589
0,-5,687.0898786547903
0,-5,458.94052114862336
0,-5,485.8500513611879
0,-5,339.4732982082559
0,-6,311.7452991484503
0,-6,50.0
0,-6,195.5723115879441
0,-6,900.0
0,-6,50.0
0,-7,490.4634435067759
0,-7,309.60568123633743
0,-7,343.0721738700008
0,-7,299.941865636069
0,-7,316.4128899205788
0,-8,575.2919116674834
0,-8,193.7552738653436
0,-8,195.5170343344708
0,-8,583.9974021185867
0,-8,59.197388580106946
0,-7,589.8003385252364
0,-7,768.9951527416674
0,-7,50.0
0,-7,332.9090196652824
0,-7,396.1365603630966
0,-8,382.9136623856956
0,-8,335.9621940691414
0,-8,530.2419304540514
0,-8,653.3239211621215
0,-8,188.07621119179717
0,-9,301.70247915377877
0,-9,178.7499900092406
0,-9,411.9689858260483
0,-9,123.59770299277375
0,-9,302.3340140039842
0,-10,50.0
0,-10,237.97971639735562
0,-10,107.2399409812918
0,-10,50.0
0,-10,50.0
0,-9,548.1917498403402
0,-9,517.7198077796754
0,-9,677.0123929380509
0,-9,476.5839858538708
0,-9,50.0
0,-10,50.0
0,-10,302.3799198125623
0,-10,378.48833211093995
0,-10,50.0
0,-10,50.0
0,-11,476.8424047067101
0,-11,118.41418595785107
0,-11,50.0
0,-11,523.504564083284
0,-11,50.0
0,-12,133.1885714505511
0,-12,50.0
0,-12,791.0309237401655
0,-12,359.5570980366458
0,-12,236.279021387323
0,-11,64.4751441831583
0,-11,264.92808248871074
0,-11,308.9968114300887
0,-11,247.14471199389766
0,-11,427.884373103342
0,-10,804.4592461597921
0,-10,50.0
0,-10,377.52747125523473
0,-10,50.0
0,-10,841.8431356194633
0,-9,416.1344609592537
0,-9,303.6221016667415
0,-9,127.98854630181278
0,-9,50.0
0,-9,354.06608014429764
0,-10,50.0
0,-10,50.0
0,-10,92.14810230539129
0,-10,296.960103945534
0,-10,50.0
0,-9,329.3065902820706
0,-9,703.9253809724166
0,-9,362.19865536642806
0,-9,504.5403107271894
0,-9,507.15725206575786
0,-8,383.9491047274137
0,-8,412.0399485927978
0,-8,50.0
0,-8,153.03225562660904
0,-8,351.46951800897654
0,-9,201.8637070108196
0,-9,54.667698543270376
0,-9,260.36915647996824
0,-9,316.8100064904073
0,-9,259.3769677028211
0,-10,50.0
0,-10,344.4761293457941
0,-10,258.06247748938404
0,-10,50.0
0,-10,254.94080976630332
0,-9,231.1549102341866
0,-9,690.9914328581009
0,-9,900.0
0,-9,470.09270388814576
0,-9,614.181938551382
0,-8,477.80333450688585
0,-8,860.4263269463154
0,-8,804.7134069699825
0,-8,521.3547833173508
0,-8,700.3282939165765
0,-7,92.83706502433117
0,-7,190.80973019705877
0,-7,505.14092662061535
0,-7,429.69619520610576
0,-7,50.0
0,-6,446.03966290127795
0,-6,336.96651603015727
0,-6,796.9122692702206
0,-6,649.960216346808
0,-6,511.3870299454215
0,-5,352.61254723109045
0,-5,900.0
0,-5,900.0
0,-5,368.19579121961044
0,-5,244.3641408536442
0,-4,623.5794479775183
0,-4,854.7768789979605
0,-4,583.3811526804406
0,-4,103.9334252522481
0,-4,900.0
0,-3,632.8065058817247
0,-3,370.5236815314245
0,-3,687.7745561926731
0,-3,771.7855937685331
0,-3,371.3172923076379
0,-2,435.66001172421136
0,-2,675.2281799841246
0,-2,527.508096341049
0,-2,621.083503886846
0,-2,606.4698054695756
0,-1,608.9415176911014
0,-1,900.0
0,-1,389.8894543503284
0,-1,344.10193471503146
0,-1,776.746602682354
0,0,629.234954317792
0,0,900.0
0,0,654.6430572224165
0,0,773.2177909377175
0,0,746.5046431853846
0,1,900.0
0,1,384.10377358738333
0,1,900.0
0,1,779.7504811575675
0,1,436.8243178914822
0,2,579.684795512672
0,2,858.5883160979815
0,2,641.4802803204191
0,2,900.0
0,2,659.6251580044836
0,3,900.0
0,3,423.172206467876
0,3,900.0
0,3,704.6191076358198
0,3,553.4470474501334
0,4,110.90814653265932
0,4,50.0
0,4,228.98649584702207
0,4,553.6151704657109
0,4,212.4175199645348
0,5,322.5719645051549
0,5,813.4538341700563
0,5,783.3690329654281
0,5,248.77607308910586
0,5,480.42589463432216
0,6,574.4737901545737
0,6,900.0
0,6,858.9578834487545
0,6,356.1880913983746
0,6,209.2005176523263
0,7,680.5940948869168
0,7,175.55180220504053
0,7,522.9414579003574
0,7,646.538173980853
0,7,519.9398332866505
0,8,103.10856290009656
0,8,179.11142459164785
0,8,50.0
0,8,50.0
0,8,99.5610657583617
0,9,333.6650520404556
0,9,449.319112956707
0,9,82.42353969864416
0,9,348.1724640648358
0,9,402.43218280130236
0,10,77.15170150704088
0,10,153.55065357672447
0,10,196.82929455775104
0,10,183.86953055001567
0,10,252.37008136523312
0,11,50.0
0,11,828.1644138223501
0,11,398.02340017782564
0,11,165.90749532914796
0,11,572.6540907750025
0,12,496.8375438066188
0,12,50.0
0,12,121.79558755766544
0,12,50.0
0,12,50.0
0,13,321.2564307738544
0,13,122.00940730974018
0,13,179.3153709814975
0,13,501.5475107398259
0,13,220.10504344127517
0,12,481.6026120597795
0,12,184.8195075199688
0,12,709.5630776756167
0,12,50.0
0,12,50.0
0,13,261.7097824327162
0,13,50.0
0,13,50.0
0,13,64.60761643638935
0,13,515.7997008148404
0,14,260.3213957633336
0,14,473.2654523063213
0,14,50.0
0,14,517.6930532693034
0,14,119.34305510382268
0,15,50.0
0,15,50.0
0,15,50.0
0,15,184.62612524241277
0,15,50.0
0,16,518.3152271546171
0,16,208.35140186836875
0,16,50.0
0,16,50.0
0,16,50.0
0,17,107.11600309755993
0,17,134.61444472511926
0,17,193.90608008184097
0,17,200.08915671526518
0,17,50.0
0,16,177.32098001029067
0,16,170.82539555852645
0,16,432.63391150826345
0,16,50.0
0,16,50.0
0,17,50.0
0,17,50.0
0,17,444.8843606650605
0,17,126.99335506258393
0,17,184.64338628513585
0,18,169.41994002124483
0,18,50.0
0,18,481.2164236404801
0,18,71.46343571308675
0,18,50.0
0,17,50.0
0,17,110.30833176547037
0,17,312.6403195195833
0,17,295.59908125970355
0,17,387.712658233884
0,18,50.0
0,18,111.85343628577263
0,18,50.0
0,18,50.0
0,18,412.3888481298035
0,19,50.0
0,19,50.0
0,19,291.93716133984
0,19,50.0
0,19,467.7897680725789
0,20,50.0
0,20,50.0
0,20,50.0
0,20,50.0
0,20,50.0
0,19,329.8528001724672
0,19,535.6221939239598
0,19,50.0
0,19,349.36229384604195
0,19,50.0
0,18,50.0
0,18,181.47154891517525
0,18,279.006332700234
0,18,50.0
0,18,50.0
0,17,66.21556908132646
0,17,446.1427826331835
0,17,445.965100462161
0,17,50.0
0,17,50.0
0,16,50.0
0,16,50.0
0,16,50.0
0,16,50.0
0,16,50.0
0,15,50.0
0,15,214.4522631882327
0,15,154.90185785922773
0,15,50.0
0,15,174.5416397457317
0,14,266.75030078458826
0,14,227.41760054187702
0,14,50.0
0,14,50.0
0,14,289.3166702102644
0,15,50.0
0,15,453.5568765718124
0,15,114.43289902334654
0,15,370.14166547964186
0,15,50.0
0,16,273.7397178107417
0,16,50.0
0,16,50.0
0,16,113.23111388070069
0,16,50.0
0,15,50.0
0,15,309.3941241170504
0,15,50.0
0,15,50.0
0,15,165.7320968597312
0,14,50.0
0,14,50.0
0,14,50.0
0,14,50.0
0,14,50.0
0,13,111.33761575990133
0,13,117.98643211828458
0,13,50.0
0,13,296.04886435663786
0,13,50.0
0,12,238.44429627439615
0,12,320.80518355619483
0,12,50.0
0,12,192.38657161651312
0,12,50.0
0,13,50.0
0,13,193.40017125187643
0,13,50.0
0,13,306.8377686997626
0,13,89.55939189060544
-1,13,54.11163753308438
-1,13,468.1169698841932
-1,13,50.0
-1,13,50.0
-1,13,107.51939680417861
-1,14,50.0
-1,14,50.0
-1,14,50.0
-1,14,140.47670953475912
-1,14,50.0
-1,13,249.86623495890262
-1,13,360.47137034059654
-1,13,221.85566709358963
-1,13,455.93419461496404
-1,13,50.0
-1,12,359.2989838875619
-1,12,50.0
-1,12,50.0
-1,12,50.0
-1,12,50.0
-1,11,50.0
-1,11,50.0
-1,11,176.87823428861668
-1,11,388.18940371276585
-1,11,900.0
-1,10,160.52878654231245
-1,10,544.258520357427
-1,10,116.77518744937666
-1,10,558.9278760548225
-1,10,900.0
-1,9,536.7632146179478
-1,9,214.71470754173538
-1,9,204.92573809078414
-1,9,378.38674352203077
-1,9,149.59038287241765
-1,8,681.0169231631926
-1,8,592.4358249233408
-1,8,89.10448864064142
-1,8,124.6962646866823
-1,8,220.34430051839178
-2,8,322.8750245437095
-2,8,73.40520999098607
-2,8,137.6405431338386
-2,8,794.0675837462873
-2,8,195.48068068014692
-2,7,50.0
-2,7,303.3572647954493
-2,7,713.1270419156349
-2,7,324.74671644537784
-2,7,583.9431895170354
-2,6,714.7308822312002
-2,6,469.300209342125
-2,6,375.85558286231105
-2,6,204.37786726942466
-2,6,50.0
-2,5,515.378344325913
-2,5,703.587083127384
-2,5,900.0
-2,5,561.9300683834311
-2,5,422.7591101588225
-3,5,553.7139433362373
-3,5,50.0
-3,5,502.299144346996
-3,5,344.1002858127125
-3,5,260.40151841746103
-3,4,693.2723879609534
-3,4,503.9103291734999
-3,4,156.18495326831678
-3,4,609.1743630145281
-3,4,783.8664324209376
-3,3,305.8470959727414
-3,3,900.0
-3,3,320.06801888802056
-3,3,385.465091301851
-3,3,743.8563007509913
-3,2,620.6517430021709
-3,2,198.72574436672534
-3,2,328.42010005191753
-3,2,279.1865517608606
-3,2,398.4535541053163
-3,1,784.0203512180655
-3,1,900.0
-3,1,672.3223501380969
-3,1,753.5735487606164
-3,1,828.0415333831247
-3,0,603.6016092455822
-3,0,900.0
-3,0,689.6448567934276
-3,0,222.5093516338242
-3,0,391.1166345659235
-3,-1,500.76001069711504
-3,-1,570.761079285579
-3,-1,900.0
-3,-1,892.3639876112926
-3,-1,898.4419092254867
-3,-2,513.4948864199998
-3,-2,900.0
-3,-2,476.32490329012984
-3,-2,900.0
-3,-2,469.0784813346193
-3,-1,900.0
-3,-1,298.08668122342226
-3,-1,489.5446596381456
-3,-1,900.0
-3,-1,617.9233141799339
-4,-1,637.436935270052
-4,-1,900.0
-4,-1,513.1802714843507
-4,-1,176.78468904835262
-4,-1,250.5428637754364
-4,-2,630.7708181960758
-4,-2,223.33978870223063
-4,-2,50.0
-4,-2,771.3224535997001
-4,-2,376.57452684565055
-5,-2,50.0
-5,-2,727.1536806681364
-5,-2,279.12552679685746
-5,-2,204.81611092271953
-5,-2,305.23592897026657
-5,-1,698.6394476794783
-5,-1,517.0109908737309
-5,-1,162.261239895145
-5,-1,662.414747736559
-5,-1,570.8681439221209
-5,-2,837.8487332383202
-5,-2,869.081337354987
-5,-2,160.29024976558267
-5,-2,54.20551024005471
-5,-2,163.40663215462052
-5,-3,210.6075005699102
-5,-3,108.00268688650925
-5,-3,367.9921423158869
-5,-3,633.7809402122211
-5,-3,365.2571625887567
-5,-4,783.4440142447843
-5,-4,290.63085555756754
-5,-4,87.25618312521561
-5,-4,410.21581479753723
-5,-4,174.2547808810657
-5,-5,360.92115655901483
-5,-5,421.79372047818094
-5,-5,631.9088020275127
-5,-5,556.1885170371352
-5,-5,274.02025630623524
-5,-6,207.55158440396903
-5,-6,612.8480766356896
-5,-6,312.2266197365788
-5,-6,506.83633421308997
-5,-6,429.06503106121266
-6,-6,664.9781979654006
-6,-6,122.95922867767712
-6,-6,50.0
-6,-6,141.89841606854492
-6,-6,133.13940685655524
-6,-7,362.6000205163341
-6,-7,50.0
-6,-7,786.0308060773998
-6,-7,67.42402253805972
-6,-7,589.0365902637593
-6,-8,50.0
-6,-8,650.2712617827553
-6,-8,50.0
-6,-8,165.83439982339695
-6,-8,701.5991953513487
-6,-9,50.0
-6,-9,50.0
-6,-9,248.00261447462844
-6,-9,323.4841121372313
-6,-9,229.45936323972592
-6,-10,50.0
-6,-10,50.0
-6,-10,220.45752785317916
-6,-10,195.35547212617325
-6,-10,50.0
-6,-11,163.3382376964183
-6,-11,273.08551711344
-6,-11,213.2291586921222
-6,-11,265.28584709957056
-6,-11,281.13696618612903
-6,-12,50.0
-6,-12,50.00040816552759
-6,-12,50.0
-6,-12,262.8672132313525
-6,-12,311.7107432971281
-6,-13,50.0
-6,-13,390.4623332622151
-6,-13,243.69136076643454
-6,-13,261.002031843019
-6,-13,133.3013324178764
-6,-14,149.86376249874945
-6,-14,50.0
-6,-14,50.0
-6,-14,50.0
-6,-14,165.22205788771728
-7,-14,50.0
-7,-14,167.0762367615792
-7,-14,50.0
-7,-14,215.62739294471285
-7,-14,50.0
-7,-15,50.0
-7,-15,434.4696080655915
-7,-15,50.0
-7,-15,266.2741842840494
-7,-15,50.0
-7,-14,50.0
-7,-14,50.0
-7,-14,50.0
-7,-14,50.0
-7,-14,205.86391713779736
-7,-15,50.0
-7,-15,50.0
-7,-15,50.0
-7,-15,50.0
-7,-15,50.0
-7,-16,50.0
-7,-16,50.0
-7,-16,50.0
-7,-16,50.0
-7,-16,50.0
-7,-17,66.37377260982916
-7,-17,50.0
-7,-17,50.0
-7,-17,50.0
-7,-17,50.0
-7,-18,50.0
-7,-18,50.0
-7,-18,50.0
-7,-18,122.52768935449427
-7,-18,50.0
-7,-17,305.3613354111781
-7,-17,250.36855375957748
-7,-17,50.0
-7,-17,50.0
-7,-17,50.0
-7,-16,50.0
-7,-16,50.0
-7,-16,50.0
-7,-16,209.6032337422812
-7,-16,50.0
-7,-17,50.0
-7,-17,50.0
-7,-17,50.0
-7,-17,50.0
-7,-17,50.0
-8,-17,287.1661741481604
-8,-17,50.0
-8,-17,584.7840399397089
-8,-17,138.50764379107076
-8,-17,50.0
-8,-18,50.0
-8,-18,50.0
-8,-18,50.0
-8,-18,50.0
-8,-18,50.0
-8,-19,50.0
-8,-19,112.64025937710073
-8,-19,181.96272879862454
-8,-19,50.0
-8,-19,50.0
-8,-20,50.0
-8,-20,50.0
-8,-20,50.0
-8,-20,150.0068327164077
-8,-20,50.0
-7,-20,50.0
-7,-20,50.0
-7,-20,50.0
-7,-20,50.0
-7,-20,50.0
-6,-20,50.0
-6,-20,50.0
-6,-20,50.0
-6,-20,50.0
-6,-20,50.0
-5,-20,50.0
-5,-20,50.0
-5,-20,250.15427682687198
-5,-20,50.0
-5,-20,64.57087158746532
-6,-20,56.20861184082304
-6,-20,50.0
-6,-20,50.0
-6,-20,50.0
-6,-20,50.0
-5,-20,50.0
