15,8,807.7263290230658
15,8,426.3945191182387
15,8,165.34631830867107
15,8,463.6615113618536
16,8,356.09193548706844
16,8,149.19804469227637
16,8,50.0
16,8,50.0
16,8,50.0
15,8,50.0
15,8,50.0
15,8,900.0
15,8,50.0
15,8,607.0935452079736
16,8,50.0
16,8,200.24007594002154
16,8,50.0
16,8,50.0
16,8,50.0
17,8,50.0
17,8,50.0
17,8,107.81930087737652
17,8,68.48410060850136
17,8,50.0
18,8,50.0
18,8,50.0
18,8,50.0
18,8,50.0
18,8,50.0
19,8,50.0
19,8,254.48016690687746
19,8,50.0
19,8,302.79020188875387
19,8,50.0
20,8,247.02110651959163
20,8,805.5020509079392
20,8,50.0
20,8,210.37476473474942
20,8,50.0
20,7,50.0
20,7,514.690394360082
20,7,50.0
20,7,50.0
20,7,125.94754389221902
20,6,169.85355595422863
20,6,50.0
20,6,50.0
20,6,50.0
20,6,50.0
19,6,50.0
19,6,50.0
19,6,690.1495074588457
19,6,50.0
19,6,745.5006293630867
19,5,50.0
19,5,107.69882289915938
19,5,50.0
19,5,50.0
19,5,685.8905092978688
18,5,50.0
18,5,497.20867779731
18,5,50.0
18,5,50.0
18,5,50.0
18,4,50.0
18,4,50.0
18,4,215.256470875811
18,4,50.0
18,4,50.0
17,4,470.123464128607
17,4,175.92386832864133
17,4,50.0
17,4,268.30480644083383
17,4,50.0
17,3,151.54286683571704
17,3,62.82839604156929
17,3,59.37619464386057
17,3,50.0
17,3,50.0
16,3,50.0
16,3,444.5632114762867
16,3,296.50533606954946
16,3,259.49428047671205
16,3,50.0
17,3,335.82565626810253
17,3,617.2117988873531
17,3,88.78804959577441
17,3,50.0
17,3,201.8865632454773
17,4,50.0
17,4,50.0
17,4,230.40925263283336
17,4,555.1258600506212
17,4,369.11211661891184
17,3,50.0
17,3,50.0
17,3,125.41406390615916
17,3,50.0
17,3,854.438089468237
17,2,160.32073584337965
17,2,50.0
17,2,396.9694673766303
17,2,564.1124444861646
17,2,254.27864964108574
17,1,50.0
17,1,50.0
17,1,57.7324694535281
17,1,411.91392244237244
17,1,50.0
16,1,177.16445113177286
16,1,97.1841461303816
16,1,115.45869967952135
16,1,50.0
16,1,130.52986313667157
15,1,50.0
15,1,50.0
15,1,337.8945755512701
15,1,50.0
15,1,208.87340345819376
14,1,397.2324622782256
14,1,249.32197515993542
14,1,50.0
14,1,50.0
14,1,50.0
13,1,50.0
13,1,94.83757280421442
13,1,50.0
13,1,666.8345647698006
13,1,199.03662882995957
13,0,54.404100123866215
13,0,280.51870236924003
13,0,349.43750076119227
13,0,209.56354548923497
13,0,132.526248082637
12,0,50.0
12,0,50.0
12,0,50.0
12,0,50.0
12,0,50.0
11,0,167.6774667355349
11,0,67.63967336505681
11,0,476.2459977989057
11,0,50.0
11,0,900.0
11,-1,50.0
11,-1,210.0613742401833
11,-1,350.1038951914092
11,-1,900.0
11,-1,161.01261436325933
10,-1,900.0
10,-1,900.0
10,-1,124.30657384646886
10,-1,50.0
10,-1,711.2395331809321
10,-2,50.0
10,-2,832.1976090121625
10,-2,396.5810690238775
10,-2,223.50241437026884
10,-2,269.00842218906206
10,-3,50.0
10,-3,50.0
10,-3,421.380750912002
10,-3,107.37607565360767
10,-3,272.00376316699965
11,-3,174.7126911092206
11,-3,713.061680173889
11,-3,50.0
11,-3,50.0
11,-3,50.0
10,-3,482.3248180246834
10,-3,900.0
10,-3,150.7379855911579
10,-3,111.56649341171193
10,-3,654.2293861175071
10,-4,546.8522409879648
10,-4,255.40143102148852
10,-4,390.4703050719104
10,-4,50.0
10,-4,101.74833184878148
11,-4,97.4933591058786
11,-4,50.0
11,-4,116.83448260630044
11,-4,487.45448801469485
11,-4,105.80554739958511
11,-5,74.96211024683203
11,-5,179.18062233807944
11,-5,900.0
11,-5,192.37026695887144
11,-5,50.0
11,-6,322.8281755844208
11,-6,278.2876169238542
11,-6,50.0
11,-6,50.0
11,-6,50.0
11,-7,344.96344899628536
11,-7,250.32217449071115
11,-7,50.0
11,-7,50.0
11,-7,575.8655836075322
11,-8,357.72193138141915
11,-8,423.80193197586016
11,-8,50.0
11,-8,220.0402559248726
11,-8,294.7994872988089
10,-8,100.50997583753474
10,-8,50.0
10,-8,423.07151448048836
10,-8,213.4922242398892
10,-8,115.93783463981116
9,-8,50.0
9,-8,274.0121345200231
9,-8,157.98537251161096
9,-8,105.43836825005994
9,-8,102.06527427254103
8,-8,389.70712243648234
8,-8,751.6587687892194
8,-8,50.0
8,-8,554.1247327434507
8,-8,373.7444462010675
8,-9,63.641540686847236
8,-9,691.4244781728357
8,-9,240.26596934449958
8,-9,202.39256579876135
8,-9,620.5218108469483
8,-8,253.7835770646096
8,-8,598.443762837285
8,-8,333.42053870255637
8,-8,186.2691801802259
8,-8,234.7084415032354
7,-8,900.0
7,-8,900.0
7,-8,416.43267787524917
7,-8,449.52517824013205
7,-8,50.0
6,-8,748.2398862716383
6,-8,72.76520085426
6,-8,194.51082712278958
6,-8,455.0147191660201
6,-8,227.9542518657187
6,-9,832.2738325914556
6,-9,50.0
6,-9,266.5589727607704
6,-9,873.8674304711766
6,-9,100.28501091172538
6,-10,253.82391541475323
6,-10,332.5003056183815
6,-10,466.4560200582764
6,-10,343.6327101166957
6,-10,50.0
6,-11,478.78290509122087
6,-11,477.7634958119004
6,-11,140.82478830000744
6,-11,171.40889929783322
6,-11,50.0
6,-12,145.0509696999362
6,-12,421.9977643913513
6,-12,824.0730683943736
6,-12,599.3073225170535
6,-12,50.0
6,-13,76.15094921564724
6,-13,50.0
6,-13,50.0
6,-13,67.32377932123175
6,-13,50.0
6,-14,344.95385233450554
6,-14,148.38127037656693
6,-14,50.0
6,-14,110.70835541666338
6,-14,50.0
5,-14,347.79161939432197
5,-14,50.0
5,-14,50.0
5,-14,50.0
5,-14,625.0072844184666
5,-15,71.96858397467341
5,-15,134.55745998181203
5,-15,50.0
5,-15,718.5883683662876
5,-15,251.8900546929841
4,-15,646.958627537661
4,-15,50.0
4,-15,50.0
4,-15,127.3670272476723
4,-15,143.5643138066742
5,-15,413.4725580415144
5,-15,630.0447918929761
5,-15,50.0
5,-15,50.0
5,-15,50.0
4,-15,50.0
4,-15,50.0
4,-15,50.0
4,-15,50.0
4,-15,50.0
5,-15,155.4245413692063
5,-15,408.04644429984984
5,-15,203.85172017026866
5,-15,347.2283222589357
5,-15,50.0
4,-15,50.0
4,-15,50.0
4,-15,50.0
4,-15,50.0
4,-15,50.0
3,-15,516.6377934849551
3,-15,166.73012258658662
3,-15,79.67436153964056
3,-15,50.0
3,-15,50.0
3,-16,50.0
3,-16,50.0
3,-16,50.0
3,-16,539.4502719144172
3,-16,225.55631289529043
4,-16,50.0
4,-16,50.0
4,-16,50.0
4,-16,539.6252571042442
4,-16,373.15323477523185
4,-17,298.63431593214943
4,-17,389.55927861990614
4,-17,50.0
4,-17,50.0
4,-17,214.92894018496781
5,-17,50.0
5,-17,465.77339463521776
5,-17,306.29739141388796
5,-17,78.42893662755738
5,-17,219.21053636461147
4,-17,50.0
4,-17,119.85245826851258
4,-17,281.61821118046254
4,-17,50.0
4,-17,50.0
3,-17,50.0
3,-17,50.0
3,-17,126.26356286205092
3,-17,50.0
3,-17,50.0
2,-17,50.0
2,-17,50.0
2,-17,50.0
2,-17,212.4027255111424
2,-17,50.0
2,-18,50.0
2,-18,50.0
2,-18,192.1735626836708
2,-18,50.0
2,-18,856.2745471524372
2,-19,50.0
2,-19,200.67410628838326
2,-19,50.0
2,-19,50.0
2,-19,50.0
2,-20,209.26519571269415
2,-20,50.0
2,-20,50.0
2,-20,50.0
2,-20,50.0
1,-20,50.0
1,-20,50.0
1,-20,50.0
1,-20,72.15566796319459
1,-20,50.0
2,-20,252.65875696279375
2,-20,50.0
2,-20,117.81082916168458
2,-20,50.0
2,-20,153.54322497469562
1,-20,50.0
1,-20,483.2075416446213
1,-20,50.0
1,-20,135.73340164692303
1,-20,50.0
0,-20,50.0
0,-20,50.0
0,-20,100.25811877159543
0,-20,50.0
0,-20,50.0
-1,-20,50.0
-1,-20,50.0
-1,-20,50.0
-1,-20,50.0
-1,-20,50.0
-1,-19,109.30648097727033
-1,-19,50.0
-1,-19,178.0813896279338
-1,-19,50.0
-1,-19,50.0
0,-19,50.0
0,-19,55.96001093958814
0,-19,50.0
0,-19,226.31712312147118
0,-19,50.0
0,-20,541.1960695628776
0,-20,50.0
0,-20,50.0
0,-20,50.0
0,-20,50.0
0,-19,50.0
0,-19,50.0
0,-19,50.0
0,-19,50.0
0,-19,84.35744885690535
1,-19,50.0
1,-19,50.0
1,-19,132.32530721602194
1,-19,50.0
1,-19,50.0
2,-19,64.12581481598383
2,-19,70.44503974219828
2,-19,50.0
2,-19,50.0
2,-19,50.0
2,-18,50.0
2,-18,50.0
2,-18,50.0
2,-18,50.0
2,-18,50.0
2,-19,50.0
2,-19,50.0
2,-19,139.70247825697692
2,-19,50.0
2,-19,50.0
2,-18,50.0
2,-18,191.7697706344822
2,-18,50.0
2,-18,50.0
2,-18,50.0
2,-17,50.0
2,-17,50.0
2,-17,325.6735657780808
2,-17,900.0
2,-17,900.0
2,-16,112.14282280883543
2,-16,50.0
2,-16,50.0
2,-16,50.0
2,-16,362.2153149341822
2,-15,50.0
2,-15,593.316397816532
2,-15,50.0
2,-15,75.84627360450712
2,-15,50.0
2,-14,680.0749673818096
2,-14,872.4207944511376
2,-14,215.07382056838037
2,-14,50.0
2,-14,252.35450378598713
2,-13,900.0
2,-13,50.0
2,-13,50.0
2,-13,50.0
2,-13,50.0
2,-12,518.5520748336749
2,-12,726.5600766779608
2,-12,439.4446375419698
2,-12,457.56943354361255
2,-12,50.0
2,-11,50.0
2,-11,729.7091801115434
2,-11,900.0
2,-11,50.0
2,-11,686.0429212137232
3,-11,50.0
3,-11,50.0
3,-11,518.2248064156613
3,-11,564.952631411106
3,-11,61.29741981116146
4,-11,50.0
4,-11,566.6585395636437
4,-11,436.88052017134146
4,-11,83.91816286627488
4,-11,201.97886452523218
4,-10,275.4549913745008
4,-10,637.8994534741939
4,-10,274.60830093161644
4,-10,50.0
4,-10,204.3146653442142
4,-11,122.6802937369377
4,-11,78.8676306748807
4,-11,68.23786129215404
4,-11,275.68219117143576
4,-11,50.0
4,-10,416.4197988235838
4,-10,50.0
4,-10,292.9793062039897
4,-10,438.9250307729228
4,-10,900.0
4,-9,568.842936191133
4,-9,315.2611469952079
4,-9,198.21071208269092
4,-9,517.7974480860482
4,-9,50.0
5,-9,50.0
5,-9,195.30289387241265
5,-9,284.24134634496045
5,-9,413.73794538239514
5,-9,287.414091330219
5,-8,162.33116907734131
5,-8,50.0
5,-8,514.867840468336
5,-8,277.9104328375427
5,-8,347.7383610353195
5,-7,795.7749695332745
5,-7,749.5136308564339
5,-7,50.0
5,-7,900.0
5,-7,50.0
6,-7,556.3974779695387
6,-7,50.0
6,-7,623.7129458886623
6,-7,848.0408885622794
6,-7,900.0
7,-7,501.7643668037273
7,-7,197.65615132510362
7,-7,50.0
7,-7,62.18234376300643
7,-7,592.2057024798271
8,-7,611.4812875374444
8,-7,383.6266845132641
8,-7,50.0
8,-7,50.0
8,-7,246.33436577317886
9,-7,50.0
9,-7,153.56077047898196
9,-7,92.01563386419421
9,-7,320.96940786443383
9,-7,50.0
9,-6,50.0
9,-6,374.0682684183877
9,-6,431.9912624904845
9,-6,143.8665954665837
9,-6,50.0
9,-5,683.5822776671398
9,-5,341.66038469385734
9,-5,809.5395698624867
9,-5,655.6160690927464
9,-5,433.04195683490855
9,-4,50.0
9,-4,227.8194702918347
9,-4,50.0
9,-4,900.0
9,-4,158.70333557883276
9,-3,50.0
9,-3,50.0
9,-3,257.9900507025111
9,-3,328.76498201448396
9,-3,442.8222181846688
10,-3,77.2835591571639
10,-3,350.83578491104265
10,-3,50.0
10,-3,900.0
10,-3,420.1861378281893
10,-2,275.89564851839407
10,-2,144.79986901034664
10,-2,700.4249378796726
10,-2,541.0876588973885
10,-2,560.0017567231537
10,-1,50.0
10,-1,267.08171474776685
10,-1,50.0
10,-1,497.7646262523058
10,-1,123.11547113631855
10,-2,512.3351760279444
10,-2,532.5669502107061
10,-2,371.3138894511556
10,-2,50.0
10,-2,488.2383738603487
10,-1,872.3175059833411
10,-1,50.0
10,-1,334.18092129955045
10,-1,83.53426916156747
10,-1,369.7294245762373
10,-2,80.09539540738172
10,-2,50.0
10,-2,633.1842654979637
10,-2,705.6636157364507
10,-2,292.7032754574548
11,-2,900.0
11,-2,119.94924257111202
11,-2,50.0
11,-2,837.5477334982326
11,-2,123.98821489228217
11,-1,50.0
11,-1,216.36534778051703
11,-1,50.0
11,-1,50.0
11,-1,323.3705557433269
11,0,415.78917785375677
11,0,50.0
11,0,336.8155236088271
11,0,110.75430833526701
11,0,547.2340111748058
11,1,565.075457109238
11,1,900.0
11,1,668.5940820507835
11,1,149.4857866214155
11,1,50.0
11,2,188.5193419031597
11,2,68.06440460745637
11,2,536.3747155344879
11,2,223.6225356157001
11,2,900.0
11,3,508.87195446117056
11,3,900.0
11,3,696.5744762372761
11,3,457.4826550833961
11,3,900.0
11,4,516.3779261946147
11,4,456.17891840964967
11,4,589.0416961788803
11,4,236.0675558198247
11,4,347.72021680670355
12,4,50.0
12,4,50.0
12,4,248.4606734199532
12,4,900.0
12,4,197.9891435916002
13,4,635.1306436087436
13,4,456.01297901640186
13,4,118.73570909952699
13,4,50.0
13,4,900.0
12,4,50.0
12,4,50.0
12,4,441.99022576234813
12,4,80.7372878849902
12,4,900.0
12,3,50.0
12,3,50.0
12,3,50.0
12,3,50.0
12,3,50.0
12,2,50.0
12,2,655.7136667828144
12,2,64.20384684628601
12,2,632.4322120500178
12,2,606.1374950190855
12,1,503.5417264311127
12,1,890.7007881899532
12,1,543.3019156797725
12,1,107.97206484412072
12,1,50.0
11,1,50.0
11,1,523.8138939475036
11,1,50.0
11,1,188.45619868073294
11,1,50.0
11,0,558.3211045480277
11,0,50.0
11,0,368.8833748693444
11,0,50.0
11,0,50.0
11,-1,177.5200211092767
11,-1,123.68011453887408
11,-1,445.70206147516603
11,-1,364.54814670218076
11,-1,160.63144434263046
11,-2,113.45272044378882
11,-2,66.03999915227672
11,-2,271.00716405316064
11,-2,50.0
11,-2,135.74783630324617
11,-3,497.72552373881985
11,-3,50.0
11,-3,50.0
11,-3,451.27176340096946
11,-3,50.0
10,-3,321.5003307116532
10,-3,335.00757468297434
10,-3,436.11763962331264
10,-3,260.7986021108608
10,-3,392.67162682463396
10,-4,50.0
10,-4,448.6524687885858
10,-4,278.53929060772134
10,-4,188.06055094137412
10,-4,95.49048684441198
9,-4,440.46638772947824
9,-4,900.0
9,-4,413.0928297859025
9,-4,266.33477898851163
9,-4,50.0
9,-5,513.0200816967739
9,-5,419.9898206337935
9,-5,703.8779646097206
9,-5,648.3701984779866
9,-5,534.0677075833771
9,-6,270.4580609125966
9,-6,457.0576528132336
9,-6,50.0
9,-6,50.0
9,-6,452.5015178261371
9,-5,900.0
9,-5,50.0
9,-5,50.0
9,-5,50.0
9,-5,50.0
10,-5,900.0
10,-5,308.7948605287247
10,-5,215.61602927339544
10,-5,77.69389494673663
10,-5,303.0749299548014
10,-6,197.29316277627663
10,-6,50.0
10,-6,201.3977340072228
10,-6,454.28414083534926
10,-6,501.7835811008497
10,-7,103.15027480407221
10,-7,562.8527374798126
10,-7,58.90173762953758
10,-7,50.0
10,-7,50.0
9,-7,126.01665405023905
9,-7,240.95334233270762
9,-7,50.0
9,-7,679.8188216594318
9,-7,705.1200877360716
8,-7,822.8950522524078
8,-7,116.85604414337828
8,-7,297.0190184390471
8,-7,552.9532918849457
8,-7,900.0
7,-7,900.0
7,-7,398.1495147484007
7,-7,900.0
7,-7,50.0
7,-7,98.17617799502767
7,-8,50.0
7,-8,254.04337537455893
7,-8,307.64079423430945
7,-8,323.72737553415016
7,-8,608.9248499642104
7,-9,900.0
7,-9,322.7342063826246
7,-9,229.66916808857107
7,-9,570.1433487503149
7,-9,394.49152121992984
6,-9,119.9511355500762
6,-9,50.0
6,-9,845.3501830910353
6,-9,50.0
6,-9,381.56494064506114
5,-9,533.1369556830346
5,-9,50.0
5,-9,50.0
5,-9,235.8037633222488
5,-9,391.6696152945291
5,-10,50.0
5,-10,647.0569043131818
5,-10,63.90496902899463
5,-10,521.7931592455926
5,-10,50.0
5,-11,100.17837113544556
5,-11,50.0
5,-11,95.93749383313269
5,-11,50.0
5,-11,77.94976423284129
5,-12,565.4743453389126
5,-12,319.54421963448215
5,-12,178.42125950231156
5,-12,50.0
5,-12,607.0288036709003
4,-12,50.0
4,-12,50.0
4,-12,220.94191847282218
4,-12,50.0
4,-12,50.0
3,-12,50.0
3,-12,465.0859862077459
3,-12,251.23487100745763
3,-12,275.78072029498185
3,-12,59.58405287722695
2,-12,50.0
2,-12,538.6774326046004
2,-12,50.0
2,-12,183.68357122313293
2,-12,229.48480451028462
1,-12,107.93907536724254
1,-12,523.9006045970768
1,-12,50.0
1,-12,532.8468447983171
1,-12,360.29081813741834
1,-13,50.0
1,-13,50.0
1,-13,99.63538346235958
1,-13,508.65174346456666
1,-13,159.19386751129923
2,-13,340.09749628689445
2,-13,50.0
2,-13,354.54390505792924
2,-13,50.0
2,-13,379.94925935143215
1,-13,50.0
1,-13,474.31325404970977
1,-13,50.0
1,-13,396.12896182285033
1,-13,50.0
1,-12,183.76331406382758
1,-12,399.971865900989
1,-12,816.8053718954242
1,-12,225.71611167284928
1,-12,869.853680859461
1,-13,50.0
1,-13,191.26785304518214
1,-13,173.38087159952502
1,-13,579.3507405593239
1,-13,272.7312072502614
0,-13,311.911366954398
0,-13,50.0
0,-13,153.8863916414273
0,-13,580.552844659042
0,-13,50.0
-1,-13,448.44434638065894
-1,-13,50.0
-1,-13,50.0
-1,-13,50.0
-1,-13,178.6836557118345
-2,-13,50.0
-2,-13,177.791127849924
-2,-13,682.5198995213868
-2,-13,252.46541806919566
-2,-13,155.4003729655394
-1,-13,50.0
-1,-13,506.55077311688126
-1,-13,50.0
-1,-13,50.0
-1,-13,50.0
-1,-14,50.0
-1,-14,509.8670610650735
-1,-14,50.0
-1,-14,64.17373053701472
-1,-14,61.920185311048655
-2,-14,50.0
-2,-14,293.81064377509335
-2,-14,57.71258073266725
-2,-14,699.8412898354437
-2,-14,526.1994568264055
-2,-15,155.03311082766808
-2,-15,50.0
-2,-15,50.0
-2,-15,475.97779828593144
-2,-15,50.0
-3,-15,50.0
-3,-15,50.0
-3,-15,50.0
-3,-15,50.0
-3,-15,50.0
-4,-15,110.64463030631852
-4,-15,50.0
-4,-15,50.0
-4,-15,274.0395837445069
-4,-15,200.84784876492475
-4,-16,50.0
-4,-16,276.99033329689587
-4,-16,50.0
-4,-16,296.43171455131653
-4,-16,50.0
-4,-17,50.0
-4,-17,50.0
-4,-17,50.0
-4,-17,139.0717051808511
-4,-17,50.0
-3,-17,144.3289967106988
-3,-17,50.0
-3,-17,240.68961574957265
-3,-17,50.0
-3,-17,50.0
-4,-17,50.0
-4,-17,50.0
-4,-17,256.82205683139966
-4,-17,50.0
-4,-17,93.01186821902877
-5,-17,50.0
-5,-17,395.31058024092846
-5,-17,50.0
-5,-17,50.0
-5,-17,115.444191359282
-6,-17,50.0
-6,-17,200.51787671913482
-6,-17,62.85278008632591
-6,-17,50.0
-6,-17,50.0
-7,-17,50.0
-7,-17,106.03704732665832
-7,-17,50.0
-7,-17,166.634008208649
-7,-17,50.0
-7,-18,50.0
-7,-18,50.0
-7,-18,50.0
-7,-18,50.0
-7,-18,50.0
-7,-19,50.0
-7,-19,50.0
-7,-19,50.0
-7,-19,50.0
-7,-19,50.0
-8,-19,50.0
-8,-19,311.77498619458686
-8,-19,50.0
-8,-19,50.0
-8,-19,50.0
-8,-18,50.0
-8,-18,50.0
-8,-18,50.0
-8,-18,50.0
-8,-18,50.0
-8,-19,115.59662031359551
-8,-19,900.0
-8,-19,50.0
-8,-19,50.0
-8,-19,115.31164438851147
-8,-20,50.0
-8,-20,50.0
-8,-20,50.0
-8,-20,50.0
-8,-20,50.0
-8,-19,457.9608260796989
-8,-19,50.0
-8,-19,900.0
-8,-19,50.0
-8,-19,50.0
-7,-19,50.0
-7,-19,50.0
-7,-19,50.0
-7,-19,50.0
-7,-19,50.0
-6,-19,50.0
-6,-19,50.0
-6,-19,50.0
-6,-19,50.0
-6,-19,50.0
-5,-19,50.0
-5,-19,50.0
-5,-19,50.0
-5,-19,50.0
-5,-19,50.0
-4,-19,128.39173917739066
-4,-19,62.51757677002038
-4,-19,77.04753747826265
-4,-19,50.0
-4,-19,50.0
-4,-20,50.0
-4,-20,50.0
-4,-20,50.0
-4,-20,50.0
-4,-20,50.0
-4,-19,661.4338880046953
-4,-19,50.0
-4,-19,448.13314575954655
-4,-19,50.0
-4,-19,50.0
-4,-18,239.11962581488555
-4,-18,50.0
-4,-18,50.0
-4,-18,50.0
-4,-18,318.75120540369994
-3,-18,50.0
-3,-18,50.0
-3,-18,50.0
-3,-18,50.0
-3,-18,50.0
-2,-18,50.0
-2,-18,50.0
-2,-18,444.06722677351536
-2,-18,50.0
-2,-18,50.0
-1,-18,50.0
-1,-18,50.0
-1,-18,285.2194158968215
-1,-18,219.14720254311285
-1,-18,50.0
0,-18,382.86038024415205
0,-18,50.0
0,-18,243.77907997215829
0,-18,499.0519770311372
0,-18,415.1201884568504
0,-17,50.0
0,-17,50.0
0,-17,50.0
0,-17,164.9612088613186
0,-17,900.0
0,-16,50.0
0,-16,50.0
0,-16,50.0
0,-16,163.04108366421278
0,-16,74.0897169231941
1,-16,455.4528582286738
1,-16,119.47257185364242
1,-16,50.0
1,-16,50.0
1,-16,95.33470906902969
2,-16,50.0
2,-16,83.96782766665618
2,-16,50.0
2,-16,50.0
2,-16,216.08029290343057
2,-15,101.69664981751271
