-12,15,50.0
-12,15,50.0
-12,15,50.0
-12,15,50.0
-12,14,50.0
-12,14,306.44726095575226
-12,14,50.0
-12,14,50.0
-12,14,302.7526493071061
-12,13,50.0
-12,13,50.0
-12,13,50.0
-12,13,50.0
-12,13,50.0
-12,12,50.0
-12,12,50.0
-12,12,404.2694281984058
-12,12,282.78299047385536
-12,12,50.0
-13,12,50.0
-13,12,50.0
-13,12,50.0
-13,12,490.7972722345628
-13,12,50.0
-14,12,50.0
-14,12,357.8975084746897
-14,12,50.0
-14,12,50.0
-14,12,50.0
-15,12,50.0
-15,12,50.0
-15,12,94.31305945750489
-15,12,320.85554108783316
-15,12,50.0
-15,13,50.0
-15,13,50.0
-15,13,62.4663478043644
-15,13,50.0
-15,13,50.0
-15,12,50.0
-15,12,50.0
-15,12,50.0
-15,12,50.0
-15,12,244.47203681423514
-15,11,50.0
-15,11,71.0188337059929
-15,11,50.0
-15,11,50.0
-15,11,50.0
-15,10,50.0
-15,10,50.0
-15,10,50.0
-15,10,50.0
-15,10,50.0
-15,9,50.0
-15,9,50.0
-15,9,50.0
-15,9,571.1782205171215
-15,9,50.0
-15,10,50.0
-15,10,50.0
-15,10,50.0
-15,10,307.4828507662126
-15,10,377.22909283261055
-15,9,50.0
-15,9,217.48591641742487
-15,9,50.0
-15,9,66.64068215967654
-15,9,50.0
-15,10,238.37198921793072
-15,10,50.0
-15,10,50.0
-15,10,50.0
-15,10,409.60525690122665
-15,9,50.0
-15,9,280.71627081530545
-15,9,50.0
-15,9,50.0
-15,9,50.0
-15,8,50.0
-15,8,50.0
-15,8,127.97085042864262
-15,8,50.0
-15,8,50.0
-15,7,400.8402107442682
-15,7,83.09492117224576
-15,7,194.46571376652935
-15,7,124.15700256353813
-15,7,219.2787685080404
-15,8,122.35423955002298
-15,8,50.0
-15,8,113.33267326055213
-15,8,50.0
-15,8,50.0
-15,7,50.0
-15,7,50.0
-15,7,279.2206685485834
-15,7,50.0
-15,7,50.0
-15,6,50.0
-15,6,50.0
-15,6,296.4021662019943
-15,6,59.12842831986733
-15,6,256.79999854347193
-15,5,527.1573986466144
-15,5,106.42235080622936
-15,5,285.1358113789977
-15,5,371.876211697995
-15,5,146.42107240313433
-15,4,50.0
-15,4,50.0
-15,4,50.0
-15,4,50.0
-15,4,50.0
-16,4,96.33672111183262
-16,4,294.9920163634333
-16,4,50.0
-16,4,50.0
-16,4,50.0
-16,3,50.0
-16,3,231.55968395430855
-16,3,50.0
-16,3,50.0
-16,3,50.0
-16,2,50.0
-16,2,183.4770496351728
-16,2,80.37330151517725
-16,2,50.0
-16,2,612.4700544466589
-16,1,50.0
-16,1,161.12670882851538
-16,1,50.0
-16,1,50.0
-16,1,50.0
-17,1,50.0
-17,1,50.0
-17,1,50.0
-17,1,50.0
-17,1,50.0
-17,0,50.0
-17,0,50.0
-17,0,50.0
-17,0,265.1178582263307
-17,0,50.0
-17,-1,50.0
-17,-1,189.77143254806816
-17,-1,65.7095336591344
-17,-1,50.0
-17,-1,276.7841606654754
-18,-1,50.0
-18,-1,50.0
-18,-1,50.0
-18,-1,50.0
-18,-1,50.0
-18,-2,50.0
-18,-2,50.0
-18,-2,116.28288499485845
-18,-2,166.89438994957766
-18,-2,50.0
-18,-3,50.0
-18,-3,50.0
-18,-3,50.0
-18,-3,144.8207859296004
-18,-3,176.24129657525492
-18,-4,99.14681709144693
-18,-4,50.0
-18,-4,99.49675105716776
-18,-4,50.0
-18,-4,50.0
-18,-3,50.0
-18,-3,50.0
-18,-3,50.0
-18,-3,50.0
-18,-3,50.0
-18,-4,50.0
-18,-4,67.3912262634162
-18,-4,50.0
-18,-4,50.0
-18,-4,50.0
-18,-5,50.0
-18,-5,347.592464859937
-18,-5,50.0
-18,-5,50.0
-18,-5,50.0
-18,-6,50.0
-18,-6,50.0
-18,-6,50.0
-18,-6,177.2614522684159
-18,-6,87.27909526753007
-18,-7,50.0
-18,-7,50.0
-18,-7,50.0
-18,-7,50.0
-18,-7,50.0
-18,-8,50.0
-18,-8,50.0
-18,-8,50.0
-18,-8,50.0
-18,-8,50.0
-18,-9,50.0
-18,-9,456.53215412421105
-18,-9,50.0
-18,-9,50.0
-18,-9,50.0
-18,-10,50.0
-18,-10,50.0
-18,-10,50.0
-18,-10,50.0
-18,-10,90.92293962777725
-18,-11,50.0
-18,-11,56.511073023323206
-18,-11,50.0
-18,-11,116.52420328533805
-18,-11,50.0
-18,-10,50.0
-18,-10,50.0
-18,-10,50.0
-18,-10,158.2980103855856
-18,-10,50.0
-17,-10,50.0
-17,-10,50.0
-17,-10,50.0
-17,-10,50.0
-17,-10,50.0
-18,-10,59.73236493602843
-18,-10,50.0
-18,-10,50.0
-18,-10,188.22560997858153
-18,-10,50.0
-18,-9,50.0
-18,-9,50.0
-18,-9,50.0
-18,-9,119.4136956227157
-18,-9,148.60017456254104
-18,-10,50.0
-18,-10,75.04478035710562
-18,-10,50.0
-18,-10,50.0
-18,-10,196.67844945816347
-18,-11,69.18251704292959
-18,-11,50.0
-18,-11,50.0
-18,-11,50.0
-18,-11,50.0
-18,-12,50.0
-18,-12,50.0
-18,-12,110.54221636397239
-18,-12,50.0
-18,-12,50.0
-18,-13,50.0
-18,-13,50.0
-18,-13,50.0
-18,-13,50.0
-18,-13,50.0
-18,-14,50.0
-18,-14,50.0
-18,-14,50.0
-18,-14,550.1853611971643
-18,-14,50.0
-18,-15,50.0
-18,-15,50.0
-18,-15,50.0
-18,-15,50.0
-18,-15,50.0
-18,-16,50.0
-18,-16,50.0
-18,-16,50.0
-18,-16,50.0
-18,-16,50.0
-18,-17,50.0
-18,-17,50.0
-18,-17,50.0
-18,-17,50.0
-18,-17,50.0
-17,-17,50.0
-17,-17,50.0
-17,-17,50.0
-17,-17,50.0
-17,-17,50.0
-17,-18,50.0
-17,-18,224.64849676265396
-17,-18,50.0
-17,-18,50.0
-17,-18,50.0
-17,-19,50.0
-17,-19,50.0
-17,-19,50.0
-17,-19,50.0
-17,-19,50.0
-16,-19,50.0
-16,-19,50.0
-16,-19,50.0
-16,-19,50.0
-16,-19,50.0
-17,-19,50.0
-17,-19,50.0
-17,-19,50.0
-17,-19,50.0
-17,-19,50.0
-18,-19,50.0
-18,-19,50.0
-18,-19,50.0
-18,-19,50.0
-18,-19,50.0
-19,-19,50.0
-19,-19,50.0
-19,-19,50.0
-19,-19,50.0
-19,-19,50.0
-19,-20,50.0
-19,-20,50.0
-19,-20,50.0
-19,-20,50.0
-19,-20,50.0
-18,-20,50.0
-18,-20,50.0
-18,-20,50.0
-18,-20,50.0
-18,-20,50.0
-19,-20,50.0
-19,-20,50.0
-19,-20,50.0
-19,-20,50.0
-19,-20,50.0
-20,-20,50.0
-20,-20,50.0
-20,-20,50.0
-20,-20,50.0
-20,-20,50.0
-19,-20,50.0
-19,-20,50.0
-19,-20,50.0
-19,-20,50.0
-19,-20,50.0
-19,-19,50.0
-19,-19,50.0
-19,-19,50.0
-19,-19,50.0
-19,-19,50.0
-18,-19,50.0
-18,-19,169.74765664667467
-18,-19,50.0
-18,-19,50.0
-18,-19,50.0
-19,-19,50.0
-19,-19,50.0
-19,-19,50.0
-19,-19,50.0
-19,-19,50.0
-19,-18,50.0
-19,-18,50.0
-19,-18,50.0
-19,-18,50.0
-19,-18,50.0
-20,-18,50.0
-20,-18,50.0
-20,-18,50.0
-20,-18,50.0
-20,-18,50.0
-20,-17,50.0
-20,-17,50.0
-20,-17,50.0
-20,-17,50.0
-20,-17,50.0
-19,-17,50.0
-19,-17,50.0
-19,-17,50.0
-19,-17,50.0
-19,-17,50.0
-19,-16,50.0
-19,-16,50.0
-19,-16,50.0
-19,-16,50.0
-19,-16,50.0
-18,-16,50.0
-18,-16,50.0
-18,-16,50.0
-18,-16,50.0
-18,-16,50.0
-17,-16,50.0
-17,-16,50.0
-17,-16,50.0
-17,-16,50.0
-17,-16,50.0
-16,-16,50.0
-16,-16,50.0
-16,-16,50.0
-16,-16,50.0
-16,-16,109.04457141462717
-15,-16,253.47547033570868
-15,-16,50.0
-15,-16,50.0
-15,-16,50.0
-15,-16,50.0
-16,-16,50.0
-16,-16,199.13728170130048
-16,-16,50.0
-16,-16,50.0
-16,-16,50.0
-15,-16,50.0
-15,-16,50.0
-15,-16,50.0
-15,-16,50.0
-15,-16,50.0
-16,-16,50.0
-16,-16,50.0
-16,-16,50.0
-16,-16,50.0
-16,-16,50.0
-16,-15,50.0
-16,-15,50.0
-16,-15,131.14088558189712
-16,-15,50.0
-16,-15,50.0
-15,-15,50.0
-15,-15,357.2402629965966
-15,-15,50.0
-15,-15,50.0
-15,-15,50.0
-15,-14,50.0
-15,-14,50.0
-15,-14,50.0
-15,-14,92.2919588234331
-15,-14,50.0
-15,-13,50.0
-15,-13,50.0
-15,-13,50.0
-15,-13,50.0
-15,-13,50.0
-16,-13,50.0
-16,-13,50.0
-16,-13,50.0
-16,-13,50.0
-16,-13,50.0
-17,-13,50.0
-17,-13,50.0
-17,-13,331.5882406485936
-17,-13,50.0
-17,-13,66.79530241329542
-17,-12,50.0
-17,-12,50.0
-17,-12,50.0
-17,-12,50.0
-17,-12,50.0
-16,-12,50.0
-16,-12,50.0
-16,-12,50.0
-16,-12,50.0
-16,-12,50.0
-15,-12,157.2952863223744
-15,-12,50.0
-15,-12,50.0
-15,-12,50.0
-15,-12,50.0
-14,-12,113.74150535238331
-14,-12,50.0
-14,-12,50.0
-14,-12,50.0
-14,-12,50.0
-13,-12,50.0
-13,-12,193.3665271678355
-13,-12,50.0
-13,-12,50.0
-13,-12,50.0
-12,-12,53.63476941408106
-12,-12,527.4989163462731
-12,-12,50.0
-12,-12,272.7624937517642
-12,-12,50.0
-11,-12,173.58663628431356
-11,-12,128.48914449119334
-11,-12,50.0
-11,-12,50.0
-11,-12,50.0
-10,-12,322.3736463337906
-10,-12,205.9366629918677
-10,-12,50.0
-10,-12,93.70268994680333
-10,-12,50.0
-10,-11,50.0
-10,-11,192.0572311037226
-10,-11,50.0
-10,-11,50.0
-10,-11,244.3568776524034
-11,-11,50.0
-11,-11,50.0
-11,-11,225.76963929807286
-11,-11,121.87640608014789
-11,-11,165.47595803075544
-10,-11,91.25389558556434
-10,-11,784.4235189753347
-10,-11,50.0
-10,-11,90.43954705119967
-10,-11,50.0
-10,-10,278.0625199609402
-10,-10,360.303585915491
-10,-10,50.0
-10,-10,100.8014579336138
-10,-10,50.0
-9,-10,156.39981211953608
-9,-10,425.76154568191316
-9,-10,50.0
-9,-10,50.0
-9,-10,89.44654923671536
-8,-10,293.5840444294172
-8,-10,85.52763782926944
-8,-10,50.0
-8,-10,50.0
-8,-10,571.498346416895
-7,-10,50.0
-7,-10,87.05809633509283
-7,-10,50.0
-7,-10,217.63895439416436
-7,-10,50.0
-6,-10,318.59163016136245
-6,-10,131.72971978500829
-6,-10,338.53228140152095
-6,-10,307.30600660952746
-6,-10,50.0
-5,-10,50.0
-5,-10,50.0
-5,-10,50.0
-5,-10,120.86757438149583
-5,-10,147.28454013031532
-4,-10,50.0
-4,-10,152.99447628003713
-4,-10,156.18076546196315
-4,-10,50.0
-4,-10,341.9584584922313
-3,-10,164.75512053019443
-3,-10,900.0
-3,-10,183.45942714226544
-3,-10,114.70577418359505
-3,-10,190.91948478744578
-3,-9,50.0
-3,-9,50.0
-3,-9,717.8933407562101
-3,-9,251.20611576732117
-3,-9,531.7891339095353
-4,-9,218.3684520738541
-4,-9,186.66689168074848
-4,-9,72.9750223861165
-4,-9,50.0
-4,-9,237.4245501527182
-3,-9,429.78169703505796
-3,-9,225.98785512828113
-3,-9,50.0
-3,-9,125.93652591637593
-3,-9,422.05633132458615
-3,-8,222.19875968123725
-3,-8,476.6369058865816
-3,-8,592.3723565773842
-3,-8,238.92302282421238
-3,-8,364.8190110691631
-3,-7,631.6282284053741
-3,-7,91.3693194497873
-3,-7,361.4172042270583
-3,-7,742.3090670864316
-3,-7,649.9895677409138
-3,-6,366.3357157699142
-3,-6,281.3002596718866
-3,-6,375.67841808253326
-3,-6,502.4555803638316
-3,-6,173.58661141119524
-2,-6,288.46079512235815
-2,-6,530.5412279964618
-2,-6,189.59677004937708
-2,-6,408.0739674668401
-2,-6,855.9311132584312
-2,-7,900.0
-2,-7,689.6919056212018
-2,-7,366.6727092235658
-2,-7,311.16148532094894
-2,-7,277.02230903370537
-1,-7,50.0
-1,-7,107.74709623610545
-1,-7,168.00164243574324
-1,-7,375.3803454061778
-1,-7,50.0
-1,-6,683.6416466620299
-1,-6,50.0
-1,-6,195.8498977185503
-1,-6,392.6332822078474
-1,-6,626.5089367645871
0,-6,240.63528090055328
0,-6,131.86127788164504
0,-6,781.3647975714506
0,-6,442.22342883794624
0,-6,55.433829852935645
0,-5,366.93083007176705
0,-5,472.76100569284483
0,-5,148.38272949040152
0,-5,50.0
0,-5,840.0284451619972
1,-5,752.666906286239
1,-5,325.8733542622891
1,-5,255.60219526328947
1,-5,648.4940646896314
1,-5,572.2572100850825
2,-5,496.13065466902515
2,-5,500.1615680431064
2,-5,77.32085262105238
2,-5,50.0
2,-5,206.8122036184742
2,-4,99.9964568156276
2,-4,564.9760184412662
2,-4,900.0
2,-4,165.05691231635606
2,-4,636.7709886652488
1,-4,474.4417011354295
1,-4,579.5475919072408
1,-4,813.9307154397416
1,-4,74.96288527485598
1,-4,50.0
2,-4,804.8123138967492
2,-4,467.366328228863
2,-4,471.85516368123604
2,-4,50.0
2,-4,844.4869216960742
2,-3,245.5838171762486
2,-3,431.0726156263074
2,-3,533.3280223622311
2,-3,735.6246451712809
2,-3,695.1234410521173
3,-3,421.3264591110011
3,-3,201.04052367237443
3,-3,260.29010067009665
3,-3,50.0
3,-3,296.55248285594723
4,-3,900.0
4,-3,733.3642225550603
4,-3,89.13459910975709
4,-3,578.9608792107521
4,-3,557.4352405595823
5,-3,367.8535369352504
5,-3,164.52662884436518
5,-3,796.6949874714178
5,-3,225.32710416186907
5,-3,847.8857366866264
6,-3,393.06062657810867
6,-3,50.0
6,-3,820.8364185772089
6,-3,438.8697431484896
6,-3,569.0596826589018
5,-3,642.9434278445023
5,-3,645.9597563242696
5,-3,233.1029708872935
5,-3,117.11268615572615
5,-3,510.7565937277969
6,-3,475.3905435011408
6,-3,239.9666222255962
6,-3,124.29450249943164
6,-3,121.07827672981944
6,-3,189.65107197881812
6,-2,132.10862543791723
6,-2,89.60914674311476
6,-2,50.0
6,-2,707.2189425219718
6,-2,190.7764704528383
6,-1,708.4806311545842
6,-1,423.1009843421738
6,-1,50.0
6,-1,459.8649554284055
6,-1,687.0075396498306
6,0,103.58705251421736
6,0,362.49805398969846
6,0,214.18957633621892
6,0,326.7055917290431
6,0,510.361018734498
6,1,900.0
6,1,434.19588734428226
6,1,361.98533327479817
6,1,69.6840386417058
6,1,707.1187917147887
7,1,165.77863749213873
7,1,712.717453991648
7,1,472.89713693163617
7,1,50.0
7,1,319.2016612757744
8,1,124.64269956503131
8,1,512.2309414434352
8,1,300.17659791546714
8,1,50.0
8,1,50.0
9,1,293.06333723399393
9,1,551.4046471595121
9,1,385.08103515280425
9,1,420.71947785643704
9,1,374.6690788315178
9,2,338.30365368434383
9,2,608.5158168162532
9,2,69.91686827461572
9,2,661.3224762034231
9,2,535.932148302677
10,2,69.73212812227352
10,2,50.0
10,2,50.0
10,2,166.99421951159636
10,2,273.5511600761959
11,2,232.42064221403479
11,2,319.7377405792933
11,2,670.301411034022
11,2,50.0
11,2,426.1068285504054
11,3,59.19916551737522
11,3,218.7168153375892
11,3,50.0
11,3,95.35176689245534
11,3,303.5514640792075
12,3,50.0
12,3,364.6496835859016
12,3,621.0860285570404
12,3,50.0
12,3,143.09988277304655
13,3,311.50760847045
13,3,187.4585804286169
13,3,50.0
13,3,50.0
13,3,50.0
14,3,290.37475373514206
14,3,50.0
14,3,211.1408034757385
14,3,362.0791551190282
14,3,50.0
15,3,50.0
15,3,227.6047800784521
15,3,321.48487950160137
15,3,56.10526462075774
15,3,242.36779881134277
15,4,256.48171262693444
15,4,97.53919807105716
15,4,50.0
15,4,50.0
15,4,217.70694038860543
16,4,50.0
16,4,242.01878803273493
16,4,88.46255565812075
16,4,208.74210209027575
16,4,232.57430644109235
15,4,50.0
15,4,177.7497117916376
15,4,50.0
15,4,50.0
15,4,50.0
14,4,50.0
14,4,50.0
14,4,50.0
14,4,50.0
14,4,50.0
15,4,348.89397582877467
15,4,95.4708767304793
15,4,233.17798374348172
15,4,414.45679915716835
15,4,219.14792559134227
14,4,106.88659693464355
14,4,195.804146940133
14,4,50.0
14,4,50.0
14,4,67.02762367729828
13,4,96.03879864198501
13,4,71.6742322923337
13,4,50.0
13,4,50.0
13,4,160.56127775387722
12,4,50.0
12,4,50.0
12,4,301.1361688400502
12,4,144.39584998549824
12,4,50.0
11,4,285.85317650552133
11,4,405.4531737881093
11,4,284.5061988486621
11,4,368.2706641015852
11,4,544.4706197339132
12,4,115.31337276331351
12,4,516.6976891786808
12,4,873.7031436054264
12,4,50.0
12,4,730.5055877852617
11,4,120.05981809035684
11,4,91.80274418613949
11,4,359.4486919043288
11,4,263.19105332444036
11,4,50.0
10,4,50.0
10,4,134.75550394172075
10,4,387.31535385510995
10,4,50.0
10,4,381.14432812387366
9,4,163.52262139560804
9,4,186.95998372685392
9,4,357.14423719834144
9,4,770.9481527218833
9,4,448.7638689194759
10,4,180.9395077718675
10,4,204.70563621809362
10,4,221.8913885533406
10,4,50.0
10,4,497.3304211271211
10,5,386.3186283203807
10,5,433.8285713270737
10,5,161.21715533629123
10,5,454.6014067899436
10,5,50.0
9,5,138.51381758977755
9,5,50.0
9,5,50.0
9,5,432.69923750628277
9,5,428.1394067998382
8,5,50.0
8,5,50.0
8,5,724.0379829692473
8,5,206.9582085820384
8,5,349.8450088953404
7,5,555.5541095671281
7,5,326.60844468713333
7,5,50.0
7,5,308.052750980182
7,5,380.99880878218124
6,5,273.91843156460936
6,5,407.4396279693551
6,5,101.61929879986988
6,5,50.0
6,5,232.74046022985357
5,5,139.86325845199863
5,5,50.0
5,5,184.76606676667473
5,5,98.67406872451392
5,5,50.0
4,5,801.7781279704577
4,5,430.634919938317
4,5,50.0
4,5,197.79546864245174
4,5,631.6849115523612
3,5,879.048988642693
3,5,664.1489100369536
3,5,813.0997084719461
3,5,50.0
3,5,384.3910699350647
2,5,463.33428362848167
2,5,508.8689104543727
2,5,285.8990731238077
2,5,627.093356908803
2,5,275.9825857588934
3,5,585.4513666289719
3,5,461.43174785889454
3,5,654.8694113997177
3,5,562.0061798410661
3,5,50.0
2,5,215.55518897856126
2,5,583.2567470130859
2,5,438.8629174538111
2,5,576.2953601452914
2,5,592.0892854628578
2,6,228.71163543812753
2,6,50.0
2,6,50.0
2,6,50.0
2,6,425.2872101042138
2,7,94.04383953622187
2,7,633.044923279838
2,7,118.08188505468962
2,7,277.8922605960634
2,7,445.47558585113757
1,7,391.7544983189708
1,7,311.5555822401031
1,7,50.0
1,7,321.2024722926222
1,7,383.7169655577866
1,8,410.3817839605732
1,8,465.42113624799373
1,8,512.6871488614578
1,8,262.3017873517246
1,8,244.03997588766754
1,9,510.4783282959934
1,9,265.60941593463207
1,9,562.4051215369882
1,9,148.02325196103803
1,9,260.2265936190721
0,9,252.76677753185882
0,9,50.0
0,9,375.0452708327707
0,9,743.9472711534761
0,9,900.0
-1,9,378.5082297420808
-1,9,328.6468311121209
-1,9,218.16599622432807
-1,9,445.0069384293091
-1,9,476.1271116807346
-2,9,432.6164351826028
-2,9,281.91725858842847
-2,9,50.0
-2,9,295.8350697773995
-2,9,365.8139760582387
-2,10,50.0
-2,10,341.86490026303994
-2,10,196.536187429763
-2,10,295.3658932864458
-2,10,50.0
-3,10,50.0
-3,10,733.1555681893485
-3,10,110.92771545609878
-3,10,225.9603051941461
-3,10,397.20231978691294
-4,10,50.0
-4,10,50.0
-4,10,399.70523853461964
-4,10,92.86015390928311
-4,10,50.0
-4,11,591.0665184699569
-4,11,269.3384631655236
-4,11,379.77471624380576
-4,11,50.0
-4,11,50.0
-5,11,413.48020596633125
-5,11,293.09306823734147
-5,11,604.9266108361064
-5,11,50.0
-5,11,597.3884817039586
-6,11,50.0
-6,11,730.5342422144095
-6,11,133.1563347121235
-6,11,213.34873184448836
-6,11,50.0
-7,11,136.7954075761949
-7,11,198.49905579251327
-7,11,436.19387923796046
-7,11,50.0
-7,11,50.0
-8,11,50.0
-8,11,479.7719868830219
-8,11,101.11420836810912
-8,11,50.0
-8,11,251.26311448320627
-9,11,257.65218589247684
-9,11,81.38439272754617
-9,11,104.32171591987981
-9,11,798.8846852178307
-9,11,50.0
-9,12,50.0
-9,12,50.0
-9,12,50.0
-9,12,50.0
-9,12,50.0
-8,12,50.0
-8,12,50.0
-8,12,50.0
-8,12,102.22050468191271
-8,12,276.42356334867634
-9,12,212.63805924431165
-9,12,94.65423414245775
-9,12,50.0
-9,12,50.0
-9,12,50.0
-10,12,50.0
-10,12,193.8288221344411
-10,12,309.52198869969624
-10,12,511.25525898462917
-10,12,302.6788774370351
-11,12,239.04418698044427
-11,12,214.35190226900687
-11,12,50.0
-11,12,118.9296936143809
-11,12,317.918511231971
-12,12,50.0
-12,12,64.65872495897416
-12,12,67.14400498900002
-12,12,327.41040101236996
-12,12,50.0
-12,13,301.17864276224464
-12,13,170.77168597552887
-12,13,50.0
-12,13,89.82636303627112
-12,13,160.1126452962354
-12,14,255.68046576334012
-12,14,50.0
-12,14,50.0
-12,14,50.0
-12,14,50.0
-12,15,50.0
-12,15,50.0
-12,15,110.38814136315483
-12,15,50.0
-12,15,50.0
-13,15,50.0
-13,15,50.0
-13,15,50.0
-13,15,50.0
-13,15,50.0
-12,15,50.0
-12,15,50.0
-12,15,50.0
-12,15,91.85924985474747
-12,15,50.0
-12,16,50.0
-12,16,50.0
-12,16,50.0
-12,16,50.0
-12,16,50.0
-13,16,50.0
