12,-7,492.64206173528396
12,-7,50.0
12,-7,519.7988804904238
12,-7,50.853769768705874
12,-6,300.73800347415164
12,-6,497.1317946483467
12,-6,88.7616477753329
12,-6,524.9816645297356
12,-6,50.0
12,-5,391.60302983146016
12,-5,643.1583618668385
12,-5,425.0532600252303
12,-5,775.2119189076034
12,-5,486.32052187531553
12,-4,644.0679519550906
12,-4,237.23200178742871
12,-4,342.8438646140053
12,-4,50.0
12,-4,249.02412624120143
12,-5,121.78901574025474
12,-5,890.3081761491924
12,-5,50.0
12,-5,50.0
12,-5,50.0
12,-4,50.0
12,-4,287.22898415493995
12,-4,282.2648335511112
12,-4,50.0
12,-4,433.4761060637221
12,-3,223.13016716967655
12,-3,50.0
12,-3,233.73417796625193
12,-3,230.4962157832777
12,-3,900.0
12,-2,701.844692014381
12,-2,681.6889106139205
12,-2,900.0
12,-2,50.0
12,-2,50.0
12,-1,50.0
12,-1,50.0
12,-1,636.5222562611827
12,-1,318.1045626579211
12,-1,50.0
12,0,900.0
12,0,50.0
12,0,93.1724691525121
12,0,50.0
12,0,50.0
12,-1,378.0561700914058
12,-1,50.0
12,-1,131.3261216097747
12,-1,518.8721397790121
12,-1,747.442868397261
12,0,245.70934379443003
12,0,50.0
12,0,50.0
12,0,131.64521653507663
12,0,900.0
12,-1,50.0
12,-1,258.7258238572419
12,-1,415.5018504086344
12,-1,427.41001528698575
12,-1,544.918037110683
12,0,50.0
12,0,276.7682331736156
12,0,900.0
12,0,611.8536025688352
12,0,265.05444068184465
12,1,407.7252451934106
12,1,50.0
12,1,50.0
12,1,50.0
12,1,900.0
12,2,154.19971018219152
12,2,750.2684540642316
12,2,900.0
12,2,50.0
12,2,900.0
12,3,268.29231471161177
12,3,762.8119504976166
12,3,900.0
12,3,472.4876595892964
12,3,856.2088842747678
12,4,410.77343302987816
12,4,50.0
12,4,68.73114559411164
12,4,50.0
12,4,139.97983703525398
12,5,668.3250396312412
12,5,50.0
12,5,325.23272066316804
12,5,592.3607171707733
12,5,612.1477798060388
12,6,50.0
12,6,50.0
12,6,678.3916552212127
12,6,50.0
12,6,50.0
12,5,50.0
12,5,50.0
12,5,516.4850827039672
12,5,625.4562458807404
12,5,774.5910609604234
12,4,772.7545148964007
12,4,336.742876221241
12,4,50.0
12,4,900.0
12,4,216.5995349384657
12,3,50.0
12,3,50.0
12,3,302.585503687117
12,3,50.0
12,3,900.0
12,4,50.0
12,4,50.0
12,4,50.0
12,4,50.0
12,4,185.09560288671244
12,5,50.0
12,5,90.26901741112887
12,5,310.9175189756163
12,5,50.0
12,5,388.9206852242164
12,6,50.0
12,6,368.2170025324279
12,6,50.0
12,6,50.0
12,6,863.9877433501315
12,7,50.0
12,7,50.0
12,7,50.0
12,7,50.0
12,7,50.0
12,6,50.0
12,6,673.715812819084
12,6,50.0
12,6,856.490480015575
12,6,74.04583425778742
12,7,788.6872499241288
12,7,434.96841103412436
12,7,330.6281098718803
12,7,785.3504444617462
12,7,50.0
12,8,227.74544844759194
12,8,50.0
12,8,722.8022268544906
12,8,89.4056098426446
12,8,495.41874667252546
12,9,219.73749955800164
12,9,50.0
12,9,134.1708469221046
12,9,50.0
12,9,50.0
12,10,50.0
12,10,50.0
12,10,428.86955684466864
12,10,629.9569575577001
12,10,900.0
12,11,353.7375382342528
12,11,301.74602552240515
12,11,900.0
12,11,50.0
12,11,50.0
12,12,194.34964064163555
12,12,256.59401867678866
12,12,50.0
12,12,50.0
12,12,140.487371271047
11,12,205.14664905779364
11,12,598.2653416364877
11,12,97.11752928352752
11,12,228.79750555526437
11,12,347.43097164236497
10,12,62.99325812470258
10,12,546.8953777382038
10,12,50.0
10,12,142.2080513734968
10,12,50.0
11,12,148.53181503254203
11,12,50.0
11,12,323.85404377710455
11,12,379.41506776517303
11,12,50.0
10,12,499.56250639018697
10,12,50.0
10,12,514.1384415177126
10,12,197.385540886033
10,12,50.0
9,12,900.0
9,12,896.0638045052592
9,12,50.0
9,12,50.0
9,12,516.8903512741504
8,12,497.5638789575159
8,12,216.6967634828885
8,12,822.2301632669295
8,12,50.0
8,12,594.4783541030774
7,12,50.0
7,12,233.10569586719217
7,12,50.0
7,12,456.23633298136235
7,12,900.0
7,11,50.0
7,11,403.01099231446045
7,11,483.8272183424417
7,11,305.8477280110716
7,11,50.0
8,11,900.0
8,11,115.85263878339325
8,11,643.8905626938415
8,11,888.2325248662579
8,11,459.14921013256895
8,10,649.2139540837397
8,10,50.0
8,10,535.5825659074205
8,10,243.5699709974522
8,10,492.3099035109133
8,9,53.84789865593649
8,9,743.6366026441103
8,9,364.99768319529215
8,9,213.72984830361702
8,9,551.1166103245271
7,9,50.0
7,9,301.2476946867992
7,9,335.6776304649412
7,9,98.13160482861156
7,9,807.5609522571027
7,8,50.0
7,8,50.0
7,8,135.9995570195417
7,8,543.25123063652
7,8,588.729424657447
6,8,160.50287041233486
6,8,50.0
6,8,338.605399601571
6,8,346.43379038726613
6,8,50.0
6,7,734.8348021622813
6,7,170.59105920938728
6,7,50.0
6,7,50.0
6,7,900.0
6,6,900.0
6,6,50.0
6,6,333.6242932012679
6,6,900.0
6,6,900.0
5,6,825.1226039231242
5,6,559.5729749517301
5,6,672.7976761155965
5,6,690.6161450755153
5,6,608.660417860664
5,5,722.5065479177515
5,5,576.1457560788671
5,5,120.29940907811533
5,5,50.0
5,5,377.41365693651903
5,4,886.7022220651697
5,4,900.0
5,4,50.0
5,4,517.9935904590106
5,4,900.0
5,3,900.0
5,3,464.76715035308547
5,3,900.0
5,3,426.55390699986737
5,3,463.9114965618756
5,2,448.36881533682265
5,2,900.0
5,2,400.0904000374753
5,2,133.0869464754267
5,2,900.0
5,1,50.0
5,1,158.9323613869853
5,1,50.0
5,1,485.7563313439514
5,1,708.1867931663105
5,2,491.9390213890767
5,2,422.6540916604684
5,2,900.0
5,2,116.78086433552414
5,2,830.0799453659022
5,1,796.5797185771738
5,1,485.1866163011508
5,1,583.4704723350567
5,1,285.32998031321824
5,1,502.73949313181305
4,1,259.4043499916454
4,1,252.7701926655754
4,1,416.0636865546546
4,1,900.0
4,1,89.63642506953215
4,0,460.30054787112664
4,0,304.6999131289612
4,0,602.3923837291246
4,0,631.0103949562911
4,0,50.0
3,0,351.6027317999449
3,0,130.7848029518767
3,0,900.0
3,0,50.0
3,0,735.9283508786664
2,0,900.0
2,0,900.0
2,0,900.0
2,0,900.0
2,0,135.84444192643593
1,0,509.28503888043923
1,0,881.2329682478301
1,0,900.0
1,0,900.0
1,0,50.0
1,-1,756.0297848504393
1,-1,687.7101994195357
1,-1,900.0
1,-1,568.5656937661195
1,-1,562.7607756714785
1,-2,370.8736596580015
1,-2,900.0
1,-2,900.0
1,-2,300.0802617291454
1,-2,854.4712510703689
2,-2,900.0
2,-2,160.16976744474977
2,-2,900.0
2,-2,50.0
2,-2,900.0
2,-3,719.8058833054195
2,-3,900.0
2,-3,260.2831115666057
2,-3,689.4242322726152
2,-3,692.0983595530048
1,-3,900.0
1,-3,900.0
1,-3,589.6456077571993
1,-3,667.2748044546637
1,-3,395.9389468298324
1,-4,818.6491715874204
1,-4,515.9027773916291
1,-4,348.2364338241201
1,-4,900.0
1,-4,50.0
1,-5,900.0
1,-5,864.2890845587945
1,-5,900.0
1,-5,900.0
1,-5,900.0
1,-4,900.0
1,-4,50.0
1,-4,87.63775643425629
1,-4,326.99855779435507
1,-4,271.5224008867808
0,-4,900.0
0,-4,900.0
0,-4,856.4199733933915
0,-4,625.9361043933083
0,-4,900.0
0,-3,900.0
0,-3,900.0
0,-3,900.0
0,-3,900.0
0,-3,900.0
0,-4,292.7781660927352
0,-4,900.0
0,-4,900.0
0,-4,547.6879348761528
0,-4,50.0
0,-5,900.0
0,-5,415.1812456619723
0,-5,886.9241573478566
0,-5,515.7156038643042
0,-5,566.6519068586406
0,-6,50.0
0,-6,568.9211602813712
0,-6,500.99316402004865
0,-6,517.8749824849895
0,-6,799.1057793490321
0,-7,826.3352632399248
0,-7,900.0
0,-7,314.61765677556747
0,-7,133.93715859417784
0,-7,900.0
0,-8,72.0827875282954
0,-8,754.1327850466122
0,-8,50.0
0,-8,809.1321641945249
0,-8,900.0
0,-7,900.0
0,-7,50.0
0,-7,828.8356545512256
0,-7,202.86740430399425
0,-7,91.97042001894545
0,-8,742.274216449988
0,-8,851.5314008050761
0,-8,683.6415873826845
0,-8,900.0
0,-8,900.0
0,-9,139.04858005977738
0,-9,50.0
0,-9,382.1804800765567
0,-9,443.6754679268462
0,-9,900.0
0,-10,817.5647272058142
0,-10,304.6322603676381
0,-10,286.4697938508357
0,-10,67.75447037374886
0,-10,50.0
0,-9,50.0
0,-9,287.8228618413537
0,-9,637.5732159156604
0,-9,498.5714216196958
0,-9,782.2336628048008
0,-10,900.0
0,-10,185.73681765408116
0,-10,900.0
0,-10,50.0
0,-10,900.0
0,-11,287.0898475252409
0,-11,900.0
0,-11,597.4319765912774
0,-11,50.0
0,-11,900.0
0,-12,692.3277055168696
0,-12,209.60376927987878
0,-12,419.77166082771413
0,-12,434.67630452900914
0,-12,312.2727626747028
0,-11,50.0
0,-11,50.0
0,-11,850.1676855905419
0,-11,189.3214683467201
0,-11,692.1710872160054
0,-10,50.0
0,-10,449.4248067047583
0,-10,50.0
0,-10,50.0
0,-10,527.1102076083149
0,-9,900.0
0,-9,50.0
0,-9,50.0
0,-9,900.0
0,-9,50.0
0,-10,475.33474364188993
0,-10,511.1298289604976
0,-10,900.0
0,-10,231.69313076109765
0,-10,663.0286728140482
0,-9,900.0
0,-9,109.77084421352936
0,-9,50.0
0,-9,688.6498606438897
0,-9,900.0
0,-8,563.2150760229213
0,-8,540.9325030567328
0,-8,900.0
0,-8,336.8504866807367
0,-8,900.0
0,-9,50.0
0,-9,498.1737495026052
0,-9,900.0
0,-9,724.9420114250556
0,-9,529.858061133689
0,-10,165.7051069854484
0,-10,313.13177902438844
0,-10,679.1019866867085
0,-10,524.0007162319177
0,-10,416.8892718907921
0,-9,50.0
0,-9,288.31508531372305
0,-9,126.70929315694173
0,-9,778.0433101090505
0,-9,50.0
0,-8,900.0
0,-8,475.841055430623
0,-8,144.36094503351757
0,-8,50.0
0,-8,900.0
0,-7,897.4476392536643
0,-7,900.0
0,-7,900.0
0,-7,50.0
0,-7,455.2458285204477
0,-6,825.3188536231019
0,-6,567.5353099416848
0,-6,900.0
0,-6,898.4688332663093
0,-6,343.9341261557081
0,-5,664.9779642980147
0,-5,491.45751225548736
0,-5,413.0324002683202
0,-5,396.1802762582121
0,-5,281.2493867236539
0,-4,729.3883872656598
0,-4,50.0
0,-4,900.0
0,-4,432.0419096482406
0,-4,274.25313045037166
0,-3,384.8439971418977
0,-3,900.0
0,-3,50.0
0,-3,259.06363262874004
0,-3,859.5275265244939
0,-2,590.5753507864151
0,-2,900.0
0,-2,425.74192518269007
0,-2,825.8665122842597
0,-2,707.3104446248619
0,-1,900.0
0,-1,387.57327061051376
0,-1,900.0
0,-1,900.0
0,-1,900.0
0,0,240.45348081204554
0,0,890.2051241149431
0,0,900.0
0,0,510.6583977124757
0,0,900.0
0,1,498.6459262020856
0,1,900.0
0,1,899.439442997065
0,1,513.5233887373527
0,1,900.0
0,2,900.0
0,2,900.0
0,2,676.1994237325323
0,2,256.01020617723657
0,2,533.5507523625173
0,3,605.8721052770359
0,3,252.9702206435307
0,3,900.0
0,3,900.0
0,3,900.0
0,4,900.0
0,4,900.0
0,4,900.0
0,4,445.433082566401
0,4,671.0007088576248
0,5,900.0
0,5,203.30851313532014
0,5,50.0
0,5,900.0
0,5,900.0
0,6,900.0
0,6,900.0
0,6,683.1218918254783
0,6,225.11220185357968
0,6,423.99686003067654
0,7,157.93224824179526
0,7,630.2634905272735
0,7,185.54618740380363
0,7,859.6157194317179
0,7,900.0
0,8,50.0
0,8,698.8653095422802
0,8,772.5448795614004
0,8,212.8950033331476
0,8,900.0
0,9,850.142659124677
0,9,404.53682055205763
0,9,189.21643164321455
0,9,690.3718493765473
0,9,490.7478418216924
0,10,636.0458276054483
0,10,249.82985919562793
0,10,150.34512531709132
0,10,900.0
0,10,252.72930890320313
0,11,50.0
0,11,50.0
0,11,74.1306306939606
0,11,50.0
0,11,50.0
0,12,50.0
0,12,546.4759618238422
0,12,640.7849373310412
0,12,714.5381259553635
0,12,645.2422210799217
0,13,514.2857399672648
0,13,50.0
0,13,50.0
0,13,229.04667442326627
0,13,50.0
0,12,282.69283476257203
0,12,394.7312883307957
0,12,390.1656137126304
0,12,226.6945813300751
0,12,50.0
0,13,50.0
0,13,50.0
0,13,50.0
0,13,162.19425257164036
0,13,50.0
0,14,561.4193872077606
0,14,142.6006049820269
0,14,74.07005868646556
0,14,459.28320810634403
0,14,447.9942803591486
0,15,233.47193536435324
0,15,228.22422177426193
0,15,50.0
0,15,50.0
0,15,217.9097212359444
0,16,50.0
0,16,900.0
0,16,50.0
0,16,50.0
0,16,50.0
0,17,137.32779413308754
0,17,463.06999206387025
0,17,50.0
0,17,231.88296527977104
0,17,50.0
0,16,900.0
0,16,50.0
0,16,50.0
0,16,50.0
0,16,717.2481429169467
0,17,50.0
0,17,50.0
0,17,900.0
0,17,50.0
0,17,900.0
0,18,259.53295760832805
0,18,50.0
0,18,50.0
0,18,192.33709104628693
0,18,50.0
0,17,328.3815867453812
0,17,50.0
0,17,200.44710013785425
0,17,540.863346672554
0,17,50.0
0,18,50.0
0,18,50.0
0,18,50.0
0,18,50.0
0,18,50.0
0,19,478.6197057900529
0,19,387.32914787140965
0,19,170.17936863021157
0,19,334.15377570837194
0,19,50.0
0,20,50.0
0,20,56.59497874045069
0,20,492.2984374603536
0,20,50.0
0,20,264.7055153647619
0,19,50.0
0,19,50.0
0,19,400.5384008120525
0,19,50.0
0,19,50.0
0,18,50.0
0,18,50.0
0,18,115.46035294249177
0,18,50.0
0,18,465.454511145924
0,17,900.0
0,17,788.1737772599063
0,17,308.98306089336995
0,17,539.3010295535511
0,17,900.0
0,16,50.0
0,16,723.0334874297062
0,16,50.0
0,16,242.68837787168536
0,16,372.75654395886255
0,15,50.0
0,15,338.570014063068
0,15,50.0
0,15,50.0
0,15,50.0
0,14,162.4303245141376
0,14,221.24657736516716
0,14,50.0
0,14,414.3075659159879
0,14,136.11968101889175
0,15,50.0
0,15,50.0
0,15,50.0
0,15,804.6271662226558
0,15,58.28223458199743
0,16,50.0
0,16,50.0
0,16,296.7773885352048
0,16,50.0
0,16,681.9392087422278
0,15,102.30076855754207
0,15,50.0
0,15,50.0
0,15,50.0
0,15,312.79058062332047
0,14,50.0
0,14,900.0
0,14,673.4839110652867
0,14,50.0
0,14,80.49473532411469
0,13,50.0
0,13,50.0
0,13,50.0
0,13,229.6926021255966
0,13,50.0
0,12,648.1541484815684
0,12,900.0
0,12,50.0
0,12,204.32571491151523
0,12,900.0
0,13,268.20147323066135
0,13,50.0
0,13,73.33308314500653
0,13,721.6217350518689
0,13,50.0
-1,13,50.0
-1,13,900.0
-1,13,372.58654063266414
-1,13,233.81244241063308
-1,13,528.674242833815
-1,14,571.7446111183438
-1,14,524.1726700300981
-1,14,293.459793130232
-1,14,303.632032572585
-1,14,50.0
-1,13,50.0
-1,13,50.0
-1,13,175.0308749271475
-1,13,50.0
-1,13,50.0
-1,12,50.0
-1,12,250.58548320615753
-1,12,50.0
-1,12,302.94537990973623
-1,12,333.59917848648723
-1,11,900.0
-1,11,261.9885423451092
-1,11,350.4702938521255
-1,11,751.8444195787017
-1,11,50.0
-1,10,50.0
-1,10,598.3448135565634
-1,10,900.0
-1,10,896.6177676162404
-1,10,260.0170376734932
-1,9,50.0
-1,9,900.0
-1,9,212.51858235265138
-1,9,611.6256307075233
-1,9,900.0
-1,8,50.0
-1,8,50.0
-1,8,299.9047984863179
-1,8,155.11349400660094
-1,8,900.0
-2,8,268.82484918915463
-2,8,163.9445160232219
-2,8,900.0
-2,8,50.0
-2,8,496.7337576965233
-2,7,50.0
-2,7,746.6595860982094
-2,7,50.0
-2,7,50.0
-2,7,50.0
-2,6,749.5718363712253
-2,6,50.0
-2,6,900.0
-2,6,50.0
-2,6,590.2582921155679
-2,5,900.0
-2,5,839.949826398876
-2,5,626.7287187715527
-2,5,900.0
-2,5,900.0
-3,5,705.9281563544042
-3,5,634.2376947083831
-3,5,149.4694984758313
-3,5,900.0
-3,5,343.48411119784714
-3,4,891.8262394605549
-3,4,50.0
-3,4,519.3496839113369
-3,4,900.0
-3,4,239.30090780475211
-3,3,69.4921465980612
-3,3,260.58981005711235
-3,3,627.6420030131777
-3,3,864.6024898131842
-3,3,98.03086580909655
-3,2,354.6889610246834
-3,2,900.0
-3,2,873.1956892154751
-3,2,606.5785499202065
-3,2,50.0
-3,1,453.85754316659717
-3,1,50.0
-3,1,900.0
-3,1,364.2021501974313
-3,1,446.4505786484656
-3,0,900.0
-3,0,502.39702647425634
-3,0,900.0
-3,0,495.21027593963856
-3,0,900.0
-3,-1,900.0
-3,-1,50.0
-3,-1,900.0
-3,-1,50.0
-3,-1,900.0
-3,-2,432.67838047868577
-3,-2,504.0263693529283
-3,-2,900.0
-3,-2,180.47189828032538
-3,-2,620.8178684362802
-3,-1,655.5623489780654
-3,-1,358.33448275668593
-3,-1,153.04837013269128
-3,-1,900.0
-3,-1,492.6853044546145
-4,-1,900.0
-4,-1,694.4721856997902
-4,-1,704.8137599742747
-4,-1,900.0
-4,-1,312.70713869342177
-4,-2,899.7761139500957
-4,-2,900.0
-4,-2,900.0
-4,-2,900.0
-4,-2,900.0
-5,-2,599.3799774198861
-5,-2,549.8112812435604
-5,-2,431.10145921344554
-5,-2,50.0
-5,-2,662.5354495448943
-5,-1,735.8503871712993
-5,-1,312.31696999319144
-5,-1,900.0
-5,-1,496.2142870097658
-5,-1,900.0
-5,-2,50.0
-5,-2,900.0
-5,-2,50.0
-5,-2,900.0
-5,-2,127.68697556045157
-5,-3,900.0
-5,-3,900.0
-5,-3,900.0
-5,-3,665.1514677265105
-5,-3,556.5198866876827
-5,-4,373.7083227924114
-5,-4,372.5394919420529
-5,-4,417.10821704469765
-5,-4,529.4920830863891
-5,-4,673.0399735646104
-5,-5,103.19282733196093
-5,-5,900.0
-5,-5,890.1665528608144
-5,-5,50.0
-5,-5,900.0
-5,-6,390.9609162731258
-5,-6,50.0
-5,-6,50.0
-5,-6,50.0
-5,-6,541.8660967897079
-6,-6,709.5403507301633
-6,-6,449.46937369177533
-6,-6,537.4749713793243
-6,-6,900.0
-6,-6,105.72908236372723
-6,-7,50.0
-6,-7,378.5790240866683
-6,-7,74.84978134516038
-6,-7,490.1563666144611
-6,-7,50.0
-6,-8,900.0
-6,-8,900.0
-6,-8,279.64222308431073
-6,-8,50.0
-6,-8,50.0
-6,-9,900.0
-6,-9,50.0
-6,-9,900.0
-6,-9,366.92490192609665
-6,-9,50.0
-6,-10,50.0
-6,-10,597.7612204857566
-6,-10,538.0697058160822
-6,-10,701.0766694784193
-6,-10,210.25793705507564
-6,-11,178.4290380413205
-6,-11,416.28365758492043
-6,-11,569.4577020510515
-6,-11,50.0
-6,-11,400.122019419258
-6,-12,50.0
-6,-12,900.0
-6,-12,554.0173770764902
-6,-12,561.1905379375648
-6,-12,60.08772888772046
-6,-13,50.0
-6,-13,67.41030694534525
-6,-13,420.62452618780026
-6,-13,864.7359590457975
-6,-13,333.758504501716
-6,-14,71.48392444086161
-6,-14,353.2313932209961
-6,-14,164.15516208856326
-6,-14,50.0
-6,-14,50.0
-7,-14,623.7377489293556
-7,-14,50.0
-7,-14,460.9756429516489
-7,-14,526.6281101495808
-7,-14,900.0
-7,-15,138.6100890075826
-7,-15,484.33711214577227
-7,-15,50.0
-7,-15,492.97957383408783
-7,-15,382.1037802535994
-7,-14,529.6960771259378
-7,-14,693.8489224742027
-7,-14,900.0
-7,-14,147.8865349095397
-7,-14,900.0
-7,-15,117.28610581833578
-7,-15,50.0
-7,-15,571.3222958042008
-7,-15,301.41705906438494
-7,-15,617.1999946223367
-7,-16,234.4834117015564
-7,-16,50.0
-7,-16,549.9155845787527
-7,-16,900.0
-7,-16,527.5237738404928
-7,-17,50.0
-7,-17,471.3586754983389
-7,-17,226.33867809665423
-7,-17,50.0
-7,-17,50.0
-7,-18,166.20930897905032
-7,-18,50.0
-7,-18,372.2884184207107
-7,-18,50.0
-7,-18,50.0
-7,-17,50.0
-7,-17,50.0
-7,-17,513.8666665067565
-7,-17,50.0
-7,-17,50.0
-7,-16,156.52387295129313
-7,-16,856.017074041832
-7,-16,329.9211244109566
-7,-16,306.81252279697867
-7,-16,258.27158256933177
-7,-17,134.53074256697775
-7,-17,486.51953104309314
-7,-17,50.0
-7,-17,50.0
-7,-17,50.0
-8,-17,155.83689225195326
-8,-17,50.0
-8,-17,50.0
-8,-17,50.0
-8,-17,50.0
-8,-18,50.0
-8,-18,442.5914852470689
-8,-18,50.0
-8,-18,50.0
-8,-18,607.1099132424619
-8,-19,165.74925744901802
-8,-19,50.0
-8,-19,50.0
-8,-19,50.0
-8,-19,50.0
-8,-20,280.7284609542409
-8,-20,95.34702217058478
-8,-20,50.0
-8,-20,50.0
-8,-20,50.0
-7,-20,50.0
-7,-20,50.0
-7,-20,173.8386900583088
-7,-20,650.645864823429
-7,-20,289.73706812320864
-6,-20,505.209084652462
-6,-20,243.83491472205623
-6,-20,50.0
-6,-20,50.0
-6,-20,50.0
-5,-20,201.8162477912374
-5,-20,510.46192446653083
-5,-20,50.0
-5,-20,118.06788899218773
-5,-20,50.0
-6,-20,50.0
-6,-20,50.0
-6,-20,50.0
-6,-20,50.0
-6,-20,50.0
-5,-20,94.80701429279432
