15,8,444.2145536627554
15,8,79.33128439395395
15,8,59.64034194248114
15,8,50.0
16,8,50.0
16,8,50.0
16,8,50.0
16,8,50.0
16,8,50.0
15,8,50.0
15,8,900.0
15,8,50.0
15,8,50.0
15,8,172.9792240826449
16,8,91.16336826184076
16,8,50.0
16,8,273.94154368264986
16,8,165.28010053896028
16,8,230.83420804707643
17,8,50.0
17,8,50.0
17,8,50.0
17,8,50.0
17,8,50.0
18,8,92.41981643500131
18,8,50.0
18,8,165.6353953447781
18,8,50.0
18,8,50.0
19,8,50.0
19,8,248.74652960801728
19,8,50.0
19,8,50.0
19,8,50.0
20,8,50.0
20,8,142.19325692959933
20,8,766.0675956796339
20,8,131.64768016262957
20,8,50.0
20,7,50.0
20,7,50.0
20,7,50.0
20,7,50.0
20,7,50.0
20,6,50.0
20,6,50.0
20,6,50.0
20,6,57.57079644744624
20,6,50.0
19,6,50.0
19,6,50.0
19,6,50.0
19,6,50.0
19,6,50.0
19,5,107.05038778533944
19,5,86.09671678426531
19,5,50.0
19,5,50.0
19,5,137.65364202856802
18,5,84.50737940321312
18,5,119.60805859131398
18,5,50.0
18,5,50.0
18,5,50.0
18,4,73.35136410226892
18,4,50.0
18,4,50.0
18,4,50.0
18,4,72.41545082029805
17,4,50.0
17,4,50.0
17,4,222.22198100183647
17,4,501.8998163052747
17,4,57.2512862886462
17,3,50.0
17,3,392.6139745324153
17,3,453.14912842225544
17,3,50.0
17,3,50.0
16,3,260.4854696678244
16,3,50.0
16,3,255.48619412112578
16,3,184.04784436028973
16,3,469.19171545257495
17,3,50.0
17,3,50.0
17,3,377.8528568026667
17,3,50.0
17,3,50.0
17,4,50.0
17,4,50.0
17,4,50.0
17,4,50.0
17,4,50.0
17,3,50.0
17,3,586.0892066037068
17,3,50.0
17,3,131.5922591409786
17,3,179.69066012698266
17,2,50.0
17,2,50.0
17,2,50.0
17,2,221.26782066641078
17,2,352.4574377987114
17,1,245.8743824576377
17,1,140.39235959350495
17,1,191.18785852858065
17,1,631.5066919410432
17,1,50.0
16,1,215.20444843300064
16,1,50.0
16,1,871.0857472433388
16,1,77.4328611651707
16,1,211.42563312227918
15,1,507.1525974089769
15,1,50.0
15,1,409.43289681623764
15,1,143.1764422720579
15,1,50.0
14,1,50.0
14,1,138.78688896009814
14,1,187.7610249301662
14,1,50.0
14,1,648.9797931832909
13,1,100.98215807899109
13,1,327.6447372680159
13,1,508.57553459369103
13,1,390.9447892548991
13,1,630.516669747456
13,0,395.16420428894594
13,0,358.55165308059844
13,0,104.71618916559558
13,0,223.03834737239373
13,0,60.23109420802081
12,0,50.0
12,0,106.59463507649208
12,0,50.0
12,0,740.5855842840359
12,0,50.0
11,0,506.6430118790273
11,0,50.0
11,0,354.36813957612065
11,0,234.45909090856546
11,0,471.0308556203165
11,-1,458.1575742165367
11,-1,294.82339668704356
11,-1,672.1873035273693
11,-1,630.7639949684055
11,-1,50.0
10,-1,50.0
10,-1,107.45443808440609
10,-1,390.31343234703206
10,-1,507.7371187049669
10,-1,446.9914353056847
10,-2,521.9459341451475
10,-2,257.3814789839247
10,-2,389.3266799472084
10,-2,50.0
10,-2,232.06149213248233
10,-3,533.954366502692
10,-3,900.0
10,-3,50.0
10,-3,50.0
10,-3,50.0
11,-3,155.91775202321983
11,-3,390.06137404513356
11,-3,690.9911608782206
11,-3,218.66424872595672
11,-3,288.45180910865
10,-3,50.0
10,-3,900.0
10,-3,50.0
10,-3,579.1026164954635
10,-3,449.7460596678541
10,-4,181.1022111445661
10,-4,50.0
10,-4,227.22361301522636
10,-4,50.0
10,-4,258.4976004907467
11,-4,50.0
11,-4,76.16422221121547
11,-4,144.07278013099597
11,-4,50.0
11,-4,50.0
11,-5,690.386258459505
11,-5,644.5658187138267
11,-5,50.0
11,-5,50.0
11,-5,268.8811404910932
11,-6,134.80065548733046
11,-6,50.0
11,-6,602.1125001593145
11,-6,304.28353005645897
11,-6,50.0
11,-7,350.03047317071764
11,-7,612.3720111822925
11,-7,50.0
11,-7,50.0
11,-7,361.38122597333836
11,-8,456.33975842939685
11,-8,50.0
11,-8,563.7587888046794
11,-8,50.0
11,-8,317.89492542055564
10,-8,50.0
10,-8,350.82227010770544
10,-8,332.9944963089436
10,-8,50.0
10,-8,342.50915560907373
9,-8,434.16998122432824
9,-8,50.0
9,-8,50.0
9,-8,202.4393457186045
9,-8,179.06678136389803
8,-8,241.51667268716108
8,-8,50.0
8,-8,477.60473641628573
8,-8,745.6508553875829
8,-8,50.0
8,-9,615.3377791500548
8,-9,506.2536160321049
8,-9,50.0
8,-9,427.6835481735781
8,-9,472.0849926853193
8,-8,176.3548658897636
8,-8,72.84701051180545
8,-8,676.9350372282613
8,-8,214.72174824037415
8,-8,625.4686546764488
7,-8,618.1812170734063
7,-8,594.0331116992517
7,-8,50.0
7,-8,395.6211593281411
7,-8,50.0
6,-8,195.84210188730702
6,-8,141.5697502642031
6,-8,442.9575849590286
6,-8,685.500815644883
6,-8,50.0
6,-9,361.4458018879429
6,-9,191.2962111291147
6,-9,50.0
6,-9,50.0
6,-9,377.81297701410097
6,-10,66.84387688550274
6,-10,75.51550542670174
6,-10,106.79807418831803
6,-10,218.5807502890911
6,-10,509.59486379672614
6,-11,114.73985849686618
6,-11,249.58490870178642
6,-11,50.0
6,-11,50.0
6,-11,900.0
6,-12,50.0
6,-12,50.0
6,-12,542.9600516338962
6,-12,50.0
6,-12,472.97077361505853
6,-13,191.2611876366043
6,-13,295.6301876855462
6,-13,660.7917685922878
6,-13,364.87783191224975
6,-13,239.6487100833999
6,-14,50.0
6,-14,50.0
6,-14,398.87326190275036
6,-14,50.0
6,-14,50.0
5,-14,588.5261897168007
5,-14,459.8208895630598
5,-14,897.0741606159334
5,-14,58.30773026910168
5,-14,153.21534423853146
5,-15,50.0
5,-15,50.0
5,-15,519.1539298246391
5,-15,50.0
5,-15,50.0
4,-15,518.4515086712983
4,-15,50.0
4,-15,96.70263805130674
4,-15,50.0
4,-15,791.8624845671671
5,-15,110.52502595963819
5,-15,50.0
5,-15,685.6471856239311
5,-15,50.0
5,-15,228.95106109572697
4,-15,358.0133163445959
4,-15,50.0
4,-15,50.0
4,-15,150.43458935815818
4,-15,50.0
5,-15,50.0
5,-15,538.7084413177427
5,-15,648.7522167535157
5,-15,50.0
5,-15,50.0
4,-15,50.0
4,-15,50.0
4,-15,334.4501633648646
4,-15,50.0
4,-15,50.0
3,-15,181.3767106789217
3,-15,822.1823411825557
3,-15,222.8343940249526
3,-15,50.0
3,-15,135.83443309372453
3,-16,202.7021522625343
3,-16,50.0
3,-16,50.0
3,-16,215.1345772149141
3,-16,50.0
4,-16,341.70088351801667
4,-16,50.0
4,-16,50.0
4,-16,173.2546980329961
4,-16,323.490478331936
4,-17,218.11742108112097
4,-17,50.0
4,-17,274.9637877039459
4,-17,50.0
4,-17,50.0
5,-17,66.98427833184378
5,-17,50.0
5,-17,50.0
5,-17,50.0
5,-17,211.0389497013745
4,-17,122.74287862822126
4,-17,67.8212236716509
4,-17,465.7881394151425
4,-17,50.0
4,-17,50.0
3,-17,455.0627508597164
3,-17,614.7283258711445
3,-17,311.2781594238945
3,-17,165.94915396400762
3,-17,580.8946338289625
2,-17,50.0
2,-17,50.0
2,-17,50.0
2,-17,50.0
2,-17,290.2142824763571
2,-18,50.0
2,-18,489.3866526592633
2,-18,83.58337943855119
2,-18,50.0
2,-18,50.0
2,-19,50.0
2,-19,368.6945696948678
2,-19,611.7066373792327
2,-19,50.0
2,-19,50.0
2,-20,50.0
2,-20,307.3168872910011
2,-20,50.0
2,-20,50.0
2,-20,50.0
1,-20,50.0
1,-20,50.0
1,-20,50.0
1,-20,50.0
1,-20,50.0
2,-20,50.0
2,-20,50.0
2,-20,50.0
2,-20,50.0
2,-20,50.0
1,-20,50.0
1,-20,50.0
1,-20,50.0
1,-20,50.0
1,-20,50.0
0,-20,209.87710314346242
0,-20,50.0
0,-20,50.0
0,-20,50.0
0,-20,50.0
-1,-20,176.3872876519249
-1,-20,50.0
-1,-20,156.9269000540673
-1,-20,50.0
-1,-20,50.0
-1,-19,50.0
-1,-19,50.0
-1,-19,50.0
-1,-19,136.15824866940832
-1,-19,50.0
0,-19,262.42671367289284
0,-19,50.0
0,-19,50.0
0,-19,50.0
0,-19,50.0
0,-20,117.37979375583376
0,-20,153.03065591121805
0,-20,50.0
0,-20,50.0
0,-20,50.0
0,-19,177.6118864762512
0,-19,54.71293216069367
0,-19,50.0
0,-19,50.0
0,-19,50.0
1,-19,317.56180490750035
1,-19,50.0
1,-19,50.0
1,-19,50.0
1,-19,50.0
2,-19,50.0
2,-19,50.0
2,-19,94.2325993011626
2,-19,50.0
2,-19,50.0
2,-18,50.0
2,-18,84.48260305131947
2,-18,839.556495508965
2,-18,50.0
2,-18,50.0
2,-19,50.0
2,-19,50.0
2,-19,50.0
2,-19,50.0
2,-19,50.0
2,-18,50.0
2,-18,50.0
2,-18,459.1232639373219
2,-18,50.0
2,-18,298.8037813095389
2,-17,50.0
2,-17,50.0
2,-17,329.61503438217505
2,-17,172.29833661735776
2,-17,900.0
2,-16,50.0
2,-16,50.0
2,-16,50.0
2,-16,50.0
2,-16,50.0
2,-15,50.0
2,-15,50.0
2,-15,68.92330426352571
2,-15,366.9546128127057
2,-15,50.0
2,-14,50.0
2,-14,50.0
2,-14,526.5009453571349
2,-14,50.0
2,-14,50.0
2,-13,50.0
2,-13,819.7074011867131
2,-13,50.0
2,-13,50.0
2,-13,449.1298148477182
2,-12,53.82325932861306
2,-12,895.1808677493269
2,-12,50.0
2,-12,490.20716486567625
2,-12,50.0
2,-11,135.3768188152131
2,-11,116.02673859771315
2,-11,50.0
2,-11,272.8594365296574
2,-11,107.27216316136635
3,-11,572.9066458202064
3,-11,50.0
3,-11,183.38084772116508
3,-11,50.0
3,-11,454.06715625552226
4,-11,229.68183118715186
4,-11,50.0
4,-11,172.4090111182416
4,-11,269.5304486740992
4,-11,50.0
4,-10,394.86494323854663
4,-10,296.49694147838375
4,-10,275.3359055116563
4,-10,50.0
4,-10,462.671241235336
4,-11,176.37131013643074
4,-11,428.45676926496446
4,-11,339.17168069134084
4,-11,122.76862821525785
4,-11,412.79592894519897
4,-10,208.27790883446556
4,-10,497.1100317425472
4,-10,120.48814568939288
4,-10,118.63893316627707
4,-10,53.75218492762045
4,-9,422.4422412487197
4,-9,330.2923786292282
4,-9,529.6719178737465
4,-9,315.0123191328033
4,-9,536.5866509361019
5,-9,277.57592277448987
5,-9,215.178541563896
5,-9,456.0869869351734
5,-9,900.0
5,-9,50.0
5,-8,50.0
5,-8,50.0
5,-8,271.0802555968576
5,-8,900.0
5,-8,610.8883080754244
5,-7,414.18045392156534
5,-7,900.0
5,-7,554.1301165276777
5,-7,425.55949677007726
5,-7,198.42377094769395
6,-7,558.223927939094
6,-7,856.6204902710248
6,-7,166.51550835481476
6,-7,165.59349705625965
6,-7,265.8695890907799
7,-7,260.7848900247533
7,-7,498.72055722320715
7,-7,50.0
7,-7,262.06359281448067
7,-7,50.0
8,-7,103.3892305967151
8,-7,50.0
8,-7,667.2467995884161
8,-7,537.7817317531403
8,-7,322.81303183053194
9,-7,50.0
9,-7,71.09594729355632
9,-7,50.0
9,-7,671.002448370336
9,-7,743.924449731723
9,-6,125.10915747750734
9,-6,330.61997375712275
9,-6,50.0
9,-6,158.36308494414962
9,-6,50.0
9,-5,270.96982456714704
9,-5,547.4389620629898
9,-5,73.42218206077044
9,-5,268.9661003025602
9,-5,50.0
9,-4,717.5484695341605
9,-4,50.0
9,-4,50.0
9,-4,221.84121695288783
9,-4,223.62229614338594
9,-3,330.4376722178033
9,-3,230.92814485838431
9,-3,347.4414733462724
9,-3,592.6758307416303
9,-3,515.3950807287683
10,-3,441.7579777585315
10,-3,50.0
10,-3,179.56516220973674
10,-3,240.7653356711708
10,-3,639.0012101375397
10,-2,697.2522035323418
10,-2,591.3327832909785
10,-2,206.57375294364317
10,-2,269.9653918604746
10,-2,107.3935094321757
10,-1,334.46255550861986
10,-1,436.9008809498121
10,-1,900.0
10,-1,355.58339092988933
10,-1,426.37847956785834
10,-2,463.87145094983657
10,-2,751.2720428165655
10,-2,50.0
10,-2,560.3937157553444
10,-2,474.9178947929512
10,-1,119.96281381332082
10,-1,50.0
10,-1,412.99756956091113
10,-1,900.0
10,-1,230.76871606648376
10,-2,50.0
10,-2,211.078660490495
10,-2,50.0
10,-2,419.5046359662009
10,-2,207.2586931466053
11,-2,50.0
11,-2,273.5218365704885
11,-2,534.1060709208197
11,-2,859.6975905198824
11,-2,900.0
11,-1,50.0
11,-1,50.0
11,-1,349.9250622705074
11,-1,768.031021119802
11,-1,151.41837662956337
11,0,366.22059535358716
11,0,256.5324004647576
11,0,431.19542761091725
11,0,385.72308644439045
11,0,91.6100877188235
11,1,68.58822869957339
11,1,900.0
11,1,616.8261546871108
11,1,50.0
11,1,50.0
11,2,629.7645530506654
11,2,660.4976969597818
11,2,50.0
11,2,50.0
11,2,357.76077054034374
11,3,164.56836030980074
11,3,50.0
11,3,694.2173550315385
11,3,50.0
11,3,50.0
11,4,163.71033067855706
11,4,94.94163134358192
11,4,305.8266391553294
11,4,500.029801955726
11,4,357.04385321799856
12,4,486.3360460819828
12,4,702.9907770982736
12,4,50.0
12,4,644.3617944943574
12,4,50.0
13,4,111.11040318503132
13,4,111.82635937484584
13,4,165.6427774166702
13,4,193.8523434527665
13,4,50.0
12,4,402.8370133032396
12,4,174.12264304032462
12,4,50.0
12,4,50.0
12,4,50.0
12,3,900.0
12,3,97.1306842960187
12,3,153.02818893098188
12,3,278.3476717963078
12,3,129.99602348449486
12,2,50.0
12,2,50.0
12,2,149.92944690610435
12,2,50.0
12,2,50.0
12,1,400.140156360334
12,1,57.83514493535799
12,1,50.0
12,1,50.0
12,1,330.0272440753061
11,1,462.6009925310078
11,1,523.1121363759416
11,1,137.61184334712846
11,1,99.25233965868185
11,1,900.0
11,0,334.2678137931063
11,0,50.0
11,0,50.0
11,0,50.0
11,0,382.7738910654375
11,-1,50.0
11,-1,50.0
11,-1,50.0
11,-1,559.1845351788626
11,-1,174.6258623078534
11,-2,307.030483115225
11,-2,50.0
11,-2,555.5732054464015
11,-2,604.0528028710396
11,-2,180.6756803681055
11,-3,261.86390604017646
11,-3,387.0188387304847
11,-3,233.74397265534773
11,-3,251.50616288340916
11,-3,390.49534072685105
10,-3,128.34866330487
10,-3,50.0
10,-3,340.7411452321444
10,-3,490.320516036421
10,-3,147.66042488883534
10,-4,205.8382496145062
10,-4,50.0
10,-4,378.1173547966302
10,-4,50.0
10,-4,726.718731520308
9,-4,469.42953533775005
9,-4,130.1331959688183
9,-4,77.0570126779665
9,-4,202.1447499268967
9,-4,50.0
9,-5,310.3946475519951
9,-5,293.12058824530015
9,-5,50.0
9,-5,183.57465788974332
9,-5,386.1510497785243
9,-6,50.0
9,-6,900.0
9,-6,381.38584306028895
9,-6,50.0
9,-6,207.10267531765348
9,-5,50.0
9,-5,50.0
9,-5,706.1166030458473
9,-5,159.1886563485231
9,-5,50.0
10,-5,50.0
10,-5,612.6649347181321
10,-5,257.36234709124807
10,-5,104.56472241965182
10,-5,664.6103699867233
10,-6,50.0
10,-6,559.0159815970965
10,-6,202.00491730788286
10,-6,560.9637275250366
10,-6,482.7033393489985
10,-7,50.0
10,-7,128.94168449738555
10,-7,50.0
10,-7,232.7991388740341
10,-7,268.0285775152163
9,-7,50.0
9,-7,450.24740158805776
9,-7,87.17445246589335
9,-7,279.1585493723571
9,-7,50.0
8,-7,859.8678346117209
8,-7,65.095690247551
8,-7,297.0642334145039
8,-7,50.0
8,-7,58.8414679543975
7,-7,50.0
7,-7,50.0
7,-7,50.0
7,-7,50.0
7,-7,389.4939945425495
7,-8,50.0
7,-8,424.39779352736264
7,-8,394.6459699996996
7,-8,266.6864941093045
7,-8,174.14139615822015
7,-9,181.93695418909854
7,-9,518.3691025534586
7,-9,448.35246052502515
7,-9,165.68833866748292
7,-9,544.7030867218303
6,-9,837.2262493480623
6,-9,900.0
6,-9,112.5346223057974
6,-9,383.8297987043627
6,-9,50.0
5,-9,50.0
5,-9,50.0
5,-9,247.62037093455461
5,-9,254.3288162439463
5,-9,586.297202657316
5,-10,128.70256675690393
5,-10,50.0
5,-10,447.6609736860839
5,-10,745.6960764371938
5,-10,207.87138273419689
5,-11,721.0268504150804
5,-11,92.63237134616605
5,-11,142.99168134524265
5,-11,123.61590836449047
5,-11,50.0
5,-12,50.0
5,-12,668.2304409917526
5,-12,199.72232238739429
5,-12,692.3169303499511
5,-12,695.7427994881907
4,-12,262.2257551010132
4,-12,490.037872736407
4,-12,479.82668795043156
4,-12,50.0
4,-12,695.2936247632501
3,-12,50.0
3,-12,50.0
3,-12,288.7856920509114
3,-12,94.37383113805475
3,-12,329.22678965587136
2,-12,542.713489151389
2,-12,50.0
2,-12,312.44285431153924
2,-12,50.0
2,-12,164.48590266901437
1,-12,107.97235145605856
1,-12,50.0
1,-12,68.14646344930136
1,-12,50.0
1,-12,50.0
1,-13,578.9196053382968
1,-13,421.9796493196975
1,-13,50.0
1,-13,50.0
1,-13,253.89757535108654
2,-13,50.0
2,-13,545.5504200268153
2,-13,229.00483508361503
2,-13,900.0
2,-13,249.45655482678487
1,-13,900.0
1,-13,311.4896118201219
1,-13,342.49446870729963
1,-13,139.41150471397643
1,-13,421.85937187112296
1,-12,50.0
1,-12,50.0
1,-12,50.0
1,-12,517.0535858278934
1,-12,900.0
1,-13,50.0
1,-13,50.0
1,-13,113.10364185209016
1,-13,50.0
1,-13,157.68210610154145
0,-13,50.0
0,-13,533.694058273684
0,-13,162.79881748069033
0,-13,185.490813636911
0,-13,200.2730668790709
-1,-13,161.40875389612438
-1,-13,687.8454734769053
-1,-13,559.0941952311109
-1,-13,50.0
-1,-13,631.2157467889897
-2,-13,198.82175093420244
-2,-13,409.99598469168
-2,-13,50.0
-2,-13,112.94158240373848
-2,-13,511.2249469516083
-1,-13,738.4610465777602
-1,-13,443.96515505824766
-1,-13,382.00091513685794
-1,-13,50.0
-1,-13,50.0
-1,-14,50.0
-1,-14,228.9775033468531
-1,-14,50.0
-1,-14,521.4740263283612
-1,-14,50.0
-2,-14,50.0
-2,-14,188.26774188411585
-2,-14,50.0
-2,-14,124.48059019458202
-2,-14,285.5905696120917
-2,-15,149.30239730183797
-2,-15,50.0
-2,-15,50.0
-2,-15,256.8193978300981
-2,-15,50.0
-3,-15,618.4302002970383
-3,-15,50.0
-3,-15,50.0
-3,-15,50.0
-3,-15,469.6977553683667
-4,-15,50.0
-4,-15,221.9823312635579
-4,-15,685.4099166267214
-4,-15,65.85107900991233
-4,-15,521.4755722076322
-4,-16,50.0
-4,-16,201.69709985189738
-4,-16,160.45243871509115
-4,-16,251.76064328145534
-4,-16,50.0
-4,-17,57.782511496425876
-4,-17,50.0
-4,-17,50.0
-4,-17,642.4892727113474
-4,-17,50.0
-3,-17,346.05180274531756
-3,-17,147.50226584186709
-3,-17,50.0
-3,-17,266.9606758470923
-3,-17,66.04474641147795
-4,-17,476.9430168877307
-4,-17,50.0
-4,-17,175.9293848389899
-4,-17,50.0
-4,-17,198.09765080058395
-5,-17,562.4753081352966
-5,-17,81.14780456961911
-5,-17,79.25978206890882
-5,-17,676.0473713604028
-5,-17,641.2608097202375
-6,-17,135.1414692169549
-6,-17,50.0
-6,-17,351.7350809286257
-6,-17,50.0
-6,-17,680.0839194402521
-7,-17,50.0
-7,-17,50.0
-7,-17,50.0
-7,-17,146.85775028588603
-7,-17,333.8504648775284
-7,-18,50.0
-7,-18,50.0
-7,-18,50.0
-7,-18,345.40864456471087
-7,-18,50.0
-7,-19,317.0528542819681
-7,-19,50.0
-7,-19,50.0
-7,-19,50.0
-7,-19,268.6265265753659
-8,-19,50.0
-8,-19,50.0
-8,-19,50.0
-8,-19,50.0
-8,-19,50.0
-8,-18,50.0
-8,-18,50.0
-8,-18,67.53139033766521
-8,-18,396.35231697690006
-8,-18,50.0
-8,-19,190.36253876649033
-8,-19,92.42488574269703
-8,-19,50.0
-8,-19,50.0
-8,-19,50.0
-8,-20,186.30974169978856
-8,-20,50.0
-8,-20,50.0
-8,-20,271.1761846772846
-8,-20,50.0
-8,-19,80.83506953620955
-8,-19,50.0
-8,-19,50.0
-8,-19,50.0
-8,-19,50.0
-7,-19,50.0
-7,-19,50.0
-7,-19,50.0
-7,-19,50.0
-7,-19,50.0
-6,-19,50.0
-6,-19,208.62552544944583
-6,-19,393.19836391979084
-6,-19,50.0
-6,-19,113.35658388333474
-5,-19,133.54307662763938
-5,-19,50.0
-5,-19,50.0
-5,-19,50.0
-5,-19,209.74625032481623
-4,-19,50.0
-4,-19,59.711610381481734
-4,-19,138.100145335204
-4,-19,50.0
-4,-19,50.0
-4,-20,50.0
-4,-20,50.0
-4,-20,50.0
-4,-20,303.0576913187382
-4,-20,152.49574569635138
-4,-19,50.0
-4,-19,50.0
-4,-19,50.0
-4,-19,50.0
-4,-19,479.389189618558
-4,-18,50.0
-4,-18,197.93437020832263
-4,-18,50.0
-4,-18,50.0
-4,-18,529.2187860614489
-3,-18,50.0
-3,-18,50.0
-3,-18,50.0
-3,-18,50.0
-3,-18,273.47998426437294
-2,-18,50.0
-2,-18,50.0
-2,-18,376.2600743187991
-2,-18,50.0
-2,-18,164.4078629271402
-1,-18,80.60903451218704
-1,-18,210.76429262268545
-1,-18,50.0
-1,-18,541.7813622833851
-1,-18,415.5458635085773
0,-18,303.61207220663874
0,-18,271.9888323521845
0,-18,50.0
0,-18,50.0
0,-18,50.0
0,-17,50.0
0,-17,50.0
0,-17,434.2873292968329
0,-17,50.0
0,-17,50.0
0,-16,50.0
0,-16,54.802475151880486
0,-16,50.0
0,-16,555.5179935577914
0,-16,241.63462178549037
1,-16,50.0
1,-16,50.0
1,-16,50.0
1,-16,470.74396605946094
1,-16,182.3717563073195
2,-16,50.0
2,-16,50.0
2,-16,465.5161141984349
2,-16,50.0
2,-16,373.22448314418295
2,-15,295.8194332784742
