-12,15,100.0
-12,15,100.0
-12,14,100.0
-12,14,100.0
-12,14,100.0
-12,13,103.88371067774418
-12,13,466.6756282268699
-12,13,989.2765991097843
-12,12,106.77029725936507
-12,12,778.5934232090091
-12,12,100.0
-13,12,322.18773151734035
-13,12,189.5114110790691
-13,12,100.0
-14,12,310.84660009376466
-14,12,100.0
-14,12,1283.1896177809401
-15,12,100.0
-15,12,100.0
-15,12,100.0
-15,13,185.46233841105874
-15,13,100.0
-15,13,100.0
-15,12,629.7853928797979
-15,12,100.0
-15,12,100.0
-15,11,100.0
-15,11,100.0
-15,11,100.0
-15,10,100.0
-15,10,100.0
-15,10,239.71310279312945
-15,9,142.44851914978298
-15,9,754.2417394016863
-15,9,100.0
-15,10,100.0
-15,10,100.0
-15,10,100.0
-15,9,100.0
-15,9,100.0
-15,9,115.61897958391933
-15,10,100.0
-15,10,125.52802797821977
-15,10,100.0
-15,9,100.0
-15,9,1715.2796586169504
-15,9,100.0
-15,8,198.5689515007105
-15,8,100.0
-15,8,765.1308329642635
-15,7,1244.9383328059398
-15,7,949.4066425774693
-15,7,189.46496559194725
-15,8,100.0
-15,8,395.6684810947371
-15,8,100.0
-15,7,452.2504568740391
-15,7,100.0
-15,7,360.8724751316327
-15,6,100.0
-15,6,100.0
-15,6,100.0
-15,5,100.0
-15,5,100.0
-15,5,100.0
-15,4,100.0
-15,4,100.0
-15,4,100.0
-16,4,100.0
-16,4,100.0
-16,4,100.0
-16,3,240.4414989242571
-16,3,100.0
-16,3,100.0
-16,2,185.35608107633328
-16,2,100.0
-16,2,100.0
-16,1,100.0
-16,1,1308.072241052141
-16,1,100.0
-17,1,369.356400112329
-17,1,100.0
-17,1,100.0
-17,0,230.4717576823562
-17,0,100.0
-17,0,245.73149968940413
-17,-1,120.34619389720467
-17,-1,100.0
-17,-1,1399.843361409464
-18,-1,100.0
-18,-1,100.0
-18,-1,212.35935704043294
-18,-2,100.0
-18,-2,100.0
-18,-2,100.0
-18,-3,100.0
-18,-3,100.0
-18,-3,477.3141958222449
-18,-4,100.0
-18,-4,100.0
-18,-4,100.0
-18,-3,341.6205748434582
-18,-3,318.82513428897084
-18,-3,100.0
-18,-4,1566.7174135338291
-18,-4,100.0
-18,-4,777.3648736619856
-18,-5,100.0
-18,-5,100.0
-18,-5,100.0
-18,-6,100.0
-18,-6,100.0
-18,-6,267.79432874415016
-18,-7,100.0
-18,-7,100.0
-18,-7,100.0
-18,-8,511.58273461217595
-18,-8,100.0
-18,-8,100.0
-18,-9,100.0
-18,-9,215.07697244109931
-18,-9,469.41658878093597
-18,-10,100.0
-18,-10,100.0
-18,-10,241.77442820512522
-18,-11,100.0
-18,-11,100.0
-18,-11,186.8533759922684
-18,-10,121.09895523796337
-18,-10,100.0
-18,-10,100.0
-17,-10,219.43885004631727
-17,-10,100.0
-17,-10,100.0
-18,-10,100.0
-18,-10,100.0
-18,-10,100.0
-18,-9,876.3718130056618
-18,-9,100.0
-18,-9,100.0
-18,-10,100.0
-18,-10,100.0
-18,-10,866.4998437505762
-18,-11,351.31633057818317
-18,-11,100.0
-18,-11,100.0
-18,-12,100.0
-18,-12,100.0
-18,-12,100.0
-18,-13,100.0
-18,-13,100.0
-18,-13,1110.31466088172
-18,-14,100.0
-18,-14,100.0
-18,-14,899.023582922609
-18,-15,100.0
-18,-15,169.35528164388404
-18,-15,100.0
-18,-16,100.0
-18,-16,100.0
-18,-16,100.0
-18,-17,100.0
-18,-17,100.0
-18,-17,100.0
-17,-17,100.0
-17,-17,100.0
-17,-17,100.0
-17,-18,100.0
-17,-18,100.0
-17,-18,100.0
-17,-19,100.0
-17,-19,100.0
-17,-19,100.0
-16,-19,100.0
-16,-19,100.0
-16,-19,100.0
-17,-19,100.0
-17,-19,100.0
-17,-19,100.0
-18,-19,100.0
-18,-19,100.0
-18,-19,100.0
-19,-19,472.40852387516634
-19,-19,100.0
-19,-19,100.0
-19,-20,100.0
-19,-20,100.0
-19,-20,100.0
-18,-20,100.0
-18,-20,100.0
-18,-20,100.0
-19,-20,100.0
-19,-20,100.0
-19,-20,100.0
-20,-20,100.0
-20,-20,100.0
-20,-20,100.0
-19,-20,100.0
-19,-20,100.0
-19,-20,100.0
-19,-19,100.0
-19,-19,100.0
-19,-19,100.0
-18,-19,100.0
-18,-19,100.0
-18,-19,226.46706640842092
-19,-19,100.0
-19,-19,100.0
-19,-19,100.0
-19,-18,100.0
-19,-18,100.0
-19,-18,100.0
-20,-18,100.0
-20,-18,100.0
-20,-18,149.68945897940432
-20,-17,100.0
-20,-17,100.0
-20,-17,100.0
-19,-17,100.0
-19,-17,100.0
-19,-17,100.0
-19,-16,100.0
-19,-16,100.0
-19,-16,100.0
-18,-16,100.0
-18,-16,100.0
-18,-16,100.0
-17,-16,100.0
-17,-16,100.0
-17,-16,100.0
-16,-16,100.0
-16,-16,100.0
-16,-16,100.0
-15,-16,100.0
-15,-16,100.0
-15,-16,100.0
-16,-16,100.0
-16,-16,100.0
-16,-16,100.0
-15,-16,175.29465413894343
-15,-16,100.0
-15,-16,389.42164706185235
-16,-16,909.993808544768
-16,-16,100.0
-16,-16,482.10225676720484
-16,-15,100.0
-16,-15,690.2504146936818
-16,-15,100.0
-15,-15,100.0
-15,-15,100.0
-15,-15,100.0
-15,-14,100.0
-15,-14,100.0
-15,-14,100.0
-15,-13,100.0
-15,-13,621.4076755609419
-15,-13,100.0
-16,-13,613.2626647192018
-16,-13,100.0
-16,-13,100.0
-17,-13,389.1193123018686
-17,-13,100.0
-17,-13,100.0
-17,-12,326.9866068576936
-17,-12,292.89624155805575
-17,-12,100.0
-16,-12,100.0
-16,-12,100.0
-16,-12,186.81927333640016
-15,-12,100.0
-15,-12,801.826653859656
-15,-12,100.0
-14,-12,100.0
-14,-12,100.0
-14,-12,100.0
-13,-12,100.0
-13,-12,260.3440622125679
-13,-12,100.0
-12,-12,1066.7648708207284
-12,-12,100.0
-12,-12,100.0
-11,-12,1685.5938802513735
-11,-12,1136.8081534084001
-11,-12,948.6075292254293
-10,-12,100.0
-10,-12,100.0
-10,-12,100.0
-10,-11,565.9992927327828
-10,-11,100.0
-10,-11,1150.469585858713
-11,-11,100.0
-11,-11,100.0
-11,-11,100.0
-10,-11,446.07481930075454
-10,-11,100.0
-10,-11,237.32258337675927
-10,-10,797.7231118818089
-10,-10,118.42852730060604
-10,-10,100.0
-9,-10,639.0001398226227
-9,-10,100.0
-9,-10,100.0
-8,-10,155.47208834629802
-8,-10,550.4576932661873
-8,-10,1397.0300640661067
-7,-10,1538.0279899851587
-7,-10,100.0
-7,-10,188.72124501075552
-6,-10,551.9482763544094
-6,-10,1051.9682595716456
-6,-10,100.0
-5,-10,729.1174640396991
-5,-10,100.0
-5,-10,100.0
-4,-10,108.99405949010207
-4,-10,100.0
-4,-10,667.9550270015369
-3,-10,760.3326816379781
-3,-10,1337.9054138379183
-3,-10,1766.9052408282116
-3,-9,100.0
-3,-9,100.0
-3,-9,1190.801602802314
-4,-9,580.0218101675691
-4,-9,490.71756602964064
-4,-9,100.0
-3,-9,100.0
-3,-9,1800.0
-3,-9,573.3349923285385
-3,-8,402.1691994643644
-3,-8,579.0134098649276
-3,-8,777.8394805306837
-3,-7,969.8580328702244
-3,-7,777.125771160835
-3,-7,100.0
-3,-6,693.8619263201729
-3,-6,771.3156619235516
-3,-6,100.0
-2,-6,1158.5483527564893
-2,-6,866.5014071495038
-2,-6,1431.4873364458854
-2,-7,1145.3387403462343
-2,-7,220.36024262535204
-2,-7,865.7838719135683
-1,-7,518.0290170812054
-1,-7,844.7804883096903
-1,-7,833.957574661481
-1,-6,772.784394017132
-1,-6,937.6492958482622
-1,-6,306.4974553272531
0,-6,210.35562534455812
0,-6,377.0589058039524
0,-6,926.2373268770551
0,-5,1770.8239353174736
0,-5,1800.0
0,-5,919.6080754146342
1,-5,611.3676552251435
1,-5,1221.5325528883398
1,-5,1344.2686045555056
2,-5,493.6861755510373
2,-5,524.1108276567317
2,-5,760.1028303840602
2,-4,1426.3853135962477
2,-4,621.4948048939101
2,-4,1072.1758980353952
1,-4,1800.0
1,-4,549.7041046858901
1,-4,973.0347832234347
2,-4,1416.0287413335004
2,-4,600.0103031068255
2,-4,874.2763172056113
2,-3,1161.2766810439657
2,-3,1126.6387639526831
2,-3,193.76426419997563
3,-3,106.245491387696
3,-3,288.2610327315509
3,-3,555.6788383683827
4,-3,665.8515279282076
4,-3,1661.0173460830054
4,-3,761.9840515009355
5,-3,100.0
5,-3,323.0702260267218
5,-3,212.9723888679838
6,-3,564.3199182651263
6,-3,459.73838587899127
6,-3,1556.773255050897
5,-3,1800.0
5,-3,872.5422732797535
5,-3,1410.1114736036332
6,-3,100.0
6,-3,454.7777976861536
6,-3,757.0886564717682
6,-2,114.48070167051026
6,-2,804.4152539568454
6,-2,965.2309988845016
6,-1,1079.9542288070995
6,-1,168.8827075725531
6,-1,1166.5779090254123
6,0,100.0
6,0,928.5151426837158
6,0,1258.057376247641
6,1,885.3186591676291
6,1,102.29271659551137
6,1,100.0
7,1,230.8657767889788
7,1,342.59602622316453
7,1,1102.6215321158938
8,1,100.0
8,1,274.1648618082417
8,1,1079.9839094367296
9,1,588.0205965004296
9,1,227.36131595993564
9,1,651.8979302574699
9,2,210.15310491423364
9,2,654.4376805873235
9,2,1131.6924479371628
10,2,332.78001316416317
10,2,100.0
10,2,785.4969931735022
11,2,1125.376525915627
11,2,100.0
11,2,100.0
11,3,100.0
11,3,475.5564786127382
11,3,1197.2326835426281
12,3,100.0
12,3,1466.7587573926064
12,3,100.0
13,3,432.47508751805685
13,3,100.0
13,3,650.7916398898333
14,3,621.3757595813161
14,3,100.0
14,3,377.08260558527667
15,3,507.09936311418215
15,3,411.52932780223887
15,3,100.0
15,4,853.3090138785255
15,4,266.7956885982663
15,4,831.555467489532
16,4,864.5262561703605
16,4,860.72217071334
16,4,100.0
15,4,100.0
15,4,377.4763897900861
15,4,100.0
14,4,100.0
14,4,100.0
14,4,534.4244910426823
15,4,100.0
15,4,100.0
15,4,1123.3676834735752
14,4,100.0
14,4,100.0
14,4,100.0
13,4,319.9944308395846
13,4,437.0685821327085
13,4,665.0357233579313
12,4,778.5618535724952
12,4,740.0534647095571
12,4,445.80172329724485
11,4,100.0
11,4,333.8156349397579
11,4,100.0
12,4,185.8942286195614
12,4,178.74625964333788
12,4,100.0
11,4,1072.3985998044584
11,4,117.12222029782511
11,4,704.5389452330288
10,4,100.0
10,4,100.0
10,4,602.9835732923946
9,4,357.4775135711695
9,4,955.1855952986332
9,4,696.171145517738
10,4,925.6456663432132
10,4,1275.3598526693022
10,4,100.0
10,5,577.5677821632285
10,5,100.0
10,5,1063.1574069713806
9,5,622.4033529929194
9,5,100.0
9,5,327.61736292741807
8,5,157.79027622740267
8,5,705.7870601902299
8,5,1627.25165719396
7,5,1236.9511488775447
7,5,1509.0757516431645
7,5,1030.4944500985507
6,5,1094.8222513940175
6,5,644.1510151045346
6,5,221.96249931938578
5,5,100.0
5,5,314.92880691016626
5,5,1083.7834490225785
4,5,1005.7734833540593
4,5,980.1120944312875
4,5,556.6228738220876
