-12,15,50.0
-12,15,284.1526542299012
-12,15,50.0
-12,15,383.1345942908506
-12,14,467.41884375935365
-12,14,74.75714223956709
-12,14,50.0
-12,14,358.92985128667476
-12,14,50.0
-12,13,50.0
-12,13,50.0
-12,13,50.0
-12,13,50.0
-12,13,362.8129614858301
-12,12,50.0
-12,12,50.0
-12,12,50.0
-12,12,50.0
-12,12,154.18415084514078
-13,12,50.0
-13,12,196.7680330198371
-13,12,50.0
-13,12,50.0
-13,12,50.0
-14,12,50.0
-14,12,581.3796773866744
-14,12,50.0
-14,12,706.9792380465085
-14,12,50.0
-15,12,50.0
-15,12,257.47806959149136
-15,12,50.0
-15,12,200.38402070102615
-15,12,106.71034387570631
-15,13,50.0
-15,13,50.0
-15,13,50.0
-15,13,50.0
-15,13,50.0
-15,12,50.0
-15,12,50.0
-15,12,50.0
-15,12,50.0
-15,12,124.38205501017674
-15,11,50.0
-15,11,50.0
-15,11,50.0
-15,11,185.3005158108831
-15,11,50.0
-15,10,50.0
-15,10,50.0
-15,10,50.0
-15,10,50.0
-15,10,50.0
-15,9,50.0
-15,9,50.0
-15,9,50.0
-15,9,50.0
-15,9,50.0
-15,10,50.0
-15,10,152.8623585241609
-15,10,50.0
-15,10,50.0
-15,10,50.0
-15,9,50.0
-15,9,104.06794819514442
-15,9,50.0
-15,9,50.0
-15,9,50.0
-15,10,196.158970504833
-15,10,50.0
-15,10,50.0
-15,10,615.2352251632846
-15,10,50.0
-15,9,50.0
-15,9,50.0
-15,9,50.0
-15,9,50.0
-15,9,84.91060507347346
-15,8,50.0
-15,8,141.14344233990363
-15,8,50.0
-15,8,428.1253519461232
-15,8,488.4774435663934
-15,7,50.0
-15,7,900.0
-15,7,50.0
-15,7,50.0
-15,7,50.0
-15,8,50.0
-15,8,96.65329884722783
-15,8,166.10246739023555
-15,8,50.0
-15,8,158.016410415486
-15,7,472.35932547436965
-15,7,50.0
-15,7,330.6094208626746
-15,7,50.0
-15,7,50.0
-15,6,50.0
-15,6,50.0
-15,6,50.0
-15,6,50.0
-15,6,50.0
-15,5,205.3290741863109
-15,5,459.4576295924928
-15,5,50.0
-15,5,50.0
-15,5,240.85780263620464
-15,4,152.40864933152022
-15,4,281.8573231478916
-15,4,50.0
-15,4,50.0
-15,4,50.0
-16,4,50.0
-16,4,222.29893457438533
-16,4,50.0
-16,4,50.0
-16,4,335.3856412919447
-16,3,50.0
-16,3,762.2566536251509
-16,3,218.12353994488632
-16,3,50.0
-16,3,50.0
-16,2,50.0
-16,2,50.0
-16,2,58.324997942679616
-16,2,50.0
-16,2,50.0
-16,1,132.83741970078978
-16,1,50.0
-16,1,403.3202348228565
-16,1,50.0
-16,1,50.0
-17,1,50.0
-17,1,50.0
-17,1,98.39386920070635
-17,1,50.0
-17,1,900.0
-17,0,85.8201590658058
-17,0,50.0
-17,0,226.07937840708627
-17,0,50.0
-17,0,387.56019978691836
-17,-1,50.0
-17,-1,109.20402898489085
-17,-1,166.38919805745388
-17,-1,50.0
-17,-1,57.883204761801665
-18,-1,76.18588253200446
-18,-1,50.0
-18,-1,627.7799951147879
-18,-1,50.0
-18,-1,50.0
-18,-2,900.0
-18,-2,50.0
-18,-2,50.0
-18,-2,50.0
-18,-2,50.0
-18,-3,142.2342422650484
-18,-3,50.0
-18,-3,106.97203765425867
-18,-3,50.0
-18,-3,50.0
-18,-4,50.0
-18,-4,50.0
-18,-4,148.04912973280582
-18,-4,50.0
-18,-4,50.0
-18,-3,152.35791948482967
-18,-3,550.2881569897468
-18,-3,50.0
-18,-3,50.0
-18,-3,50.0
-18,-4,50.0
-18,-4,50.0
-18,-4,50.0
-18,-4,560.3170828226401
-18,-4,50.0
-18,-5,275.42473450311894
-18,-5,50.0
-18,-5,50.0
-18,-5,50.0
-18,-5,50.0
-18,-6,50.0
-18,-6,50.0
-18,-6,50.0
-18,-6,175.98203532289463
-18,-6,256.1526148656657
-18,-7,50.0
-18,-7,50.0
-18,-7,104.47007702067287
-18,-7,50.0
-18,-7,50.0
-18,-8,50.0
-18,-8,50.0
-18,-8,301.056915325671
-18,-8,106.2714278501243
-18,-8,506.4956263498274
-18,-9,50.0
-18,-9,50.0
-18,-9,50.0
-18,-9,50.0
-18,-9,50.0
-18,-10,50.0
-18,-10,50.0
-18,-10,50.0
-18,-10,50.0
-18,-10,356.2682287513577
-18,-11,50.0
-18,-11,50.0
-18,-11,50.0
-18,-11,50.0
-18,-11,50.0
-18,-10,50.0
-18,-10,50.0
-18,-10,50.0
-18,-10,50.0
-18,-10,50.0
-17,-10,270.0967631222147
-17,-10,50.0
-17,-10,50.0
-17,-10,50.0
-17,-10,50.0
-18,-10,50.0
-18,-10,50.0
-18,-10,50.0
-18,-10,50.0
-18,-10,50.0
-18,-9,50.0
-18,-9,661.4188751939188
-18,-9,50.0
-18,-9,50.0
-18,-9,116.26071985386534
-18,-10,50.0
-18,-10,50.0
-18,-10,50.0
-18,-10,156.46448030412142
-18,-10,50.0
-18,-11,50.0
-18,-11,50.0
-18,-11,50.0
-18,-11,168.98202096692978
-18,-11,50.0
-18,-12,50.0
-18,-12,50.0
-18,-12,50.0
-18,-12,155.52770908805905
-18,-12,50.0
-18,-13,50.0
-18,-13,50.0
-18,-13,50.0
-18,-13,50.0
-18,-13,50.0
-18,-14,50.0
-18,-14,50.0
-18,-14,50.0
-18,-14,50.0
-18,-14,50.0
-18,-15,608.4904384913431
-18,-15,50.0
-18,-15,50.0
-18,-15,50.0
-18,-15,50.0
-18,-16,50.0
-18,-16,50.0
-18,-16,50.0
-18,-16,50.0
-18,-16,50.0
-18,-17,50.0
-18,-17,50.0
-18,-17,50.0
-18,-17,50.0
-18,-17,50.0
-17,-17,50.0
-17,-17,50.0
-17,-17,50.0
-17,-17,50.0
-17,-17,50.0
-17,-18,50.0
-17,-18,50.0
-17,-18,215.59149741384317
-17,-18,50.0
-17,-18,50.0
-17,-19,50.0
-17,-19,50.0
-17,-19,50.0
-17,-19,50.0
-17,-19,50.0
-16,-19,50.0
-16,-19,50.0
-16,-19,50.0
-16,-19,50.0
-16,-19,50.0
-17,-19,50.0
-17,-19,50.0
-17,-19,50.0
-17,-19,50.0
-17,-19,50.0
-18,-19,50.0
-18,-19,50.0
-18,-19,50.0
-18,-19,50.0
-18,-19,50.0
-19,-19,50.0
-19,-19,84.14308592679993
-19,-19,50.0
-19,-19,170.46755346546047
-19,-19,50.0
-19,-20,50.0
-19,-20,50.0
-19,-20,50.0
-19,-20,50.0
-19,-20,50.0
-18,-20,50.0
-18,-20,50.0
-18,-20,50.0
-18,-20,50.0
-18,-20,50.0
-19,-20,50.0
-19,-20,50.0
-19,-20,50.0
-19,-20,87.5868230868432
-19,-20,50.0
-20,-20,50.0
-20,-20,50.0
-20,-20,50.0
-20,-20,50.0
-20,-20,50.0
-19,-20,50.0
-19,-20,733.6191627394506
-19,-20,147.80249326792358
-19,-20,50.0
-19,-20,50.0
-19,-19,50.0
-19,-19,50.0
-19,-19,50.0
-19,-19,50.0
-19,-19,50.0
-18,-19,50.0
-18,-19,50.0
-18,-19,50.0
-18,-19,50.0
-18,-19,50.0
-19,-19,50.0
-19,-19,50.0
-19,-19,50.0
-19,-19,50.0
-19,-19,50.0
-19,-18,50.0
-19,-18,50.0
-19,-18,50.0
-19,-18,50.0
-19,-18,247.75459912173403
-20,-18,50.0
-20,-18,50.0
-20,-18,50.0
-20,-18,50.0
-20,-18,50.0
-20,-17,50.0
-20,-17,50.0
-20,-17,50.0
-20,-17,401.7628913714417
-20,-17,50.0
-19,-17,50.0
-19,-17,50.0
-19,-17,50.0
-19,-17,50.0
-19,-17,50.0
-19,-16,50.0
-19,-16,401.30962674338264
-19,-16,50.0
-19,-16,119.30220040773622
-19,-16,50.0
-18,-16,50.0
-18,-16,50.0
-18,-16,50.0
-18,-16,50.0
-18,-16,50.0
-17,-16,340.9385836891007
-17,-16,83.56164354644932
-17,-16,50.0
-17,-16,101.2616057976611
-17,-16,50.0
-16,-16,50.0
-16,-16,50.0
-16,-16,50.0
-16,-16,50.0
-16,-16,50.0
-15,-16,50.0
-15,-16,50.0
-15,-16,50.0
-15,-16,50.0
-15,-16,50.0
-16,-16,50.0
-16,-16,50.0
-16,-16,50.0
-16,-16,50.0
-16,-16,50.0
-15,-16,50.0
-15,-16,50.0
-15,-16,84.67653373501707
-15,-16,50.0
-15,-16,50.0
-16,-16,50.0
-16,-16,50.0
-16,-16,50.0
-16,-16,50.0
-16,-16,50.0
-16,-15,50.0
-16,-15,50.0
-16,-15,50.0
-16,-15,155.5157079531968
-16,-15,50.0
-15,-15,50.0
-15,-15,167.32525063294554
-15,-15,50.0
-15,-15,50.0
-15,-15,50.0
-15,-14,163.54295737381307
-15,-14,96.00147566726227
-15,-14,61.275652972598365
-15,-14,50.0
-15,-14,50.0
-15,-13,50.0
-15,-13,50.0
-15,-13,67.1571163878055
-15,-13,609.5972070112794
-15,-13,50.0
-16,-13,50.0
-16,-13,354.0855041152182
-16,-13,50.0
-16,-13,50.0
-16,-13,50.0
-17,-13,50.0
-17,-13,50.0
-17,-13,50.0
-17,-13,50.0
-17,-13,50.0
-17,-12,161.94373711837324
-17,-12,288.2552851229367
-17,-12,85.5605641545867
-17,-12,50.0
-17,-12,78.5601093152614
-16,-12,50.0
-16,-12,50.0
-16,-12,50.0
-16,-12,50.0
-16,-12,50.0
-15,-12,156.79833865737186
-15,-12,463.6042382156794
-15,-12,50.0
-15,-12,50.0
-15,-12,900.0
-14,-12,177.18137317239368
-14,-12,50.0
-14,-12,50.0
-14,-12,50.0
-14,-12,50.0
-13,-12,50.0
-13,-12,486.14171357184387
-13,-12,50.0
-13,-12,50.0
-13,-12,50.0
-12,-12,419.2333635610038
-12,-12,174.86029958330187
-12,-12,120.85324833719484
-12,-12,714.1088584245529
-12,-12,98.8083204155981
-11,-12,50.0
-11,-12,50.0
-11,-12,50.0
-11,-12,152.41589081746244
-11,-12,50.0
-10,-12,730.40767133576
-10,-12,364.85251087198634
-10,-12,50.0
-10,-12,50.0
-10,-12,50.0
-10,-11,50.0
-10,-11,50.0
-10,-11,75.68144612748434
-10,-11,50.0
-10,-11,109.77621895505155
-11,-11,50.0
-11,-11,50.0
-11,-11,50.0
-11,-11,50.0
-11,-11,50.0
-10,-11,50.0
-10,-11,89.60289234252957
-10,-11,50.0
-10,-11,334.4875955596346
-10,-11,580.8955867898909
-10,-10,258.31880253068005
-10,-10,50.0
-10,-10,157.22984461093387
-10,-10,50.0
-10,-10,50.0
-9,-10,600.6314511385692
-9,-10,50.0
-9,-10,683.3686447448922
-9,-10,799.1981880817693
-9,-10,826.6887576083589
-8,-10,567.0415420785694
-8,-10,50.0
-8,-10,237.1912803547106
-8,-10,116.21036859373353
-8,-10,50.0
-7,-10,241.37343417099936
-7,-10,237.73519706296753
-7,-10,50.0
-7,-10,85.15961922501828
-7,-10,676.7935140778114
-6,-10,214.942930476289
-6,-10,50.0
-6,-10,181.44805909405187
-6,-10,218.08569092363498
-6,-10,117.37210278776189
-5,-10,603.3506224003107
-5,-10,59.11976284229871
-5,-10,519.5808581701657
-5,-10,279.96706693780715
-5,-10,560.0015945267992
-4,-10,182.10456889152195
-4,-10,465.249564091692
-4,-10,50.0
-4,-10,158.44053672807883
-4,-10,506.0614647255396
-3,-10,855.1633381828666
-3,-10,490.23893279818543
-3,-10,50.0
-3,-10,340.18455188608783
-3,-10,624.7113813437496
-3,-9,618.1357366676714
-3,-9,577.4461344175335
-3,-9,744.1071070279404
-3,-9,861.919187881893
-3,-9,146.33360701628158
-4,-9,50.0
-4,-9,50.0
-4,-9,70.91221949283894
-4,-9,280.9801313218193
-4,-9,314.96408701452424
-3,-9,338.0986886304017
-3,-9,383.86554810144287
-3,-9,553.416388289878
-3,-9,452.84725148695406
-3,-9,254.3190685519119
-3,-8,402.6934701176138
-3,-8,343.4008698344953
-3,-8,50.0
-3,-8,50.0
-3,-8,194.38049399401615
-3,-7,739.594014392344
-3,-7,530.6678050702844
-3,-7,900.0
-3,-7,525.0988827425749
-3,-7,368.2242847828239
-3,-6,534.4232877481693
-3,-6,702.8542952050552
-3,-6,431.97687263516855
-3,-6,50.0
-3,-6,345.9041066823288
-2,-6,765.297380920976
-2,-6,473.119165469079
-2,-6,354.09839584734794
-2,-6,671.0433278336907
-2,-6,390.5361387804827
-2,-7,343.1389471976045
-2,-7,900.0
-2,-7,900.0
-2,-7,504.26259332188573
-2,-7,325.28808931371054
-1,-7,296.7464169205046
-1,-7,50.0
-1,-7,340.79151238986054
-1,-7,900.0
-1,-7,795.1989144468123
-1,-6,392.64834628251333
-1,-6,395.921455128018
-1,-6,50.0
-1,-6,411.09053375660363
-1,-6,256.7808281815185
0,-6,50.0
0,-6,693.0976987953447
0,-6,705.3706449938752
0,-6,50.0
0,-6,422.97959922754484
0,-5,706.9003975398675
0,-5,50.0
0,-5,214.85675950609868
0,-5,204.2887606721658
0,-5,273.1751712539773
1,-5,363.9903040330001
1,-5,577.8065648246595
1,-5,900.0
1,-5,602.3598557138672
1,-5,900.0
2,-5,680.8226326612545
2,-5,576.1805966764633
2,-5,433.6180091243341
2,-5,296.3767541912421
2,-5,900.0
2,-4,900.0
2,-4,615.5952731396682
2,-4,900.0
2,-4,184.6017178158238
2,-4,647.1220378906397
1,-4,727.0272661698853
1,-4,404.45458882199233
1,-4,469.6603438801119
1,-4,206.6434028363911
1,-4,738.4537926482501
2,-4,900.0
2,-4,210.00672477975837
2,-4,135.3747507492804
2,-4,734.3637288942302
2,-4,576.9344048831473
2,-3,680.338843889853
2,-3,653.8100612912975
2,-3,900.0
2,-3,900.0
2,-3,900.0
3,-3,636.0391098378601
3,-3,796.5649593487599
3,-3,606.7325603926517
3,-3,50.0
3,-3,652.9084275675901
4,-3,618.7168507883396
4,-3,388.60474471051
4,-3,900.0
4,-3,480.0308348030734
4,-3,340.7032471266243
5,-3,50.0
5,-3,443.31914742572513
5,-3,659.5071164694074
5,-3,190.80302020630407
5,-3,342.1604651314956
6,-3,663.0610967054723
6,-3,50.0
6,-3,877.841814579336
6,-3,512.1304150270455
6,-3,367.7195033974261
5,-3,311.81521651266144
5,-3,493.8618186051014
5,-3,900.0
5,-3,900.0
5,-3,637.0571644710483
6,-3,313.2273397426676
6,-3,50.0
6,-3,78.00729101127155
6,-3,493.5961503744284
6,-3,380.6314368889382
6,-2,303.10236572971695
6,-2,208.94080276263162
6,-2,900.0
6,-2,50.0
6,-2,534.138525874049
6,-1,161.91968784708206
6,-1,680.4716774132517
6,-1,282.6396831868672
6,-1,605.7619866930356
6,-1,578.9791739806923
6,0,555.3335059580731
6,0,803.8413952855234
6,0,633.95920945095
6,0,736.9978583890979
6,0,50.0
6,1,900.0
6,1,692.3637763418409
6,1,180.5964849479576
6,1,353.9098140969579
6,1,900.0
7,1,795.9492233982376
7,1,900.0
7,1,738.9516886275583
7,1,718.5397671758413
7,1,373.66330031055634
8,1,283.14560238788954
8,1,349.5325739141045
8,1,50.0
8,1,116.03640871848643
8,1,857.1685794393699
9,1,533.9748736259249
9,1,250.27338519442657
9,1,230.53694471943152
9,1,220.99536610807485
9,1,50.0
9,2,380.34221125271154
9,2,618.44226063382
9,2,490.78813549015024
9,2,252.71959398878562
9,2,50.498012636563885
10,2,415.4634899493208
10,2,50.0
10,2,315.14471261072663
10,2,702.4358490823029
10,2,65.95476905968877
11,2,182.2701491999953
11,2,50.0
11,2,791.3397108399693
11,2,163.64336525581604
11,2,417.2092076279373
11,3,50.0
11,3,50.0
11,3,900.0
11,3,693.0090479904536
11,3,50.0
12,3,50.0
12,3,95.12679575588194
12,3,50.0
12,3,424.104902661314
12,3,50.0
13,3,161.51446368431098
13,3,584.4721166545266
13,3,50.0
13,3,400.0010452953427
13,3,398.7329798512479
14,3,555.4199221706077
14,3,50.0
14,3,50.0
14,3,50.0
14,3,187.96275720012255
15,3,180.74393494991742
15,3,50.0
15,3,398.6715140250258
15,3,50.0
15,3,160.18536029257106
15,4,176.7178900946766
15,4,794.3356415495301
15,4,349.5566180865063
15,4,50.0
15,4,637.1532567213659
16,4,69.23865012048985
16,4,50.0
16,4,50.0
16,4,50.0
16,4,295.5191881004825
15,4,709.0353965466218
15,4,50.0
15,4,257.8424625612917
15,4,71.25164222136702
15,4,50.0
14,4,327.7423199279457
14,4,50.0
14,4,164.36618965715223
14,4,214.22219002927162
14,4,50.0
15,4,50.0
15,4,50.0
15,4,146.02544897572838
15,4,601.1066652655863
15,4,512.7277671162545
14,4,50.0
14,4,333.02219852934024
14,4,50.0
14,4,314.97592314501634
14,4,354.65004284924953
13,4,50.0
13,4,50.0
13,4,508.49373539421424
13,4,50.0
13,4,900.0
12,4,220.01598770037754
12,4,50.0
12,4,821.3038756426016
12,4,50.0
12,4,348.1798993349571
11,4,82.71623738151042
11,4,190.40528572630183
11,4,313.86741653369506
11,4,73.13740319549746
11,4,50.0
12,4,473.6995842349714
12,4,374.7157038123788
12,4,690.0683297454092
12,4,405.8437117317889
12,4,50.0
11,4,233.80297829981686
11,4,50.0
11,4,79.37232114571503
11,4,746.2727741217503
11,4,664.3510113011628
10,4,167.01239191469278
10,4,50.0
10,4,50.0
10,4,379.4548634362309
10,4,694.2671670679196
9,4,419.0866734131835
9,4,775.109140753543
9,4,900.0
9,4,50.0
9,4,645.7495833406921
10,4,137.7157377157644
10,4,201.87058355009532
10,4,93.12212591467039
10,4,138.29691754735936
10,4,900.0
10,5,395.15636515524085
10,5,50.0
10,5,50.0
10,5,50.0
10,5,50.0
9,5,50.0
9,5,900.0
9,5,353.51440182279424
9,5,216.00473702610202
9,5,177.75890766405794
8,5,110.17462529974188
8,5,370.0712093953263
8,5,792.8811989756878
8,5,50.0
8,5,50.0
7,5,50.0
7,5,608.0480485154599
7,5,507.9302189814488
7,5,504.5676288750185
7,5,374.07365564945565
6,5,768.2710778619376
6,5,327.43311634898663
6,5,374.3616241563524
6,5,900.0
6,5,336.7517829432618
5,5,298.4125127386787
5,5,235.43480312160108
5,5,50.0
5,5,428.53844008224667
5,5,899.1357947305207
4,5,50.0
4,5,383.50977827682084
4,5,491.98428091071895
4,5,505.9389976214498
4,5,306.29210137095777
3,5,900.0
3,5,553.972873522363
3,5,605.2267782847945
3,5,174.8630759915152
3,5,900.0
2,5,775.999541065353
2,5,411.4053037499889
2,5,900.0
2,5,827.6315336125931
2,5,334.1357333417678
3,5,67.58783312560817
3,5,900.0
3,5,624.2554499261792
3,5,850.8155806818817
3,5,667.9999731045864
2,5,900.0
2,5,681.3029431426124
2,5,900.0
2,5,417.32965571241897
2,5,444.5101332390589
2,6,900.0
2,6,513.2371188975334
2,6,621.8475344319043
2,6,900.0
2,6,900.0
2,7,264.3328126861436
2,7,589.4571012396107
2,7,900.0
2,7,60.97080128089755
2,7,370.1019560210872
1,7,247.2101072004849
1,7,50.0
1,7,712.9863203947123
1,7,900.0
1,7,526.3784218254021
1,8,780.6856455237335
1,8,87.37589725952608
1,8,171.02098336191796
1,8,217.13895139591324
1,8,141.93349707371243
1,9,634.6393036349448
1,9,352.30513919778605
1,9,647.0452450179762
1,9,552.0600079289476
1,9,184.28675506120493
0,9,50.0
0,9,373.272011922263
0,9,420.86949398195384
0,9,677.0036076438506
0,9,900.0
-1,9,900.0
-1,9,54.32508570817458
-1,9,564.8019101598402
-1,9,487.84671375839406
-1,9,535.4134941777255
-2,9,434.8728575463376
-2,9,50.0
-2,9,356.21472637231
-2,9,493.01122761130074
-2,9,50.0
-2,10,50.0
-2,10,292.07102601452226
-2,10,445.0967088972891
-2,10,445.5356404098956
-2,10,50.0
-3,10,50.0
-3,10,518.6426201619121
-3,10,702.0548184613269
-3,10,458.4926641866183
-3,10,527.8924966509512
-4,10,356.216211256297
-4,10,549.5409572236458
-4,10,50.0
-4,10,50.0
-4,10,780.2798803803247
-4,11,50.0
-4,11,761.3089200120002
-4,11,836.485044856686
-4,11,50.0
-4,11,698.5114887260114
-5,11,380.33858856859194
-5,11,468.69444169799834
-5,11,596.6231109439775
-5,11,50.0
-5,11,50.0
-6,11,429.98087174565023
-6,11,150.46796021419556
-6,11,50.0
-6,11,427.36153610959514
-6,11,50.0
-7,11,50.0
-7,11,351.00075690710787
-7,11,71.91896859956752
-7,11,153.47386899158235
-7,11,603.423498612281
-8,11,132.31461953073253
-8,11,497.3955884644791
-8,11,520.6511188925705
-8,11,50.0
-8,11,50.0
-9,11,50.0
-9,11,50.0
-9,11,334.1181946782973
-9,11,50.0
-9,11,377.641094499256
-9,12,50.0
-9,12,50.0
-9,12,50.0
-9,12,257.1469236238772
-9,12,51.43910806158313
-8,12,50.0
-8,12,50.0
-8,12,62.14680502019901
-8,12,180.96252294916903
-8,12,196.5573845498492
-9,12,50.0
-9,12,64.14322920585782
-9,12,470.9939101559202
-9,12,244.3563311337493
-9,12,209.01881508197772
-10,12,408.4177690223446
-10,12,50.0
-10,12,50.0
-10,12,779.8164146248581
-10,12,541.3785217118708
-11,12,50.0
-11,12,158.02985900130508
-11,12,50.0
-11,12,109.39193169619406
-11,12,254.05158003352673
-12,12,70.28796287198583
-12,12,50.0
-12,12,483.565323032721
-12,12,50.0
-12,12,50.0
-12,13,50.0
-12,13,50.0
-12,13,306.5974533483067
-12,13,50.0
-12,13,50.0
-12,14,314.0589689352845
-12,14,50.0
-12,14,621.3801369452405
-12,14,50.0
-12,14,50.0
-12,15,396.2721967335861
-12,15,50.0
-12,15,374.4824806549434
-12,15,65.91829246098263
-12,15,50.0
-13,15,358.51311587885965
-13,15,50.0
-13,15,50.0
-13,15,50.0
-13,15,50.0
-12,15,50.0
-12,15,688.4607699513231
-12,15,525.914170141493
-12,15,274.6229290122651
-12,15,50.0
-12,16,50.0
-12,16,50.0
-12,16,50.0
-12,16,50.0
-12,16,50.0
-13,16,310.69929227890043
