-12,15,100.0
-12,15,100.0
-12,14,100.0
-12,14,100.0
-12,14,1063.6826774521576
-12,13,100.0
-12,13,100.0
-12,13,222.6227345783859
-12,12,100.0
-12,12,100.0
-12,12,100.0
-13,12,281.3993450870693
-13,12,570.5022195879662
-13,12,100.0
-14,12,270.5593219978579
-14,12,100.0
-14,12,100.0
-15,12,100.0
-15,12,417.9898435351106
-15,12,100.0
-15,13,100.0
-15,13,100.0
-15,13,100.0
-15,12,100.0
-15,12,100.0
-15,12,100.0
-15,11,158.8088445333501
-15,11,100.0
-15,11,100.0
-15,10,119.80763017860795
-15,10,100.0
-15,10,100.0
-15,9,326.54468249145015
-15,9,100.0
-15,9,346.79724386131795
-15,10,100.0
-15,10,100.0
-15,10,366.91094853888575
-15,9,100.0
-15,9,100.0
-15,9,100.0
-15,10,206.0482912381675
-15,10,577.2739225006072
-15,10,417.28088219049795
-15,9,353.002270472444
-15,9,1316.966763105543
-15,9,100.0
-15,8,100.0
-15,8,281.91088650807325
-15,8,259.3377643656213
-15,7,100.0
-15,7,917.5290877038018
-15,7,288.81491780672684
-15,8,100.0
-15,8,100.0
-15,8,100.0
-15,7,837.7629216961029
-15,7,260.79706613824885
-15,7,100.0
-15,6,100.0
-15,6,100.0
-15,6,100.0
-15,5,107.72317796812152
-15,5,644.596996947248
-15,5,100.0
-15,4,343.177262070187
-15,4,527.4786299839099
-15,4,564.9355921548413
-16,4,441.82129649307154
-16,4,475.28645954344506
-16,4,506.8492981084522
-16,3,240.2909128030363
-16,3,100.0
-16,3,100.0
-16,2,100.0
-16,2,100.0
-16,2,100.0
-16,1,1170.8294266798744
-16,1,825.3013989796743
-16,1,123.04006145732365
-17,1,737.0877870451019
-17,1,955.663501156841
-17,1,100.0
-17,0,100.0
-17,0,100.0
-17,0,100.0
-17,-1,100.0
-17,-1,100.0
-17,-1,100.0
-18,-1,100.0
-18,-1,100.0
-18,-1,100.0
-18,-2,337.767542685344
-18,-2,100.0
-18,-2,497.6149356288136
-18,-3,100.0
-18,-3,100.0
-18,-3,100.0
-18,-4,100.0
-18,-4,389.31593986548705
-18,-4,1033.9433603934035
-18,-3,315.2629062349045
-18,-3,100.0
-18,-3,282.5612912487734
-18,-4,127.75274448700816
-18,-4,342.6266399988914
-18,-4,100.0
-18,-5,100.0
-18,-5,100.0
-18,-5,100.0
-18,-6,100.0
-18,-6,1800.0
-18,-6,100.0
-18,-7,687.6047042052315
-18,-7,100.0
-18,-7,100.0
-18,-8,100.0
-18,-8,100.0
-18,-8,100.0
-18,-9,100.0
-18,-9,315.5545537321966
-18,-9,100.0
-18,-10,100.0
-18,-10,100.0
-18,-10,100.0
-18,-11,100.0
-18,-11,100.0
-18,-11,100.0
-18,-10,100.0
-18,-10,893.301119517723
-18,-10,100.0
-17,-10,100.0
-17,-10,100.0
-17,-10,100.0
-18,-10,122.15624223543546
-18,-10,100.0
-18,-10,100.0
-18,-9,100.0
-18,-9,100.0
-18,-9,229.49626152757395
-18,-10,100.0
-18,-10,100.0
-18,-10,265.907370757011
-18,-11,100.0
-18,-11,100.0
-18,-11,100.0
-18,-12,100.0
-18,-12,100.0
-18,-12,100.0
-18,-13,910.9806884743282
-18,-13,100.0
-18,-13,100.0
-18,-14,100.0
-18,-14,100.0
-18,-14,251.92676607776968
-18,-15,100.0
-18,-15,100.0
-18,-15,100.0
-18,-16,100.0
-18,-16,100.0
-18,-16,685.494552619856
-18,-17,100.0
-18,-17,100.0
-18,-17,100.0
-17,-17,100.0
-17,-17,100.0
-17,-17,100.0
-17,-18,100.0
-17,-18,100.0
-17,-18,245.57750005259868
-17,-19,100.0
-17,-19,100.0
-17,-19,100.0
-16,-19,100.0
-16,-19,100.0
-16,-19,100.0
-17,-19,100.0
-17,-19,100.0
-17,-19,100.0
-18,-19,100.0
-18,-19,100.0
-18,-19,100.0
-19,-19,100.0
-19,-19,100.0
-19,-19,100.0
-19,-20,100.0
-19,-20,100.0
-19,-20,100.0
-18,-20,100.0
-18,-20,100.0
-18,-20,100.0
-19,-20,100.0
-19,-20,100.0
-19,-20,100.0
-20,-20,100.0
-20,-20,100.0
-20,-20,100.0
-19,-20,104.21317658715645
-19,-20,100.0
-19,-20,149.18489537417975
-19,-19,100.0
-19,-19,100.0
-19,-19,100.0
-18,-19,100.0
-18,-19,100.0
-18,-19,100.0
-19,-19,137.4369262821101
-19,-19,100.0
-19,-19,100.0
-19,-18,100.0
-19,-18,100.0
-19,-18,100.0
-20,-18,100.0
-20,-18,100.0
-20,-18,100.0
-20,-17,100.0
-20,-17,100.0
-20,-17,100.0
-19,-17,100.0
-19,-17,100.0
-19,-17,100.0
-19,-16,100.0
-19,-16,100.0
-19,-16,100.0
-18,-16,100.0
-18,-16,100.0
-18,-16,100.0
-17,-16,311.3297641684144
-17,-16,544.8739876782331
-17,-16,100.0
-16,-16,100.0
-16,-16,100.0
-16,-16,100.0
-15,-16,100.0
-15,-16,196.47361448191975
-15,-16,772.025934593976
-16,-16,100.0
-16,-16,100.0
-16,-16,100.0
-15,-16,100.0
-15,-16,100.0
-15,-16,100.0
-16,-16,282.8814151100612
-16,-16,100.0
-16,-16,100.0
-16,-15,100.0
-16,-15,100.0
-16,-15,100.0
-15,-15,100.0
-15,-15,100.0
-15,-15,100.0
-15,-14,100.0
-15,-14,100.0
-15,-14,100.0
-15,-13,100.0
-15,-13,100.0
-15,-13,100.0
-16,-13,100.0
-16,-13,100.0
-16,-13,100.0
-17,-13,100.0
-17,-13,188.78568599450182
-17,-13,100.0
-17,-12,100.0
-17,-12,392.525921366488
-17,-12,100.0
-16,-12,100.0
-16,-12,100.0
-16,-12,333.54996437048055
-15,-12,175.41233842531267
-15,-12,269.89404279093003
-15,-12,100.0
-14,-12,784.7470336639034
-14,-12,297.30157001513567
-14,-12,100.0
-13,-12,648.1639031377197
-13,-12,1390.6174436341882
-13,-12,100.0
-12,-12,100.0
-12,-12,105.87408098916214
-12,-12,100.0
-11,-12,560.2457995171593
-11,-12,100.0
-11,-12,100.0
-10,-12,563.6466498635723
-10,-12,818.8602144018525
-10,-12,100.0
-10,-11,100.0
-10,-11,111.17777169963773
-10,-11,1230.4905548178863
-11,-11,281.77118230274147
-11,-11,681.7350827655833
-11,-11,100.0
-10,-11,100.0
-10,-11,712.5279438762516
-10,-11,100.0
-10,-10,100.0
-10,-10,100.0
-10,-10,572.857391237301
-9,-10,408.5198584392796
-9,-10,237.06582197262202
-9,-10,673.5202862922567
-8,-10,100.0
-8,-10,233.7963879882893
-8,-10,1142.2595348700756
-7,-10,970.426352554347
-7,-10,115.27305055430664
-7,-10,110.68933419316215
-6,-10,100.0
-6,-10,100.0
-6,-10,523.3192343080242
-5,-10,239.93944074976815
-5,-10,186.48921760709476
-5,-10,282.0173270729522
-4,-10,328.97934607197897
-4,-10,305.5974662892986
-4,-10,100.0
-3,-10,400.5944875200601
-3,-10,156.23993797099865
-3,-10,100.0
-3,-9,512.099734891504
-3,-9,752.8838430813533
-3,-9,1766.3294123037106
-4,-9,100.0
-4,-9,339.6003406733412
-4,-9,100.0
-3,-9,120.46749600412608
-3,-9,687.9676956927477
-3,-9,342.3230947826032
-3,-8,1283.0280233481103
-3,-8,435.85158282974294
-3,-8,1529.5266225287464
-3,-7,100.0
-3,-7,679.2896158186264
-3,-7,1608.1093583695033
-3,-6,1234.8454756952667
-3,-6,1287.304967040991
-3,-6,353.979667047592
-2,-6,100.0
-2,-6,134.4354092508495
-2,-6,1163.7013735572118
-2,-7,1800.0
-2,-7,1246.4604231184344
-2,-7,606.2366258910472
-1,-7,858.4624719047652
-1,-7,800.7995514987616
-1,-7,330.5007673787256
-1,-6,100.0
-1,-6,766.3458063276768
-1,-6,978.3759821786216
0,-6,1800.0
0,-6,100.0
0,-6,625.0361903553555
0,-5,581.7232201376125
0,-5,1088.4941371877312
0,-5,588.8143948930856
1,-5,1800.0
1,-5,1800.0
1,-5,749.9380939175393
2,-5,100.50029516531015
2,-5,1503.9782910370936
2,-5,1217.7274348554126
2,-4,1726.744661798422
2,-4,1800.0
2,-4,100.0
1,-4,100.0
1,-4,534.7774652504482
1,-4,665.3567178239103
2,-4,1800.0
2,-4,849.7118647901295
2,-4,911.387690820844
2,-3,1800.0
2,-3,111.53810564235118
2,-3,617.3705698859
3,-3,1332.635483983876
3,-3,986.275879397094
3,-3,1303.8938776322243
4,-3,325.30530758918667
4,-3,409.25725577019455
4,-3,1255.9490067017055
5,-3,100.0
5,-3,937.2847904741238
5,-3,861.492379478805
6,-3,100.0
6,-3,1129.4507170780423
6,-3,100.0
5,-3,1800.0
5,-3,538.2881814783711
5,-3,416.1023159273372
6,-3,1255.8076961081624
6,-3,100.0
6,-3,182.1229048341982
6,-2,100.0
6,-2,1800.0
6,-2,534.9779793453088
6,-1,480.4487547100953
6,-1,899.444208190673
6,-1,601.5348857169495
6,0,967.8266346343621
6,0,618.1819027192447
6,0,308.05407372017805
6,1,640.1128637554561
6,1,237.3347409481068
6,1,100.0
7,1,434.2191934292686
7,1,997.53623149583
7,1,537.1164129910211
8,1,743.1365721130039
8,1,100.0
8,1,511.6096860214048
9,1,1327.1819327313044
9,1,1354.528553874155
9,1,1540.5878368319063
9,2,645.9726101154039
9,2,100.0
9,2,653.4564561993243
10,2,715.6360917540051
10,2,100.0
10,2,100.0
11,2,198.3216519152815
11,2,100.0
11,2,592.173578935348
11,3,384.3447287225264
11,3,100.0
11,3,924.0055597748981
12,3,887.3572839466891
12,3,100.0
12,3,1008.5262608981076
13,3,100.0
13,3,100.0
13,3,100.0
14,3,100.0
14,3,208.08790582925025
14,3,100.0
15,3,1338.278556546397
15,3,889.385573246693
15,3,100.0
15,4,100.0
15,4,100.0
15,4,100.0
16,4,397.1511951810823
16,4,100.0
16,4,100.0
15,4,100.0
15,4,100.0
15,4,100.0
14,4,100.0
14,4,424.3300162186868
14,4,100.0
15,4,142.94398630159944
15,4,100.0
15,4,610.6190402095577
14,4,1090.8484314658153
14,4,100.0
14,4,100.0
13,4,100.0
13,4,217.3046677416745
13,4,100.0
12,4,1323.2858868809399
12,4,106.3108517454913
12,4,100.0
11,4,758.0455445942853
11,4,540.7555670190524
11,4,922.8387010001752
12,4,1363.8539216354152
12,4,100.0
12,4,100.0
11,4,100.0
11,4,294.57913020512575
11,4,748.6329434926495
10,4,1020.0810798190574
10,4,100.0
10,4,1626.9608915894319
9,4,519.8811445882782
9,4,461.46842434131213
9,4,809.7114327335914
10,4,494.3356907815887
10,4,1496.2411776561153
10,4,1641.0605081732442
10,5,794.5660151968951
10,5,384.03773786888615
10,5,547.3192598263583
9,5,100.0
9,5,100.0
9,5,100.0
8,5,371.9677223256087
8,5,871.1064338592788
8,5,100.0
7,5,100.0
7,5,591.1621253842471
7,5,1369.3339475289795
6,5,999.6341791148859
6,5,514.8468656841169
6,5,100.0
5,5,681.6254123058147
5,5,100.0
5,5,527.1234570399403
4,5,852.8042296440175
4,5,1375.2501656022266
4,5,1320.0476074440558
