15,8,50.0
15,8,900.0
15,8,50.0
15,8,389.50983901287384
16,8,50.0
16,8,50.0
16,8,50.0
16,8,50.0
16,8,50.0
15,8,87.52656304408552
15,8,544.061042136274
15,8,50.0
15,8,206.92580052807733
15,8,50.0
16,8,554.8470781788817
16,8,167.7803010667886
16,8,50.0
16,8,370.2754995356597
16,8,50.0
17,8,81.11005677897971
17,8,50.0
17,8,50.0
17,8,85.6308932269927
17,8,460.5721828630876
18,8,106.21231507419202
18,8,50.0
18,8,50.0
18,8,63.70168476748225
18,8,50.0
19,8,282.70584613589455
19,8,144.7065642193565
19,8,50.0
19,8,50.0
19,8,120.71337037070764
20,8,61.293272378824696
20,8,128.99675450051683
20,8,435.3963592440059
20,8,50.0
20,8,50.0
20,7,50.0
20,7,410.48526503556445
20,7,50.0
20,7,223.60300053672205
20,7,50.0
20,6,53.10046494624436
20,6,205.00990205196416
20,6,50.0
20,6,504.0758214958223
20,6,219.8263931424923
19,6,50.0
19,6,50.0
19,6,50.0
19,6,71.14896373420817
19,6,50.0
19,5,50.0
19,5,50.0
19,5,50.0
19,5,50.0
19,5,50.0
18,5,50.0
18,5,50.0
18,5,50.0
18,5,50.0
18,5,264.62336704252175
18,4,50.0
18,4,50.0
18,4,50.0
18,4,50.0
18,4,50.0
17,4,50.0
17,4,50.0
17,4,555.8190369484441
17,4,50.0
17,4,587.7515911529923
17,3,900.0
17,3,50.0
17,3,50.0
17,3,50.0
17,3,156.8410777330828
16,3,317.54359432775095
16,3,81.00910271256623
16,3,539.9972696161866
16,3,50.0
16,3,50.0
17,3,50.0
17,3,50.0
17,3,261.871532905982
17,3,50.0
17,3,50.0
17,4,50.0
17,4,50.0
17,4,767.9283980553876
17,4,50.0
17,4,96.9905680670335
17,3,50.0
17,3,528.0352628260695
17,3,50.0
17,3,116.90857064440615
17,3,50.0
17,2,618.7186392154722
17,2,50.0
17,2,212.65441953312137
17,2,900.0
17,2,50.0
17,1,50.0
17,1,50.0
17,1,78.4506891939183
17,1,50.0
17,1,50.0
16,1,88.4339374482969
16,1,859.1621489008697
16,1,50.0
16,1,451.8466516962862
16,1,409.9741962040806
15,1,205.11972779010426
15,1,50.0
15,1,191.5131560939471
15,1,334.88480083782855
15,1,286.18600957637375
14,1,743.7085483426762
14,1,50.0
14,1,50.0
14,1,249.8547154075353
14,1,110.63615360224611
13,1,50.0
13,1,479.05144197613475
13,1,166.7554877366852
13,1,50.0
13,1,50.0
13,0,900.0
13,0,900.0
13,0,50.0
13,0,50.0
13,0,161.4101419842759
12,0,369.7505418241707
12,0,398.4359946997198
12,0,50.0
12,0,50.0
12,0,50.0
11,0,50.0
11,0,900.0
11,0,445.9301939345351
11,0,759.7565248475767
11,0,219.53165091238336
11,-1,391.9301451121352
11,-1,302.49507646200146
11,-1,381.27603068674193
11,-1,900.0
11,-1,152.0738848726387
10,-1,534.0539427634179
10,-1,479.1190245352469
10,-1,122.3782305469611
10,-1,824.7310527817638
10,-1,437.3568756712417
10,-2,373.02581886024075
10,-2,766.2789182867648
10,-2,50.0
10,-2,192.38203536968538
10,-2,389.32358849790444
10,-3,444.426554055445
10,-3,231.78898877537853
10,-3,114.84519500330731
10,-3,900.0
10,-3,368.7132044879696
11,-3,212.94301519282058
11,-3,637.3782310742516
11,-3,155.70635520022938
11,-3,401.50006544368273
11,-3,440.817885533041
10,-3,235.89681982825675
10,-3,547.6509679129656
10,-3,50.0
10,-3,50.0
10,-3,50.0
10,-4,50.0
10,-4,50.0
10,-4,50.0
10,-4,262.62140916648775
10,-4,900.0
11,-4,50.0
11,-4,458.6046620534153
11,-4,748.9355211617608
11,-4,50.0
11,-4,502.48448763839644
11,-5,900.0
11,-5,755.9946648299358
11,-5,799.9278322481003
11,-5,50.0
11,-5,50.0
11,-6,50.0
11,-6,306.90926999290184
11,-6,50.0
11,-6,50.0
11,-6,50.0
11,-7,669.7260945418161
11,-7,689.8273753429911
11,-7,817.9932051596799
11,-7,403.54930080101997
11,-7,50.0
11,-8,50.0
11,-8,900.0
11,-8,275.5722581609557
11,-8,434.65295640566023
11,-8,120.61657514781805
10,-8,158.46127658266508
10,-8,226.0830868529835
10,-8,50.0
10,-8,50.0
10,-8,222.70089167026066
9,-8,799.6459428103925
9,-8,50.0
9,-8,630.4625700174005
9,-8,533.7442140846175
9,-8,61.880877163139075
8,-8,50.0
8,-8,900.0
8,-8,442.9764629665294
8,-8,63.7197594101998
8,-8,525.3506486344376
8,-9,900.0
8,-9,50.0
8,-9,416.561749692896
8,-9,700.3015440392763
8,-9,805.7836417175005
8,-8,50.0
8,-8,412.9798101181643
8,-8,108.75532553524657
8,-8,470.5979520358043
8,-8,676.1518922731245
7,-8,50.0
7,-8,900.0
7,-8,58.869233453394486
7,-8,900.0
7,-8,900.0
6,-8,50.0
6,-8,115.3896716547938
6,-8,776.8097433489966
6,-8,857.6989335603095
6,-8,123.94784219288374
6,-9,134.18543514280256
6,-9,50.0
6,-9,50.0
6,-9,66.68782489461898
6,-9,565.5197722285666
6,-10,520.4958145330032
6,-10,564.4572244869493
6,-10,496.97898823002333
6,-10,467.16222378314563
6,-10,276.89769041534396
6,-11,50.0
6,-11,50.0
6,-11,50.0
6,-11,50.0
6,-11,466.42969496747776
6,-12,900.0
6,-12,109.61232061780467
6,-12,900.0
6,-12,56.664069289092936
6,-12,50.0
6,-13,564.2105879487241
6,-13,50.0
6,-13,461.67423427736856
6,-13,705.3527910828259
6,-13,97.84706764703341
6,-14,660.8410013546306
6,-14,50.0
6,-14,50.0
6,-14,50.0
6,-14,555.1027259192189
5,-14,276.02535015747054
5,-14,50.0
5,-14,801.2342847979693
5,-14,133.006178511942
5,-14,900.0
5,-15,708.0687468195835
5,-15,50.0
5,-15,50.0
5,-15,355.9637546753873
5,-15,361.7449076773216
4,-15,50.0
4,-15,127.73302882681092
4,-15,328.8977213373669
4,-15,50.0
4,-15,275.77569478187837
5,-15,50.0
5,-15,50.0
5,-15,50.0
5,-15,541.6696898193002
5,-15,197.62036642365257
4,-15,50.0
4,-15,50.0
4,-15,387.0671991344817
4,-15,210.7555314288847
4,-15,50.0
5,-15,50.0
5,-15,50.0
5,-15,50.0
5,-15,50.0
5,-15,50.0
4,-15,50.0
4,-15,50.0
4,-15,50.0
4,-15,524.2091752037124
4,-15,50.0
3,-15,83.7409193014833
3,-15,50.0
3,-15,50.0
3,-15,50.0
3,-15,50.0
3,-16,497.3512381346913
3,-16,50.0
3,-16,61.643570671826474
3,-16,50.0
3,-16,50.0
4,-16,132.65678542369864
4,-16,443.37709172598227
4,-16,50.0
4,-16,754.8929610711976
4,-16,50.0
4,-17,50.0
4,-17,468.78195046394313
4,-17,50.0
4,-17,50.0
4,-17,50.0
5,-17,50.0
5,-17,160.60304625739624
5,-17,50.0
5,-17,312.0265165450694
5,-17,60.3824026170723
4,-17,83.6110513330863
4,-17,50.0
4,-17,50.0
4,-17,50.66167422696086
4,-17,50.0
3,-17,50.0
3,-17,51.60435684467
3,-17,50.0
3,-17,434.4488682809133
3,-17,50.0
2,-17,50.0
2,-17,169.9827077252287
2,-17,581.8502520163704
2,-17,50.0
2,-17,900.0
2,-18,75.84406115999337
2,-18,740.9110763947236
2,-18,50.0
2,-18,557.6387773090478
2,-18,257.7124701126713
2,-19,283.06645487697676
2,-19,50.0
2,-19,769.8111339214864
2,-19,50.0
2,-19,157.6051097470766
2,-20,50.0
2,-20,50.0
2,-20,50.0
2,-20,180.93710063583677
2,-20,308.6214622047207
1,-20,50.0
1,-20,50.0
1,-20,330.94964822905297
1,-20,50.0
1,-20,50.0
2,-20,359.44154950590945
2,-20,50.0
2,-20,50.0
2,-20,50.0
2,-20,81.774551285603
1,-20,50.0
1,-20,50.0
1,-20,50.0
1,-20,50.0
1,-20,349.82270982616194
0,-20,50.0
0,-20,50.0
0,-20,50.0
0,-20,245.2130690245254
0,-20,621.8279458098374
-1,-20,50.0
-1,-20,50.0
-1,-20,50.0
-1,-20,50.0
-1,-20,696.3397436164706
-1,-19,50.0
-1,-19,50.0
-1,-19,900.0
-1,-19,50.0
-1,-19,900.0
0,-19,307.4905057367194
0,-19,50.0
0,-19,50.0
0,-19,191.52286981984395
0,-19,50.0
0,-20,50.0
0,-20,50.0
0,-20,435.47072207411225
0,-20,559.8454806225648
0,-20,50.0
0,-19,852.7147216730491
0,-19,795.853569250435
0,-19,561.9567492683067
0,-19,179.8674999157897
0,-19,699.7858718474804
1,-19,50.0
1,-19,191.61148929406647
1,-19,50.0
1,-19,50.0
1,-19,835.7388514370615
2,-19,392.0145315485518
2,-19,891.4075775976019
2,-19,50.0
2,-19,627.8871263083487
2,-19,652.8797230379894
2,-18,50.0
2,-18,50.0
2,-18,309.8996688677622
2,-18,50.0
2,-18,422.36395502724855
2,-19,50.0
2,-19,50.0
2,-19,250.21587271003233
2,-19,50.0
2,-19,50.0
2,-18,50.0
2,-18,50.0
2,-18,578.185742144971
2,-18,292.3770382953935
2,-18,50.0
2,-17,50.0
2,-17,535.0214404145863
2,-17,50.0
2,-17,50.0
2,-17,50.0
2,-16,50.0
2,-16,109.06214756069991
2,-16,900.0
2,-16,229.49363954432357
2,-16,359.5107736634543
2,-15,136.34162058369225
2,-15,837.4299203965303
2,-15,50.0
2,-15,50.0
2,-15,847.594186389776
2,-14,303.23524796032007
2,-14,307.76318960879547
2,-14,104.2316576835727
2,-14,355.88695531549445
2,-14,800.8626842916627
2,-13,187.36660935798255
2,-13,900.0
2,-13,50.0
2,-13,873.999538073815
2,-13,439.45720892153173
2,-12,50.0
2,-12,300.56578444039616
2,-12,396.5440782262245
2,-12,900.0
2,-12,50.0
2,-11,50.0
2,-11,50.0
2,-11,77.43334536962064
2,-11,50.0
2,-11,107.74073661212657
3,-11,50.0
3,-11,900.0
3,-11,853.2086677040143
3,-11,50.0
3,-11,50.0
4,-11,569.4666094362783
4,-11,900.0
4,-11,94.17117349889753
4,-11,577.6643386361785
4,-11,100.3521312257834
4,-10,557.9695897581595
4,-10,823.6664203512084
4,-10,50.0
4,-10,739.7244226676873
4,-10,50.0
4,-11,537.4413708021356
4,-11,422.1092481632903
4,-11,900.0
4,-11,50.0
4,-11,776.2076332288383
4,-10,123.36791509606442
4,-10,50.0
4,-10,659.3482358582427
4,-10,596.3038809175631
4,-10,530.8859939528578
4,-9,900.0
4,-9,359.32190614513775
4,-9,50.0
4,-9,423.995471130783
4,-9,112.30488085413916
5,-9,66.52812911101785
5,-9,348.7903586996201
5,-9,900.0
5,-9,817.4474581123517
5,-9,900.0
5,-8,900.0
5,-8,312.4822729051698
5,-8,162.28826592682657
5,-8,620.8390821811024
5,-8,198.05852656614582
5,-7,694.9769474675218
5,-7,620.6979164161384
5,-7,50.0
5,-7,900.0
5,-7,350.2310197211543
6,-7,496.9546953376505
6,-7,900.0
6,-7,498.6919175124971
6,-7,162.43544659655117
6,-7,50.0
7,-7,486.44385206594757
7,-7,50.0
7,-7,468.51900997391476
7,-7,50.0
7,-7,900.0
8,-7,105.25798062782931
8,-7,50.0
8,-7,430.4970315960723
8,-7,900.0
8,-7,900.0
9,-7,50.0
9,-7,862.6434387679285
9,-7,795.3236351265168
9,-7,139.43441148959351
9,-7,900.0
9,-6,900.0
9,-6,50.0
9,-6,812.1244434804125
9,-6,50.0
9,-6,710.089959398641
9,-5,822.9584528711158
9,-5,76.64619175162915
9,-5,748.1348247695219
9,-5,262.04527975387145
9,-5,814.489612475207
9,-4,282.1485354726154
9,-4,167.494541355276
9,-4,50.0
9,-4,900.0
9,-4,265.9707811418794
9,-3,900.0
9,-3,519.7921940644248
9,-3,739.6305504852619
9,-3,769.0052754038845
9,-3,75.64997298429336
10,-3,339.268585005922
10,-3,727.8742256732442
10,-3,520.0132598407267
10,-3,581.4828880875585
10,-3,50.0
10,-2,760.1267416305919
10,-2,895.8247721540511
10,-2,50.0
10,-2,422.6904108478815
10,-2,50.0
10,-1,50.0
10,-1,50.0
10,-1,501.56865799067884
10,-1,50.0
10,-1,50.0
10,-2,889.1823972435227
10,-2,900.0
10,-2,900.0
10,-2,527.1599827564232
10,-2,50.0
10,-1,520.0771855259541
10,-1,742.8276540764166
10,-1,341.06595341224414
10,-1,900.0
10,-1,838.6485911335063
10,-2,884.4621042855729
10,-2,900.0
10,-2,840.105193742929
10,-2,310.0964220348016
10,-2,136.771862987092
11,-2,80.88368320756226
11,-2,50.0
11,-2,50.0
11,-2,293.55504535570964
11,-2,50.0
11,-1,900.0
11,-1,134.99241339305865
11,-1,50.0
11,-1,900.0
11,-1,50.0
11,0,558.1606670108456
11,0,900.0
11,0,565.8523925611993
11,0,50.0
11,0,50.0
11,1,539.1561313682248
11,1,87.8088931207326
11,1,387.5697888920337
11,1,375.2009407773675
11,1,50.0
11,2,50.0
11,2,50.0
11,2,50.0
11,2,671.7272916636751
11,2,446.96346066783127
11,3,714.784682950097
11,3,399.4341640971491
11,3,144.78193856234378
11,3,50.0
11,3,296.86436686909485
11,4,50.0
11,4,900.0
11,4,432.5601455984105
11,4,50.0
11,4,424.3737006892931
12,4,322.02685521893255
12,4,129.68566708593167
12,4,129.46742658557739
12,4,50.0
12,4,248.03921733324813
13,4,50.0
13,4,782.6832616121778
13,4,50.0
13,4,255.1145546470519
13,4,900.0
12,4,50.0
12,4,50.0
12,4,50.0
12,4,50.0
12,4,407.3006485777973
12,3,900.0
12,3,900.0
12,3,50.0
12,3,752.8924110818655
12,3,169.54695926005053
12,2,463.11666524937954
12,2,457.02665010350916
12,2,373.00565280650363
12,2,50.0
12,2,50.0
12,1,900.0
12,1,491.9347692182928
12,1,698.3827811894712
12,1,385.12576620345317
12,1,50.0
11,1,50.0
11,1,561.1449817405068
11,1,316.0019263548765
11,1,215.7014212992729
11,1,668.783455334653
11,0,50.0
11,0,660.974254710058
11,0,900.0
11,0,50.0
11,0,50.0
11,-1,880.2520586092835
11,-1,296.0565025981983
11,-1,900.0
11,-1,714.5358062656261
11,-1,50.0
11,-2,80.26764611402291
11,-2,625.3715917327206
11,-2,283.2714442345184
11,-2,230.0615007746286
11,-2,50.0
11,-3,50.0
11,-3,900.0
11,-3,216.88301057923087
11,-3,533.462535214707
11,-3,50.0
10,-3,50.0
10,-3,880.5759598280271
10,-3,480.6446500677421
10,-3,130.3400404864414
10,-3,571.6421950801242
10,-4,50.0
10,-4,156.75260114020466
10,-4,79.45019260797244
10,-4,297.9256539846097
10,-4,900.0
9,-4,50.0
9,-4,773.2823853197845
9,-4,457.58777337909925
9,-4,136.45774097122506
9,-4,289.46133962282636
9,-5,900.0
9,-5,317.60609722890524
9,-5,214.72355918252907
9,-5,621.2381006556126
9,-5,408.46587282407563
9,-6,50.0
9,-6,891.2549710618118
9,-6,50.0
9,-6,50.0
9,-6,134.22868089904074
9,-5,141.361380486398
9,-5,900.0
9,-5,193.02768676581047
9,-5,900.0
9,-5,558.6530927596053
10,-5,470.40242323748714
10,-5,50.0
10,-5,461.415338852665
10,-5,50.0
10,-5,50.0
10,-6,900.0
10,-6,385.204527236264
10,-6,249.96547463723525
10,-6,268.9086769925744
10,-6,293.0319717970048
10,-7,900.0
10,-7,331.31408483100984
10,-7,547.3700430597098
10,-7,50.0
10,-7,223.04775802358182
9,-7,123.08767500087146
9,-7,900.0
9,-7,900.0
9,-7,725.236509299898
9,-7,146.2063823196272
8,-7,675.4487123689183
8,-7,110.7963345082349
8,-7,485.5586364601842
8,-7,419.462936465576
8,-7,693.9622964090672
7,-7,50.0
7,-7,652.3023990862156
7,-7,447.16405982022843
7,-7,250.8592315168441
7,-7,50.0
7,-8,731.1618840694016
7,-8,900.0
7,-8,291.71659054598763
7,-8,50.5835987752323
7,-8,302.1320111466361
7,-9,50.0
7,-9,900.0
7,-9,50.0
7,-9,417.2534963800071
7,-9,566.4419337622032
6,-9,900.0
6,-9,900.0
6,-9,50.0
6,-9,818.1177538334307
6,-9,393.6942437822009
5,-9,900.0
5,-9,900.0
5,-9,838.7538592556232
5,-9,600.8450963216421
5,-9,545.3591437578812
5,-10,50.0
5,-10,834.3601944654456
5,-10,489.0938349414426
5,-10,176.43309307239477
5,-10,50.0
5,-11,227.071217595704
5,-11,281.1943605126148
5,-11,50.0
5,-11,733.6613186975121
5,-11,663.4071532724354
5,-12,832.9920486056335
5,-12,504.90646881132454
5,-12,704.2701958457635
5,-12,173.35359956898813
5,-12,713.6311846967642
4,-12,350.2653264496949
4,-12,890.5206129225149
4,-12,50.0
4,-12,474.41842943344875
4,-12,50.0
3,-12,315.24398403721193
3,-12,50.0
3,-12,270.0447441462636
3,-12,759.0675685731444
3,-12,672.9045933837032
2,-12,829.3180070470813
2,-12,900.0
2,-12,550.3482421754029
2,-12,498.5423907069393
2,-12,854.3450017596756
1,-12,180.6111935346564
1,-12,184.23717688674668
1,-12,50.0
1,-12,400.70495199332356
1,-12,835.4592140458967
1,-13,50.0
1,-13,319.47031461902935
1,-13,50.0
1,-13,259.5468266091467
1,-13,900.0
2,-13,50.0
2,-13,199.69466257036146
2,-13,655.4285699611041
2,-13,109.41412775174258
2,-13,218.45598764122542
1,-13,476.53135227865806
1,-13,785.0418825276473
1,-13,50.0
1,-13,50.0
1,-13,498.06352116424245
1,-12,50.0
1,-12,445.5668273389989
1,-12,245.41064230326785
1,-12,50.0
1,-12,50.0
1,-13,746.6517625482297
1,-13,497.2949925236573
1,-13,50.0
1,-13,280.00201682303504
1,-13,562.209893750648
0,-13,50.0
0,-13,422.38781629685707
0,-13,50.0
0,-13,134.76690810282815
0,-13,900.0
-1,-13,50.0
-1,-13,50.0
-1,-13,50.0
-1,-13,264.2215525132051
-1,-13,190.53472250156833
-2,-13,50.0
-2,-13,618.3562972561111
-2,-13,900.0
-2,-13,900.0
-2,-13,662.3609186554198
-1,-13,75.02162508250467
-1,-13,138.55491778534204
-1,-13,900.0
-1,-13,772.557333457162
-1,-13,540.369923656815
-1,-14,501.1618712568833
-1,-14,665.6273686961201
-1,-14,601.4444229385645
-1,-14,625.3468991856175
-1,-14,50.0
-2,-14,178.00729902625304
-2,-14,380.34790491318745
-2,-14,900.0
-2,-14,71.84216903654851
-2,-14,50.0
-2,-15,50.0
-2,-15,50.0
-2,-15,534.1338873125537
-2,-15,295.95784899651994
-2,-15,639.6108626548943
-3,-15,288.0260936066584
-3,-15,50.0
-3,-15,153.0757192074385
-3,-15,50.0
-3,-15,157.50013315426042
-4,-15,540.2333215741326
-4,-15,50.0
-4,-15,239.17486901170528
-4,-15,464.3966934387525
-4,-15,318.4820891610942
-4,-16,50.0
-4,-16,50.0
-4,-16,50.0
-4,-16,50.0
-4,-16,50.0
-4,-17,203.01696810494437
-4,-17,65.44971287269522
-4,-17,50.0
-4,-17,77.54050289425322
-4,-17,126.46697998353501
-3,-17,50.0
-3,-17,333.3353763201648
-3,-17,50.0
-3,-17,50.0
-3,-17,50.0
-4,-17,317.03872461998077
-4,-17,50.0
-4,-17,432.13961403724875
-4,-17,454.4118200606028
-4,-17,895.6385589957345
-5,-17,50.0
-5,-17,804.2623995318482
-5,-17,50.0
-5,-17,50.0
-5,-17,50.0
-6,-17,590.4927383839073
-6,-17,50.0
-6,-17,50.0
-6,-17,357.00791109910176
-6,-17,900.0
-7,-17,50.0
-7,-17,50.0
-7,-17,50.0
-7,-17,50.0
-7,-17,50.0
-7,-18,58.671621918551516
-7,-18,438.86323906088097
-7,-18,50.0
-7,-18,50.0
-7,-18,265.7556989811777
-7,-19,50.0
-7,-19,50.0
-7,-19,50.0
-7,-19,379.73456256585905
-7,-19,900.0
-8,-19,50.0
-8,-19,450.6379831257776
-8,-19,266.25230383165785
-8,-19,326.47827834259283
-8,-19,154.10823799667475
-8,-18,137.75860708459547
-8,-18,50.0
-8,-18,208.13413153338627
-8,-18,50.0
-8,-18,344.7312207758555
-8,-19,50.0
-8,-19,50.0
-8,-19,50.0
-8,-19,50.0
-8,-19,50.0
-8,-20,50.0
-8,-20,50.0
-8,-20,50.0
-8,-20,489.8763410739832
-8,-20,50.0
-8,-19,50.0
-8,-19,50.0
-8,-19,50.0
-8,-19,50.0
-8,-19,458.84960395763267
-7,-19,301.26818905123764
-7,-19,50.0
-7,-19,50.0
-7,-19,50.0
-7,-19,50.0
-6,-19,50.0
-6,-19,50.0
-6,-19,139.05331811017305
-6,-19,193.74850712357778
-6,-19,50.0
-5,-19,50.0
-5,-19,50.0
-5,-19,262.98658630646673
-5,-19,167.69198350897003
-5,-19,50.0
-4,-19,50.0
-4,-19,156.60679439026018
-4,-19,50.0
-4,-19,50.0
-4,-19,50.0
-4,-20,573.1970624203465
-4,-20,50.0
-4,-20,50.0
-4,-20,50.0
-4,-20,50.0
-4,-19,50.0
-4,-19,50.0
-4,-19,50.0
-4,-19,697.5869154670312
-4,-19,50.0
-4,-18,50.0
-4,-18,50.0
-4,-18,50.0
-4,-18,50.0
-4,-18,169.31182201139893
-3,-18,50.0
-3,-18,50.0
-3,-18,50.0
-3,-18,50.0
-3,-18,114.77103867936094
-2,-18,50.0
-2,-18,50.0
-2,-18,702.1004872268711
-2,-18,477.47129842971617
-2,-18,431.7724266183642
-1,-18,299.4437093517209
-1,-18,182.36854419048709
-1,-18,50.0
-1,-18,357.4437684865443
-1,-18,50.0
0,-18,96.26694074318229
0,-18,155.0972127539617
0,-18,50.0
0,-18,50.0
0,-18,900.0
0,-17,539.4824038809282
0,-17,50.0
0,-17,176.77564229058999
0,-17,50.0
0,-17,50.0
0,-16,50.0
0,-16,331.60792316147626
0,-16,174.40532862500456
0,-16,226.6478295698756
0,-16,159.06648878692016
1,-16,311.841136296479
1,-16,273.26125062493816
1,-16,50.0
1,-16,386.7061700942511
1,-16,50.0
2,-16,527.3397744162294
2,-16,50.0
2,-16,314.9073571045621
2,-16,567.4608932484223
2,-16,50.0
2,-15,809.2037452130061
