-8,-19,100.0
-8,-19,100.0
-8,-18,100.0
-8,-18,769.8217657526181
-8,-18,1011.1859260317794
-8,-19,100.0
-8,-19,100.0
-8,-19,100.0
-8,-18,100.0
-8,-18,100.0
-8,-18,100.0
-8,-17,111.54647992330865
-8,-17,100.0
-8,-17,100.0
-8,-16,100.0
-8,-16,100.0
-8,-16,371.02521652277994
-7,-16,100.0
-7,-16,100.0
-7,-16,100.0
-7,-15,100.0
-7,-15,1206.2625768788096
-7,-15,100.0
-7,-14,100.0
-7,-14,100.0
-7,-14,529.0557336035712
-7,-13,100.0
-7,-13,422.1973950649958
-7,-13,251.47395297875437
-7,-14,211.47348442400676
-7,-14,100.0
-7,-14,100.0
-7,-13,632.3816274170119
-7,-13,679.9582437918801
-7,-13,100.0
-7,-12,230.37731636098556
-7,-12,108.30904317872636
-7,-12,652.9947694698001
-6,-12,229.67767183382833
-6,-12,100.0
-6,-12,1067.9008518552648
-5,-12,818.5454761081476
-5,-12,100.0
-5,-12,100.0
-4,-12,297.98457454017193
-4,-12,100.0
-4,-12,981.7930314802045
-3,-12,100.0
-3,-12,973.1281480708526
-3,-12,100.0
-3,-11,639.9457508909679
-3,-11,100.0
-3,-11,865.7206995086665
-3,-12,1800.0
-3,-12,267.16356237201734
-3,-12,100.0
-2,-12,100.0
-2,-12,653.6933047798924
-2,-12,100.0
-2,-11,236.4264863795736
-2,-11,210.4477871924163
-2,-11,701.6387760314606
-1,-11,100.0
-1,-11,1115.9713959493665
-1,-11,574.5295283126089
-1,-12,624.6040089614975
-1,-12,672.8420450973409
-1,-12,593.0053004055205
-1,-11,100.0
-1,-11,1800.0
-1,-11,679.1749055976941
-1,-10,1216.0894650900323
-1,-10,100.0
-1,-10,263.1476657401249
0,-10,757.3743041173088
0,-10,1344.585011485067
0,-10,100.0
0,-9,100.0
0,-9,622.387066914458
0,-9,962.2558422967732
0,-8,1800.0
0,-8,100.0
0,-8,906.9960552312522
0,-7,100.0
0,-7,260.8863861547519
0,-7,100.0
1,-7,1283.68937512715
1,-7,1039.887981028319
1,-7,868.5688497069117
2,-7,297.51580094042885
2,-7,642.6432254929548
2,-7,100.0
3,-7,734.8035817237973
3,-7,952.5127031368406
3,-7,1322.7908338459752
3,-6,599.6325597892909
3,-6,458.95291528357836
3,-6,100.0
3,-7,1602.7923009096455
3,-7,1800.0
3,-7,1243.5450834491933
4,-7,336.8153883032386
4,-7,378.5883739781641
4,-7,1605.5889546752792
4,-6,1299.9029717271887
4,-6,100.0
4,-6,1446.8222398677412
4,-5,1800.0
4,-5,1679.8580983083266
4,-5,1471.5741214113677
4,-6,1467.2056497065769
4,-6,605.1921272584452
4,-6,100.0
4,-5,992.3827993800824
4,-5,804.1349842727109
4,-5,208.71692271510278
4,-4,973.1387041001226
4,-4,1048.798547722176
4,-4,448.4248975590783
3,-4,219.0982604072374
3,-4,982.512167995822
3,-4,932.5080636005293
3,-3,329.2705842954115
3,-3,1086.813838347836
3,-3,367.51770277722096
4,-3,912.0977220474941
4,-3,396.85689885106206
4,-3,100.0
4,-2,953.933686781153
4,-2,1800.0
4,-2,100.0
4,-1,810.7157382392787
4,-1,100.0
4,-1,1082.3611608372594
4,0,1800.0
4,0,1108.5057932675447
4,0,1105.1410064253737
4,1,1079.0113569991267
4,1,1800.0
4,1,1293.486631087897
4,2,1440.9344937515962
4,2,621.6505790056158
4,2,775.580690373199
5,2,571.702858918491
5,2,1800.0
5,2,476.4033273775577
6,2,609.749243544237
6,2,987.4240778786268
6,2,100.0
5,2,687.2077334343389
5,2,759.6600009498482
5,2,1024.9633955863799
4,2,1341.0276421679482
4,2,1800.0
4,2,513.475785639359
4,3,1302.6434046768609
4,3,1242.9353224097304
4,3,1800.0
5,3,991.6733147161953
5,3,1800.0
5,3,747.8032125109843
4,3,646.5311300053494
4,3,1594.7474301693599
4,3,1183.7938252015244
4,2,928.43166885851
4,2,1800.0
4,2,987.9289912445165
5,2,1800.0
5,2,627.1415970802307
5,2,1800.0
6,2,562.2965401943711
6,2,788.0665431690395
6,2,1077.930621491919
6,3,721.3227135035236
6,3,1250.659730633518
6,3,593.235153315344
6,4,1565.6868345998432
6,4,600.5579004698652
6,4,1588.863257315239
7,4,850.4696941605952
7,4,1207.8109017801785
7,4,1024.3005992414608
7,5,975.8917938149805
7,5,1657.4133717276661
7,5,100.0
8,5,1381.988152384446
8,5,100.0
8,5,138.66019843214406
8,4,1190.512868644594
8,4,1068.6154257485684
8,4,1383.8717882468222
9,4,778.8493892374826
9,4,803.0082358176236
9,4,905.4491526740562
10,4,100.0
10,4,100.0
10,4,699.7615259797009
10,5,100.0
10,5,234.08758689123863
10,5,389.2307401760113
10,6,429.234972286809
10,6,207.39258095825093
10,6,188.22040711410662
10,7,100.0
10,7,153.90395142076522
10,7,279.59552587202285
10,8,884.6586174003263
10,8,726.3837423316613
10,8,100.0
11,8,141.80572982247924
11,8,613.6194137805771
11,8,879.603601793098
10,8,100.0
10,8,378.966520749103
10,8,100.0
10,9,377.27027757289653
10,9,599.8016338730588
10,9,849.8077384147792
9,9,100.0
9,9,100.0
9,9,100.0
10,9,656.1697260898036
10,9,225.010423256394
10,9,113.52123563858461
11,9,100.0
11,9,232.24938276695238
11,9,106.57781659560614
11,10,100.0
11,10,100.0
11,10,100.0
12,10,504.2730772366098
12,10,447.1047552254183
12,10,100.0
11,10,100.0
11,10,100.0
11,10,100.0
10,10,387.42308342635937
10,10,194.7443591899307
10,10,184.96528243673708
11,10,590.4018742861149
11,10,1251.4745316674341
11,10,695.6322063380171
12,10,100.0
12,10,100.0
12,10,415.28225399101086
13,10,100.0
13,10,100.0
13,10,100.0
13,11,198.74851242779297
13,11,100.0
13,11,100.0
14,11,149.72802482450243
14,11,100.0
14,11,363.4057118046532
14,12,100.0
14,12,100.0
14,12,326.29222905422415
15,12,100.0
15,12,100.0
15,12,100.0
16,12,305.15854882578157
16,12,296.25913084009653
16,12,100.0
16,11,100.0
16,11,100.0
16,11,100.0
16,10,101.92414840096279
16,10,100.0
16,10,378.518210284632
16,9,100.0
16,9,314.8748785490628
16,9,100.0
15,9,100.0
15,9,158.38186568760702
15,9,100.0
14,9,100.0
14,9,100.0
14,9,100.0
14,10,100.0
14,10,100.0
14,10,100.0
14,9,470.90930421374816
14,9,442.9948092544641
14,9,100.0
14,8,262.7771457050699
14,8,335.0982305177918
14,8,100.0
15,8,100.0
15,8,100.0
15,8,902.3727400557359
15,7,325.5325553389502
15,7,492.3317277262517
15,7,100.0
14,7,100.0
14,7,895.2783013805167
14,7,205.11066113855642
14,6,560.7147754249331
14,6,456.674737256956
14,6,999.2930394077606
14,5,100.0
14,5,100.0
14,5,100.0
14,4,174.84943932681978
14,4,891.5432218426497
14,4,100.0
14,3,100.0
14,3,547.4089307915082
14,3,100.0
13,3,683.1863272827356
13,3,100.0
13,3,100.0
13,2,144.23118199727048
13,2,100.0
13,2,100.0
13,1,198.8687861103148
13,1,180.89071387907714
13,1,100.0
14,1,100.0
14,1,369.4558417171143
14,1,101.04859783025574
14,0,1295.8555060567262
14,0,206.03486639515341
14,0,100.0
14,-1,100.0
14,-1,100.0
14,-1,100.0
13,-1,205.93760383203903
13,-1,100.0
13,-1,642.4903285847087
13,0,100.0
13,0,100.0
13,0,274.48836029442555
13,-1,278.07207928042874
13,-1,100.0
13,-1,229.5843156941648
12,-1,546.8663749516157
12,-1,100.0
12,-1,880.4257535735837
11,-1,343.07614439929205
11,-1,248.31754781551842
11,-1,431.9025459796933
11,-2,932.1947135671477
11,-2,100.0
11,-2,884.7444681267357
10,-2,290.08258650834887
10,-2,100.0
10,-2,100.0
9,-2,100.0
9,-2,544.429234414077
9,-2,140.9660589947021
10,-2,543.1412312083564
10,-2,100.0
10,-2,202.3670145890917
9,-2,100.0
9,-2,810.0284974000542
9,-2,887.8973816576778
9,-1,341.83238658518417
9,-1,468.789777648728
9,-1,1026.355106733829
9,-2,744.3539210652963
9,-2,100.0
9,-2,1151.7544895777382
9,-3,1082.439381325124
9,-3,1328.7640531681482
9,-3,100.0
9,-4,100.0
9,-4,100.0
9,-4,866.5720277963167
9,-5,564.914217213
9,-5,1540.7492836596139
9,-5,1206.6944672213317
8,-5,574.376643645167
8,-5,1087.5375075963261
8,-5,100.0
7,-5,388.00276248033356
7,-5,100.0
7,-5,953.0059584352264
7,-6,932.2644143632149
7,-6,1800.0
7,-6,1800.0
7,-7,1001.2885280945799
7,-7,1456.6603195821708
7,-7,650.131817570259
7,-8,406.7300961580879
7,-8,488.2891074389626
7,-8,434.0464495993015
6,-8,246.50290710850038
6,-8,1346.704314962922
6,-8,100.0
6,-9,219.7299650904036
6,-9,1800.0
6,-9,208.15559206881278
5,-9,200.3950748233508
5,-9,1537.6798447907477
5,-9,100.0
6,-9,344.2064689973675
6,-9,100.0
6,-9,823.2547064954407
5,-9,730.6819705971956
5,-9,100.0
5,-9,100.0
5,-8,515.9723428585813
5,-8,944.3013028679993
5,-8,100.0
5,-9,661.3225576507983
5,-9,924.8295561727655
5,-9,100.0
5,-10,551.5215875128354
5,-10,100.0
5,-10,620.7983216237761
4,-10,573.1709246197463
4,-10,100.0
4,-10,587.2525763647084
4,-11,646.6669490749844
4,-11,490.16591322409465
4,-11,911.2063186905576
4,-12,528.6618544325767
4,-12,100.0
4,-12,294.1227255686912
5,-12,100.0
5,-12,100.0
5,-12,100.0
6,-12,539.4809033253855
6,-12,100.0
6,-12,479.2085065875605
7,-12,100.0
7,-12,552.7433551316047
7,-12,100.0
8,-12,214.58750501941546
8,-12,100.0
8,-12,923.5618554039928
9,-12,100.0
9,-12,100.0
9,-12,189.5551575411468
9,-11,100.0
9,-11,100.0
9,-11,939.1615835692954
8,-11,894.4165155523085
8,-11,255.451383772541
8,-11,100.0
9,-11,100.0
9,-11,100.0
9,-11,206.72497434414186
9,-10,100.0
9,-10,647.7263144163492
9,-10,356.798262146999
9,-9,575.3078296035454
9,-9,681.481553046114
9,-9,214.5027195283792
10,-9,655.4116856241502
10,-9,232.30621828365744
10,-9,100.0
11,-9,100.0
11,-9,100.0
11,-9,528.4583606942484
10,-9,594.5497842206219
10,-9,898.7054715372333
10,-9,100.0
10,-8,336.71260163563335
10,-8,604.5179939742497
10,-8,1537.6446143966143
10,-7,100.0
10,-7,471.7496391524208
10,-7,634.0003272297138
11,-7,100.0
11,-7,475.0242840967743
11,-7,1268.0061310372912
12,-7,263.3418222693481
12,-7,100.0
12,-7,100.0
11,-7,714.1510743539063
11,-7,395.0963331621334
11,-7,575.4670812539373
11,-6,1176.7272791874618
11,-6,112.58798380976839
11,-6,376.9294300177946
12,-6,100.0
12,-6,1080.4231014996062
12,-6,100.0
13,-6,1136.1576109943126
13,-6,1365.1395828912728
13,-6,709.758205518662
13,-5,100.0
13,-5,100.0
13,-5,289.898787136137
13,-4,100.0
13,-4,100.0
13,-4,261.287730732816
14,-4,443.5111871226483
14,-4,100.0
14,-4,414.59753420265986
15,-4,100.0
15,-4,786.7985894069301
15,-4,288.23549956594644
16,-4,481.28185340928155
16,-4,100.0
16,-4,100.0
15,-4,518.609311590266
15,-4,100.0
15,-4,835.0109050191588
