-8,-19,50.0
-8,-19,50.0
-8,-19,50.0
-8,-19,50.0
-8,-18,50.0
-8,-18,50.0
-8,-18,324.4282692096897
-8,-18,50.0
-8,-18,50.0
-8,-19,50.0
-8,-19,50.0
-8,-19,50.0
-8,-19,50.0
-8,-19,50.0
-8,-18,334.0883400524535
-8,-18,50.0
-8,-18,50.0
-8,-18,50.0
-8,-18,50.0
-8,-17,50.0
-8,-17,50.0
-8,-17,50.0
-8,-17,50.0
-8,-17,50.0
-8,-16,197.2619381901958
-8,-16,233.43868033215813
-8,-16,50.0
-8,-16,120.44991185020328
-8,-16,50.0
-7,-16,50.0
-7,-16,89.61629648297841
-7,-16,50.0
-7,-16,126.44104733298408
-7,-16,286.3426007344286
-7,-15,50.0
-7,-15,50.0
-7,-15,50.0
-7,-15,50.0
-7,-15,50.0
-7,-14,50.0
-7,-14,50.0
-7,-14,57.12568676940179
-7,-14,50.0
-7,-14,666.6709412492452
-7,-13,305.98990600010535
-7,-13,430.3662765062148
-7,-13,50.0
-7,-13,50.0
-7,-13,50.0
-7,-14,50.0
-7,-14,50.0
-7,-14,50.0
-7,-14,494.7490620516639
-7,-14,50.0
-7,-13,50.0
-7,-13,50.0
-7,-13,50.0
-7,-13,50.0
-7,-13,138.3207096049892
-7,-12,50.0
-7,-12,50.0
-7,-12,50.0
-7,-12,311.9643664848905
-7,-12,50.0
-6,-12,50.0
-6,-12,90.86519785087964
-6,-12,50.0
-6,-12,210.20146244124854
-6,-12,182.873851875498
-5,-12,50.0
-5,-12,50.0
-5,-12,215.77541597303437
-5,-12,151.52903539295426
-5,-12,50.0
-4,-12,50.0
-4,-12,50.0
-4,-12,296.8683647046338
-4,-12,345.9679913895862
-4,-12,342.3676633536235
-3,-12,644.0227068420176
-3,-12,50.0
-3,-12,50.0
-3,-12,74.08563326422185
-3,-12,50.0
-3,-11,359.03619913661595
-3,-11,204.81914811910974
-3,-11,50.0
-3,-11,58.678540806810446
-3,-11,444.9553254528975
-3,-12,50.0
-3,-12,487.947588184249
-3,-12,50.21852739017724
-3,-12,50.0
-3,-12,318.64192655002427
-2,-12,50.0
-2,-12,50.0
-2,-12,50.0
-2,-12,54.26970017097756
-2,-12,470.53389701112894
-2,-11,68.42286225883755
-2,-11,50.0
-2,-11,50.0
-2,-11,638.3422017931518
-2,-11,336.3064825478951
-1,-11,321.6875032200663
-1,-11,57.688276337175694
-1,-11,227.6036139537429
-1,-11,497.8962907369651
-1,-11,516.9087597263774
-1,-12,471.71405112464026
-1,-12,50.0
-1,-12,176.65351377016918
-1,-12,50.0
-1,-12,188.47673905079373
-1,-11,144.3174086337829
-1,-11,50.0
-1,-11,411.6211659259424
-1,-11,369.576537288298
-1,-11,50.0
-1,-10,310.00023262097704
-1,-10,434.28772980984576
-1,-10,119.49327299382009
-1,-10,363.4439074676327
-1,-10,50.0
0,-10,328.6117175564807
0,-10,231.78792351926958
0,-10,276.35179178764463
0,-10,196.14689221513677
0,-10,676.9269602881116
0,-9,180.41885801489312
0,-9,464.3802759344669
0,-9,203.44500805857433
0,-9,152.81398616708086
0,-9,50.0
0,-8,316.5799531940918
0,-8,209.8507356639894
0,-8,542.6614044560308
0,-8,380.6570894365424
0,-8,274.60185235770246
0,-7,464.9338345767112
0,-7,50.0
0,-7,172.4499002038521
0,-7,351.63722898535883
0,-7,634.5835872875487
1,-7,726.0395599160846
1,-7,368.2712776615678
1,-7,680.9168594921598
1,-7,752.0611084197758
1,-7,404.9774910956502
2,-7,403.6766259500443
2,-7,828.8878008066092
2,-7,50.0
2,-7,216.5980757946426
2,-7,592.7483659895476
3,-7,395.75082962562317
3,-7,882.4343879974361
3,-7,50.0
3,-7,441.69701181842396
3,-7,542.2455639571687
3,-6,248.8410969816091
3,-6,378.4890997490851
3,-6,712.3723070829717
3,-6,200.98097703088797
3,-6,740.1154359203579
3,-7,593.0768134870326
3,-7,50.0
3,-7,276.42304713715686
3,-7,384.1547422174055
3,-7,181.38551158899813
4,-7,50.0
4,-7,50.0
4,-7,504.4962485076083
4,-7,678.2117028669015
4,-7,316.67880149040866
4,-6,675.0082443239586
4,-6,354.6340933462383
4,-6,553.9010160532905
4,-6,334.7884687519657
4,-6,50.0
4,-5,416.83417206925196
4,-5,470.9492116440796
4,-5,250.6781927359586
4,-5,91.81817121584726
4,-5,900.0
4,-6,510.41226915177106
4,-6,443.8608996691154
4,-6,336.9588924281827
4,-6,355.3319833997841
4,-6,478.147559090867
4,-5,556.0288643452469
4,-5,50.0
4,-5,389.27842115571735
4,-5,777.6143401215804
4,-5,165.98405673109104
4,-4,303.7482332446016
4,-4,443.44083319433315
4,-4,350.6530462665603
4,-4,50.0
4,-4,237.79684331023594
3,-4,615.1289926628747
3,-4,389.30264402387485
3,-4,140.1249500210415
3,-4,685.4407763727585
3,-4,177.5534918666769
3,-3,168.85309527190128
3,-3,900.0
3,-3,810.0386303503599
3,-3,474.2226822967839
3,-3,895.1509837621422
4,-3,689.5594541678065
4,-3,639.0525084596961
4,-3,350.68308771484925
4,-3,50.0
4,-3,600.7185390667895
4,-2,579.544027266925
4,-2,332.74315933651906
4,-2,336.1839558790189
4,-2,875.7533581610495
4,-2,701.5059745877786
4,-1,340.6361614221996
4,-1,408.3918838603245
4,-1,371.26789399443567
4,-1,329.5042293846602
4,-1,495.092487008211
4,0,237.94363037468145
4,0,286.60134706263784
4,0,896.2116387548142
4,0,874.7239228731275
4,0,449.0005942492918
4,1,100.16345827077976
4,1,275.52319312929006
4,1,516.3422402540766
4,1,900.0
4,1,473.85540011220445
4,2,656.2832500286836
4,2,257.12162165345336
4,2,85.61855789729572
4,2,50.0
4,2,50.0
5,2,900.0
5,2,227.78879649792552
5,2,651.4533921112597
5,2,532.2555505568325
5,2,855.2593997356427
6,2,315.52907859274814
6,2,524.6991892728411
6,2,337.41867156505015
6,2,756.1308344024109
6,2,787.6800819688999
5,2,50.0
5,2,664.7498905633452
5,2,303.69126326955745
5,2,754.5199795297726
5,2,486.0975215395538
4,2,761.9938893842051
4,2,215.84327573150048
4,2,389.68194800987345
4,2,448.4276069473206
4,2,891.6678199704024
4,3,847.4429923465816
4,3,740.0388677584018
4,3,391.36267762955094
4,3,742.1544211727017
4,3,50.0
5,3,420.9692057496746
5,3,264.74500310610983
5,3,363.28449672324814
5,3,580.3862676636337
5,3,470.0646706647557
4,3,338.55159846475954
4,3,349.7839815555036
4,3,337.4271312981115
4,3,245.73214944206728
4,3,556.4147889931045
4,2,698.3110990359294
4,2,668.1077110346217
4,2,829.319419208682
4,2,507.3587369846648
4,2,853.0161913915393
5,2,342.39132222448177
5,2,728.2913698810588
5,2,330.04064369850283
5,2,152.17527015341193
5,2,419.7477006130292
6,2,371.0569650177984
6,2,900.0
6,2,315.7165490490747
6,2,50.0
6,2,480.42929599561467
6,3,232.7677620944403
6,3,395.88102853920395
6,3,330.29587979924435
6,3,334.90750276842476
6,3,50.0
6,4,245.43420429986304
6,4,520.4041207893775
6,4,391.27583822806196
6,4,714.8307970907839
6,4,297.17612066601464
7,4,50.0
7,4,197.98229834966958
7,4,485.93443721296444
7,4,217.53177094308802
7,4,585.4830750270114
7,5,468.12938307979937
7,5,50.0
7,5,305.3187173437042
7,5,173.86743200130917
7,5,50.0
8,5,343.15741044497855
8,5,110.974645655242
8,5,536.2477936557478
8,5,50.0
8,5,453.5448574108386
8,4,708.5236122191941
8,4,235.47909500542423
8,4,50.0
8,4,50.0
8,4,373.9631251208125
9,4,553.7483065577039
9,4,485.5205484154861
9,4,144.01141953772824
9,4,50.0
9,4,813.905852252329
10,4,50.0
10,4,355.986900501701
10,4,231.74567604007123
10,4,73.10418513336165
10,4,50.0
10,5,723.4312472368056
10,5,600.3242390842225
10,5,50.0
10,5,93.68707365280002
10,5,171.03770390645948
10,6,610.1602697606863
10,6,190.6109875500455
10,6,50.0
10,6,50.0
10,6,581.3486660838425
10,7,72.31730469600708
10,7,98.223458194731
10,7,323.8126012212572
10,7,123.17738562233578
10,7,50.0
10,8,423.34513379407997
10,8,50.0
10,8,215.85662705049336
10,8,521.8346961297764
10,8,67.37689220713628
11,8,164.32409721095377
11,8,50.0
11,8,333.1125964691816
11,8,310.40953821781926
11,8,418.47481577549456
10,8,378.1170171076162
10,8,50.0
10,8,50.0
10,8,180.72266960749278
10,8,50.0
10,9,50.0
10,9,50.0
10,9,50.0
10,9,75.62136568004715
10,9,50.0
9,9,336.6838301411268
9,9,204.2250259773104
9,9,50.0
9,9,706.4812989250463
9,9,331.25816622554873
10,9,50.0
10,9,383.19229147913825
10,9,50.0
10,9,50.0
10,9,132.68716843587322
11,9,50.0
11,9,50.0
11,9,518.3672774310896
11,9,153.9647408967176
11,9,110.35417426490078
11,10,50.0
11,10,176.22666968238389
11,10,63.39304179435021
11,10,145.34119569210014
11,10,194.2130891517104
12,10,50.0
12,10,125.25756710239371
12,10,268.8787041822409
12,10,317.7137401521767
12,10,50.0
11,10,50.0
11,10,50.0
11,10,351.3313661198237
11,10,50.0
11,10,50.0
10,10,268.5132604388653
10,10,152.79897887692977
10,10,71.90964061276254
10,10,50.0
10,10,53.805300949192585
11,10,188.16028796299105
11,10,131.1687644995147
11,10,50.0
11,10,50.0
11,10,59.21566164249251
12,10,397.8831431528943
12,10,50.0
12,10,352.4375013241555
12,10,272.08274580610976
12,10,444.53596924357237
13,10,50.0
13,10,158.48131729541586
13,10,219.34628248880705
13,10,50.0
13,10,50.0
13,11,50.0
13,11,628.0258660099399
13,11,50.0
13,11,346.967116304243
13,11,50.0
14,11,50.0
14,11,50.0
14,11,50.0
14,11,50.0
14,11,50.0
14,12,356.1541398048615
14,12,63.57868143865868
14,12,50.0
14,12,50.0
14,12,50.0
15,12,160.2245104275212
15,12,286.42739160853137
15,12,50.0
15,12,491.46307193638586
15,12,50.0
16,12,346.5366332479905
16,12,50.0
16,12,50.0
16,12,50.0
16,12,50.0
16,11,50.0
16,11,50.0
16,11,50.0
16,11,50.0
16,11,50.0
16,10,133.70649097650178
16,10,50.0
16,10,50.0
16,10,194.58940859944892
16,10,318.1825954847952
16,9,50.0
16,9,257.6108723667127
16,9,50.0
16,9,186.71949175813765
16,9,270.9259106781328
15,9,413.30052015739443
15,9,50.0
15,9,50.0
15,9,50.0
15,9,61.60717898237729
14,9,50.0
14,9,50.0
14,9,50.0
14,9,50.0
14,9,50.0
14,10,102.79781860581882
14,10,50.0
14,10,50.0
14,10,77.38018287882565
14,10,50.0
14,9,50.0
14,9,50.0
14,9,160.0324918747723
14,9,50.0
14,9,281.5393046449062
14,8,550.5564327725043
14,8,50.0
14,8,74.38744464450849
14,8,62.38088962218802
14,8,311.19075317732563
15,8,55.94198629671021
15,8,50.0
15,8,146.80340470991388
15,8,57.384499954995775
15,8,347.07998222016147
15,7,313.7428230634741
15,7,50.0
15,7,416.8411403620316
15,7,75.28388259786821
15,7,231.0315425622501
14,7,180.0431452956126
14,7,50.0
14,7,303.4990547691073
14,7,50.0
14,7,104.6950705159414
14,6,94.01553138175771
14,6,50.0
14,6,278.1374855289704
14,6,69.58235715678546
14,6,50.0
14,5,50.0
14,5,346.127407838264
14,5,50.0
14,5,322.64541359475504
14,5,50.0
14,4,50.0
14,4,50.0
14,4,50.0
14,4,50.0
14,4,366.39231137234265
14,3,288.49804221378986
14,3,61.778893709601604
14,3,50.0
14,3,266.38813132028787
14,3,50.0
13,3,157.12348331489244
13,3,170.60304576396717
13,3,141.1213685333022
13,3,201.81243325977394
13,3,50.0
13,2,50.0
13,2,329.8061930014454
13,2,114.72909426321829
13,2,50.0
13,2,474.79129826057977
13,1,407.9590726000442
13,1,600.9762616862508
13,1,50.0
13,1,50.0
13,1,569.2936603980529
14,1,262.5587872855933
14,1,286.60049143612775
14,1,50.0
14,1,50.0
14,1,50.0
14,0,82.31232367174124
14,0,80.94402889259663
14,0,50.0
14,0,50.0
14,0,633.2932691112054
14,-1,50.0
14,-1,189.84926912003203
14,-1,50.0
14,-1,50.0
14,-1,50.0
13,-1,191.9565849058937
13,-1,50.0
13,-1,130.7530374373
13,-1,50.0
13,-1,50.0
13,0,169.94153509491585
13,0,196.55594756410645
13,0,50.0
13,0,661.8083987617356
13,0,396.62213218048527
13,-1,448.65621307137144
13,-1,168.49017880825804
13,-1,52.79750286475499
13,-1,50.0
13,-1,900.0
12,-1,328.5630754241441
12,-1,50.0
12,-1,50.0
12,-1,50.0
12,-1,50.0
11,-1,316.3200810241776
11,-1,191.67525179213973
11,-1,87.53851574117547
11,-1,273.70175032494444
11,-1,428.05653466625114
11,-2,384.44325411227754
11,-2,381.2467549162106
11,-2,277.49046523034133
11,-2,50.0
11,-2,286.494293585553
10,-2,96.00991803237478
10,-2,50.0
10,-2,262.6908863760239
10,-2,354.1728595800913
10,-2,282.53420737753527
9,-2,570.6359118905523
9,-2,219.30065040420544
9,-2,210.02635291817438
9,-2,50.0
9,-2,604.2196593910785
10,-2,344.08793411689214
10,-2,50.0
10,-2,500.46503226020604
10,-2,478.03084346497747
10,-2,379.946009916407
9,-2,467.54682950461137
9,-2,546.0210004605116
9,-2,104.34265880750304
9,-2,110.80750564439307
9,-2,649.720412660736
9,-1,343.17318605418797
9,-1,50.0
9,-1,288.13357344490913
9,-1,417.61189712036725
9,-1,627.6963108110123
9,-2,406.6861745407581
9,-2,50.0
9,-2,58.99238983240967
9,-2,367.7542096333459
9,-2,107.73160614628296
9,-3,284.1128761259025
9,-3,292.49404880786926
9,-3,753.4214656461336
9,-3,242.8740954416567
9,-3,50.0
9,-4,439.62900093712216
9,-4,50.0
9,-4,606.6797936353641
9,-4,171.54013850206672
9,-4,447.03650347054344
9,-5,406.87195751693383
9,-5,50.0
9,-5,272.31222926722825
9,-5,148.81507826886627
9,-5,68.25500014153273
8,-5,166.63361847284807
8,-5,50.0
8,-5,50.0
8,-5,394.09392988208725
8,-5,245.0696222928791
7,-5,516.511311180005
7,-5,323.1187009094553
7,-5,349.3050655027131
7,-5,720.7550237828618
7,-5,378.78234811298825
7,-6,520.9999063815467
7,-6,671.3461711898749
7,-6,64.89430907911832
7,-6,252.03971833396633
7,-6,296.02281259452286
7,-7,50.0
7,-7,499.48307993286335
7,-7,50.0
7,-7,621.2566791295553
7,-7,73.56718281070049
7,-8,176.51508368642266
7,-8,50.0
7,-8,404.3929910232362
7,-8,247.3639144403798
7,-8,274.83274278761553
6,-8,743.34450730237
6,-8,110.51212306152165
6,-8,50.0
6,-8,50.0
6,-8,332.2213779605243
6,-9,727.7853332465157
6,-9,115.68677119851631
6,-9,50.0
6,-9,224.39615558791473
6,-9,408.27565663144253
5,-9,121.76255100194396
5,-9,238.49416657571922
5,-9,133.78189293973088
5,-9,50.0
5,-9,212.30219622866457
6,-9,206.12783669916593
6,-9,54.964805103472074
6,-9,296.6879014072148
6,-9,455.5697899411787
6,-9,141.79547070979885
5,-9,316.1447831768919
5,-9,481.0337872586849
5,-9,201.88350264729024
5,-9,754.3776460136562
5,-9,461.12843290824094
5,-8,575.2773135483109
5,-8,50.0
5,-8,99.42650840704994
5,-8,341.0045894993593
5,-8,460.34845310964295
5,-9,461.4045728142592
5,-9,338.1440223196009
5,-9,50.0
5,-9,438.16855804970214
5,-9,50.0
5,-10,900.0
5,-10,50.0
5,-10,94.94774746967468
5,-10,50.0
5,-10,263.5422167131462
4,-10,50.0
4,-10,306.25288988940196
4,-10,480.2376005386184
4,-10,423.9570446375781
4,-10,62.78414757699461
4,-11,50.0
4,-11,346.8730718396286
4,-11,179.6405972117796
4,-11,50.0
4,-11,50.0
4,-12,50.0
4,-12,213.37719522935515
4,-12,227.39597613375042
4,-12,50.0
4,-12,204.08894827917106
5,-12,84.94343866689005
5,-12,592.7701576547254
5,-12,212.43481816440186
5,-12,50.0
5,-12,50.0
6,-12,148.01620621174402
6,-12,118.7751009129563
6,-12,50.0
6,-12,509.82162722588765
6,-12,386.562780141541
7,-12,115.20052892006746
7,-12,504.8365914440282
7,-12,368.3242610078006
7,-12,50.0
7,-12,143.7209004443783
8,-12,50.0
8,-12,96.65629785232949
8,-12,50.0
8,-12,50.0
8,-12,50.0
9,-12,50.0
9,-12,50.0
9,-12,50.0
9,-12,50.0
9,-12,534.8981070236929
9,-11,143.20279499423773
9,-11,254.6736634876171
9,-11,127.85949037289065
9,-11,281.61639831550383
9,-11,245.6387205349304
8,-11,160.58794669760587
8,-11,306.1087201536685
8,-11,456.65732523872947
8,-11,427.9298038849153
8,-11,182.85242965464158
9,-11,50.0
9,-11,50.0
9,-11,118.70003400649173
9,-11,50.0
9,-11,50.0
9,-10,277.73877320174495
9,-10,165.42261154873881
9,-10,143.64416175200842
9,-10,121.29364988546182
9,-10,50.0
9,-9,50.0
9,-9,50.0
9,-9,50.0
9,-9,50.0
9,-9,100.91073477607088
10,-9,141.69025679175326
10,-9,50.0
10,-9,254.95398265385558
10,-9,62.00336980581905
10,-9,213.56546597503288
11,-9,77.03241388543249
11,-9,50.0
11,-9,149.93700527877547
11,-9,180.58448557511073
11,-9,50.0
10,-9,50.0
10,-9,50.0
10,-9,391.4198951184745
10,-9,123.98360554697962
10,-9,279.52784711102913
10,-8,50.0
10,-8,467.8985850138596
10,-8,50.0
10,-8,479.57665798921016
10,-8,50.23993767197507
10,-7,50.0
10,-7,160.26539844949014
10,-7,470.1427002698043
10,-7,50.0
10,-7,103.4080340019596
11,-7,50.0
11,-7,405.3369283894242
11,-7,190.03935045266775
11,-7,336.7323170127146
11,-7,305.4843514387786
12,-7,50.0
12,-7,50.0
12,-7,50.0
12,-7,292.8658111201492
12,-7,459.4895301430635
11,-7,94.21804719040739
11,-7,50.0
11,-7,50.0
11,-7,50.0
11,-7,219.411137045755
11,-6,246.88874504147478
11,-6,353.067322259397
11,-6,364.5986373345791
11,-6,50.0
11,-6,236.9186393847748
12,-6,50.0
12,-6,50.0
12,-6,613.6648772767934
12,-6,50.0
12,-6,601.5381179113444
13,-6,50.0
13,-6,50.0
13,-6,110.96515685901144
13,-6,50.0
13,-6,75.15757536654992
13,-5,688.289785036654
13,-5,50.0
13,-5,50.0
13,-5,168.89419354020427
13,-5,378.72159936927574
13,-4,473.63185312750596
13,-4,107.9627355273246
13,-4,50.0
13,-4,50.0
13,-4,277.2721689722625
14,-4,92.35384921930455
14,-4,50.0
14,-4,463.2921943045434
14,-4,103.3847082894532
14,-4,50.0
15,-4,50.0
15,-4,50.0
15,-4,133.11104213710001
15,-4,403.57821469778384
15,-4,50.0
16,-4,50.0
16,-4,121.64753172350666
16,-4,50.0
16,-4,50.0
16,-4,128.2301395671673
15,-4,50.0
15,-4,50.0
15,-4,50.0
15,-4,50.0
15,-4,50.0
15,-5,217.7787988431176
15,-5,62.81072990097067
15,-5,50.0
15,-5,278.19001833296625
15,-5,50.0
14,-5,50.0
14,-5,50.0
14,-5,50.0
14,-5,64.07948105011043
14,-5,102.0959501955032
13,-5,50.0
13,-5,50.0
13,-5,50.0
13,-5,50.0
13,-5,417.19793197536495
12,-5,690.9676952252472
12,-5,50.0
12,-5,159.43650098050622
12,-5,50.0
12,-5,50.0
12,-6,286.53830015744506
12,-6,118.52624633050404
12,-6,50.0
12,-6,449.47753034932015
12,-6,326.9709166268453
11,-6,900.0
11,-6,112.69586336008595
11,-6,50.0
11,-6,402.5722428794478
11,-6,290.69852974316507
10,-6,143.02601139824802
10,-6,50.0
10,-6,527.3317462383751
10,-6,50.0
10,-6,50.0
9,-6,50.0
9,-6,235.1192299516475
9,-6,50.0
9,-6,246.94507697341504
9,-6,59.71579369289129
8,-6,435.47857823843725
8,-6,92.80868919349453
8,-6,510.45219925112457
8,-6,50.0
8,-6,50.0
7,-6,675.7991623659991
7,-6,50.0
7,-6,95.9331350079762
7,-6,50.0
7,-6,50.0
6,-6,504.56670736386536
6,-6,50.0
6,-6,243.0433116747322
6,-6,359.1867064715647
6,-6,534.7457360856508
5,-6,384.90778292690646
5,-6,50.0
5,-6,432.2082116988605
5,-6,661.4719291636575
5,-6,249.54789435216838
4,-6,551.0229751037052
4,-6,186.29725275770664
4,-6,298.06978907534403
4,-6,204.01539600031583
4,-6,369.1632752522883
5,-6,298.9622452117162
5,-6,118.86568905962775
5,-6,413.5376781902804
5,-6,306.98593953936387
5,-6,262.1158666147578
4,-6,610.9947227757052
4,-6,394.8147831573076
4,-6,486.0461232529426
4,-6,261.49016623741375
4,-6,50.0
3,-6,504.4621366924266
3,-6,598.6266326337209
3,-6,646.6418826159338
3,-6,86.38170558402771
3,-6,447.0690708102725
4,-6,401.43177525369003
4,-6,536.6290129754614
4,-6,55.99888124653168
4,-6,479.19624770246094
4,-6,125.93195107627912
3,-6,479.20836424337585
3,-6,132.36949561126977
3,-6,258.1001246373909
3,-6,447.98689732233794
3,-6,392.7601907110481
2,-6,392.77004782372535
2,-6,737.697276148214
2,-6,456.2863251308521
2,-6,394.3554611013083
2,-6,900.0
2,-7,127.24838006795666
2,-7,468.7216783979709
2,-7,147.7968613218453
2,-7,50.0
2,-7,317.63426294737184
1,-7,545.4605654254092
1,-7,439.71779983189623
1,-7,50.0
1,-7,423.1586374009337
1,-7,52.41096627418125
0,-7,785.2319916336855
0,-7,816.8858274980307
0,-7,303.22843164325985
0,-7,259.95711187051705
0,-7,157.58665833419906
-1,-7,164.14283265897313
-1,-7,506.5374768386038
-1,-7,250.14344216148345
-1,-7,505.1235194259859
-1,-7,101.4461459796238
-2,-7,191.54579501107355
-2,-7,124.17645246710572
-2,-7,195.7118576865487
-2,-7,487.65355465348387
-2,-7,311.1240234908168
-3,-7,644.94674163582
-3,-7,900.0
-3,-7,496.40932734533055
-3,-7,442.3203909677649
-3,-7,88.63253327299995
-4,-7,571.4727014915268
-4,-7,852.0096155620822
-4,-7,293.4241830904044
-4,-7,442.4030680119803
-4,-7,107.41226413530768
-5,-7,186.85574899217679
-5,-7,637.3262636203451
-5,-7,537.5936889425222
-5,-7,100.25358437763259
-5,-7,444.69492448937353
-6,-7,401.86485143208665
-6,-7,226.70337101683958
-6,-7,50.0
-6,-7,837.2471481285149
-6,-7,552.6095193139922
-7,-7,312.76290993896896
-7,-7,50.0
-7,-7,50.0
-7,-7,152.60802815647784
-7,-7,346.2272175176496
-7,-6,612.3575903677283
-7,-6,85.56615147191084
-7,-6,93.60183182367686
-7,-6,189.00446084692553
-7,-6,381.43409680175057
-7,-7,50.0
-7,-7,243.1118451563674
-7,-7,535.344769062542
-7,-7,288.25895071905967
-7,-7,50.0
-8,-7,65.0330657382755
-8,-7,50.0
-8,-7,69.64523317535836
-8,-7,107.57533019653869
-8,-7,112.77231117609529
-9,-7,443.1934883582502
-9,-7,50.0
-9,-7,473.2395256706729
-9,-7,349.54610042686136
-9,-7,304.1003679709288
-9,-8,50.0
