-12,15,50.0
-12,15,216.3693659398017
-12,15,50.0
-12,15,50.0
-12,14,50.0
-12,14,50.0
-12,14,50.0
-12,14,50.0
-12,14,50.0
-12,13,762.419816232122
-12,13,50.0
-12,13,50.0
-12,13,120.89782021528846
-12,13,50.0
-12,12,148.15521388283338
-12,12,123.74963354154184
-12,12,65.606511868165
-12,12,327.00323383217324
-12,12,50.0
-13,12,50.0
-13,12,50.0
-13,12,50.0
-13,12,102.44482696428867
-13,12,50.0
-14,12,50.0
-14,12,50.0
-14,12,50.0
-14,12,50.0
-14,12,195.3852941092668
-15,12,801.6756430242363
-15,12,50.0
-15,12,50.0
-15,12,96.96309310954155
-15,12,50.0
-15,13,50.0
-15,13,50.0
-15,13,50.0
-15,13,323.6801747459708
-15,13,50.0
-15,12,271.44526989987384
-15,12,50.0
-15,12,50.0
-15,12,238.39505951860912
-15,12,50.0
-15,11,182.95139619639457
-15,11,121.32728373570791
-15,11,50.0
-15,11,50.0
-15,11,50.0
-15,10,50.0
-15,10,50.0
-15,10,50.0
-15,10,271.5944929275129
-15,10,50.0
-15,9,50.0
-15,9,174.9659552251754
-15,9,755.4304732531643
-15,9,296.81539009328293
-15,9,631.7113344474939
-15,10,270.53695409022754
-15,10,350.9517728484317
-15,10,50.0
-15,10,50.0
-15,10,791.3183443048445
-15,9,50.0
-15,9,900.0
-15,9,50.0
-15,9,50.0
-15,9,50.0
-15,10,50.0
-15,10,394.1121115394078
-15,10,50.0
-15,10,308.5662453884357
-15,10,50.0
-15,9,273.44016690859746
-15,9,221.51572810385858
-15,9,50.0
-15,9,598.539399105624
-15,9,50.0
-15,8,437.3664114362545
-15,8,891.3858548926999
-15,8,50.0
-15,8,50.0
-15,8,50.0
-15,7,812.3039280643961
-15,7,753.4400457024666
-15,7,50.0
-15,7,413.41384970883877
-15,7,617.4031873222249
-15,8,782.1318914690828
-15,8,50.0
-15,8,50.0
-15,8,50.0
-15,8,50.0
-15,7,398.1206269814736
-15,7,50.0
-15,7,50.0
-15,7,50.0
-15,7,135.05179599406029
-15,6,625.5393642279922
-15,6,900.0
-15,6,50.0
-15,6,50.0
-15,6,546.4034897076436
-15,5,545.1518124826099
-15,5,900.0
-15,5,225.6740740845739
-15,5,50.0
-15,5,563.7298333917214
-15,4,50.0
-15,4,50.0
-15,4,50.0
-15,4,548.7256546013557
-15,4,50.0
-16,4,50.0
-16,4,123.81450966540447
-16,4,50.0
-16,4,50.0
-16,4,50.0
-16,3,367.84048600890327
-16,3,50.0
-16,3,50.0
-16,3,612.4021292149151
-16,3,591.2441923718569
-16,2,50.0
-16,2,434.02423714989425
-16,2,50.0
-16,2,50.0
-16,2,50.0
-16,1,326.88761655330535
-16,1,254.87400530323313
-16,1,50.0
-16,1,209.0156639104124
-16,1,789.5234743509277
-17,1,336.6277725471423
-17,1,50.0
-17,1,50.0
-17,1,473.7570834632787
-17,1,642.216289301265
-17,0,900.0
-17,0,50.0
-17,0,551.8528263278506
-17,0,50.0
-17,0,50.0
-17,-1,50.0
-17,-1,50.0
-17,-1,466.22422834001384
-17,-1,497.63515039560787
-17,-1,765.8206296259623
-18,-1,352.8289465724722
-18,-1,230.98160092901372
-18,-1,50.0
-18,-1,50.0
-18,-1,50.0
-18,-2,242.7398406163542
-18,-2,50.0
-18,-2,50.0
-18,-2,642.6123277272118
-18,-2,50.0
-18,-3,868.9699474766564
-18,-3,50.0
-18,-3,50.0
-18,-3,50.0
-18,-3,50.0
-18,-4,50.0
-18,-4,276.59230816514014
-18,-4,50.0
-18,-4,608.057886374387
-18,-4,50.0
-18,-3,120.28502563739437
-18,-3,362.06872739940485
-18,-3,50.0
-18,-3,313.32708527788066
-18,-3,900.0
-18,-4,50.0
-18,-4,314.86748246100973
-18,-4,900.0
-18,-4,50.0
-18,-4,482.714038304384
-18,-5,252.7359885545523
-18,-5,633.5404244045936
-18,-5,50.0
-18,-5,50.0
-18,-5,50.0
-18,-6,188.5120416695092
-18,-6,73.10569384592691
-18,-6,50.0
-18,-6,238.719459230006
-18,-6,132.11334234677793
-18,-7,57.87150984605277
-18,-7,50.0
-18,-7,213.82900954213676
-18,-7,50.0
-18,-7,629.706406399756
-18,-8,50.0
-18,-8,50.0
-18,-8,900.0
-18,-8,50.0
-18,-8,50.0
-18,-9,50.0
-18,-9,900.0
-18,-9,139.30167497212983
-18,-9,50.0
-18,-9,50.0
-18,-10,50.0
-18,-10,50.0
-18,-10,777.8882284226469
-18,-10,50.0
-18,-10,50.0
-18,-11,50.0
-18,-11,50.0
-18,-11,577.8022727082135
-18,-11,208.46936909272955
-18,-11,50.0
-18,-10,50.0
-18,-10,819.949685604437
-18,-10,54.893719689840935
-18,-10,50.0
-18,-10,259.09772323303156
-17,-10,50.0
-17,-10,50.0
-17,-10,113.1877044591455
-17,-10,50.0
-17,-10,50.0
-18,-10,220.64795072552283
-18,-10,54.85112458932892
-18,-10,50.0
-18,-10,900.0
-18,-10,50.0
-18,-9,592.9143976105414
-18,-9,466.1354491710796
-18,-9,419.30087084046966
-18,-9,50.0
-18,-9,317.803699147262
-18,-10,50.0
-18,-10,50.0
-18,-10,50.0
-18,-10,221.1099483945472
-18,-10,324.5677039503293
-18,-11,50.0
-18,-11,286.97663851388796
-18,-11,50.0
-18,-11,50.0
-18,-11,255.64007530424396
-18,-12,50.0
-18,-12,340.8025790594556
-18,-12,50.0
-18,-12,50.0
-18,-12,50.0
-18,-13,50.0
-18,-13,50.0
-18,-13,50.0
-18,-13,50.0
-18,-13,50.0
-18,-14,50.0
-18,-14,348.3535924161986
-18,-14,57.167155867113706
-18,-14,50.0
-18,-14,50.0
-18,-15,664.9351857720455
-18,-15,50.0
-18,-15,50.0
-18,-15,50.0
-18,-15,50.0
-18,-16,50.0
-18,-16,50.0
-18,-16,50.0
-18,-16,50.0
-18,-16,50.0
-18,-17,50.0
-18,-17,50.0
-18,-17,50.0
-18,-17,50.0
-18,-17,50.0
-17,-17,50.0
-17,-17,50.0
-17,-17,442.557465568079
-17,-17,50.0
-17,-17,50.0
-17,-18,312.2176718489146
-17,-18,281.43392588851566
-17,-18,50.0
-17,-18,551.2444801424527
-17,-18,50.0
-17,-19,50.0
-17,-19,50.0
-17,-19,175.79102135010726
-17,-19,50.0
-17,-19,50.0
-16,-19,50.0
-16,-19,50.0
-16,-19,50.0
-16,-19,50.0
-16,-19,50.0
-17,-19,50.0
-17,-19,50.0
-17,-19,534.0688901808655
-17,-19,130.35272444747568
-17,-19,50.0
-18,-19,270.11245187078254
-18,-19,448.54369907256785
-18,-19,392.30041244017195
-18,-19,50.0
-18,-19,50.0
-19,-19,50.0
-19,-19,50.0
-19,-19,50.0
-19,-19,50.0
-19,-19,50.0
-19,-20,50.0
-19,-20,50.0
-19,-20,50.0
-19,-20,50.0
-19,-20,50.0
-18,-20,50.0
-18,-20,50.0
-18,-20,50.0
-18,-20,50.0
-18,-20,50.0
-19,-20,50.0
-19,-20,50.0
-19,-20,50.0
-19,-20,50.0
-19,-20,50.0
-20,-20,50.0
-20,-20,50.0
-20,-20,50.0
-20,-20,50.0
-20,-20,50.0
-19,-20,50.0
-19,-20,50.0
-19,-20,50.0
-19,-20,50.0
-19,-20,50.0
-19,-19,50.0
-19,-19,50.0
-19,-19,50.0
-19,-19,50.0
-19,-19,91.14067162967609
-18,-19,50.0
-18,-19,50.0
-18,-19,50.0
-18,-19,50.0
-18,-19,50.0
-19,-19,50.0
-19,-19,50.0
-19,-19,50.0
-19,-19,50.0
-19,-19,50.0
-19,-18,50.0
-19,-18,50.0
-19,-18,50.0
-19,-18,900.0
-19,-18,50.0
-20,-18,50.0
-20,-18,50.0
-20,-18,50.0
-20,-18,235.95359530820542
-20,-18,50.0
-20,-17,50.0
-20,-17,50.0
-20,-17,50.0
-20,-17,50.0
-20,-17,50.0
-19,-17,50.0
-19,-17,50.0
-19,-17,50.0
-19,-17,50.0
-19,-17,167.98289504235004
-19,-16,50.0
-19,-16,50.0
-19,-16,59.40332222248867
-19,-16,50.0
-19,-16,698.1047787091879
-18,-16,50.0
-18,-16,652.931297055869
-18,-16,50.0
-18,-16,50.0
-18,-16,50.0
-17,-16,50.0
-17,-16,50.0
-17,-16,172.73526067439286
-17,-16,83.23276057157841
-17,-16,50.0
-16,-16,50.0
-16,-16,50.0
-16,-16,172.76008335350616
-16,-16,239.94229726463215
-16,-16,50.0
-15,-16,263.9591168373395
-15,-16,50.0
-15,-16,50.0
-15,-16,508.762757898936
-15,-16,50.0
-16,-16,50.0
-16,-16,50.0
-16,-16,50.0
-16,-16,50.0
-16,-16,534.6642321222167
-15,-16,50.0
-15,-16,275.16854022542714
-15,-16,50.0
-15,-16,120.69109046844159
-15,-16,162.17246515386574
-16,-16,427.1565369573442
-16,-16,50.0
-16,-16,50.0
-16,-16,50.0
-16,-16,93.2967371095205
-16,-15,50.0
-16,-15,50.0
-16,-15,50.0
-16,-15,50.0
-16,-15,138.30344262362473
-15,-15,50.0
-15,-15,50.0
-15,-15,50.0
-15,-15,50.0
-15,-15,50.0
-15,-14,495.69490504431485
-15,-14,399.7054837902319
-15,-14,50.0
-15,-14,257.29656557235455
-15,-14,98.73690691517675
-15,-13,85.76488165407585
-15,-13,224.31511920028353
-15,-13,50.0
-15,-13,50.0
-15,-13,50.0
-16,-13,50.0
-16,-13,50.0
-16,-13,50.0
-16,-13,145.78743692813492
-16,-13,50.0
-17,-13,304.0947912028455
-17,-13,272.3639279340149
-17,-13,50.0
-17,-13,50.0
-17,-13,50.0
-17,-12,50.0
-17,-12,50.0
-17,-12,159.29637410431178
-17,-12,111.92219666945658
-17,-12,292.02046912204213
-16,-12,50.0
-16,-12,50.0
-16,-12,248.368490407546
-16,-12,50.0
-16,-12,50.0
-15,-12,50.0
-15,-12,504.0507599187952
-15,-12,50.0
-15,-12,50.0
-15,-12,407.9211544329173
-14,-12,69.30813976617938
-14,-12,102.63920125456863
-14,-12,50.0
-14,-12,50.0
-14,-12,50.0
-13,-12,50.0
-13,-12,146.3988993837005
-13,-12,220.6026704580591
-13,-12,50.0
-13,-12,126.38511390009529
-12,-12,516.2888776177364
-12,-12,50.0
-12,-12,270.4860371547698
-12,-12,101.20517484543693
-12,-12,50.0
-11,-12,50.0
-11,-12,50.0
-11,-12,50.0
-11,-12,340.12248195209827
-11,-12,439.30625099560757
-10,-12,419.04226359380766
-10,-12,50.0
-10,-12,204.5140821837377
-10,-12,64.11389357671177
-10,-12,62.77922871325492
-10,-11,245.62749736491702
-10,-11,757.8046343302977
-10,-11,50.0
-10,-11,50.0
-10,-11,245.18944610483686
-11,-11,542.1962671575295
-11,-11,50.0
-11,-11,668.8626453079162
-11,-11,50.0
-11,-11,110.303040338411
-10,-11,205.96225041662115
-10,-11,900.0
-10,-11,495.1538494351804
-10,-11,50.0
-10,-11,375.748674840792
-10,-10,419.47188784678474
-10,-10,50.0
-10,-10,50.0
-10,-10,50.0
-10,-10,50.0
-9,-10,708.9261416300818
-9,-10,50.0
-9,-10,352.89306930206135
-9,-10,50.0
-9,-10,50.0
-8,-10,63.159381127089546
-8,-10,50.0
-8,-10,497.78492896168325
-8,-10,555.7669552602906
-8,-10,808.5867431309136
-7,-10,149.71977262816154
-7,-10,249.05069475334705
-7,-10,50.0
-7,-10,454.8161598918987
-7,-10,216.71624602639807
-6,-10,50.0
-6,-10,674.9641761424175
-6,-10,50.0
-6,-10,900.0
-6,-10,472.57646019334607
-5,-10,677.1023791280868
-5,-10,50.0
-5,-10,674.7549839989925
-5,-10,591.6175970482182
-5,-10,50.0
-4,-10,410.3051775746476
-4,-10,401.63126103220236
-4,-10,54.82254981602273
-4,-10,883.9993807328829
-4,-10,764.9901125441847
-3,-10,648.8770792186193
-3,-10,357.66368925212726
-3,-10,50.0
-3,-10,111.74386674250138
-3,-10,128.37073135657687
-3,-9,50.0
-3,-9,450.595331953454
-3,-9,450.2633112102187
-3,-9,324.6971468311017
-3,-9,50.0
-4,-9,344.5946214435992
-4,-9,50.0
-4,-9,306.11407621888526
-4,-9,249.07976405609594
-4,-9,810.7196807706316
-3,-9,900.0
-3,-9,900.0
-3,-9,389.43480584051804
-3,-9,641.4497202011457
-3,-9,656.714318275903
-3,-8,900.0
-3,-8,339.7094235067591
-3,-8,661.3800876347996
-3,-8,778.1001972228285
-3,-8,100.42374030309418
-3,-7,394.123204734944
-3,-7,371.79520426487903
-3,-7,50.0
-3,-7,900.0
-3,-7,675.3801012642541
-3,-6,50.0
-3,-6,900.0
-3,-6,900.0
-3,-6,50.0
-3,-6,900.0
-2,-6,744.9990190414399
-2,-6,900.0
-2,-6,900.0
-2,-6,50.0
-2,-6,50.0
-2,-7,66.8199113453826
-2,-7,900.0
-2,-7,518.2988782647274
-2,-7,900.0
-2,-7,455.2405554011432
-1,-7,900.0
-1,-7,233.49174964155537
-1,-7,674.6410420945048
-1,-7,173.40807641432673
-1,-7,593.2361751090067
-1,-6,389.4695114973939
-1,-6,754.0168815668411
-1,-6,900.0
-1,-6,571.6603189847092
-1,-6,872.9989064226118
0,-6,355.250667452046
0,-6,741.7918751229863
0,-6,900.0
0,-6,538.401206475395
0,-6,472.51643836472476
0,-5,50.0
0,-5,615.448793811056
0,-5,900.0
0,-5,451.5138491743405
0,-5,771.299343306636
1,-5,499.6261392127002
1,-5,664.3847643385031
1,-5,486.25416222211084
1,-5,900.0
1,-5,770.6048746612664
2,-5,406.7025821122796
2,-5,565.3244412774314
2,-5,634.542989483799
2,-5,900.0
2,-5,900.0
2,-4,644.8424828806105
2,-4,50.0
2,-4,356.9146567621735
2,-4,691.0850839813613
2,-4,900.0
1,-4,819.458600871586
1,-4,900.0
1,-4,257.77387907834714
1,-4,594.1395253495901
1,-4,742.0043015793598
2,-4,900.0
2,-4,209.213945751977
2,-4,816.2421520370292
2,-4,50.0
2,-4,523.9058361990951
2,-3,443.7007460220574
2,-3,676.4508543331099
2,-3,468.37744619726516
2,-3,900.0
2,-3,900.0
3,-3,900.0
3,-3,412.9775008346121
3,-3,50.0
3,-3,900.0
3,-3,50.0
4,-3,900.0
4,-3,284.1506181103422
4,-3,776.0433936797183
4,-3,164.00446518567793
4,-3,503.49065290242356
5,-3,387.96823760903334
5,-3,50.0
5,-3,900.0
5,-3,315.78478827661576
5,-3,900.0
6,-3,50.0
6,-3,900.0
6,-3,366.8721427569618
6,-3,78.20403459537789
6,-3,629.1658396429161
5,-3,294.40206935030693
5,-3,900.0
5,-3,900.0
5,-3,776.6692210721274
5,-3,567.0351942843397
6,-3,137.78782284412944
6,-3,485.19473388149686
6,-3,900.0
6,-3,301.3019419117677
6,-3,50.0
6,-2,711.8587853826378
6,-2,900.0
6,-2,595.875218241997
6,-2,607.236807498317
6,-2,793.6963693171998
6,-1,488.83782210214144
6,-1,671.3349793550095
6,-1,289.6626187881607
6,-1,452.9590765466885
6,-1,900.0
6,0,900.0
6,0,900.0
6,0,356.133499932357
6,0,900.0
6,0,327.8413452040573
6,1,614.5564172204103
6,1,900.0
6,1,900.0
6,1,664.058072146906
6,1,900.0
7,1,394.28657894901585
7,1,50.0
7,1,900.0
7,1,900.0
7,1,200.60709169091575
8,1,50.0
8,1,779.9626678436707
8,1,345.99836802977933
8,1,900.0
8,1,223.4846128596306
9,1,331.9723817837176
9,1,50.0
9,1,50.0
9,1,50.0
9,1,50.0
9,2,225.34334458963002
9,2,716.0046250297598
9,2,107.67381692393997
9,2,50.0
9,2,464.5112149594771
10,2,50.0
10,2,577.1692320652534
10,2,470.77944968254866
10,2,50.0
10,2,284.66989072710055
11,2,293.7328854781929
11,2,533.6871617807988
11,2,497.45322742032846
11,2,900.0
11,2,900.0
11,3,410.84867270448603
11,3,526.2751759961047
11,3,656.3143073601908
11,3,193.55175000937658
11,3,667.4010048038705
12,3,71.49418145770494
12,3,50.0
12,3,225.06843383442157
12,3,50.0
12,3,58.105306262690675
13,3,440.2299063846379
13,3,50.0
13,3,50.0
13,3,651.2372421256982
13,3,50.0
14,3,329.6891063022056
14,3,50.0
14,3,50.0
14,3,50.0
14,3,231.31362639567962
15,3,50.0
15,3,50.0
15,3,50.0
15,3,561.6225265920755
15,3,50.0
15,4,216.814702482007
15,4,50.0
15,4,200.87890043787786
15,4,50.0
15,4,50.0
16,4,512.8777804266878
16,4,900.0
16,4,448.1431561139695
16,4,434.237714971484
16,4,50.0
15,4,50.0
15,4,900.0
15,4,50.0
15,4,50.0
15,4,50.0
14,4,50.0
14,4,160.06510415313176
14,4,50.0
14,4,303.25248038339294
14,4,50.0
15,4,50.0
15,4,50.0
15,4,62.569896030326014
15,4,337.3167554026248
15,4,727.9722747437615
14,4,50.0
14,4,187.02027519116314
14,4,50.0
14,4,487.1688286467377
14,4,343.0213222708462
13,4,725.7885740269578
13,4,278.0342555717948
13,4,695.4367730740821
13,4,112.69354140031547
13,4,276.0747034584413
12,4,900.0
12,4,344.22048597702144
12,4,528.0379146987743
12,4,292.2210478461511
12,4,50.0
11,4,50.0
11,4,50.0
11,4,542.5892036433545
11,4,50.0
11,4,50.0
12,4,288.5401620914927
12,4,220.4608387587208
12,4,318.76207676721754
12,4,362.75661805854884
12,4,206.65179542243098
11,4,312.49236787691245
11,4,716.9073117324076
11,4,160.7406537298961
11,4,504.6515615689599
11,4,616.5089241058377
10,4,858.9710273240963
10,4,60.07832266743587
10,4,162.5374520440734
10,4,50.0
10,4,639.9753616391806
9,4,333.487816330064
9,4,493.58394482193256
9,4,690.5303161020911
9,4,678.4347547961343
9,4,50.0
10,4,50.0
10,4,706.526183271654
10,4,384.8811502431146
10,4,256.98902470392886
10,4,50.0
10,5,342.2088854611877
10,5,50.0
10,5,295.700107827494
10,5,50.0
10,5,900.0
9,5,404.8900427759597
9,5,252.18709572546456
9,5,536.3519120191625
9,5,50.0
9,5,900.0
8,5,375.47586509284326
8,5,403.59356527615716
8,5,50.0
8,5,80.01398193644798
8,5,50.0
7,5,900.0
7,5,319.2861026793391
7,5,50.0
7,5,50.0
7,5,50.0
6,5,772.7450818560226
6,5,50.0
6,5,460.39137102643394
6,5,50.0
6,5,521.5766107539744
5,5,345.5689500104053
5,5,50.0
5,5,515.9829231994381
5,5,808.8148137881981
5,5,900.0
4,5,900.0
4,5,898.0043138480708
4,5,617.8183742516098
4,5,798.9465962638778
4,5,513.464503545398
3,5,50.0
3,5,900.0
3,5,743.3623769220173
3,5,274.2120668893297
3,5,50.0
2,5,900.0
2,5,900.0
2,5,429.4635150493886
2,5,657.6062924528178
2,5,70.01345182823775
3,5,900.0
3,5,900.0
3,5,812.6420172698926
3,5,769.4703066802413
3,5,430.1955326442361
2,5,900.0
2,5,50.0
2,5,900.0
2,5,580.8752990351059
2,5,233.45479295638313
2,6,900.0
2,6,850.9944213755518
2,6,211.16239110176605
2,6,881.5702318952785
2,6,580.0395406823689
2,7,511.286421744385
2,7,608.9665237304403
2,7,538.7403420484222
2,7,415.9192809299673
2,7,50.0
1,7,50.0
1,7,900.0
1,7,50.0
1,7,50.0
1,7,205.1261252186928
1,8,63.39005127944256
1,8,50.0
1,8,535.5687636821433
1,8,50.0
1,8,900.0
1,9,369.9659121766335
1,9,50.0
1,9,693.9303022069089
1,9,678.9118096351201
1,9,854.9489972844137
0,9,483.5337885479697
0,9,570.2752834052233
0,9,494.0251749724236
0,9,259.71159248723507
0,9,594.262802027059
-1,9,613.9822138075237
-1,9,889.8312912692872
-1,9,50.0
-1,9,262.1750186965388
-1,9,240.4890563978251
-2,9,900.0
-2,9,91.5074934077818
-2,9,900.0
-2,9,115.09554259689997
-2,9,433.1582002808902
-2,10,287.50524975397894
-2,10,619.715212144317
-2,10,309.35567858985496
-2,10,50.0
-2,10,223.69516831999542
-3,10,632.5457506250714
-3,10,900.0
-3,10,125.77493773435481
-3,10,738.011912870752
-3,10,327.26254174436247
-4,10,50.0
-4,10,900.0
-4,10,50.0
-4,10,50.0
-4,10,50.0
-4,11,50.0
-4,11,424.3371347668706
-4,11,336.63473596239913
-4,11,670.4755382894535
-4,11,494.2180399405322
-5,11,383.52715249608826
-5,11,50.0
-5,11,142.0554320166325
-5,11,52.746002924472435
-5,11,489.0662505510671
-6,11,50.0
-6,11,50.0
-6,11,438.958912491005
-6,11,565.4212809807493
-6,11,50.0
-7,11,900.0
-7,11,269.9389447891189
-7,11,764.600505997803
-7,11,900.0
-7,11,50.0
-8,11,283.5441493199963
-8,11,50.0
-8,11,599.8406812681569
-8,11,672.0334878062781
-8,11,446.37840470045256
-9,11,50.0
-9,11,317.4103804825302
-9,11,585.756033155469
-9,11,140.83405737341792
-9,11,50.0
-9,12,900.0
-9,12,253.41128548763805
-9,12,50.0
-9,12,512.2666728625964
-9,12,613.8225298482436
-8,12,327.95249470335233
-8,12,263.68500283987646
-8,12,251.6546712424097
-8,12,100.93110448835223
-8,12,50.0
-9,12,292.11189838717746
-9,12,359.36621274140117
-9,12,430.95529100812547
-9,12,380.8195737773301
-9,12,50.0
-10,12,800.5671964331915
-10,12,476.0408319930528
-10,12,104.40354754515675
-10,12,498.70292870672876
-10,12,827.4582907971543
-11,12,392.65220061718867
-11,12,50.0
-11,12,50.0
-11,12,50.0
-11,12,50.0
-12,12,475.21144496466934
-12,12,751.8303776389283
-12,12,50.0
-12,12,50.0
-12,12,50.0
-12,13,50.0
-12,13,270.9849382080401
-12,13,264.30844607225634
-12,13,50.0
-12,13,50.0
-12,14,540.6619683455673
-12,14,50.0
-12,14,50.0
-12,14,50.0
-12,14,684.8218654886415
-12,15,50.0
-12,15,50.0
-12,15,230.00761643213326
-12,15,900.0
-12,15,50.0
-13,15,656.1017664578699
-13,15,195.2540439540212
-13,15,104.93021201263369
-13,15,50.0
-13,15,50.0
-12,15,330.70073675125116
-12,15,50.0
-12,15,50.0
-12,15,268.20827341159156
-12,15,50.0
-12,16,50.0
-12,16,50.0
-12,16,50.0
-12,16,509.1721362344399
-12,16,50.0
-13,16,50.0
