-12,15,50.0
-12,15,50.0
-12,15,50.0
-12,15,50.50317877482115
-12,14,50.0
-12,14,50.0
-12,14,50.0
-12,14,84.7827498965965
-12,14,50.0
-12,13,50.0
-12,13,50.0
-12,13,50.0
-12,13,256.2166552199878
-12,13,50.0
-12,12,58.75362277168317
-12,12,50.0
-12,12,50.0
-12,12,50.0
-12,12,50.0
-13,12,350.2508887546577
-13,12,62.72314614808889
-13,12,50.0
-13,12,79.500986946074
-13,12,85.90462250032446
-14,12,344.7288184751746
-14,12,50.0
-14,12,50.0
-14,12,50.0
-14,12,50.0
-15,12,50.0
-15,12,50.0
-15,12,297.0732869825264
-15,12,230.73756617506024
-15,12,50.0
-15,13,50.0
-15,13,50.0
-15,13,50.0
-15,13,50.0
-15,13,50.0
-15,12,187.1535750763993
-15,12,50.0
-15,12,50.0
-15,12,50.0
-15,12,145.2697011654035
-15,11,232.45213922559907
-15,11,50.0
-15,11,50.0
-15,11,50.0
-15,11,50.0
-15,10,50.0
-15,10,237.8633542501604
-15,10,150.3998123692975
-15,10,50.0
-15,10,198.5535166523772
-15,9,72.64134691874372
-15,9,50.0
-15,9,50.0
-15,9,50.0
-15,9,284.3383118254534
-15,10,50.0
-15,10,70.51101857068531
-15,10,50.0
-15,10,50.0
-15,10,422.95581634854153
-15,9,50.0
-15,9,50.0
-15,9,255.26158996933043
-15,9,129.80027512814885
-15,9,50.0
-15,10,134.22056951380935
-15,10,50.0
-15,10,50.0
-15,10,50.0
-15,10,50.0
-15,9,50.0
-15,9,443.05510630981183
-15,9,50.0
-15,9,50.0
-15,9,205.9307727637097
-15,8,50.0
-15,8,50.0
-15,8,468.4778928929275
-15,8,50.0
-15,8,251.18607755147417
-15,7,50.0
-15,7,50.0
-15,7,50.0
-15,7,131.62720778486994
-15,7,50.0
-15,8,50.0
-15,8,50.0
-15,8,50.0
-15,8,50.0
-15,8,50.0
-15,7,50.0
-15,7,64.58538010781632
-15,7,50.0
-15,7,50.0
-15,7,50.0
-15,6,490.28115321061455
-15,6,177.12813355334336
-15,6,50.0
-15,6,50.0
-15,6,50.0
-15,5,50.0
-15,5,208.41184885250578
-15,5,94.5598111160444
-15,5,68.60570117804289
-15,5,50.0
-15,4,235.32713475680126
-15,4,50.0
-15,4,50.0
-15,4,50.0
-15,4,279.50310126226407
-16,4,50.0
-16,4,50.0
-16,4,335.9612367418508
-16,4,50.0
-16,4,50.0
-16,3,50.0
-16,3,50.0
-16,3,50.0
-16,3,50.0
-16,3,50.0
-16,2,50.0
-16,2,50.0
-16,2,50.0
-16,2,50.0
-16,2,50.0
-16,1,50.0
-16,1,50.0
-16,1,50.0
-16,1,50.0
-16,1,50.0
-17,1,50.0
-17,1,260.94865126280445
-17,1,147.57687789405108
-17,1,50.0
-17,1,50.0
-17,0,50.0
-17,0,50.0
-17,0,50.0
-17,0,50.0
-17,0,94.07962458196829
-17,-1,373.22933291479103
-17,-1,354.8095556039282
-17,-1,126.21129219485758
-17,-1,307.87973811069094
-17,-1,50.0
-18,-1,50.0
-18,-1,158.55510320250306
-18,-1,155.50645072500777
-18,-1,50.0
-18,-1,50.0
-18,-2,50.0
-18,-2,126.1452359057979
-18,-2,337.75401875860706
-18,-2,50.0
-18,-2,332.4372788255519
-18,-3,50.0
-18,-3,523.2910175465165
-18,-3,50.0
-18,-3,186.51204919942455
-18,-3,50.0
-18,-4,50.0
-18,-4,50.0
-18,-4,50.0
-18,-4,50.0
-18,-4,50.0
-18,-3,50.0
-18,-3,171.712481562358
-18,-3,207.63561410923103
-18,-3,50.0
-18,-3,50.0
-18,-4,50.0
-18,-4,249.39262139084593
-18,-4,50.0
-18,-4,50.0
-18,-4,137.14290023891215
-18,-5,50.0
-18,-5,50.0
-18,-5,50.0
-18,-5,50.0
-18,-5,50.0
-18,-6,133.38434023887197
-18,-6,50.0
-18,-6,213.4583569815332
-18,-6,50.0
-18,-6,94.76344393969498
-18,-7,50.0
-18,-7,50.0
-18,-7,50.0
-18,-7,50.0
-18,-7,50.0
-18,-8,50.0
-18,-8,178.05010200387892
-18,-8,86.96241284006624
-18,-8,50.0
-18,-8,50.0
-18,-9,50.0
-18,-9,50.0
-18,-9,50.0
-18,-9,50.0
-18,-9,50.0
-18,-10,50.0
-18,-10,50.0
-18,-10,50.0
-18,-10,50.0
-18,-10,147.78598631073731
-18,-11,50.0
-18,-11,50.0
-18,-11,50.0
-18,-11,50.0
-18,-11,50.0
-18,-10,50.0
-18,-10,50.0
-18,-10,50.0
-18,-10,50.0
-18,-10,50.0
-17,-10,199.58220087198652
-17,-10,50.0
-17,-10,50.0
-17,-10,50.0
-17,-10,50.0
-18,-10,50.0
-18,-10,50.0
-18,-10,50.0
-18,-10,50.0
-18,-10,50.0
-18,-9,50.0
-18,-9,50.0
-18,-9,50.0
-18,-9,50.0
-18,-9,50.0
-18,-10,50.0
-18,-10,50.0
-18,-10,50.0
-18,-10,50.0
-18,-10,50.0
-18,-11,50.0
-18,-11,50.0
-18,-11,50.0
-18,-11,50.0
-18,-11,50.0
-18,-12,50.0
-18,-12,81.8830010620141
-18,-12,50.0
-18,-12,50.0
-18,-12,50.0
-18,-13,112.8102845644255
-18,-13,50.0
-18,-13,50.0
-18,-13,50.0
-18,-13,50.0
-18,-14,50.0
-18,-14,50.0
-18,-14,50.0
-18,-14,50.0
-18,-14,50.0
-18,-15,50.0
-18,-15,50.0
-18,-15,50.0
-18,-15,50.0
-18,-15,50.0
-18,-16,50.0
-18,-16,50.0
-18,-16,50.0
-18,-16,50.0
-18,-16,50.0
-18,-17,50.0
-18,-17,50.0
-18,-17,50.0
-18,-17,50.0
-18,-17,50.0
-17,-17,50.0
-17,-17,50.0
-17,-17,50.0
-17,-17,235.33513897366174
-17,-17,50.0
-17,-18,50.0
-17,-18,50.0
-17,-18,50.0
-17,-18,50.0
-17,-18,50.0
-17,-19,50.0
-17,-19,50.0
-17,-19,50.0
-17,-19,50.0
-17,-19,50.0
-16,-19,50.0
-16,-19,50.0
-16,-19,50.0
-16,-19,50.0
-16,-19,50.0
-17,-19,50.0
-17,-19,50.0
-17,-19,50.0
-17,-19,50.0
-17,-19,50.0
-18,-19,50.0
-18,-19,50.0
-18,-19,50.0
-18,-19,50.0
-18,-19,50.0
-19,-19,50.0
-19,-19,50.0
-19,-19,50.0
-19,-19,50.0
-19,-19,50.0
-19,-20,50.0
-19,-20,50.0
-19,-20,50.0
-19,-20,50.0
-19,-20,50.0
-18,-20,50.0
-18,-20,50.0
-18,-20,50.0
-18,-20,50.0
-18,-20,50.0
-19,-20,50.0
-19,-20,50.0
-19,-20,50.0
-19,-20,50.0
-19,-20,50.0
-20,-20,50.0
-20,-20,50.0
-20,-20,50.0
-20,-20,50.0
-20,-20,50.0
-19,-20,50.0
-19,-20,50.0
-19,-20,50.0
-19,-20,50.0
-19,-20,50.0
-19,-19,50.0
-19,-19,50.0
-19,-19,50.0
-19,-19,50.0
-19,-19,50.0
-18,-19,50.0
-18,-19,50.0
-18,-19,144.9192936044986
-18,-19,50.0
-18,-19,50.0
-19,-19,50.0
-19,-19,50.0
-19,-19,50.0
-19,-19,50.0
-19,-19,50.0
-19,-18,50.0
-19,-18,50.0
-19,-18,50.0
-19,-18,50.0
-19,-18,50.0
-20,-18,50.0
-20,-18,50.0
-20,-18,50.0
-20,-18,50.0
-20,-18,50.0
-20,-17,50.0
-20,-17,50.0
-20,-17,50.0
-20,-17,50.0
-20,-17,50.0
-19,-17,50.0
-19,-17,50.0
-19,-17,50.0
-19,-17,50.0
-19,-17,50.0
-19,-16,50.0
-19,-16,50.0
-19,-16,50.0
-19,-16,102.35397087672288
-19,-16,50.0
-18,-16,50.0
-18,-16,50.0
-18,-16,50.0
-18,-16,50.0
-18,-16,50.0
-17,-16,50.0
-17,-16,50.0
-17,-16,50.0
-17,-16,64.27117381589039
-17,-16,50.0
-16,-16,50.0
-16,-16,50.0
-16,-16,50.0
-16,-16,181.6365669786128
-16,-16,50.0
-15,-16,50.0
-15,-16,50.0
-15,-16,50.0
-15,-16,50.0
-15,-16,422.30816825582144
-16,-16,50.0
-16,-16,50.0
-16,-16,50.0
-16,-16,50.0
-16,-16,50.0
-15,-16,50.0
-15,-16,50.0
-15,-16,50.0
-15,-16,50.0
-15,-16,50.0
-16,-16,50.0
-16,-16,50.0
-16,-16,50.0
-16,-16,50.0
-16,-16,50.0
-16,-15,50.0
-16,-15,50.0
-16,-15,50.0
-16,-15,50.0
-16,-15,50.0
-15,-15,50.0
-15,-15,50.0
-15,-15,50.0
-15,-15,50.0
-15,-15,50.0
-15,-14,50.0
-15,-14,297.986390677273
-15,-14,50.0
-15,-14,290.6627304086249
-15,-14,50.0
-15,-13,75.95618466509097
-15,-13,186.34860192513497
-15,-13,96.79547919896453
-15,-13,50.0
-15,-13,50.0
-16,-13,50.0
-16,-13,50.0
-16,-13,50.0
-16,-13,270.71064073043027
-16,-13,50.0
-17,-13,50.0
-17,-13,50.0
-17,-13,50.0
-17,-13,50.0
-17,-13,50.0
-17,-12,50.0
-17,-12,50.0
-17,-12,50.0
-17,-12,105.65374835325679
-17,-12,107.60171721291027
-16,-12,104.79820782994182
-16,-12,50.0
-16,-12,50.0
-16,-12,50.0
-16,-12,318.13843916871804
-15,-12,50.0
-15,-12,277.8635988220017
-15,-12,80.93089903645603
-15,-12,50.0
-15,-12,53.31473372616796
-14,-12,103.33893328891872
-14,-12,50.0
-14,-12,113.79279758670305
-14,-12,50.0
-14,-12,50.0
-13,-12,50.0
-13,-12,50.0
-13,-12,50.0
-13,-12,50.0
-13,-12,50.0
-12,-12,258.29940301469065
-12,-12,56.378975344016396
-12,-12,50.0
-12,-12,50.0
-12,-12,242.09096316595168
-11,-12,287.15352166746675
-11,-12,50.0
-11,-12,612.0492247626601
-11,-12,405.4042761390678
-11,-12,809.775804119576
-10,-12,389.08931998214786
-10,-12,370.29775826226825
-10,-12,50.0
-10,-12,232.13219849236864
-10,-12,65.83919889820515
-10,-11,180.09844108033474
-10,-11,104.87912826984879
-10,-11,50.0
-10,-11,617.217822918186
-10,-11,50.0
-11,-11,119.16743406301228
-11,-11,50.0
-11,-11,181.2574323723747
-11,-11,50.0
-11,-11,50.0
-10,-11,235.8980833325145
-10,-11,50.0
-10,-11,50.0
-10,-11,79.00491447203235
-10,-11,523.3350425225835
-10,-10,60.79032958792358
-10,-10,50.0
-10,-10,50.0
-10,-10,50.0
-10,-10,50.0
-9,-10,245.8972598698827
-9,-10,50.0
-9,-10,151.24448796792302
-9,-10,148.06802098240604
-9,-10,50.0
-8,-10,211.3882226465671
-8,-10,318.5800857901571
-8,-10,122.54229146977642
-8,-10,50.0
-8,-10,50.0
-7,-10,50.0
-7,-10,50.0
-7,-10,50.0
-7,-10,514.8471485874079
-7,-10,50.0
-6,-10,50.0
-6,-10,349.32400761703923
-6,-10,50.0
-6,-10,377.12592630746343
-6,-10,50.0
-5,-10,50.0
-5,-10,152.7534098155333
-5,-10,230.035759624905
-5,-10,61.04135261700648
-5,-10,257.68355170075216
-4,-10,50.0
-4,-10,350.94610719593175
-4,-10,330.05928566804
-4,-10,50.0
-4,-10,50.0
-3,-10,152.45314436694554
-3,-10,153.520617174658
-3,-10,50.0
-3,-10,50.0
-3,-10,106.35248195096194
-3,-9,50.0
-3,-9,50.0
-3,-9,263.35696240016756
-3,-9,351.5166190068051
-3,-9,531.8455095832455
-4,-9,50.0
-4,-9,532.7265153647205
-4,-9,197.51322305103486
-4,-9,268.04958322774456
-4,-9,50.0
-3,-9,509.82256093234105
-3,-9,551.3413119879817
-3,-9,51.990068953407246
-3,-9,50.0
-3,-9,417.03358420163465
-3,-8,302.4156515969772
-3,-8,488.171458941394
-3,-8,700.454100044494
-3,-8,133.37964426966397
-3,-8,588.0835503357005
-3,-7,872.2480442444448
-3,-7,50.0
-3,-7,486.77270254640223
-3,-7,500.64174251472934
-3,-7,198.79986775254645
-3,-6,415.65531656468806
-3,-6,482.9670563559911
-3,-6,487.04976518948075
-3,-6,50.0
-3,-6,50.0
-2,-6,900.0
-2,-6,695.325837643015
-2,-6,555.3575024119207
-2,-6,900.0
-2,-6,537.3919757992625
-2,-7,391.41012719580704
-2,-7,225.77521702234134
-2,-7,869.5716362005985
-2,-7,785.3978316036261
-2,-7,475.36313535307806
-1,-7,557.9467062989792
-1,-7,340.8372250233797
-1,-7,359.7016885087821
-1,-7,900.0
-1,-7,50.0
-1,-6,232.79706981616903
-1,-6,900.0
-1,-6,259.95283487160094
-1,-6,261.9778509523304
-1,-6,529.5955683718472
0,-6,547.3125442765333
0,-6,569.6836600403369
0,-6,201.6566993050476
0,-6,408.63082426591257
0,-6,612.673826460479
0,-5,349.14952788939905
0,-5,900.0
0,-5,723.1720002594234
0,-5,341.0490474624819
0,-5,508.21827415002815
1,-5,900.0
1,-5,488.7853222840033
1,-5,321.41985574754597
1,-5,236.0030909681103
1,-5,637.0103398057356
2,-5,808.3578470229397
2,-5,290.1547027408721
2,-5,50.0
2,-5,658.2389763318532
2,-5,60.4174080909562
2,-4,499.2416535927894
2,-4,800.3841623053066
2,-4,170.71703107808378
2,-4,545.4036322807708
2,-4,332.7165434502776
1,-4,673.2157693545123
1,-4,458.45127562299524
1,-4,50.0
1,-4,614.531072345474
1,-4,224.9017232366457
2,-4,344.21285074852904
2,-4,192.70702105544433
2,-4,116.24961896528117
2,-4,900.0
2,-4,900.0
2,-3,696.4520174535184
2,-3,802.2787721554638
2,-3,318.8066186075306
2,-3,313.70276696401913
2,-3,148.2618133012462
3,-3,291.9534903481553
3,-3,900.0
3,-3,761.1959969276136
3,-3,333.01480473766276
3,-3,900.0
4,-3,168.89301600819027
4,-3,418.54650348082157
4,-3,182.07845043719897
4,-3,655.1794736249658
4,-3,635.160108852243
5,-3,366.37582844242434
5,-3,122.25070350005754
5,-3,900.0
5,-3,50.0
5,-3,351.2864947340561
6,-3,494.61566712629474
6,-3,50.0
6,-3,348.2187138204671
6,-3,483.25387011370447
6,-3,900.0
5,-3,665.3766671778475
5,-3,346.6158730863551
5,-3,334.44696316084037
5,-3,751.7797724814397
5,-3,355.0140435643929
6,-3,900.0
6,-3,396.472948568735
6,-3,50.0
6,-3,318.1311588293899
6,-3,669.0191315510325
6,-2,722.1445737384097
6,-2,461.03918499324726
6,-2,92.2041105633719
6,-2,281.1275212710609
6,-2,465.8631841310281
6,-1,570.2460242610132
6,-1,285.463275098491
6,-1,121.82200700908545
6,-1,50.0
6,-1,364.62963023517227
6,0,50.0
6,0,50.0
6,0,275.8869699810955
6,0,582.9777985480273
6,0,192.89477050706748
6,1,154.61803210860074
6,1,568.9166582198402
6,1,709.3815396558168
6,1,409.2540602820813
6,1,520.8147364171186
7,1,427.64431487144657
7,1,678.1410456113397
7,1,340.3842565655428
7,1,190.09456022244837
7,1,50.0
8,1,700.5216736277694
8,1,104.92332108129446
8,1,200.0502137383918
8,1,900.0
8,1,511.20451907020356
9,1,50.0
9,1,170.01537835336688
9,1,431.9594862730107
9,1,744.2284219445169
9,1,50.0
9,2,50.0
9,2,421.6831694520188
9,2,124.5917284646942
9,2,240.40601821360272
9,2,365.10392772513256
10,2,110.33477096742558
10,2,140.26056909408953
10,2,50.0
10,2,180.7588835653952
10,2,268.2212817430335
11,2,50.0
11,2,421.0881099761613
11,2,210.4419365839807
11,2,344.0367780057439
11,2,50.0
11,3,50.0
11,3,900.0
11,3,54.441482926415674
11,3,138.82406282697167
11,3,301.5520421191436
12,3,50.0
12,3,84.2648679519814
12,3,50.0
12,3,175.1581441793206
12,3,249.69160890252084
13,3,262.8529083302968
13,3,139.61654017903123
13,3,292.87253273616454
13,3,368.2969965828389
13,3,392.0196202696538
14,3,50.0
14,3,50.0
14,3,50.0
14,3,50.0
14,3,246.62244249015612
15,3,202.36067741870656
15,3,50.0
15,3,227.2006771016735
15,3,291.20810210412805
15,3,50.0
15,4,85.33517985120633
15,4,410.63371376348215
15,4,400.82360296181764
15,4,50.0
15,4,150.97097275292805
16,4,50.0
16,4,50.0
16,4,50.0
16,4,50.0
16,4,240.0288502355997
15,4,50.0
15,4,50.0
15,4,50.0
15,4,50.0
15,4,196.6470301482579
14,4,113.73852023955153
14,4,375.33302840993804
14,4,84.60873125553638
14,4,101.10873275390504
14,4,214.29253130130314
15,4,276.59677515391354
15,4,50.0
15,4,50.0
15,4,407.97139716934174
15,4,50.0
14,4,50.0
14,4,228.19424409898795
14,4,50.0
14,4,206.09780045066404
14,4,50.0
13,4,143.7019312582292
13,4,96.83579740501912
13,4,70.18575299517693
13,4,50.0
13,4,70.14605039962534
12,4,177.94968898453126
12,4,369.3463320757853
12,4,212.03993708473095
12,4,295.2367325800358
12,4,50.0
11,4,305.9755856235287
11,4,398.411695938591
11,4,50.0
11,4,480.05868377060455
11,4,360.53515649016435
12,4,217.607776927963
12,4,225.328440180847
12,4,180.60703567357854
12,4,234.64020323304595
12,4,50.0
11,4,50.0
11,4,170.2808702730046
11,4,525.0078029987085
11,4,50.0
11,4,610.7253374749453
10,4,218.99828961637652
10,4,152.68898883731924
10,4,50.0
10,4,559.3426549816206
10,4,50.0
9,4,688.4259887197566
9,4,491.4369994231828
9,4,50.0
9,4,564.6043284332221
9,4,175.57253263287876
10,4,463.84883985922033
10,4,96.34090794474822
10,4,577.4089830786938
10,4,803.423474073092
10,4,50.0
10,5,527.5605767671136
10,5,327.35919903708066
10,5,213.4415797619065
10,5,85.96751918905483
10,5,353.75249405128955
9,5,50.0
9,5,521.1484569144213
9,5,407.0975460153268
9,5,476.55266992822817
9,5,513.9050225608325
8,5,136.21365640420734
8,5,491.84335316946715
8,5,382.71763695481366
8,5,771.7401521295725
8,5,50.0
7,5,172.3096594153662
7,5,215.6912908095671
7,5,372.09629503018886
7,5,50.0
7,5,594.8249594376616
6,5,803.2764939032609
6,5,197.83072076597085
6,5,372.1005035568277
6,5,900.0
6,5,505.8614310570082
5,5,380.4547703547933
5,5,443.6243632770694
5,5,900.0
5,5,492.3706817653167
5,5,900.0
4,5,204.71659844951222
4,5,900.0
4,5,483.7567381930303
4,5,50.0
4,5,417.8244500508041
3,5,733.479129018805
3,5,740.9090683539748
3,5,897.515195981449
3,5,764.3533361711918
3,5,535.5543683826064
2,5,280.91287917946886
2,5,424.0253034839897
2,5,648.0243645743737
2,5,900.0
2,5,588.1317357631863
3,5,900.0
3,5,628.2157712011524
3,5,547.1462406047973
3,5,130.0343643831478
3,5,709.8634965812572
2,5,538.1514390701414
2,5,495.4009593634923
2,5,470.30475077210116
2,5,664.4938942473144
2,5,150.51100701792853
2,6,50.0
2,6,229.48081921934266
2,6,115.31372048034052
2,6,310.1038387742741
2,6,810.9197874802626
2,7,517.3955483976305
2,7,352.3850100354113
2,7,487.19503131019553
2,7,323.38487407431836
2,7,794.8604297365275
1,7,422.8957571167871
1,7,134.1770918424972
1,7,675.4810983532683
1,7,388.0447721396951
1,7,527.800629155202
1,8,144.0777381910788
1,8,454.49568905836117
1,8,147.09124917162035
1,8,507.35514038459576
1,8,265.52426500933717
1,9,292.90566145627196
1,9,550.5914567341102
1,9,111.99906133524875
1,9,136.60335568428036
1,9,63.76028011207242
0,9,304.81974361183467
0,9,483.5389234573063
0,9,50.0
0,9,405.4278337275901
0,9,237.1717182713084
-1,9,50.0
-1,9,812.3266495148844
-1,9,841.9369529578627
-1,9,781.0877821547598
-1,9,420.9737750008948
-2,9,198.7386944842785
-2,9,337.461139235094
-2,9,416.69415843708765
-2,9,346.69970686381856
-2,9,835.8876676001421
-2,10,259.52405315748786
-2,10,88.06191141654111
-2,10,148.18983841831567
-2,10,573.8085791583537
-2,10,95.91517752305393
-3,10,816.2648237269436
-3,10,354.18076357333695
-3,10,168.63096167420525
-3,10,50.0
-3,10,50.0
-4,10,264.43783024486265
-4,10,172.03675588793206
-4,10,687.0698797715079
-4,10,630.7967356987765
-4,10,552.2560061155505
-4,11,544.6618533645947
-4,11,50.0
-4,11,50.0
-4,11,50.0
-4,11,345.75339133244904
-5,11,50.0
-5,11,428.3910385760135
-5,11,50.0
-5,11,432.1282228659047
-5,11,513.3303090933227
-6,11,152.50853467062763
-6,11,426.9709562152929
-6,11,891.2561680253891
-6,11,162.70881701120123
-6,11,186.40466167289514
-7,11,62.50063572239071
-7,11,50.0
-7,11,50.0
-7,11,127.1462181688528
-7,11,81.88113093267077
-8,11,113.61908685519138
-8,11,50.0
-8,11,50.0
-8,11,312.3643856133201
-8,11,646.5790085095605
-9,11,174.56393803283777
-9,11,552.1599432053513
-9,11,178.44402054951888
-9,11,50.0
-9,11,619.5239314357775
-9,12,50.0
-9,12,50.0
-9,12,50.0
-9,12,112.39429028314827
-9,12,50.0
-8,12,307.0712942309922
-8,12,118.18726948911501
-8,12,129.14931891003224
-8,12,241.07338950881638
-8,12,50.0
-9,12,50.0
-9,12,212.14983073709362
-9,12,401.74864195495934
-9,12,50.0
-9,12,50.0
-10,12,192.05496569136898
-10,12,50.0
-10,12,50.0
-10,12,176.50955956484157
-10,12,50.0
-11,12,50.0
-11,12,50.0
-11,12,50.0
-11,12,50.0
-11,12,109.91324726787863
-12,12,208.27552588845697
-12,12,50.0
-12,12,261.95713398478756
-12,12,50.0
-12,12,50.0
-12,13,50.0
-12,13,226.36854558108593
-12,13,50.0
-12,13,50.0
-12,13,50.0
-12,14,50.0
-12,14,236.14185193647074
-12,14,209.6314526725651
-12,14,50.0
-12,14,50.0
-12,15,50.0
-12,15,50.0
-12,15,50.0
-12,15,128.0017510691007
-12,15,50.0
-13,15,50.0
-13,15,50.0
-13,15,50.0
-13,15,50.0
-13,15,387.11662956198563
-12,15,50.0
-12,15,50.0
-12,15,50.0
-12,15,142.0121015378271
-12,15,50.0
-12,16,50.0
-12,16,50.0
-12,16,209.29013100540334
-12,16,107.24171734806214
-12,16,50.0
-13,16,50.0
