15,8,568.9868125597903
16,8,200.0
16,8,200.0
15,8,200.0
15,8,246.6268684811905
16,8,2376.78997274752
16,8,200.0
17,8,314.512984171373
17,8,200.0
18,8,200.0
18,8,200.0
19,8,200.0
19,8,200.0
20,8,200.0
20,8,200.0
20,7,200.0
20,7,200.0
20,6,645.7310812065622
20,6,200.0
19,6,200.0
19,6,1248.3253239996825
19,5,866.3843062704095
19,5,200.0
18,5,983.9005928326865
18,5,200.0
18,4,200.0
18,4,246.96546181711042
17,4,200.0
17,4,200.0
17,3,200.0
17,3,1791.9177246645465
16,3,200.0
16,3,200.0
17,3,200.0
17,3,200.0
17,4,200.0
17,4,200.0
17,3,329.1471763644786
17,3,200.0
17,2,841.0728929603739
17,2,544.5229002856222
17,1,200.0
17,1,1071.1609878391655
16,1,200.0
16,1,200.0
15,1,678.5671507666973
15,1,402.86238831828314
14,1,964.1958083284119
14,1,200.0
13,1,200.0
13,1,1373.2323454415632
13,0,1883.508003110508
13,0,682.2575617415122
12,0,200.0
12,0,2006.0488197419636
11,0,200.0
11,0,776.3622088636802
11,-1,200.0
11,-1,200.0
10,-1,1063.7455410576636
10,-1,200.0
10,-2,579.5688387328893
10,-2,200.0
10,-3,200.0
10,-3,2231.05631908585
11,-3,387.5412518329298
11,-3,217.2989306480066
10,-3,200.0
10,-3,865.545381236142
10,-4,3600.0
10,-4,275.1844957704325
11,-4,200.0
11,-4,1727.0524635744127
11,-5,200.0
11,-5,570.1781347855546
11,-6,687.4976074270483
11,-6,200.0
11,-7,288.94536425445864
11,-7,200.0
11,-8,1538.0088486008012
11,-8,200.0
10,-8,200.0
10,-8,2332.262426618735
9,-8,200.0
9,-8,200.0
8,-8,200.0
8,-8,896.6732774078412
8,-9,245.7190847281742
8,-9,839.339464165922
8,-8,1543.5903810018467
8,-8,596.5135285613296
7,-8,200.0
7,-8,1615.1671818130067
6,-8,671.7416584071768
6,-8,341.8488317840709
6,-9,200.0
6,-9,200.0
6,-10,200.0
6,-10,446.9991875218012
6,-11,599.7796078822048
6,-11,200.0
6,-12,200.0
6,-12,200.0
6,-13,200.0
6,-13,1003.2279177676824
6,-14,200.0
6,-14,200.0
5,-14,200.0
5,-14,200.0
5,-15,230.674929032019
5,-15,200.0
4,-15,200.0
4,-15,200.0
5,-15,200.0
5,-15,444.51379599962434
4,-15,923.871332887375
4,-15,423.8753924483936
5,-15,2186.8593677277063
5,-15,399.90419201699336
4,-15,219.24217709553622
4,-15,200.0
3,-15,200.0
3,-15,200.0
3,-16,200.0
3,-16,200.0
4,-16,310.2654162576409
4,-16,200.0
4,-17,200.0
4,-17,200.0
5,-17,356.8806860618015
5,-17,200.0
4,-17,200.0
4,-17,200.0
3,-17,200.0
3,-17,200.0
2,-17,200.0
2,-17,200.0
2,-18,200.0
2,-18,200.0
2,-19,200.0
2,-19,200.0
2,-20,200.0
2,-20,200.0
1,-20,200.0
1,-20,200.0
2,-20,200.0
2,-20,200.0
1,-20,1045.2675130732473
1,-20,424.3531118816136
0,-20,1084.5869439214177
0,-20,200.0
-1,-20,200.0
-1,-20,200.0
-1,-19,200.0
-1,-19,206.76445404370145
0,-19,377.0440886234571
0,-19,2623.4315517243194
0,-20,1499.7331599097665
0,-20,200.0
0,-19,287.55968692004114
0,-19,200.0
1,-19,200.0
1,-19,200.0
2,-19,200.0
2,-19,200.0
2,-18,200.0
2,-18,200.0
2,-19,200.0
2,-19,200.0
2,-18,200.0
2,-18,200.0
2,-17,200.0
2,-17,200.0
2,-16,1159.8500813704352
2,-16,200.0
2,-15,200.0
2,-15,200.0
2,-14,200.0
2,-14,3092.9751886516774
2,-13,1243.9235254204964
2,-13,2150.965939536223
2,-12,200.0
2,-12,647.7251255509464
2,-11,2364.431392136449
2,-11,200.0
3,-11,409.94806838539273
3,-11,2219.802673472062
4,-11,399.7461713539235
4,-11,437.91449589304233
4,-10,429.8689770371521
4,-10,200.0
4,-11,2772.253688281591
4,-11,200.0
4,-10,1282.1180024897233
4,-10,424.84134687435215
4,-9,1013.0590022544806
4,-9,490.73543267463356
5,-9,1909.2880012703217
5,-9,777.8607178536499
5,-8,1496.377430368929
5,-8,200.0
5,-7,562.4608644146807
5,-7,1614.6583067772976
6,-7,200.0
6,-7,341.8813182159703
7,-7,200.0
7,-7,582.2768941027018
8,-7,963.418169214506
8,-7,2414.7984811917086
9,-7,381.004076626823
9,-7,381.9413252042131
9,-6,1563.0512235486435
9,-6,2453.518149191279
9,-5,3211.474310842135
9,-5,1247.4151712999314
9,-4,1210.239826374297
9,-4,888.8451880713366
9,-3,1280.3595399645035
9,-3,1175.6559039292401
10,-3,2528.032719504162
10,-3,3595.576882853388
10,-2,2436.4074327611916
10,-2,200.0
10,-1,1122.1519773800255
10,-1,477.1109675955896
10,-2,2327.71094569083
10,-2,200.0
10,-1,200.0
10,-1,1655.030970732203
10,-2,397.9514328223171
10,-2,1611.0771563952007
11,-2,200.0
11,-2,620.3990668091922
11,-1,200.0
11,-1,965.0998402031205
11,0,2091.3530871585995
11,0,3600.0
11,1,875.5708372135294
11,1,200.0
11,2,200.0
11,2,1055.7998545455955
11,3,1701.062646770399
11,3,1644.0916012530993
11,4,200.0
11,4,200.0
12,4,200.0
12,4,200.0
13,4,3600.0
13,4,200.0
12,4,200.0
