15,8,200.0
16,8,200.0
16,8,200.0
15,8,1496.422918782664
15,8,819.601482157867
16,8,3600.0
16,8,757.8960289256047
17,8,200.0
17,8,354.6621397508693
18,8,200.0
18,8,200.0
19,8,200.0
19,8,576.3362993256732
20,8,1529.4184474469432
20,8,200.0
20,7,200.0
20,7,200.0
20,6,401.1903609248226
20,6,200.0
19,6,200.0
19,6,200.0
19,5,200.0
19,5,200.0
18,5,200.0
18,5,1466.095249457028
18,4,1923.5066765445079
18,4,200.0
17,4,200.0
17,4,200.0
17,3,200.0
17,3,732.489289717475
16,3,691.0732691939082
16,3,556.5129320920913
17,3,200.0
17,3,200.0
17,4,200.0
17,4,200.0
17,3,331.393849120685
17,3,200.0
17,2,200.0
17,2,429.17807473860273
17,1,3166.487198528522
17,1,200.0
16,1,564.8820311248297
16,1,200.0
15,1,200.0
15,1,1504.9374251485583
14,1,956.8531880298278
14,1,3600.0
13,1,200.0
13,1,200.0
13,0,200.0
13,0,200.0
12,0,758.7772853737763
12,0,2129.3259484863506
11,0,1753.4274893628613
11,0,1220.856426108862
11,-1,200.0
11,-1,857.8893806530543
10,-1,200.0
10,-1,1435.473949735855
10,-2,200.0
10,-2,200.0
10,-3,200.0
10,-3,2386.0452147244187
11,-3,200.0
11,-3,468.86437375847186
10,-3,1190.803166512057
10,-3,687.9090882969422
10,-4,1049.7120715602462
10,-4,200.0
11,-4,200.0
11,-4,2438.8949398613486
11,-5,1023.395544330578
11,-5,200.0
11,-6,200.0
11,-6,200.0
11,-7,200.0
11,-7,1078.0268978271586
11,-8,200.0
11,-8,200.0
10,-8,572.9407069777827
10,-8,565.0952078845588
9,-8,816.9081599220065
9,-8,487.9192602896674
8,-8,200.0
8,-8,200.0
8,-9,2404.5917065721324
8,-9,1839.1848975074934
8,-8,200.0
8,-8,200.0
7,-8,1063.5246288264523
7,-8,665.718982793186
6,-8,200.0
6,-8,200.0
6,-9,1154.0914612756364
6,-9,441.61437692841025
6,-10,853.0584226019378
6,-10,1127.1097533125908
6,-11,200.0
6,-11,844.79068257349
6,-12,200.0
6,-12,419.58415342115404
6,-13,200.0
6,-13,200.0
6,-14,200.0
6,-14,200.0
5,-14,200.0
5,-14,200.0
5,-15,200.0
5,-15,200.0
4,-15,200.0
4,-15,200.0
5,-15,200.0
5,-15,980.329601518523
4,-15,200.0
4,-15,213.24583519148246
5,-15,200.0
5,-15,1513.6401029555393
4,-15,200.0
4,-15,200.0
3,-15,200.0
3,-15,200.0
3,-16,723.3125659672354
3,-16,200.0
4,-16,200.0
4,-16,294.2369543629654
4,-17,200.0
4,-17,200.0
5,-17,200.0
5,-17,1263.6541648433508
4,-17,235.2343197437949
4,-17,200.0
3,-17,684.2144257722896
3,-17,284.4061789265225
2,-17,200.0
2,-17,536.2056996532825
2,-18,569.3157584894547
2,-18,200.0
2,-19,200.0
2,-19,200.0
2,-20,200.0
2,-20,200.0
1,-20,200.0
1,-20,200.0
2,-20,200.0
2,-20,622.2631067698499
1,-20,200.0
1,-20,462.3790455282128
0,-20,200.0
0,-20,2967.034411523995
-1,-20,200.0
-1,-20,200.0
-1,-19,200.0
-1,-19,369.85669760707344
0,-19,200.0
0,-19,460.7653658492119
0,-20,200.0
0,-20,200.0
0,-19,200.0
0,-19,200.0
1,-19,200.0
1,-19,200.0
2,-19,1154.248871303404
2,-19,200.0
2,-18,200.0
2,-18,200.0
2,-19,200.0
2,-19,200.0
2,-18,200.0
2,-18,200.0
2,-17,200.0
2,-17,200.0
2,-16,2301.026379421157
2,-16,1801.969321401702
2,-15,465.11446911364465
2,-15,2225.4113810821973
2,-14,200.0
2,-14,745.5019095333461
2,-13,3066.175956704018
2,-13,200.0
2,-12,2647.3387270474573
2,-12,200.0
2,-11,200.0
2,-11,1013.9845454427195
3,-11,487.42460932717546
3,-11,200.0
4,-11,3345.6327383686157
4,-11,2836.935698691198
4,-10,1917.4337379785545
4,-10,971.6159462114198
4,-11,354.4145919136074
4,-11,200.0
4,-10,410.92959475343855
4,-10,433.91992382055935
4,-9,1217.8221079580785
4,-9,200.0
5,-9,825.0614944353057
5,-9,200.0
5,-8,385.982881887696
5,-8,2191.0869787637034
5,-7,1909.7940240531489
5,-7,3600.0
6,-7,1125.9656502238029
6,-7,202.38911423538582
7,-7,288.3288480941376
7,-7,2876.804502423719
8,-7,1763.3537090098503
8,-7,495.2104395356372
9,-7,1297.472934858504
9,-7,200.0
9,-6,200.0
9,-6,957.2611391386116
9,-5,3600.0
9,-5,245.66266656230084
9,-4,507.21463382225375
9,-4,1051.8487943296855
9,-3,3041.3186531199126
9,-3,939.622166393302
10,-3,2510.9495019045917
10,-3,2655.109313608764
10,-2,200.0
10,-2,1349.5802659631458
10,-1,690.6305370513062
10,-1,704.240622643815
10,-2,2133.462619478535
10,-2,3566.5034838092756
10,-1,1334.29657051519
10,-1,2808.403722590373
10,-2,1651.8672719754554
10,-2,200.0
11,-2,200.0
11,-2,200.0
11,-1,377.3299655842558
11,-1,3600.0
11,0,722.6023511771302
11,0,200.0
11,1,967.2567766226816
11,1,896.0116791262781
11,2,929.1652611319454
11,2,200.0
11,3,514.6175019182974
11,3,1325.9903746920902
11,4,359.2621839181208
11,4,3278.640377338952
12,4,200.0
12,4,1135.4660170125153
13,4,200.0
13,4,200.0
12,4,1856.0515237478553
