-12,15,200.0
-12,14,615.5070789152336
-12,14,200.0
-12,13,200.0
-12,13,519.7035272644885
-12,12,200.0
-12,12,200.0
-13,12,200.0
-13,12,200.0
-14,12,792.574603298749
-14,12,1225.5788586683182
-15,12,973.620880879572
-15,12,200.0
-15,13,200.0
-15,13,200.0
-15,12,200.0
-15,12,200.0
-15,11,200.0
-15,11,200.0
-15,10,233.57123058798982
-15,10,389.93297976349254
-15,9,2866.527039439879
-15,9,200.0
-15,10,2707.005322439152
-15,10,200.0
-15,9,200.0
-15,9,1495.251031362238
-15,10,593.0157460044123
-15,10,330.79583951206257
-15,9,444.0662935398351
-15,9,200.0
-15,8,200.0
-15,8,200.0
-15,7,200.0
-15,7,535.6430835237538
-15,8,200.0
-15,8,200.0
-15,7,200.0
-15,7,200.0
-15,6,200.0
-15,6,200.0
-15,5,200.0
-15,5,200.0
-15,4,320.267054209052
-15,4,200.0
-16,4,200.0
-16,4,340.7981779477423
-16,3,200.0
-16,3,200.0
-16,2,200.0
-16,2,200.0
-16,1,200.0
-16,1,1810.0306474215688
-17,1,484.6061746416325
-17,1,1325.1150015331611
-17,0,200.0
-17,0,200.0
-17,-1,754.7509633025508
-17,-1,1285.2063264568528
-18,-1,200.0
-18,-1,437.7198003530822
-18,-2,200.0
-18,-2,1578.890081175865
-18,-3,990.2570049017258
-18,-3,200.0
-18,-4,1680.002902606951
-18,-4,200.0
-18,-3,200.0
-18,-3,430.8518086168417
-18,-4,200.0
-18,-4,200.0
-18,-5,1086.8950507930685
-18,-5,200.0
-18,-6,200.0
-18,-6,200.0
-18,-7,200.0
-18,-7,200.0
-18,-8,221.3262633625011
-18,-8,200.0
-18,-9,200.0
-18,-9,200.0
-18,-10,200.0
-18,-10,200.0
-18,-11,987.9910509930119
-18,-11,200.0
-18,-10,200.0
-18,-10,200.0
-17,-10,200.0
-17,-10,200.0
-18,-10,200.0
-18,-10,200.0
-18,-9,200.0
-18,-9,200.0
-18,-10,200.0
-18,-10,200.0
-18,-11,200.0
-18,-11,2031.3758647257587
-18,-12,200.0
-18,-12,200.0
-18,-13,200.0
-18,-13,200.0
-18,-14,200.0
-18,-14,200.0
-18,-15,200.0
-18,-15,200.0
-18,-16,200.0
-18,-16,200.0
-18,-17,200.0
-18,-17,200.0
-17,-17,200.0
-17,-17,668.448315943843
-17,-18,331.91020520342477
-17,-18,200.0
-17,-19,200.0
-17,-19,200.0
-16,-19,200.0
-16,-19,200.0
-17,-19,200.0
-17,-19,200.0
-18,-19,200.0
-18,-19,200.0
-19,-19,200.0
-19,-19,200.0
-19,-20,200.0
-19,-20,200.0
-18,-20,200.0
-18,-20,200.0
-19,-20,200.0
-19,-20,200.0
-20,-20,200.0
-20,-20,200.0
-19,-20,200.0
-19,-20,200.0
-19,-19,200.0
-19,-19,200.0
-18,-19,200.0
-18,-19,200.0
-19,-19,200.0
-19,-19,200.0
-19,-18,200.0
-19,-18,1362.2457388868847
-20,-18,200.0
-20,-18,200.0
-20,-17,200.0
-20,-17,200.0
-19,-17,200.0
-19,-17,200.0
-19,-16,200.0
-19,-16,200.0
-18,-16,200.0
-18,-16,200.0
-17,-16,200.0
-17,-16,200.0
-16,-16,200.0
-16,-16,200.0
-15,-16,1076.6874710421919
-15,-16,200.0
-16,-16,200.0
-16,-16,200.0
-15,-16,200.0
-15,-16,200.0
-16,-16,200.0
-16,-16,200.0
-16,-15,200.0
-16,-15,200.0
-15,-15,200.0
-15,-15,200.0
-15,-14,3254.845175279147
-15,-14,200.0
-15,-13,530.2110974409279
-15,-13,200.0
-16,-13,200.0
-16,-13,200.0
-17,-13,200.0
-17,-13,200.0
-17,-12,200.0
-17,-12,200.0
-16,-12,200.0
-16,-12,200.0
-15,-12,497.95751474301767
-15,-12,200.0
-14,-12,2420.3375168547927
-14,-12,200.0
-13,-12,200.0
-13,-12,230.49214288709493
-12,-12,200.0
-12,-12,200.0
-11,-12,2241.0278574477893
-11,-12,200.0
-10,-12,200.0
-10,-12,200.0
-10,-11,200.0
-10,-11,346.7695942967033
-11,-11,1037.204080836673
-11,-11,248.41945420863289
-10,-11,200.0
-10,-11,200.0
-10,-10,2071.423940560405
-10,-10,900.3400903823285
-9,-10,1980.2169234944022
-9,-10,418.0919968988294
-8,-10,200.0
-8,-10,200.0
-7,-10,200.0
-7,-10,200.0
-6,-10,845.0687749368303
-6,-10,200.0
-5,-10,3600.0
-5,-10,422.0884188603377
-4,-10,200.0
-4,-10,945.06402831975
-3,-10,1158.4729883113746
-3,-10,200.0
-3,-9,2569.441488077767
-3,-9,3600.0
-4,-9,200.0
-4,-9,1078.0323223809096
-3,-9,1606.8609118304885
-3,-9,200.0
-3,-8,2955.4526116076136
-3,-8,1113.1000466329988
-3,-7,1224.4595689476514
-3,-7,1017.2814129460232
-3,-6,945.544695625012
-3,-6,709.1672162824487
-2,-6,652.8893201122189
-2,-6,523.8337128585258
-2,-7,3215.577003218061
-2,-7,2381.7540556431572
-1,-7,1060.6022525223852
-1,-7,1807.2590585855853
-1,-6,3546.7709316972505
-1,-6,3600.0
0,-6,1294.0674050117796
0,-6,3593.83903850929
0,-5,644.2654472864033
0,-5,3375.2549540939426
1,-5,3361.6055325468196
1,-5,2510.030363581885
2,-5,1435.3496098284102
2,-5,3600.0
2,-4,2867.1743706434604
2,-4,1039.704354159837
1,-4,3260.727470974971
1,-4,3600.0
2,-4,282.3307861578771
2,-4,1480.9686729572952
2,-3,1417.5225504989694
2,-3,2545.561464378528
3,-3,3600.0
