12,-7,100.0
12,-7,100.0
12,-6,100.0
12,-6,1055.2192395704778
12,-6,197.14260227191812
12,-5,1705.4529398435614
12,-5,118.85650223711887
12,-5,100.0
12,-4,115.4281267438943
12,-4,532.0248431918586
12,-4,701.1986526461286
12,-5,667.4918885567289
12,-5,246.78924986403263
12,-5,100.0
12,-4,986.4565298531797
12,-4,112.3736032753252
12,-4,100.0
12,-3,100.0
12,-3,100.0
12,-3,100.0
12,-2,1317.3969801885842
12,-2,100.0
12,-2,1581.0629677500083
12,-1,100.0
12,-1,982.7893063962949
12,-1,100.0
12,0,627.3982816947944
12,0,139.7897275969231
12,0,100.0
12,-1,100.0
12,-1,151.59925266093362
12,-1,658.6736530056895
12,0,100.0
12,0,738.8336964744276
12,0,130.44968856169402
12,-1,1179.280782610338
12,-1,622.5614295670384
12,-1,530.2798228943526
12,0,1070.8455635499304
12,0,277.4086359079848
12,0,100.0
12,1,100.0
12,1,240.0320452034499
12,1,172.14482759270584
12,2,615.4958403391681
12,2,100.0
12,2,239.9297271545972
12,3,377.26027362010774
12,3,216.2848451220236
12,3,1530.3093913746623
12,4,100.0
12,4,666.0631613527153
12,4,368.83425856111535
12,5,1067.6696655918106
12,5,100.0
12,5,100.0
12,6,327.77686533817507
12,6,711.0842067079901
12,6,1182.7562121035721
12,5,100.0
12,5,559.1144131864161
12,5,100.0
12,4,819.9249039044015
12,4,1102.7165034890577
12,4,1800.0
12,3,949.91259117702
12,3,100.0
12,3,513.4695738493872
12,4,118.97423561909955
12,4,100.0
12,4,332.5155621146082
12,5,915.0159945839512
12,5,100.0
12,5,795.8561068565244
12,6,377.7830711236903
12,6,614.3364256799664
12,6,100.0
12,7,100.0
12,7,1151.7651378865771
12,7,100.0
12,6,297.38912242298613
12,6,100.0
12,6,224.5628315952543
12,7,855.117725112953
12,7,100.0
12,7,870.146024118672
12,8,596.8624390045327
12,8,1309.4430058406524
12,8,100.0
12,9,246.8485554821591
12,9,100.0
12,9,100.0
12,10,100.0
12,10,100.0
12,10,100.0
12,11,575.1800177017874
12,11,618.5972507080747
12,11,167.4663109669516
12,12,100.0
12,12,238.88680325999027
12,12,703.227045031254
11,12,100.0
11,12,100.0
11,12,100.0
10,12,100.0
10,12,100.0
10,12,329.8015044728779
11,12,100.0
11,12,100.0
11,12,754.9131428688491
10,12,100.0
10,12,1220.083987943171
10,12,125.59977084304035
9,12,1256.2919794363588
9,12,100.0
9,12,100.0
8,12,748.0716976303647
8,12,100.0
8,12,100.0
7,12,393.8702143086507
7,12,100.0
7,12,137.56637554009185
7,11,311.28700195279083
7,11,100.0
7,11,100.0
8,11,100.0
8,11,932.3201966405952
8,11,100.0
8,10,100.0
8,10,185.05608088071997
8,10,100.0
8,9,548.8782253869222
8,9,196.20107178604195
8,9,100.0
7,9,317.4143740757212
7,9,755.9959096795728
7,9,362.89440861658625
7,8,580.8356680409622
7,8,319.1347916275581
7,8,1031.948475683285
6,8,1028.0191763109024
6,8,877.2404514413782
6,8,616.313892733686
6,7,100.0
6,7,125.29808767621876
6,7,100.0
6,6,477.90606606715664
6,6,1141.9146563551699
6,6,822.011113516743
5,6,783.4347908871837
5,6,1419.1754158507429
5,6,100.0
5,5,714.1639042700298
5,5,1009.8278533234366
5,5,791.4501478255402
5,4,1545.0004234035819
5,4,901.3896016402907
5,4,828.6229603990331
5,3,613.9763367537158
5,3,842.9556802281692
5,3,594.0411182868927
5,2,1800.0
5,2,1040.6309253568706
5,2,215.171653016474
5,1,1789.7915989634323
5,1,456.2525546532092
5,1,558.3964884061993
5,2,722.4840626005072
5,2,792.0710077339169
5,2,458.06345521851813
5,1,1562.084093838069
5,1,315.5560686502913
5,1,100.0
4,1,555.7456443228914
4,1,678.8638455043697
4,1,148.22244451706877
4,0,732.6962750213877
4,0,421.68740250238125
4,0,522.6966531682199
3,0,1800.0
3,0,726.0038736815985
3,0,1047.7643282269341
2,0,1551.6844120394144
2,0,1514.2103033214123
2,0,100.0
1,0,100.0
1,0,1800.0
1,0,1665.1277655658582
1,-1,1487.4025260753892
1,-1,1191.280681803451
1,-1,1643.4797530715612
1,-2,712.6358536308851
1,-2,1800.0
1,-2,535.3421008118565
2,-2,171.69494583246933
2,-2,913.6883960871257
2,-2,1513.6466124736723
2,-3,478.86177258147956
2,-3,347.08636519732056
2,-3,118.68420971175294
1,-3,100.0
1,-3,1800.0
1,-3,1084.9309721823129
1,-4,110.69110320649969
1,-4,1202.2558220191447
1,-4,1800.0
1,-5,971.0390947255066
1,-5,1040.7531444112121
1,-5,603.177270443605
1,-4,1476.8637650866958
1,-4,1267.209555096366
1,-4,639.7355598993963
0,-4,1155.7857668777465
0,-4,961.4560257221824
0,-4,674.307186974464
0,-3,1800.0
0,-3,1024.9393405840285
0,-3,1480.6657307848905
0,-4,100.0
0,-4,475.25712418673436
0,-4,1433.7854440756748
0,-5,1231.7448059729204
0,-5,1457.8804085138568
0,-5,100.0
0,-6,794.6505938756927
0,-6,1425.9909782899333
0,-6,1145.336617147348
0,-7,1257.480727157093
0,-7,1166.449649609986
0,-7,1294.6038139403993
0,-8,402.9381845620108
0,-8,100.0
0,-8,648.6763588739121
0,-7,435.8832491121366
0,-7,698.8305650327264
0,-7,673.0483227447414
0,-8,100.0
0,-8,214.194919570391
0,-8,1305.0911924765585
0,-9,497.72576870140944
0,-9,685.4289012504541
0,-9,1747.6607336914456
0,-10,695.4769593673794
0,-10,139.15641699712742
0,-10,989.9220204174461
0,-9,1070.47394492091
0,-9,100.0
0,-9,990.4731924553972
0,-10,1074.8905624518322
0,-10,431.5456907885768
0,-10,100.0
0,-11,568.7932955439348
0,-11,199.86094244081121
0,-11,1071.4418213468168
0,-12,1086.9575334147644
0,-12,918.9380137698175
0,-12,326.4067940991715
0,-11,381.38581091141714
0,-11,1456.2500524095294
0,-11,1184.0972997848326
0,-10,100.0
0,-10,717.1752624387601
0,-10,100.0
0,-9,860.1262135201894
0,-9,371.2400130510572
0,-9,1192.5788867871024
0,-10,100.0
0,-10,921.7409664113025
0,-10,1266.1618180064972
0,-9,616.0990920207256
0,-9,100.0
0,-9,791.2617421233222
0,-8,100.0
0,-8,319.2597799141604
0,-8,100.0
0,-9,100.0
0,-9,571.8487627569194
0,-9,1009.2961293545142
0,-10,1152.121388560245
0,-10,744.0147887546857
0,-10,236.17029744373963
0,-9,972.2356168540811
0,-9,1488.985036238867
0,-9,945.5428011149493
0,-8,710.8959014512204
0,-8,862.8899619064842
0,-8,100.0
0,-7,1789.4950100441472
0,-7,677.2887557398552
0,-7,447.65917242434875
0,-6,913.5237758194982
0,-6,1800.0
0,-6,836.9410511730043
0,-5,973.1395157636472
0,-5,1024.0494942547973
0,-5,1800.0
0,-4,1043.8695562858766
0,-4,751.0435256311401
0,-4,597.5531788476248
0,-3,1800.0
0,-3,761.4167923749126
0,-3,898.2953158719287
0,-2,1788.8644496333884
0,-2,1800.0
0,-2,1088.6303899929087
0,-1,1400.056551831789
0,-1,1800.0
0,-1,1800.0
0,0,1800.0
0,0,1195.2420860614084
0,0,1239.954027676419
0,1,312.9371050093391
0,1,493.46591750143085
0,1,1800.0
0,2,340.7572684842778
0,2,331.44452766436547
0,2,492.6369904511372
0,3,1371.4663852678004
0,3,100.0
0,3,583.6453624437208
0,4,1800.0
0,4,1066.6512103512382
0,4,1800.0
0,5,578.0124530787439
0,5,1565.3593820990964
0,5,1395.9044348797202
0,6,1585.3206624682678
0,6,348.8379244626833
0,6,1191.814859856701
0,7,1520.0479819370212
0,7,1800.0
0,7,485.6052236827501
0,8,741.7368282790678
0,8,996.2879448480053
0,8,1800.0
0,9,100.0
0,9,774.3230049094576
0,9,100.0
0,10,1248.673722876205
0,10,772.5894776614309
0,10,499.0517516265304
0,11,100.0
0,11,100.0
0,11,253.6738202377843
0,12,876.3422689698336
0,12,711.6677390733714
0,12,479.3925327922715
0,13,805.1211353770352
0,13,142.05184105382173
0,13,100.0
0,12,1384.34100504127
0,12,1767.069097599127
0,12,1002.3023676683887
0,13,100.0
0,13,1558.9380370272393
0,13,167.78412900832126
0,14,100.0
0,14,100.0
0,14,100.0
0,15,1130.5604698381396
0,15,100.0
0,15,153.06180871773918
0,16,596.6358672035878
0,16,100.0
0,16,254.6047152214957
0,17,100.0
0,17,847.935194436409
0,17,490.2345486560264
0,16,166.17550102733617
0,16,197.46056363596637
0,16,1328.1322238665196
0,17,100.0
0,17,100.0
0,17,100.0
0,18,324.5007587292889
0,18,202.42930829549402
0,18,100.0
0,17,100.0
0,17,100.0
0,17,100.0
0,18,100.0
0,18,100.0
0,18,397.0343771261066
0,19,496.68074049986933
0,19,977.0257028021203
0,19,100.0
0,20,100.0
0,20,100.0
0,20,232.65265492848306
0,19,100.0
0,19,100.0
0,19,100.0
0,18,100.0
0,18,100.0
0,18,100.0
0,17,100.0
0,17,100.0
0,17,225.0211928311519
0,16,100.0
0,16,508.10631022272895
0,16,100.0
0,15,667.1418125316084
0,15,254.1538635780053
0,15,100.0
0,14,381.3823044722426
0,14,100.0
0,14,649.0816323259174
0,15,100.0
0,15,158.7866333381524
0,15,408.30142738712146
0,16,100.0
0,16,100.0
0,16,100.0
0,15,488.6658904536247
0,15,1588.185581610846
0,15,329.6974138026479
0,14,1621.4346309320886
0,14,168.70059952890446
0,14,1381.42775541967
0,13,100.0
0,13,410.79844919137594
0,13,100.0
0,12,100.0
0,12,694.0646019848666
0,12,757.0426356827406
0,13,1239.889677798698
0,13,845.6617689838843
0,13,963.2511513463757
-1,13,132.5329450026056
-1,13,261.02054063485923
-1,13,100.0
-1,14,100.0
-1,14,991.3678834341111
-1,14,358.7462660940533
-1,13,359.2984523191649
-1,13,1496.942575401667
-1,13,100.0
-1,12,289.64605832994164
-1,12,904.9773700787007
-1,12,100.0
-1,11,100.0
-1,11,972.3290638856597
-1,11,529.9625276606587
-1,10,731.5259959506986
-1,10,1800.0
-1,10,935.1259520312119
-1,9,595.0325128332073
-1,9,1427.8476281090257
-1,9,180.69797333912203
-1,8,809.3165272361465
-1,8,1003.6067264296763
-1,8,865.0399991453676
-2,8,100.0
-2,8,463.71693349886164
-2,8,285.7779723171442
-2,7,1007.1252549099657
-2,7,100.0
-2,7,100.0
-2,6,183.97137934963007
-2,6,915.4893846837557
-2,6,1658.160008651424
-2,5,635.3289012595224
-2,5,604.6452470102189
-2,5,523.5505808381595
-3,5,314.6631444059898
-3,5,174.72317201551004
-3,5,1800.0
-3,4,1800.0
-3,4,850.3647913702541
-3,4,832.0612827390484
-3,3,307.77721008556483
-3,3,265.06144305752696
-3,3,100.0
-3,2,384.47076192290183
-3,2,1120.3967120014913
-3,2,622.5067819197848
-3,1,766.5180689307074
-3,1,366.8953962013958
-3,1,1099.8030975505992
-3,0,786.2011043928189
-3,0,1800.0
-3,0,1019.2883158337166
-3,-1,1469.6762386426126
-3,-1,940.7886804834754
-3,-1,239.8244074073691
-3,-2,142.9701921081429
-3,-2,1354.3909268475413
-3,-2,100.0
-3,-1,953.5111647215663
-3,-1,741.8591692841746
-3,-1,1004.4052120733782
-4,-1,1800.0
-4,-1,658.9010607790018
-4,-1,1341.1852101725585
-4,-2,221.6966655157206
-4,-2,1800.0
-4,-2,1045.8950639694608
-5,-2,554.6016073240928
-5,-2,100.0
-5,-2,378.99329350328685
