-8,-19,50.0
-8,-19,82.38224765291346
-8,-19,50.0
-8,-19,50.0
-8,-18,50.0
-8,-18,50.0
-8,-18,105.1249452905775
-8,-18,121.4649800974102
-8,-18,50.0
-8,-19,50.0
-8,-19,325.9768330489245
-8,-19,50.0
-8,-19,50.0
-8,-19,50.0
-8,-18,344.8294147313193
-8,-18,50.0
-8,-18,333.81310668294736
-8,-18,125.74018213007196
-8,-18,50.0
-8,-17,50.0
-8,-17,50.0
-8,-17,249.85035608352337
-8,-17,50.0
-8,-17,447.9790984152944
-8,-16,327.3114341970563
-8,-16,50.0
-8,-16,50.0
-8,-16,53.758956425819946
-8,-16,428.0088279065805
-7,-16,50.0
-7,-16,82.31569191721766
-7,-16,50.0
-7,-16,168.34553243863894
-7,-16,50.0
-7,-15,171.4761233671124
-7,-15,82.66176806226122
-7,-15,50.0
-7,-15,50.0
-7,-15,242.00722300483284
-7,-14,50.0
-7,-14,50.0
-7,-14,50.0
-7,-14,50.0
-7,-14,161.1976890784152
-7,-13,50.0
-7,-13,50.0
-7,-13,50.0
-7,-13,243.65103326451455
-7,-13,448.4509002225069
-7,-14,50.0
-7,-14,179.59473733309804
-7,-14,384.2720301541611
-7,-14,50.0
-7,-14,50.0
-7,-13,553.2393434492913
-7,-13,365.47566186728534
-7,-13,188.8662361463259
-7,-13,50.0
-7,-13,50.0
-7,-12,50.0
-7,-12,50.0
-7,-12,50.0
-7,-12,50.0
-7,-12,175.83887696408158
-6,-12,510.7002655483383
-6,-12,50.0
-6,-12,264.20082086096727
-6,-12,186.39784663824724
-6,-12,50.0
-5,-12,50.0
-5,-12,524.8327054838389
-5,-12,50.0
-5,-12,132.06844954173735
-5,-12,50.0
-4,-12,265.1407289640876
-4,-12,436.685127547383
-4,-12,50.0
-4,-12,109.1452625637215
-4,-12,558.0888737921262
-3,-12,258.44830156789783
-3,-12,449.2370535693174
-3,-12,50.0
-3,-12,50.0
-3,-12,343.2614765153095
-3,-11,50.0
-3,-11,50.0
-3,-11,362.6441302056699
-3,-11,399.0629239230416
-3,-11,50.0
-3,-12,239.102417229096
-3,-12,270.31900101635654
-3,-12,237.30766421637983
-3,-12,50.0
-3,-12,50.0
-2,-12,553.2835274221145
-2,-12,50.0
-2,-12,70.11653776605684
-2,-12,50.0
-2,-12,484.95526753502105
-2,-11,50.0
-2,-11,356.88983909482766
-2,-11,144.05306602682984
-2,-11,900.0
-2,-11,80.45738885852013
-1,-11,333.94824504870076
-1,-11,496.14530553752206
-1,-11,50.0
-1,-11,50.0
-1,-11,50.0
-1,-12,330.66653835324627
-1,-12,230.35268505580137
-1,-12,50.0
-1,-12,50.0
-1,-12,491.53066558378436
-1,-11,50.0
-1,-11,50.0
-1,-11,144.38819629062186
-1,-11,198.20287596450078
-1,-11,486.7570908553164
-1,-10,782.4856376353375
-1,-10,237.68938521676364
-1,-10,50.0
-1,-10,50.0
-1,-10,267.81188915713005
0,-10,723.5881994000132
0,-10,327.1542524343295
0,-10,71.56471591854725
0,-10,72.3319468898511
0,-10,304.61328998344777
0,-9,279.84207707043515
0,-9,50.0
0,-9,187.8481086719137
0,-9,558.132382306674
0,-9,900.0
0,-8,298.88878934335906
0,-8,418.32699218291816
0,-8,387.06316230961556
0,-8,294.1229941236399
0,-8,670.6154345178837
0,-7,640.7752578669692
0,-7,212.94252867448097
0,-7,50.0
0,-7,50.0
0,-7,50.0
1,-7,547.3142205743967
1,-7,900.0
1,-7,167.6142395745125
1,-7,356.9388494529651
1,-7,900.0
2,-7,446.6702846543557
2,-7,450.24856657421736
2,-7,222.45707672696096
2,-7,50.0
2,-7,374.70497767766517
3,-7,563.3240676889407
3,-7,117.92436737522377
3,-7,57.20132846668821
3,-7,50.0
3,-7,794.820340065796
3,-6,495.3617737915299
3,-6,896.802512372625
3,-6,765.760459144297
3,-6,491.80262702191703
3,-6,630.5919318571081
3,-7,173.24830042700313
3,-7,808.0266304680554
3,-7,594.5529943862423
3,-7,900.0
3,-7,841.2490990196767
4,-7,327.1974218993136
4,-7,492.30789498358536
4,-7,84.28729660397285
4,-7,158.6617424492485
4,-7,249.0907371464689
4,-6,559.3066990580766
4,-6,325.0535776857271
4,-6,68.67700218723999
4,-6,230.93806257862775
4,-6,900.0
4,-5,310.95216298642714
4,-5,201.19206924336856
4,-5,535.0659255379583
4,-5,273.73649805572967
4,-5,344.59232119832615
4,-6,219.33312587788774
4,-6,210.70155329212093
4,-6,311.60210879966553
4,-6,722.3214710358952
4,-6,50.0
4,-5,50.0
4,-5,514.0809348546516
4,-5,189.9361852587414
4,-5,197.39791542218396
4,-5,551.9262129296692
4,-4,81.8631879175561
4,-4,116.52820099216018
4,-4,575.6485130066559
4,-4,349.6959868040934
4,-4,273.6380999034643
3,-4,539.9655969455005
3,-4,126.83793053715965
3,-4,475.37558970071564
3,-4,495.7944631969552
3,-4,539.185116504294
3,-3,323.7362596717494
3,-3,50.0
3,-3,190.7075843748628
3,-3,900.0
3,-3,657.9295329030349
4,-3,583.7952064011765
4,-3,494.0835114641651
4,-3,348.45979941796344
4,-3,802.3329932011725
4,-3,608.3035088713438
4,-2,347.1921884371212
4,-2,712.1578652551444
4,-2,297.5128966816856
4,-2,51.40584111812464
4,-2,184.44781690057073
4,-1,468.1699280649986
4,-1,364.53106154760843
4,-1,900.0
4,-1,798.7104910683652
4,-1,781.4749168719991
4,0,202.88016346685677
4,0,885.2069551960135
4,0,245.122966460263
4,0,648.701829921342
4,0,636.8824061894563
4,1,275.3848837072395
4,1,877.6066055306783
4,1,577.4888064500062
4,1,485.38861276780113
4,1,805.3393698986799
4,2,900.0
4,2,774.4140474706976
4,2,900.0
4,2,621.8906298904038
4,2,254.6886662134442
5,2,415.654866266863
5,2,152.41997336105476
5,2,593.877020344258
5,2,754.7569156819945
5,2,272.3696612855486
6,2,774.113150847936
6,2,594.4985129993584
6,2,900.0
6,2,900.0
6,2,792.8172579572433
5,2,425.78749612540344
5,2,484.0716543694922
5,2,289.19317436305334
5,2,356.4150531608599
5,2,360.7921446007792
4,2,594.9427719249265
4,2,50.0
4,2,448.08584391643694
4,2,616.2011516816777
4,2,674.1951749771838
4,3,328.08801915577095
4,3,481.48169098471493
4,3,460.46336825878495
4,3,50.0
4,3,876.602306149111
5,3,706.8888623460571
5,3,245.32580514427445
5,3,463.86434252172467
5,3,146.46791142404433
5,3,503.4885607428475
4,3,563.9662670991356
4,3,358.7709670367977
4,3,897.6087519043562
4,3,594.8295308926688
4,3,900.0
4,2,190.46277363976571
4,2,792.2625227294519
4,2,900.0
4,2,866.9161340500646
4,2,229.47284609881822
5,2,50.0
5,2,748.330989365106
5,2,585.3879750863366
5,2,652.0607989466694
5,2,426.67415520480165
6,2,169.65326114070993
6,2,455.01098964565773
6,2,308.89977766606467
6,2,88.4889083072315
6,2,347.42098607653196
6,3,567.6596627051288
6,3,232.83248321240814
6,3,204.1295427319386
6,3,303.67088889680645
6,3,591.8525231036058
6,4,334.2150712585426
6,4,52.899037930661535
6,4,362.5133310219427
6,4,406.66720349971376
6,4,647.0091534412973
7,4,50.0
7,4,256.3828266072633
7,4,383.5799981861204
7,4,50.0
7,4,235.33320719687828
7,5,388.5405367433873
7,5,412.06080603965535
7,5,166.5375543865082
7,5,900.0
7,5,724.0053910049207
8,5,634.0189878266438
8,5,157.30942579376483
8,5,354.91105337906436
8,5,900.0
8,5,50.0
8,4,489.6880754498963
8,4,833.0431676563137
8,4,82.32249101235473
8,4,349.78129063392856
8,4,864.0069895220272
9,4,371.6882526955992
9,4,476.9142898216415
9,4,50.0
9,4,355.5521174711337
9,4,575.5522674224121
10,4,446.1928442470122
10,4,320.28706405232776
10,4,50.0
10,4,50.0
10,4,448.26564104688964
10,5,50.0
10,5,260.77461227433577
10,5,402.7744310278722
10,5,50.806708507839616
10,5,191.4841955201849
10,6,416.1983306158278
10,6,50.0
10,6,173.17495118862786
10,6,50.0
10,6,165.22687148134116
10,7,295.89150844207643
10,7,130.67615880750415
10,7,180.83154016842258
10,7,211.37113590450167
10,7,50.0
10,8,50.0
10,8,83.01516117336291
10,8,431.16972020984485
10,8,50.0
10,8,50.0
11,8,50.0
11,8,50.0
11,8,489.0316794399218
11,8,50.0
11,8,602.2947386560918
10,8,517.0258900759557
10,8,50.0
10,8,209.29976091448214
10,8,252.17522801018532
10,8,196.03695040179542
10,9,205.40711398077755
10,9,50.0
10,9,281.4200756069468
10,9,491.5789785003909
10,9,195.1759252692776
9,9,99.0829572323436
9,9,295.093853688485
9,9,50.0
9,9,450.03275700822934
9,9,371.7941809066306
10,9,50.0
10,9,50.0
10,9,60.21413328638562
10,9,376.55023826009534
10,9,425.23893577042287
11,9,69.96229728110866
11,9,50.0
11,9,50.0
11,9,136.8411326162811
11,9,372.161043951438
11,10,310.91706570893905
11,10,50.0
11,10,50.0
11,10,98.2733753072512
11,10,277.7915692665356
12,10,55.02301013737335
12,10,50.0
12,10,162.76469079852905
12,10,115.23276240482542
12,10,129.74834688314627
11,10,50.0
11,10,50.0
11,10,50.0
11,10,263.09430572911054
11,10,50.0
10,10,50.0
10,10,50.0
10,10,50.0
10,10,279.5238436788942
10,10,288.3081145779884
11,10,50.0
11,10,86.20203439805022
11,10,166.14530775999938
11,10,50.0
11,10,50.0
12,10,341.7375330721434
12,10,50.0
12,10,50.0
12,10,50.0
12,10,50.0
13,10,114.16801637673649
13,10,50.0
13,10,440.76190285309644
13,10,285.5448327920121
13,10,412.04405079566345
13,11,50.0
13,11,50.0
13,11,50.0
13,11,438.83097154184907
13,11,180.46298087425515
14,11,237.43801514578877
14,11,50.0
14,11,50.0
14,11,76.90378179623082
14,11,79.22299903624197
14,12,91.01618588626758
14,12,174.56956072676192
14,12,50.0
14,12,50.0
14,12,50.0
15,12,50.0
15,12,50.0
15,12,50.0
15,12,244.65083596976996
15,12,50.0
16,12,50.0
16,12,297.2745435048043
16,12,50.0
16,12,258.82916375976254
16,12,50.0
16,11,50.0
16,11,210.49007410641002
16,11,106.7827701760423
16,11,50.0
16,11,103.34962799947843
16,10,50.0
16,10,50.0
16,10,50.0
16,10,50.0
16,10,50.0
16,9,50.0
16,9,50.0
16,9,72.70022137941157
16,9,239.96625076152696
16,9,199.21218336170705
15,9,549.6500495029633
15,9,52.40885379802284
15,9,50.0
15,9,50.0
15,9,50.0
14,9,50.0
14,9,50.0
14,9,50.0
14,9,50.0
14,9,236.90728128540397
14,10,50.0
14,10,223.5148928912504
14,10,545.9928015382078
14,10,50.0
14,10,393.32712435259174
14,9,50.0
14,9,50.0
14,9,276.62416507721304
14,9,187.0265601862421
14,9,50.0
14,8,50.0
14,8,50.0
14,8,249.4418863529682
14,8,455.5367805663969
14,8,362.74083354918173
15,8,50.0
15,8,50.0
15,8,148.4222635588865
15,8,78.14862286960368
15,8,50.0
15,7,50.0
15,7,50.0
15,7,50.0
15,7,216.7815011096166
15,7,50.0
14,7,72.77497990115279
14,7,187.359231007591
14,7,50.0
14,7,225.99226944131345
14,7,401.1542937163924
14,6,297.4516218541695
14,6,95.76606297116584
14,6,197.72586163875144
14,6,50.0
14,6,411.4320144806076
14,5,50.0
14,5,50.0
14,5,50.0
14,5,50.0
14,5,50.0
14,4,99.06121409162415
14,4,50.0
14,4,635.5785413664416
14,4,50.0
14,4,50.0
14,3,872.2587483783996
14,3,546.833268313465
14,3,329.40318073804644
14,3,50.0
14,3,314.47776633856233
13,3,539.9965295582022
13,3,58.441515694836426
13,3,330.73401933523303
13,3,50.0
13,3,348.21482093507393
13,2,50.0
13,2,150.74534336929472
13,2,420.12988311235205
13,2,381.7293493973523
13,2,50.0
13,1,483.95010294378636
13,1,50.0
13,1,623.871039842873
13,1,260.6271059038785
13,1,50.0
14,1,50.0
14,1,185.5548862669241
14,1,50.0
14,1,50.0
14,1,50.0
14,0,50.0
14,0,155.59227431324484
14,0,50.0
14,0,50.0
14,0,50.0
14,-1,186.676317007081
14,-1,50.0
14,-1,50.0
14,-1,50.0
14,-1,50.0
13,-1,50.0
13,-1,424.42833715631866
13,-1,50.0
13,-1,528.2925277089997
13,-1,101.77205838721292
13,0,250.8444970721789
13,0,204.55114324993025
13,0,50.0
13,0,137.64790509237767
13,0,50.0
13,-1,158.85898694198661
13,-1,153.1181850246419
13,-1,98.27321129081461
13,-1,109.91875866506848
13,-1,50.0
12,-1,474.94250592098
12,-1,678.514934376718
12,-1,50.0
12,-1,146.0500844295647
12,-1,677.4309082439122
11,-1,50.0
11,-1,786.1466969927569
11,-1,281.3529453730807
11,-1,660.7013984648868
11,-1,50.0
11,-2,385.2950060031265
11,-2,350.4267418948972
11,-2,99.43637299142058
11,-2,843.6036282416587
11,-2,663.5438456313138
10,-2,233.19777127855582
10,-2,50.0
10,-2,199.0574330464794
10,-2,412.2837612437725
10,-2,96.82554788698613
9,-2,151.94076574459862
9,-2,510.0014711335876
9,-2,478.5354108377836
9,-2,51.40789839776076
9,-2,282.0912592378496
10,-2,83.48492855876067
10,-2,280.62393127906284
10,-2,568.2093202154077
10,-2,330.84802457960564
10,-2,386.85428956002136
9,-2,194.36382917012543
9,-2,50.0
9,-2,764.3007672545345
9,-2,599.8503357521265
9,-2,495.1379515654653
9,-1,95.60992651721551
9,-1,111.93627917609328
9,-1,52.18242060862269
9,-1,695.5843959523053
9,-1,240.86582606922454
9,-2,127.1266247878979
9,-2,254.1313921890881
9,-2,418.9997929885519
9,-2,124.54617515120881
9,-2,113.84754044515489
9,-3,50.0
9,-3,50.0
9,-3,50.0
9,-3,50.0
9,-3,332.32221599567333
9,-4,458.13649114639304
9,-4,50.0
9,-4,347.2202699483304
9,-4,50.0
9,-4,60.16668823260605
9,-5,191.25910815465107
9,-5,50.0
9,-5,208.46196322762432
9,-5,50.0
9,-5,389.9032006771739
8,-5,171.50826520418357
8,-5,142.3625217717292
8,-5,513.1464635100424
8,-5,364.12946695174696
8,-5,264.1292913708842
7,-5,50.0
7,-5,674.8900724609122
7,-5,443.4247046551219
7,-5,66.59098765280147
7,-5,440.6013396113003
7,-6,50.0
7,-6,96.15543022076618
7,-6,285.6224474255982
7,-6,231.74403871958762
7,-6,420.12803431531114
7,-7,50.0
7,-7,394.9430152533689
7,-7,50.0
7,-7,717.6382808210351
7,-7,305.0240668963778
7,-8,50.0
7,-8,430.9547489426359
7,-8,50.0
7,-8,202.69617593241978
7,-8,647.4011066449347
6,-8,50.0
6,-8,97.37536505298687
6,-8,533.384948144709
6,-8,392.7584404271722
6,-8,50.0
6,-9,128.5376336874342
6,-9,542.5181776994893
6,-9,50.0
6,-9,50.0
6,-9,50.0
5,-9,216.19479450685765
5,-9,50.0
5,-9,124.8913780012539
5,-9,50.0
5,-9,332.9551560017469
6,-9,286.19886945277267
6,-9,422.22280175400095
6,-9,50.0
6,-9,87.95688954094176
6,-9,316.8268127207832
5,-9,357.54649786131824
5,-9,50.0
5,-9,569.451174861046
5,-9,256.28227735215427
5,-9,50.0
5,-8,497.13111371515816
5,-8,766.644238741497
5,-8,102.98637864083125
5,-8,82.90044652518841
5,-8,98.1295357391893
5,-9,50.0
5,-9,276.1644260323398
5,-9,86.10388049333761
5,-9,458.77451173948805
5,-9,100.11230311653874
5,-10,198.2420772134371
5,-10,50.0
5,-10,167.05365329298945
5,-10,50.0
5,-10,169.79160401020826
4,-10,326.72739224609626
4,-10,112.69691540228791
4,-10,391.31609174665317
4,-10,783.5340497427331
4,-10,50.0
4,-11,50.0
4,-11,702.0571371305452
4,-11,50.0
4,-11,52.07556152168471
4,-11,391.0599450684741
4,-12,531.8014302674117
4,-12,225.54882890531115
4,-12,267.6368767429693
4,-12,50.0
4,-12,596.503467225853
5,-12,122.23985150055644
5,-12,64.86715015206865
5,-12,402.6001134800667
5,-12,443.56129748227715
5,-12,144.15982302415173
6,-12,150.93728647479054
6,-12,262.34736342447957
6,-12,900.0
6,-12,232.6725170928378
6,-12,50.0
7,-12,50.0
7,-12,50.0
7,-12,50.0
7,-12,50.0
7,-12,50.0
8,-12,304.57797545985636
8,-12,50.0
8,-12,50.0
8,-12,163.60733230813562
8,-12,154.54863488783832
9,-12,159.9670674574816
9,-12,83.52138268017005
9,-12,303.32571939880614
9,-12,77.98102424329146
9,-12,401.3849229401869
9,-11,50.0
9,-11,81.39269360502914
9,-11,654.621884191603
9,-11,50.0
9,-11,408.3679398903272
8,-11,50.0
8,-11,51.03433756788104
8,-11,50.0
8,-11,50.0
8,-11,141.30467692280962
9,-11,50.0
9,-11,50.0
9,-11,529.0036890989286
9,-11,50.0
9,-11,50.0
9,-10,50.0
9,-10,50.0
9,-10,199.48759673074534
9,-10,50.0
9,-10,50.0
9,-9,188.38737118626472
9,-9,516.4659847069654
9,-9,373.4476929034299
9,-9,255.68385043261964
9,-9,50.0
10,-9,323.8334562814809
10,-9,379.89566349106093
10,-9,50.0
10,-9,65.46758262928222
10,-9,325.23071104732196
11,-9,171.95995199237277
11,-9,222.4893450716609
11,-9,50.0
11,-9,50.0
11,-9,50.0
10,-9,50.0
10,-9,50.0
10,-9,50.78076939598651
10,-9,128.09642835125584
10,-9,50.0
10,-8,176.7778328734624
10,-8,296.6683786804638
10,-8,323.32431091867215
10,-8,174.8355250405182
10,-8,50.0
10,-7,172.69834549480163
10,-7,294.00467835942436
10,-7,50.0
10,-7,513.6392555155836
10,-7,99.0721548803578
11,-7,195.8298744865617
11,-7,116.27141237375648
11,-7,50.0
11,-7,50.0
11,-7,73.14834779575247
12,-7,501.4684578381847
12,-7,153.83852171854392
12,-7,50.0
12,-7,229.02396896548916
12,-7,299.5104448393146
11,-7,242.3253867250844
11,-7,50.0
11,-7,50.0
11,-7,132.29812708935611
11,-7,390.1339668420879
11,-6,900.0
11,-6,245.8325264263722
11,-6,50.0
11,-6,247.96549289260696
11,-6,217.25713013966916
12,-6,98.69060720609019
12,-6,50.0
12,-6,50.0
12,-6,124.89887805245131
12,-6,50.0
13,-6,50.0
13,-6,184.04047109589857
13,-6,50.0
13,-6,50.0
13,-6,564.4610229077352
13,-5,298.83004361611984
13,-5,347.338646811934
13,-5,282.81553654685086
13,-5,144.46086374796684
13,-5,378.42237799165883
13,-4,332.7695341706309
13,-4,378.24405284830675
13,-4,50.0
13,-4,50.0
13,-4,665.1750041680759
14,-4,152.50119336234252
14,-4,50.0
14,-4,50.0
14,-4,168.30666350956272
14,-4,389.31716519506506
15,-4,433.3382927618278
15,-4,131.61319524182795
15,-4,122.16103269648121
15,-4,50.0
15,-4,473.43605342415043
16,-4,50.0
16,-4,83.67591240916244
16,-4,50.0
16,-4,50.0
16,-4,50.0
15,-4,190.60048102289485
15,-4,50.0
15,-4,103.66842768195443
15,-4,50.0
15,-4,546.6315651982791
15,-5,313.03784460372856
15,-5,50.0
15,-5,50.0
15,-5,50.0
15,-5,69.50730142023966
14,-5,325.52958226766555
14,-5,197.29775725968847
14,-5,91.13387124804373
14,-5,53.536474223242905
14,-5,50.0
13,-5,50.0
13,-5,234.22976482854907
13,-5,50.0
13,-5,50.0
13,-5,405.9594509732636
12,-5,464.55044555770405
12,-5,60.47985492754648
12,-5,50.0
12,-5,50.0
12,-5,50.0
12,-6,50.0
12,-6,50.0
12,-6,700.6386225492212
12,-6,398.3645978304682
12,-6,354.7326024750829
11,-6,291.7903806689419
11,-6,92.79137255353606
11,-6,186.3253544200845
11,-6,115.21936649523369
11,-6,166.3582872498062
10,-6,900.0
10,-6,50.0
10,-6,738.0815536148899
10,-6,50.0
10,-6,315.07409021252465
9,-6,142.32845024493295
9,-6,287.3056499942675
9,-6,386.9172978542673
9,-6,395.7636020520884
9,-6,50.0
8,-6,50.0
8,-6,117.50851217113237
8,-6,735.7892464753395
8,-6,394.8895969451215
8,-6,400.7581678696961
7,-6,239.85556333623558
7,-6,230.3755884030951
7,-6,368.8945999444901
7,-6,50.0
7,-6,220.39229674118312
6,-6,420.9139007188641
6,-6,452.7836419585195
6,-6,420.3918118898837
6,-6,232.71125316973144
6,-6,178.29846514149705
5,-6,213.04900103375215
5,-6,734.1247358282079
5,-6,50.0
5,-6,900.0
5,-6,519.0147643514808
4,-6,132.0310593157043
4,-6,542.7564587877599
4,-6,254.71058834095953
4,-6,802.4093643203213
4,-6,896.1718684205174
5,-6,50.0
5,-6,280.3695178622801
5,-6,50.0
5,-6,900.0
5,-6,561.060075299472
4,-6,180.22076429023468
4,-6,574.2155661993078
4,-6,50.0
4,-6,560.1387794603709
4,-6,320.11779198958754
3,-6,50.0
3,-6,418.3708828343669
3,-6,260.86910250082326
3,-6,361.45383994771475
3,-6,220.44351065241915
4,-6,393.080257619272
4,-6,377.3883804238613
4,-6,668.6470470669076
4,-6,197.01705229688645
4,-6,554.3173620385281
3,-6,505.5828782772956
3,-6,50.0
3,-6,900.0
3,-6,828.8410682710123
3,-6,518.4185460544325
2,-6,119.99618761162651
2,-6,50.0
2,-6,380.3674235784149
2,-6,50.0
2,-6,245.33151551024162
2,-7,467.2796541267297
2,-7,206.91789310116167
2,-7,325.16886523552887
2,-7,274.281032688032
2,-7,412.4975577119654
1,-7,469.95143565745764
1,-7,794.3741031509586
1,-7,607.3011626604783
1,-7,675.9622953772151
1,-7,348.52619522770425
0,-7,62.98124454835255
0,-7,312.3609831554392
0,-7,132.649514434734
0,-7,260.8137588729871
0,-7,787.8784413638894
-1,-7,304.9540429802105
-1,-7,500.04660282603334
-1,-7,361.3681342626727
-1,-7,279.4164500180244
-1,-7,158.54832113476135
-2,-7,283.3913574065854
-2,-7,98.02439967902237
-2,-7,700.6348675758884
-2,-7,274.3194592484614
-2,-7,93.46833387301035
-3,-7,50.0
-3,-7,50.0
-3,-7,50.0
-3,-7,414.8505629939936
-3,-7,50.0
-4,-7,391.30099395943785
-4,-7,397.15714493378584
-4,-7,321.1878847517499
-4,-7,477.50266159727295
-4,-7,240.01395278200528
-5,-7,50.0
-5,-7,50.0
-5,-7,363.0378876885474
-5,-7,583.6757282809932
-5,-7,50.0
-6,-7,719.4473634473895
-6,-7,490.0457367637229
-6,-7,366.5944942379922
-6,-7,301.6451667099243
-6,-7,230.4324849022138
-7,-7,50.0
-7,-7,136.19684571892668
-7,-7,281.3499345940954
-7,-7,488.89421143788036
-7,-7,344.21481391516033
-7,-6,50.0
-7,-6,189.49864741820895
-7,-6,181.27881792811684
-7,-6,900.0
-7,-6,247.79301520175025
-7,-7,167.26832164564038
-7,-7,50.0
-7,-7,50.0
-7,-7,781.3970504772956
-7,-7,50.0
-8,-7,368.7025073621997
-8,-7,653.964830405555
-8,-7,439.82601885529925
-8,-7,172.40713514103425
-8,-7,630.2641808201481
-9,-7,50.0
-9,-7,301.25358932856295
-9,-7,189.49056936942716
-9,-7,717.070227761654
-9,-7,50.0
-9,-8,502.0059811614163
