-12,15,200.0
-12,14,200.0
-12,14,200.0
-12,13,200.0
-12,13,200.0
-12,12,287.425973844348
-12,12,200.0
-13,12,473.34632615928405
-13,12,200.0
-14,12,295.92591430429553
-14,12,664.1239262777958
-15,12,200.0
-15,12,200.0
-15,13,200.0
-15,13,200.0
-15,12,200.0
-15,12,200.0
-15,11,200.0
-15,11,200.0
-15,10,200.0
-15,10,200.0
-15,9,200.0
-15,9,200.0
-15,10,200.0
-15,10,200.0
-15,9,1316.3620636630471
-15,9,200.0
-15,10,200.0
-15,10,200.0
-15,9,200.0
-15,9,200.0
-15,8,200.0
-15,8,200.0
-15,7,200.0
-15,7,1190.1671571310612
-15,8,200.0
-15,8,405.3609988323275
-15,7,200.0
-15,7,200.0
-15,6,200.0
-15,6,200.0
-15,5,200.0
-15,5,200.0
-15,4,427.64290594590983
-15,4,200.0
-16,4,200.0
-16,4,200.0
-16,3,1266.4720800617856
-16,3,200.0
-16,2,426.8261071428608
-16,2,200.0
-16,1,200.0
-16,1,200.0
-17,1,1335.215008592575
-17,1,936.7584286107733
-17,0,200.0
-17,0,200.0
-17,-1,200.0
-17,-1,308.6068837460093
-18,-1,200.0
-18,-1,1517.7106446554212
-18,-2,200.0
-18,-2,200.0
-18,-3,200.0
-18,-3,200.0
-18,-4,200.0
-18,-4,200.0
-18,-3,200.0
-18,-3,200.0
-18,-4,200.0
-18,-4,258.005941980475
-18,-5,603.8667049441241
-18,-5,3600.0
-18,-6,200.0
-18,-6,200.0
-18,-7,840.4138383915288
-18,-7,586.2286038403407
-18,-8,200.0
-18,-8,200.0
-18,-9,200.0
-18,-9,310.82439231332023
-18,-10,200.0
-18,-10,200.0
-18,-11,1610.5165630969868
-18,-11,200.0
-18,-10,638.5498580855724
-18,-10,200.0
-17,-10,200.0
-17,-10,637.7665835794219
-18,-10,200.0
-18,-10,200.0
-18,-9,200.0
-18,-9,200.0
-18,-10,200.0
-18,-10,200.0
-18,-11,748.0984042669083
-18,-11,200.0
-18,-12,200.0
-18,-12,200.0
-18,-13,200.0
-18,-13,200.0
-18,-14,200.0
-18,-14,287.12765866870654
-18,-15,200.0
-18,-15,200.0
-18,-16,200.0
-18,-16,200.0
-18,-17,200.0
-18,-17,200.0
-17,-17,200.0
-17,-17,1323.70051084719
-17,-18,200.0
-17,-18,200.0
-17,-19,200.0
-17,-19,618.6660501756528
-16,-19,200.0
-16,-19,200.0
-17,-19,200.0
-17,-19,200.0
-18,-19,200.0
-18,-19,200.0
-19,-19,200.0
-19,-19,200.0
-19,-20,200.0
-19,-20,200.0
-18,-20,200.0
-18,-20,200.0
-19,-20,200.0
-19,-20,200.0
-20,-20,200.0
-20,-20,200.0
-19,-20,200.0
-19,-20,200.0
-19,-19,200.0
-19,-19,200.0
-18,-19,200.0
-18,-19,200.0
-19,-19,200.0
-19,-19,200.0
-19,-18,200.0
-19,-18,200.0
-20,-18,200.0
-20,-18,200.0
-20,-17,200.0
-20,-17,200.0
-19,-17,200.0
-19,-17,200.0
-19,-16,200.0
-19,-16,200.0
-18,-16,200.0
-18,-16,1191.6202340948466
-17,-16,200.0
-17,-16,200.0
-16,-16,479.23561325839
-16,-16,200.0
-15,-16,350.24705891097324
-15,-16,240.77988490709822
-16,-16,200.0
-16,-16,200.0
-15,-16,200.0
-15,-16,238.1865985366826
-16,-16,200.0
-16,-16,200.0
-16,-15,200.0
-16,-15,200.0
-15,-15,1710.142063755287
-15,-15,200.0
-15,-14,2166.258587778926
-15,-14,200.0
-15,-13,1841.9004506812194
-15,-13,200.0
-16,-13,200.0
-16,-13,200.0
-17,-13,200.0
-17,-13,1255.7084936594865
-17,-12,748.7464495097947
-17,-12,543.306281218471
-16,-12,200.0
-16,-12,200.0
-15,-12,200.0
-15,-12,200.0
-14,-12,200.0
-14,-12,1131.70223049851
-13,-12,355.36794388318594
-13,-12,200.0
-12,-12,200.0
-12,-12,1453.0740831921687
-11,-12,200.0
-11,-12,1332.8746889098945
-10,-12,994.9789244204478
-10,-12,2887.8753392275958
-10,-11,798.5795103942892
-10,-11,201.0728802777974
-11,-11,200.0
-11,-11,1407.4693064986418
-10,-11,200.0
-10,-11,200.0
-10,-10,348.1086132648559
-10,-10,200.0
-9,-10,683.1481358940594
-9,-10,200.0
-8,-10,200.0
-8,-10,680.939009579397
-7,-10,1454.1620202986937
-7,-10,921.7749494658736
-6,-10,626.3712968432769
-6,-10,1127.0201235727584
-5,-10,200.0
-5,-10,200.0
-4,-10,200.0
-4,-10,200.0
-3,-10,1886.0852480315998
-3,-10,1549.7266716806096
-3,-9,200.0
-3,-9,200.0
-4,-9,1183.5366162672408
-4,-9,1980.8874903210933
-3,-9,1847.4855795652418
-3,-9,1138.3694323416053
-3,-8,2963.615362113632
-3,-8,667.2909763096538
-3,-7,1104.0588829487149
-3,-7,1232.9782740768078
-3,-6,2703.329500355533
-3,-6,3600.0
-2,-6,871.1258722111281
-2,-6,1029.0434197435743
-2,-7,995.4487010963554
-2,-7,374.27683982143867
-1,-7,200.0
-1,-7,2288.6825210417087
-1,-6,541.3773171648529
-1,-6,1933.69247340767
0,-6,1618.469884525251
0,-6,200.0
0,-5,1255.355793212137
0,-5,1708.1181716486822
1,-5,1602.1829127045762
1,-5,2943.1140512073125
2,-5,1600.644343988701
2,-5,1325.802586978099
2,-4,3600.0
2,-4,200.0
1,-4,3598.561708364173
1,-4,3600.0
2,-4,1254.605373939777
2,-4,1174.6256939834122
2,-3,1071.1576946711136
2,-3,3600.0
3,-3,2495.3245247884906
