15,8,50.0
15,8,50.0
15,8,50.0
15,8,539.6521711705715
16,8,50.0
16,8,404.58374512922194
16,8,50.0
16,8,442.2128153827583
16,8,50.0
15,8,50.0
15,8,50.0
15,8,50.0
15,8,309.6338879218153
15,8,134.58540214038288
16,8,900.0
16,8,50.0
16,8,50.0
16,8,900.0
16,8,50.0
17,8,362.31497259367177
17,8,161.80837033863082
17,8,188.0194363072087
17,8,50.0
17,8,313.5741545109315
18,8,50.0
18,8,50.0
18,8,50.0
18,8,50.0
18,8,50.0
19,8,50.0
19,8,409.6409496502313
19,8,50.0
19,8,50.0
19,8,50.0
20,8,50.0
20,8,663.9474539407126
20,8,498.4296487813481
20,8,50.0
20,8,50.0
20,7,50.0
20,7,94.80016297781742
20,7,50.0
20,7,50.0
20,7,50.0
20,6,50.0
20,6,50.0
20,6,50.0
20,6,50.0
20,6,237.464944929029
19,6,319.0412722592381
19,6,347.38512308843065
19,6,86.11797170077466
19,6,120.71450850037331
19,6,68.36813776783231
19,5,239.17911217462427
19,5,50.0
19,5,50.0
19,5,95.07579811039852
19,5,50.0
18,5,50.0
18,5,50.0
18,5,50.0
18,5,724.2806375127534
18,5,50.0
18,4,50.0
18,4,122.65242664386366
18,4,50.0
18,4,50.0
18,4,702.3491828784054
17,4,265.2004756009798
17,4,144.76508143875535
17,4,900.0
17,4,817.4766268088293
17,4,50.0
17,3,50.0
17,3,50.0
17,3,50.0
17,3,735.2757067400935
17,3,360.6706333205249
16,3,900.0
16,3,50.0
16,3,194.83655055135748
16,3,50.0
16,3,50.0
17,3,535.9657037412474
17,3,153.11043030750096
17,3,900.0
17,3,595.4208870526895
17,3,50.0
17,4,284.48948456301514
17,4,50.0
17,4,50.0
17,4,262.38206489097183
17,4,266.1263769551594
17,3,179.69350060058608
17,3,220.53945039353283
17,3,464.55409319093224
17,3,50.0
17,3,50.0
17,2,89.48547636765963
17,2,513.6491121843326
17,2,50.0
17,2,900.0
17,2,87.0031570609685
17,1,140.8174857987355
17,1,50.0
17,1,489.4019126810114
17,1,50.0
17,1,50.0
16,1,215.96654580787725
16,1,656.423762320137
16,1,440.7353416420723
16,1,447.1614301539803
16,1,175.04482685634144
15,1,50.0
15,1,50.0
15,1,50.0
15,1,898.0622370098374
15,1,432.98120061901074
14,1,311.49351835231687
14,1,137.90732654926757
14,1,50.0
14,1,663.0946989155428
14,1,281.76168436340504
13,1,448.59270111929357
13,1,50.0
13,1,436.7832780220309
13,1,479.1208531268428
13,1,479.5781539072947
13,0,325.0002694919944
13,0,50.0
13,0,301.8954752264122
13,0,573.610869644628
13,0,422.7237863656675
12,0,900.0
12,0,50.0
12,0,855.5021051759114
12,0,900.0
12,0,714.3868581768317
11,0,900.0
11,0,50.0
11,0,158.32224629015684
11,0,50.0
11,0,50.0
11,-1,363.9557340275915
11,-1,900.0
11,-1,900.0
11,-1,900.0
11,-1,900.0
10,-1,800.9004558047448
10,-1,900.0
10,-1,50.0
10,-1,50.0
10,-1,900.0
10,-2,711.5394870577193
10,-2,131.61522225661855
10,-2,227.22578900028478
10,-2,50.0
10,-2,588.8720177514349
10,-3,50.0
10,-3,793.1129572174584
10,-3,900.0
10,-3,50.0
10,-3,487.5368603850735
11,-3,786.1054824082239
11,-3,900.0
11,-3,268.0030136907498
11,-3,50.0
11,-3,267.3593357799523
10,-3,50.0
10,-3,565.5181649521334
10,-3,202.2226668040579
10,-3,795.8307819794588
10,-3,418.0293392819062
10,-4,50.0
10,-4,357.73464382362886
10,-4,50.0
10,-4,726.7598415726602
10,-4,523.9462588265917
11,-4,394.8215074957261
11,-4,498.47845690075224
11,-4,482.756048350637
11,-4,365.58117700043465
11,-4,410.4061690016198
11,-5,50.0
11,-5,105.68570475700682
11,-5,126.72941812037975
11,-5,485.0257824453122
11,-5,898.7227897742667
11,-6,50.0
11,-6,477.9885402750239
11,-6,297.2885282313181
11,-6,543.8218537225048
11,-6,486.8526077332225
11,-7,621.7250527439057
11,-7,50.0
11,-7,50.0
11,-7,50.0
11,-7,694.335041398751
11,-8,833.1892477521615
11,-8,182.92920818966442
11,-8,323.72070422700597
11,-8,50.0
11,-8,534.0118348052913
10,-8,239.09816792600523
10,-8,208.9426341604911
10,-8,900.0
10,-8,870.5984482558256
10,-8,525.6114255980857
9,-8,384.54320893243863
9,-8,640.3246649891294
9,-8,163.95195458467336
9,-8,50.0
9,-8,467.0174182941456
8,-8,105.46628063532506
8,-8,50.0
8,-8,50.0
8,-8,900.0
8,-8,647.3124557144735
8,-9,50.0
8,-9,50.0
8,-9,135.37585477316264
8,-9,315.7069349502847
8,-9,485.32921604512507
8,-8,728.7979745385471
8,-8,50.0
8,-8,628.1618590774143
8,-8,201.22336206480344
8,-8,393.06055177463406
7,-8,138.02379907332767
7,-8,265.6254727352575
7,-8,50.0
7,-8,359.2427353063425
7,-8,396.29119581654425
6,-8,214.3234313332306
6,-8,50.0
6,-8,50.0
6,-8,473.126663935475
6,-8,689.895771393909
6,-9,50.0
6,-9,50.0
6,-9,571.0587594159795
6,-9,116.26098253825614
6,-9,900.0
6,-10,579.6040329212633
6,-10,53.15502419304292
6,-10,900.0
6,-10,640.2506766100391
6,-10,900.0
6,-11,900.0
6,-11,200.89224707213978
6,-11,576.2127740207711
6,-11,50.0
6,-11,900.0
6,-12,758.6313319603948
6,-12,504.06829915151684
6,-12,50.0
6,-12,161.79971649634456
6,-12,50.0
6,-13,552.2126359600231
6,-13,50.0
6,-13,50.0
6,-13,50.0
6,-13,591.5245644001279
6,-14,50.0
6,-14,481.50470774536814
6,-14,114.07264325623086
6,-14,50.0
6,-14,50.0
5,-14,336.3597130799441
5,-14,596.8756071882034
5,-14,50.0
5,-14,50.0
5,-14,168.728750456061
5,-15,768.6924237566972
5,-15,319.7633333778579
5,-15,776.0393693735807
5,-15,900.0
5,-15,50.0
4,-15,329.3670807931832
4,-15,50.0
4,-15,215.61130729648158
4,-15,50.0
4,-15,50.0
5,-15,50.0
5,-15,50.0
5,-15,338.9561491734031
5,-15,900.0
5,-15,50.0
4,-15,50.0
4,-15,50.0
4,-15,50.0
4,-15,50.0
4,-15,202.35969422797177
5,-15,662.4203274149888
5,-15,197.2382065328552
5,-15,50.0
5,-15,50.0
5,-15,50.0
4,-15,900.0
4,-15,50.0
4,-15,50.0
4,-15,100.80842766902175
4,-15,294.33262762350455
3,-15,813.6564651918793
3,-15,207.11128741903718
3,-15,50.0
3,-15,237.05740036899843
3,-15,50.0
3,-16,472.7325566772347
3,-16,357.93025051117263
3,-16,50.0
3,-16,50.0
3,-16,900.0
4,-16,50.0
4,-16,50.0
4,-16,425.3038785760402
4,-16,50.0
4,-16,50.0
4,-17,50.0
4,-17,825.8915970292693
4,-17,50.0
4,-17,50.0
4,-17,50.0
5,-17,50.0
5,-17,50.0
5,-17,311.0147811552184
5,-17,50.0
5,-17,900.0
4,-17,50.0
4,-17,120.01923641327738
4,-17,50.0
4,-17,50.0
4,-17,900.0
3,-17,113.88283375651406
3,-17,829.7807893369278
3,-17,50.0
3,-17,50.0
3,-17,152.41384934253819
2,-17,50.0
2,-17,50.0
2,-17,50.0
2,-17,50.0
2,-17,650.9006719274732
2,-18,216.87813616927897
2,-18,50.0
2,-18,351.94938328666035
2,-18,185.21741630776015
2,-18,249.05897881250326
2,-19,354.8926036239977
2,-19,327.2635691493501
2,-19,50.0
2,-19,50.0
2,-19,50.0
2,-20,50.0
2,-20,50.0
2,-20,50.0
2,-20,50.0
2,-20,50.0
1,-20,50.0
1,-20,50.0
1,-20,50.0
1,-20,50.0
1,-20,50.0
2,-20,50.0
2,-20,521.2773071038196
2,-20,50.0
2,-20,50.0
2,-20,50.0
1,-20,50.0
1,-20,105.78096743786429
1,-20,50.0
1,-20,343.86742723974726
1,-20,50.0
0,-20,50.0
0,-20,50.0
0,-20,50.0
0,-20,129.2482812388961
0,-20,657.7764565010481
-1,-20,50.0
-1,-20,713.9614694926759
-1,-20,50.0
-1,-20,50.0
-1,-20,50.0
-1,-19,50.0
-1,-19,50.0
-1,-19,50.0
-1,-19,50.0
-1,-19,100.14011233509493
0,-19,50.0
0,-19,900.0
0,-19,50.0
0,-19,50.0
0,-19,75.35392361145298
0,-20,50.0
0,-20,306.32647183234997
0,-20,50.0
0,-20,160.39249716407545
0,-20,50.0
0,-19,50.0
0,-19,50.0
0,-19,407.67106141482674
0,-19,584.4524286580064
0,-19,50.0
1,-19,58.06819962655531
1,-19,623.9082231004975
1,-19,199.42013469266652
1,-19,397.6698029341559
1,-19,50.0
2,-19,438.14412660934477
2,-19,173.4213164119098
2,-19,50.0
2,-19,50.0
2,-19,50.0
2,-18,50.0
2,-18,50.0
2,-18,50.0
2,-18,50.0
2,-18,50.0
2,-19,50.0
2,-19,634.2832611349022
2,-19,315.11331717740046
2,-19,50.0
2,-19,217.04218851586342
2,-18,188.218411230173
2,-18,50.0
2,-18,463.5407601627553
2,-18,186.58410358927085
2,-18,50.0
2,-17,187.37229493400645
2,-17,50.0
2,-17,50.0
2,-17,304.88128468585705
2,-17,50.0
2,-16,268.28562807124524
2,-16,900.0
2,-16,341.20878553832836
2,-16,50.0
2,-16,50.0
2,-15,50.0
2,-15,816.0432094607522
2,-15,173.56467594751206
2,-15,110.86538679511696
2,-15,900.0
2,-14,900.0
2,-14,50.0
2,-14,611.7326529203831
2,-14,900.0
2,-14,337.12092914237996
2,-13,416.25365199785494
2,-13,115.26515974578275
2,-13,330.9780532274829
2,-13,50.0
2,-13,50.0
2,-12,121.09148106776385
2,-12,50.0
2,-12,50.0
2,-12,50.0
2,-12,50.0
2,-11,255.87326813529896
2,-11,432.16246014264794
2,-11,50.0
2,-11,50.0
2,-11,685.2955243728755
3,-11,262.532323122497
3,-11,712.3744390503932
3,-11,900.0
3,-11,50.0
3,-11,622.715240315053
4,-11,302.38405001928356
4,-11,360.1818924551183
4,-11,333.54312100931514
4,-11,498.8732853461149
4,-11,50.0
4,-10,50.0
4,-10,250.29785422410595
4,-10,466.1108607707076
4,-10,900.0
4,-10,900.0
4,-11,900.0
4,-11,50.0
4,-11,494.6574889482041
4,-11,50.0
4,-11,50.0
4,-10,242.27684734230883
4,-10,900.0
4,-10,390.98676117661347
4,-10,823.8031886942215
4,-10,271.55224188552506
4,-9,607.9512128642899
4,-9,482.19929897537673
4,-9,900.0
4,-9,50.0
4,-9,50.0
5,-9,50.0
5,-9,899.0193071854285
5,-9,769.9098762197543
5,-9,716.7618125773377
5,-9,837.8982047408078
5,-8,435.82427426801195
5,-8,63.37588686489025
5,-8,684.4415143567487
5,-8,50.0
5,-8,788.4675453709651
5,-7,811.6604823962138
5,-7,815.1367672122151
5,-7,900.0
5,-7,900.0
5,-7,362.1824655677182
6,-7,192.91000600296132
6,-7,50.0
6,-7,408.4118911219603
6,-7,174.28392202186393
6,-7,458.12778594561894
7,-7,808.8777712011934
7,-7,782.3695868425598
7,-7,50.0
7,-7,422.6750789536538
7,-7,50.0
8,-7,116.10146583687902
8,-7,719.4035942357636
8,-7,536.6240313358051
8,-7,50.0
8,-7,267.57388112265124
9,-7,76.424882636586
9,-7,184.99540275901305
9,-7,264.56980125565576
9,-7,900.0
9,-7,50.0
9,-6,178.35475089407493
9,-6,440.7036107879542
9,-6,799.0609067272576
9,-6,306.7351809077515
9,-6,447.9437377760402
9,-5,50.0
9,-5,201.4940174400519
9,-5,331.6728512451873
9,-5,505.1519916098287
9,-5,762.491713563993
9,-4,393.2384956877984
9,-4,900.0
9,-4,50.0
9,-4,117.92687181584051
9,-4,207.6960086990069
9,-3,50.0
9,-3,498.13612151618383
9,-3,50.0
9,-3,50.0
9,-3,50.0
10,-3,165.72220962961507
10,-3,65.82676177610728
10,-3,534.4046692869217
10,-3,270.55772759720116
10,-3,900.0
10,-2,50.0
10,-2,50.0
10,-2,503.88090233173125
10,-2,895.4936946151979
10,-2,50.0
10,-1,93.60961405308646
10,-1,161.17786702948348
10,-1,152.97251970066475
10,-1,900.0
10,-1,700.1031670988929
10,-2,900.0
10,-2,702.910454810564
10,-2,50.0
10,-2,50.0
10,-2,50.0
10,-1,483.06091711657103
10,-1,211.1720273381522
10,-1,900.0
10,-1,376.52692414594674
10,-1,50.0
10,-2,900.0
10,-2,900.0
10,-2,858.2306252479618
10,-2,900.0
10,-2,50.0
11,-2,778.520312521011
11,-2,147.37839447744625
11,-2,113.29987827141503
11,-2,115.42148863139404
11,-2,900.0
11,-1,50.0
11,-1,371.32594009886344
11,-1,530.9971674880934
11,-1,900.0
11,-1,274.9843882111407
11,0,709.5409500773403
11,0,668.2389709768452
11,0,50.0
11,0,128.47508728156427
11,0,603.6546649195517
11,1,50.0
11,1,520.2064694755995
11,1,303.5192687426911
11,1,387.1481783822894
11,1,847.7033611000413
11,2,50.0
11,2,50.0
11,2,50.0
11,2,50.0
11,2,658.0970369791032
11,3,50.0
11,3,50.0
11,3,50.0
11,3,730.9715669789239
11,3,640.3750051179653
11,4,193.54745586815142
11,4,561.3566757373958
11,4,383.86870752956565
11,4,50.0
11,4,120.96045468562005
12,4,50.0
12,4,50.0
12,4,50.0
12,4,586.8178889971537
12,4,365.0367642836438
13,4,411.44021195056905
13,4,198.39596493332215
13,4,50.0
13,4,50.0
13,4,279.9340897114469
12,4,754.9271334972667
12,4,668.547914694246
12,4,700.4480523848472
12,4,50.0
12,4,208.4050698344369
12,3,445.44810774304165
12,3,50.0
12,3,255.8806105081791
12,3,50.0
12,3,430.50065488002895
12,2,711.5402337887074
12,2,900.0
12,2,244.25164436214976
12,2,50.0
12,2,775.3516806707528
12,1,62.48278004392313
12,1,343.81565003965864
12,1,900.0
12,1,900.0
12,1,50.0
11,1,763.2019454613546
11,1,439.8552164130115
11,1,608.7877808559901
11,1,50.0
11,1,463.82550556638785
11,0,284.2523147489394
11,0,104.89794396178428
11,0,466.2299458950806
11,0,900.0
11,0,50.0
11,-1,50.0
11,-1,50.0
11,-1,732.1043147611146
11,-1,393.24654107071035
11,-1,648.3388809002555
11,-2,800.1848316732554
11,-2,900.0
11,-2,104.33615290693706
11,-2,50.0
11,-2,587.5898073668432
11,-3,188.6675885287437
11,-3,832.2869321806656
11,-3,582.9302104719594
11,-3,556.731411164929
11,-3,50.0
10,-3,549.0775569002798
10,-3,900.0
10,-3,50.0
10,-3,382.95645792974386
10,-3,135.86707378441383
10,-4,422.46970196755217
10,-4,374.2775908433871
10,-4,652.3182036066385
10,-4,849.6939623553974
10,-4,50.0
9,-4,69.74204222792676
9,-4,900.0
9,-4,50.0
9,-4,619.7084456371645
9,-4,328.147292068674
9,-5,900.0
9,-5,487.21547762555883
9,-5,652.5421109989128
9,-5,50.0
9,-5,526.8582511178236
9,-6,50.0
9,-6,211.41614016896392
9,-6,231.5081536137487
9,-6,234.24274327805261
9,-6,682.8869612597807
9,-5,841.0101476313996
9,-5,900.0
9,-5,50.0
9,-5,50.0
9,-5,50.0
10,-5,124.28642115754755
10,-5,610.9497587301585
10,-5,433.7503660856356
10,-5,50.0
10,-5,900.0
10,-6,511.4543581799302
10,-6,900.0
10,-6,900.0
10,-6,50.0
10,-6,605.3467670383137
10,-7,50.0
10,-7,234.13051357056725
10,-7,900.0
10,-7,84.23262916042637
10,-7,704.2157595066217
9,-7,669.7688545619968
9,-7,556.1996348420594
9,-7,900.0
9,-7,571.3833237861511
9,-7,50.0
8,-7,50.0
8,-7,900.0
8,-7,50.0
8,-7,900.0
8,-7,352.8409179744163
7,-7,900.0
7,-7,887.2478251056577
7,-7,560.3800724134002
7,-7,620.5280056482964
7,-7,900.0
7,-8,219.57301444555372
7,-8,900.0
7,-8,900.0
7,-8,50.0
7,-8,900.0
7,-9,50.0
7,-9,900.0
7,-9,50.0
7,-9,776.6022455376064
7,-9,610.2072225516953
6,-9,900.0
6,-9,900.0
6,-9,900.0
6,-9,802.9284573273652
6,-9,194.6002312927427
5,-9,271.1928892820033
5,-9,659.4968905477039
5,-9,50.0
5,-9,434.3548834476089
5,-9,198.07555462963842
5,-10,883.1099088154692
5,-10,900.0
5,-10,900.0
5,-10,282.1800312861667
5,-10,269.00990963699115
5,-11,89.7411653940151
5,-11,239.9660067636839
5,-11,874.4045768678359
5,-11,50.0
5,-11,111.3281674569439
5,-12,50.0
5,-12,168.14044001288977
5,-12,900.0
5,-12,50.0
5,-12,50.0
4,-12,594.7463192183482
4,-12,195.86732339357198
4,-12,50.0
4,-12,321.8756456866022
4,-12,828.7430706595741
3,-12,98.32216089512724
3,-12,900.0
3,-12,50.0
3,-12,560.6009341269599
3,-12,900.0
2,-12,593.5432988435472
2,-12,479.2733351089497
2,-12,484.5088711540686
2,-12,899.8072458401837
2,-12,204.75914907301072
1,-12,50.0
1,-12,50.0
1,-12,789.6152782199148
1,-12,900.0
1,-12,287.50722423247197
1,-13,50.0
1,-13,479.0324278264965
1,-13,633.8592734047877
1,-13,50.0
1,-13,50.0
2,-13,587.0698267925072
2,-13,62.38202368823602
2,-13,50.0
2,-13,189.65178308203622
2,-13,309.0176358297442
1,-13,50.0
1,-13,250.30807066782927
1,-13,222.2493571004576
1,-13,247.8115656263456
1,-13,130.4452351101371
1,-12,261.4527758018178
1,-12,900.0
1,-12,542.6890996565022
1,-12,283.72089728336243
1,-12,50.0
1,-13,215.98164362187728
1,-13,400.82682938086714
1,-13,50.0
1,-13,91.36283836532925
1,-13,609.690536195859
0,-13,50.0
0,-13,356.4788316213173
0,-13,171.7197912449201
0,-13,50.0
0,-13,50.0
-1,-13,50.0
-1,-13,759.1183037004995
-1,-13,50.0
-1,-13,50.0
-1,-13,416.65633027949787
-2,-13,560.8518558547376
-2,-13,900.0
-2,-13,426.1880674461419
-2,-13,900.0
-2,-13,454.4041033068868
-1,-13,240.14742779878154
-1,-13,332.2966097475312
-1,-13,50.0
-1,-13,611.4226045084952
-1,-13,50.0
-1,-14,900.0
-1,-14,603.7954795397173
-1,-14,265.77659848021017
-1,-14,515.8377027901313
-1,-14,352.03630180819573
-2,-14,260.49040452229235
-2,-14,296.7925424085379
-2,-14,50.0
-2,-14,50.0
-2,-14,288.53237244614354
-2,-15,546.8937496085944
-2,-15,50.0
-2,-15,900.0
-2,-15,496.2228186240903
-2,-15,57.151013120402325
-3,-15,50.0
-3,-15,50.0
-3,-15,50.0
-3,-15,401.7793770883286
-3,-15,323.32116288020876
-4,-15,806.0518437757227
-4,-15,425.0957378794522
-4,-15,772.743109326298
-4,-15,50.0
-4,-15,50.0
-4,-16,551.7680621913439
-4,-16,50.0
-4,-16,75.04099219416017
-4,-16,273.80361316292397
-4,-16,50.0
-4,-17,50.0
-4,-17,671.1492052428285
-4,-17,50.0
-4,-17,50.0
-4,-17,50.0
-3,-17,284.6433111493619
-3,-17,50.0
-3,-17,50.0
-3,-17,50.0
-3,-17,50.0
-4,-17,71.81494932939697
-4,-17,383.76096891324073
-4,-17,900.0
-4,-17,900.0
-4,-17,75.51940019126734
-5,-17,745.1078927219651
-5,-17,303.5355181397176
-5,-17,50.0
-5,-17,50.0
-5,-17,306.741287643755
-6,-17,50.0
-6,-17,50.0
-6,-17,859.3636706904083
-6,-17,168.45042630305534
-6,-17,119.21419936292727
-7,-17,353.68033926818805
-7,-17,203.38727241135865
-7,-17,151.05066063846704
-7,-17,98.63028890298098
-7,-17,50.0
-7,-18,50.0
-7,-18,50.0
-7,-18,87.47695120337602
-7,-18,512.783724876969
-7,-18,50.0
-7,-19,194.8409635663525
-7,-19,142.19820775413194
-7,-19,96.25355691362114
-7,-19,50.0
-7,-19,50.0
-8,-19,368.50369614454235
-8,-19,50.0
-8,-19,50.0
-8,-19,50.0
-8,-19,563.1424703765797
-8,-18,69.61540306450502
-8,-18,179.14718348712893
-8,-18,50.0
-8,-18,202.13477994075524
-8,-18,50.0
-8,-19,50.0
-8,-19,50.0
-8,-19,120.1302980929841
-8,-19,215.23394892542973
-8,-19,50.0
-8,-20,208.19931993231808
-8,-20,50.0
-8,-20,50.0
-8,-20,50.0
-8,-20,624.3115531533185
-8,-19,50.0
-8,-19,50.0
-8,-19,50.0
-8,-19,50.0
-8,-19,50.0
-7,-19,87.14872884982775
-7,-19,109.88686101923014
-7,-19,50.0
-7,-19,50.0
-7,-19,165.6121406014184
-6,-19,92.30022555035697
-6,-19,50.0
-6,-19,50.0
-6,-19,50.0
-6,-19,50.0
-5,-19,50.0
-5,-19,50.0
-5,-19,50.0
-5,-19,530.911316494934
-5,-19,62.00779972648836
-4,-19,298.25152019892744
-4,-19,50.0
-4,-19,201.15649101698847
-4,-19,50.0
-4,-19,50.0
-4,-20,194.75034555581811
-4,-20,50.0
-4,-20,50.0
-4,-20,50.0
-4,-20,50.0
-4,-19,50.0
-4,-19,541.1229080765338
-4,-19,50.0
-4,-19,68.70905984888735
-4,-19,357.6519750170262
-4,-18,50.0
-4,-18,50.0
-4,-18,50.0
-4,-18,50.0
-4,-18,50.0
-3,-18,50.0
-3,-18,50.0
-3,-18,50.0
-3,-18,353.134147355212
-3,-18,50.0
-2,-18,145.82904407184688
-2,-18,50.0
-2,-18,50.0
-2,-18,50.0
-2,-18,98.66843312700789
-1,-18,99.47234435148982
-1,-18,50.0
-1,-18,279.40839564941564
-1,-18,50.0
-1,-18,900.0
0,-18,335.47558330270624
0,-18,201.2855245962795
0,-18,459.96924599489995
0,-18,243.22850963836657
0,-18,75.5387830442373
0,-17,900.0
0,-17,341.5684480378391
0,-17,50.0
0,-17,50.0
0,-17,645.5427883139396
0,-16,754.2876433096562
0,-16,900.0
0,-16,50.0
0,-16,57.29417755092983
0,-16,50.0
1,-16,611.0007467772044
1,-16,50.0
1,-16,508.5791865960487
1,-16,50.0
1,-16,50.0
2,-16,50.0
2,-16,348.50330562893765
2,-16,447.5774579949582
2,-16,91.93169861078016
2,-16,50.0
2,-15,50.0
