15,8,50.0
15,8,50.0
15,8,350.39272133024554
15,8,50.0
16,8,212.98317717156777
16,8,50.0
16,8,50.0
16,8,57.51249528227186
16,8,50.0
15,8,71.35546955741603
15,8,123.67116035557325
15,8,50.0
15,8,50.0
15,8,50.0
16,8,50.0
16,8,50.0
16,8,50.0
16,8,50.0
16,8,50.0
17,8,50.0
17,8,391.6340547280486
17,8,50.0
17,8,50.0
17,8,157.2114221336232
18,8,50.0
18,8,50.0
18,8,112.22624584830012
18,8,50.0
18,8,50.0
19,8,50.0
19,8,50.0
19,8,50.0
19,8,50.0
19,8,50.0
20,8,50.0
20,8,50.0
20,8,50.0
20,8,82.67023240810664
20,8,50.0
20,7,50.0
20,7,50.0
20,7,50.0
20,7,225.0446275253815
20,7,50.0
20,6,50.0
20,6,50.0
20,6,130.18170166690464
20,6,50.0
20,6,50.0
19,6,211.87502639943608
19,6,188.13305146724701
19,6,50.0
19,6,78.94805153633845
19,6,50.0
19,5,297.37308032891553
19,5,50.0
19,5,50.0
19,5,50.0
19,5,50.0
18,5,50.0
18,5,114.36837572029498
18,5,50.0
18,5,50.0
18,5,50.0
18,4,244.09827047791157
18,4,51.63451353247595
18,4,50.0
18,4,83.76322793734495
18,4,50.0
17,4,50.0
17,4,50.0
17,4,50.0
17,4,50.0
17,4,50.0
17,3,50.0
17,3,77.48540858889109
17,3,50.0
17,3,389.5229079617985
17,3,50.0
16,3,50.0
16,3,300.4332330531242
16,3,50.0
16,3,50.0
16,3,50.0
17,3,50.0
17,3,50.0
17,3,50.0
17,3,50.0
17,3,50.0
17,4,193.98932316460952
17,4,107.4903751802864
17,4,50.0
17,4,50.0
17,4,50.0
17,3,50.0
17,3,50.0
17,3,54.158653521132095
17,3,321.8325445540114
17,3,132.54166121352702
17,2,50.0
17,2,50.0
17,2,114.83715846363236
17,2,50.0
17,2,50.0
17,1,50.0
17,1,227.09521813282356
17,1,52.29977998682287
17,1,50.0
17,1,188.9973876460768
16,1,484.1976823515246
16,1,50.0
16,1,50.0
16,1,50.0
16,1,77.00676956667151
15,1,717.9919292997001
15,1,50.0
15,1,50.0
15,1,140.87468695732025
15,1,50.0
14,1,50.0
14,1,50.0
14,1,172.3266626356963
14,1,739.1366816264506
14,1,188.90746277728567
13,1,243.9737924788248
13,1,50.0
13,1,172.9167289507999
13,1,50.0
13,1,50.0
13,0,245.39567195056932
13,0,50.0
13,0,69.18046407392775
13,0,63.76232614001998
13,0,308.9996811826537
12,0,370.1989939163815
12,0,368.5597547486057
12,0,416.2170742759944
12,0,50.0
12,0,50.0
11,0,50.0
11,0,479.2411431498884
11,0,511.4715089096306
11,0,327.77549057151845
11,0,222.9519377674362
11,-1,452.68606367702864
11,-1,50.0
11,-1,445.4358852250749
11,-1,96.84608004525543
11,-1,50.0
10,-1,77.34134977901836
10,-1,269.3080656577182
10,-1,695.748320207966
10,-1,528.5834250803603
10,-1,50.0
10,-2,463.8931657320929
10,-2,50.0
10,-2,125.108457771122
10,-2,50.0
10,-2,50.0
10,-3,50.0
10,-3,587.0023701885495
10,-3,295.34662599501576
10,-3,50.0
10,-3,50.0
11,-3,184.36643743364127
11,-3,50.0
11,-3,50.0
11,-3,555.1221151123312
11,-3,778.4473194787006
10,-3,50.0
10,-3,325.99984684577623
10,-3,319.81629050586946
10,-3,50.0
10,-3,50.0
10,-4,313.51047770931905
10,-4,101.50774532008506
10,-4,364.73388895068115
10,-4,119.82439538279444
10,-4,296.0680510607699
11,-4,50.0
11,-4,173.01449604114129
11,-4,314.5411978899174
11,-4,234.24739056182295
11,-4,173.72500049564457
11,-5,50.0
11,-5,50.0
11,-5,50.0
11,-5,575.0797412113136
11,-5,277.5970836623558
11,-6,50.0
11,-6,50.0
11,-6,250.51675410166925
11,-6,50.0
11,-6,50.0
11,-7,50.0
11,-7,154.7241510475675
11,-7,52.289170213365395
11,-7,262.4411807297246
11,-7,64.68726755154594
11,-8,50.0
11,-8,50.0
11,-8,514.8050516229812
11,-8,152.93159309381997
11,-8,216.90672776048632
10,-8,50.0
10,-8,50.0
10,-8,50.0
10,-8,69.9887029069946
10,-8,50.0
9,-8,50.0
9,-8,437.7747563435309
9,-8,448.6205312946861
9,-8,50.0
9,-8,50.0
8,-8,50.0
8,-8,293.5022893069326
8,-8,50.0
8,-8,50.0
8,-8,454.8580533208723
8,-9,698.7388928452822
8,-9,50.0
8,-9,50.0
8,-9,50.0
8,-9,104.44696018902158
8,-8,548.9116203304636
8,-8,122.5002945263648
8,-8,50.0
8,-8,460.7496643018542
8,-8,73.58143618186928
7,-8,50.0
7,-8,211.46027280322738
7,-8,50.0
7,-8,77.53341865380992
7,-8,56.71438345244505
6,-8,562.4626147622384
6,-8,490.34853784186373
6,-8,77.72169283153292
6,-8,50.0
6,-8,167.80544851168494
6,-9,68.21327853092075
6,-9,433.9148879323275
6,-9,184.13845988207365
6,-9,484.462157982062
6,-9,526.4069782525881
6,-10,50.0
6,-10,369.07125063417357
6,-10,50.0
6,-10,50.0
6,-10,498.77389702710923
6,-11,486.590362844782
6,-11,310.39844521354814
6,-11,50.0
6,-11,50.0
6,-11,50.0
6,-12,162.71299710234405
6,-12,193.0314748076441
6,-12,50.0
6,-12,198.89627269735493
6,-12,50.0
6,-13,50.0
6,-13,50.0
6,-13,50.0
6,-13,258.0693675423924
6,-13,50.0
6,-14,50.0
6,-14,283.53614256827836
6,-14,142.2146430914554
6,-14,50.0
6,-14,50.0
5,-14,135.0790904943041
5,-14,207.16232602844062
5,-14,358.07147300657715
5,-14,68.55891710140904
5,-14,50.0
5,-15,554.0174989521649
5,-15,213.38718238550086
5,-15,50.0
5,-15,629.2765804371934
5,-15,91.88973612303243
4,-15,50.0
4,-15,50.0
4,-15,466.93327916944327
4,-15,87.028618871101
4,-15,295.4509898693217
5,-15,50.0
5,-15,248.1762251425626
5,-15,50.0
5,-15,50.0
5,-15,50.0
4,-15,208.46762539848004
4,-15,210.3601107727388
4,-15,229.4569835140017
4,-15,102.54910289779389
4,-15,263.7541304396179
5,-15,50.0
5,-15,312.8992465482776
5,-15,107.49928314842448
5,-15,213.62752092349
5,-15,50.0
4,-15,672.0963575794465
4,-15,168.12906387919338
4,-15,50.0
4,-15,164.7223313105723
4,-15,50.0
3,-15,202.9945514482619
3,-15,158.2721543406586
3,-15,50.0
3,-15,565.3651238942914
3,-15,50.0
3,-16,50.0
3,-16,50.0
3,-16,50.0
3,-16,172.6814865744185
3,-16,50.0
4,-16,183.37717373667402
4,-16,50.0
4,-16,50.0
4,-16,50.0
4,-16,685.2080783826098
4,-17,252.66552628289418
4,-17,50.0
4,-17,50.0
4,-17,50.0
4,-17,202.26309522728408
5,-17,50.0
5,-17,175.64124905316032
5,-17,50.0
5,-17,50.0
5,-17,50.0
4,-17,50.0
4,-17,50.0
4,-17,50.0
4,-17,50.0
4,-17,278.66314706305513
3,-17,50.0
3,-17,118.17273012648138
3,-17,50.0
3,-17,50.0
3,-17,50.0
2,-17,120.91155193818801
2,-17,50.0
2,-17,98.22600338842088
2,-17,50.0
2,-17,50.0
2,-18,50.0
2,-18,317.8183201591333
2,-18,50.0
2,-18,156.07287094785522
2,-18,50.0
2,-19,50.0
2,-19,387.74739624760724
2,-19,50.0
2,-19,89.68807783385495
2,-19,50.0
2,-20,204.9802140784265
2,-20,50.0
2,-20,50.0
2,-20,50.0
2,-20,50.0
1,-20,50.0
1,-20,50.0
1,-20,50.0
1,-20,50.0
1,-20,50.0
2,-20,50.0
2,-20,50.0
2,-20,50.0
2,-20,195.3640854289447
2,-20,50.0
1,-20,50.0
1,-20,50.0
1,-20,50.0
1,-20,50.0
1,-20,50.0
0,-20,50.0
0,-20,50.0
0,-20,50.0
0,-20,50.0
0,-20,50.0
-1,-20,50.0
-1,-20,50.0
-1,-20,50.0
-1,-20,58.783469068667614
-1,-20,50.0
-1,-19,50.0
-1,-19,50.0
-1,-19,50.0
-1,-19,50.0
-1,-19,50.0
0,-19,50.0
0,-19,50.0
0,-19,50.0
0,-19,50.0
0,-19,50.0
0,-20,124.27233895871271
0,-20,57.40750824310811
0,-20,50.0
0,-20,50.0
0,-20,50.0
0,-19,50.0
0,-19,263.0030180926873
0,-19,50.0
0,-19,50.0
0,-19,50.0
1,-19,50.0
1,-19,50.0
1,-19,67.49187246700274
1,-19,249.17377243189446
1,-19,50.0
2,-19,50.0
2,-19,50.0
2,-19,50.0
2,-19,93.3307887758231
2,-19,50.0
2,-18,50.0
2,-18,50.0
2,-18,50.0
2,-18,50.0
2,-18,50.0
2,-19,50.0
2,-19,50.0
2,-19,50.0
2,-19,69.41974872946184
2,-19,103.92956290947967
2,-18,275.23004844478305
2,-18,50.0
2,-18,66.5059781116997
2,-18,50.0
2,-18,50.0
2,-17,50.0
2,-17,50.0
2,-17,50.0
2,-17,50.0
2,-17,54.82216631406325
2,-16,133.4428052824833
2,-16,50.0
2,-16,50.0
2,-16,157.13381119887174
2,-16,50.0
2,-15,190.34616658118048
2,-15,150.02748540994438
2,-15,518.2249610246038
2,-15,157.91953436033458
2,-15,50.0
2,-14,50.0
2,-14,58.44956365188294
2,-14,128.8035093038426
2,-14,50.0
2,-14,50.0
2,-13,50.0
2,-13,50.0
2,-13,422.60137284365527
2,-13,135.7187197215897
2,-13,77.75225769402729
2,-12,342.95446866701263
2,-12,364.4322440480438
2,-12,50.0
2,-12,383.032953707518
2,-12,335.1626442296943
2,-11,184.81931569237764
2,-11,50.0
2,-11,537.1280789875307
2,-11,183.10195424485022
2,-11,296.06071691761525
3,-11,349.2150914229197
3,-11,51.02510950969807
3,-11,120.61970831460195
3,-11,595.1562351675085
3,-11,408.77380201246046
4,-11,50.0
4,-11,284.52842833026807
4,-11,428.5755376472214
4,-11,50.0
4,-11,188.66017807786523
4,-10,166.95681336922334
4,-10,608.1862655411785
4,-10,234.41000686246633
4,-10,153.9924729861794
4,-10,94.41647937571697
4,-11,314.26425455772267
4,-11,116.84457758894165
4,-11,503.71993569096514
4,-11,149.14934842519807
4,-11,270.33050019403186
4,-10,50.0
4,-10,873.4377240628903
4,-10,504.8638081758778
4,-10,55.74687814234474
4,-10,250.0893621249856
4,-9,197.0483627830458
4,-9,449.1922310492149
4,-9,361.62061311008154
4,-9,276.2151609487303
4,-9,300.4742650585107
5,-9,231.36071473493456
5,-9,118.05358471677496
5,-9,513.9465962141082
5,-9,509.17018698686127
5,-9,437.8397037637351
5,-8,50.0
5,-8,405.8207120692173
5,-8,254.40081503534734
5,-8,178.5059276087936
5,-8,677.3572781945256
5,-7,470.5328961954307
5,-7,554.3256640070658
5,-7,291.13522743868174
5,-7,612.3117919558395
5,-7,338.04164539953814
6,-7,263.20830020447926
6,-7,50.0
6,-7,212.32965439205293
6,-7,655.275369784253
6,-7,143.7613496853864
7,-7,50.0
7,-7,203.67072739353117
7,-7,50.0
7,-7,168.38382845412195
7,-7,187.74757335961738
8,-7,662.472348683614
8,-7,118.80548084704088
8,-7,50.0
8,-7,182.62177132880998
8,-7,324.8903860120664
9,-7,267.4474762916259
9,-7,128.2896339555787
9,-7,295.7665720910668
9,-7,559.4862552420191
9,-7,50.0
9,-6,274.13596464163516
9,-6,50.0
9,-6,627.279821503881
9,-6,50.0
9,-6,113.25394399831859
9,-5,206.8916017248383
9,-5,348.84380538470367
9,-5,330.1809421732295
9,-5,506.0378856816013
9,-5,64.11545090187343
9,-4,50.0
9,-4,382.25070088717285
9,-4,175.30539800551134
9,-4,50.0
9,-4,628.2181590959481
9,-3,98.95580315863049
9,-3,50.0
9,-3,67.18354303383416
9,-3,334.71622454824217
9,-3,131.21042296210692
10,-3,356.96914859549213
10,-3,50.0
10,-3,366.87556665242573
10,-3,626.4669723937129
10,-3,367.29238613230257
10,-2,97.00755759367216
10,-2,250.65123739406746
10,-2,123.74561516204226
10,-2,50.0
10,-2,197.14475635993244
10,-1,50.0
10,-1,50.0
10,-1,508.2666393491885
10,-1,50.0
10,-1,360.18334544962664
10,-2,234.53565006563355
10,-2,414.7174552675144
10,-2,253.74721373644417
10,-2,597.3870633795956
10,-2,84.97959453276428
10,-1,340.92454873776103
10,-1,266.8507415538935
10,-1,605.5896929600113
10,-1,476.08019820921214
10,-1,176.63920349496797
10,-2,295.14357117616635
10,-2,91.31944105871347
10,-2,304.3896553597957
10,-2,311.9209679807311
10,-2,273.13943057230574
11,-2,50.0
11,-2,382.2059138989471
11,-2,356.05180354957656
11,-2,473.9806778129167
11,-2,50.0
11,-1,59.31494479829265
11,-1,50.0
11,-1,50.0
11,-1,50.0
11,-1,175.23455855292744
11,0,515.374987584829
11,0,825.4882430678975
11,0,55.757180906952755
11,0,477.0825251320183
11,0,367.66075998392216
11,1,109.4535436100376
11,1,228.14541719515782
11,1,154.34876534321177
11,1,50.0
11,1,50.0
11,2,50.0
11,2,395.4804582371305
11,2,245.46649406333557
11,2,307.0415935498685
11,2,152.52331467474727
11,3,50.0
11,3,50.0
11,3,256.82784494710745
11,3,80.13100816476972
11,3,364.90819492587434
11,4,50.0
11,4,842.1109250843967
11,4,283.66246542839184
11,4,431.1220342235911
11,4,401.9754958020522
12,4,398.1324109087759
12,4,50.0
12,4,110.95009363032113
12,4,50.0
12,4,50.0
13,4,106.9163347252142
13,4,50.0
13,4,50.0
13,4,532.24214628924
13,4,50.0
12,4,212.63038562282048
12,4,66.5987450735002
12,4,50.0
12,4,265.4109973985454
12,4,50.0
12,3,581.0369871277873
12,3,152.53824953632207
12,3,50.0
12,3,50.0
12,3,285.83341454611553
12,2,244.39163550130374
12,2,329.00903200180517
12,2,195.87113303536978
12,2,321.62295818772424
12,2,50.0
12,1,114.75376793162687
12,1,50.0
12,1,727.8329725416677
12,1,126.99207039012256
12,1,129.85575335340812
11,1,146.17755636834968
11,1,287.37394572092427
11,1,50.0
11,1,320.7826966537177
11,1,507.9822584935467
11,0,213.49387653058653
11,0,197.10292752033735
11,0,208.72573898947138
11,0,50.0
11,0,390.08365851836754
11,-1,175.17958740260906
11,-1,292.380467722263
11,-1,858.100240010929
11,-1,126.35723816859928
11,-1,50.0
11,-2,591.4406393077858
11,-2,50.0
11,-2,326.4162569012912
11,-2,343.6364178531836
11,-2,50.0
11,-3,725.0905843232924
11,-3,588.1336934823961
11,-3,347.8864808060325
11,-3,626.7867541325569
11,-3,515.316152959984
10,-3,192.35167518895793
10,-3,269.1244254077733
10,-3,411.7265619694534
10,-3,613.6172327650963
10,-3,50.0
10,-4,113.4989253289861
10,-4,455.4179442753452
10,-4,367.02066751046
10,-4,427.68940124452996
10,-4,255.07915526214288
9,-4,198.40481743036275
9,-4,256.7807145433158
9,-4,145.62218700002737
9,-4,228.73396380798994
9,-4,130.36807288076247
9,-5,536.4663084765482
9,-5,713.944643097883
9,-5,256.1264420640749
9,-5,147.36264719786658
9,-5,289.1082869633708
9,-6,544.8552018102422
9,-6,499.55965411317675
9,-6,84.9890139432546
9,-6,543.2741746310822
9,-6,170.60762953809814
9,-5,454.9377795403428
9,-5,536.9444811693154
9,-5,50.0
9,-5,468.234867823262
9,-5,209.4776380672427
10,-5,50.0
10,-5,265.8317689929975
10,-5,607.7602214619426
10,-5,50.0
10,-5,50.0
10,-6,50.0
10,-6,50.0
10,-6,50.0
10,-6,160.20805288752143
10,-6,50.0
10,-7,159.0519788724155
10,-7,50.04561429865288
10,-7,50.0
10,-7,50.0
10,-7,282.8186042880244
9,-7,156.95741764328997
9,-7,50.0
9,-7,50.0
9,-7,50.0
9,-7,265.8410296533076
8,-7,284.2786553532586
8,-7,875.8895428228689
8,-7,576.4804556172562
8,-7,259.23807610310945
8,-7,372.54490053405596
7,-7,123.20888299527803
7,-7,50.0
7,-7,380.19853382354773
7,-7,900.0
7,-7,211.397619424039
7,-8,465.33083198474816
7,-8,660.2187685009856
7,-8,50.0
7,-8,112.18723999769455
7,-8,173.61289122021816
7,-9,239.08809676053906
7,-9,50.0
7,-9,378.5621577191883
7,-9,50.0
7,-9,50.0
6,-9,50.0
6,-9,537.1712544148487
6,-9,500.56106210947917
6,-9,50.0
6,-9,50.0
5,-9,50.0
5,-9,50.0
5,-9,150.2531257365329
5,-9,829.144722520947
5,-9,50.0
5,-10,50.0
5,-10,340.3533168353863
5,-10,50.0
5,-10,78.76256998585384
5,-10,143.153851899861
5,-11,50.0
5,-11,515.0197545906353
5,-11,50.0
5,-11,672.4301889932726
5,-11,50.0
5,-12,50.0
5,-12,99.15648862375102
5,-12,50.0
5,-12,229.05737268184734
5,-12,112.20615037994982
4,-12,199.73936176103584
4,-12,50.0
4,-12,69.23985375967922
4,-12,567.7811933988145
4,-12,93.61522681810106
3,-12,403.3614633369873
3,-12,406.90115798957186
3,-12,322.0783323458172
3,-12,50.0
3,-12,171.65987822580053
2,-12,511.3123295133846
2,-12,50.0
2,-12,50.0
2,-12,615.524840515718
2,-12,495.4364899379507
1,-12,634.2267828918634
1,-12,78.5916652260806
1,-12,258.6984489733506
1,-12,821.3881186946182
1,-12,265.28756800275823
1,-13,161.69999806885764
1,-13,622.0658799402522
1,-13,50.0
1,-13,580.5943163755774
1,-13,415.2617436501498
2,-13,155.83225271064703
2,-13,50.0
2,-13,50.0
2,-13,169.69517501635318
2,-13,118.84354377059616
1,-13,207.40101919705887
1,-13,50.0
1,-13,50.0
1,-13,160.56590234382537
1,-13,50.0
1,-12,95.4533799896064
1,-12,640.6363036804229
1,-12,112.19029702374485
1,-12,123.6256310590933
1,-12,50.0
1,-13,50.0
1,-13,50.0
1,-13,386.7114889343278
1,-13,279.88702871313455
1,-13,168.67256889874918
0,-13,50.0
0,-13,119.02521100115482
0,-13,177.93335946108002
0,-13,50.0
0,-13,50.0
-1,-13,439.28419660447673
-1,-13,50.0
-1,-13,50.0
-1,-13,50.0
-1,-13,592.6308086945489
-2,-13,234.90080160363044
-2,-13,50.0
-2,-13,50.0
-2,-13,50.0
-2,-13,608.0660328825765
-1,-13,571.5024583639554
-1,-13,288.1280966392817
-1,-13,154.8081534840001
-1,-13,50.0
-1,-13,50.0
-1,-14,50.0
-1,-14,305.0020119817009
-1,-14,50.0
-1,-14,63.80775088682455
-1,-14,50.0
-2,-14,56.977621885309595
-2,-14,50.0
-2,-14,50.0
-2,-14,50.0
-2,-14,225.04716460632474
-2,-15,50.0
-2,-15,192.34186610316306
-2,-15,257.9844872937713
-2,-15,50.0
-2,-15,79.16073653616664
-3,-15,475.6702046243492
-3,-15,50.0
-3,-15,50.0
-3,-15,50.0
-3,-15,50.0
-4,-15,50.0
-4,-15,50.0
-4,-15,50.0
-4,-15,50.0
-4,-15,380.83000851640935
-4,-16,50.0
-4,-16,50.0
-4,-16,621.9234249068398
-4,-16,186.19501055722495
-4,-16,50.0
-4,-17,50.0
-4,-17,186.0196166641503
-4,-17,50.0
-4,-17,50.0
-4,-17,50.0
-3,-17,50.0
-3,-17,50.0
-3,-17,50.0
-3,-17,50.0
-3,-17,50.0
-4,-17,50.0
-4,-17,101.20735652794383
-4,-17,223.7835783856396
-4,-17,50.0
-4,-17,50.0
-5,-17,50.0
-5,-17,50.0
-5,-17,50.0
-5,-17,50.0
-5,-17,50.0
-6,-17,50.0
-6,-17,50.0
-6,-17,50.0
-6,-17,50.0
-6,-17,50.0
-7,-17,50.0
-7,-17,50.0
-7,-17,204.7778155240623
-7,-17,423.52803406395924
-7,-17,50.0
-7,-18,50.0
-7,-18,50.0
-7,-18,50.0
-7,-18,50.0
-7,-18,50.0
-7,-19,346.7291590884872
-7,-19,50.0
-7,-19,50.0
-7,-19,50.0
-7,-19,50.0
-8,-19,50.0
-8,-19,50.0
-8,-19,50.0
-8,-19,50.0
-8,-19,50.0
-8,-18,50.0
-8,-18,50.0
-8,-18,50.0
-8,-18,50.0
-8,-18,50.0
-8,-19,50.0
-8,-19,50.0
-8,-19,50.0
-8,-19,54.55482029515315
-8,-19,50.0
-8,-20,50.0
-8,-20,50.0
-8,-20,50.0
-8,-20,50.0
-8,-20,50.0
-8,-19,50.0
-8,-19,50.0
-8,-19,50.0
-8,-19,50.0
-8,-19,553.0078051562382
-7,-19,81.58998944600077
-7,-19,50.0
-7,-19,50.0
-7,-19,50.0
-7,-19,50.0
-6,-19,50.0
-6,-19,50.0
-6,-19,50.0
-6,-19,431.4533069664029
-6,-19,50.0
-5,-19,50.0
-5,-19,50.0
-5,-19,50.0
-5,-19,50.0
-5,-19,50.0
-4,-19,363.6284705867793
-4,-19,50.0
-4,-19,314.5314048101879
-4,-19,50.0
-4,-19,50.0
-4,-20,50.0
-4,-20,66.45716393987726
-4,-20,53.175999991066305
-4,-20,50.0
-4,-20,383.2112769139301
-4,-19,300.62377077655606
-4,-19,50.0
-4,-19,50.0
-4,-19,50.0
-4,-19,50.0
-4,-18,81.4275035656135
-4,-18,50.0
-4,-18,263.8808146530082
-4,-18,50.0
-4,-18,191.82297389529276
-3,-18,240.37569863734768
-3,-18,50.0
-3,-18,50.0
-3,-18,50.0
-3,-18,50.0
-2,-18,50.0
-2,-18,244.29456774337206
-2,-18,50.0
-2,-18,50.0
-2,-18,50.0
-1,-18,50.0
-1,-18,50.0
-1,-18,233.76033137848026
-1,-18,50.0
-1,-18,50.0
0,-18,50.0
0,-18,50.0
0,-18,50.0
0,-18,50.0
0,-18,50.0
0,-17,50.0
0,-17,50.0
0,-17,224.2315539759513
0,-17,50.0
0,-17,50.0
0,-16,84.77427107174829
0,-16,50.0
0,-16,119.3890539416387
0,-16,123.90782549892896
0,-16,256.32246202197746
1,-16,50.0
1,-16,353.0447956021653
1,-16,50.0
1,-16,50.0
1,-16,113.56429096915355
2,-16,50.0
2,-16,50.0
2,-16,50.0
2,-16,50.0
2,-16,50.0
2,-15,310.8930009098764
