15,8,200.0
16,8,948.0806993980968
16,8,200.0
15,8,1795.2032858942932
15,8,200.0
16,8,200.0
16,8,200.0
17,8,200.0
17,8,200.0
18,8,200.0
18,8,200.0
19,8,1279.8193811173853
19,8,200.0
20,8,200.0
20,8,200.0
20,7,200.0
20,7,200.0
20,6,200.0
20,6,200.0
19,6,200.0
19,6,200.0
19,5,200.0
19,5,200.0
18,5,200.0
18,5,200.0
18,4,200.0
18,4,200.0
17,4,200.0
17,4,602.6178517337062
17,3,1660.905536762875
17,3,200.0
16,3,3093.047298671487
16,3,200.0
17,3,200.0
17,3,200.0
17,4,200.0
17,4,2251.395317943279
17,3,200.0
17,3,200.0
17,2,606.851216588605
17,2,260.0458648225975
17,1,200.0
17,1,200.0
16,1,988.6263571592247
16,1,200.0
15,1,200.0
15,1,342.1142978668408
14,1,200.0
14,1,2892.433848446068
13,1,200.0
13,1,200.0
13,0,1668.3249503797847
13,0,657.1063403402983
12,0,1016.3208998826732
12,0,200.0
11,0,1821.3404159552233
11,0,2335.4860769581137
11,-1,1045.566505916025
11,-1,2006.6107032764155
10,-1,3172.728300203681
10,-1,3434.0242676730386
10,-2,200.0
10,-2,761.6998379083873
10,-3,2113.8799523410726
10,-3,1094.859730003421
11,-3,682.1130348600063
11,-3,200.0
10,-3,697.4185902563314
10,-3,591.8853564342127
10,-4,1188.2623151027092
10,-4,200.0
11,-4,2476.4631495720114
11,-4,200.0
11,-5,266.58067891664734
11,-5,200.0
11,-6,200.0
11,-6,340.64211510194065
11,-7,1020.9026358483832
11,-7,200.0
11,-8,200.0
11,-8,200.0
10,-8,387.1574121797899
10,-8,1011.1975446210848
9,-8,2902.7891569913363
9,-8,200.0
8,-8,846.845828544472
8,-8,902.5135537642584
8,-9,200.0
8,-9,1101.960175674104
8,-8,210.05648860442665
8,-8,1542.2419018918188
7,-8,2895.7719163836327
7,-8,1236.3432043996313
6,-8,969.7093639533073
6,-8,1763.2604277179125
6,-9,749.8666626239409
6,-9,3600.0
6,-10,200.0
6,-10,200.0
6,-11,200.0
6,-11,200.0
6,-12,200.0
6,-12,200.0
6,-13,380.45457151068877
6,-13,200.0
6,-14,200.0
6,-14,200.0
5,-14,200.0
5,-14,200.0
5,-15,200.0
5,-15,1384.4129691745727
4,-15,1555.2713032423203
4,-15,200.0
5,-15,903.7282668729781
5,-15,200.0
4,-15,200.0
4,-15,200.0
5,-15,200.0
5,-15,349.0709347747397
4,-15,200.0
4,-15,200.0
3,-15,200.0
3,-15,200.0
3,-16,1921.3906629498279
3,-16,200.0
4,-16,2636.6484350081955
4,-16,1413.3172530907661
4,-17,200.0
4,-17,200.0
5,-17,200.0
5,-17,200.0
4,-17,200.0
4,-17,200.0
3,-17,200.0
3,-17,200.0
2,-17,2932.403207647146
2,-17,1990.4441126677498
2,-18,200.0
2,-18,200.0
2,-19,200.0
2,-19,200.0
2,-20,200.0
2,-20,200.0
1,-20,200.0
1,-20,200.0
2,-20,200.0
2,-20,200.0
1,-20,200.0
1,-20,200.0
0,-20,200.0
0,-20,200.0
-1,-20,527.1208316912546
-1,-20,200.0
-1,-19,2014.7038696643408
-1,-19,200.0
0,-19,200.0
0,-19,1064.4473344392002
0,-20,200.0
0,-20,200.0
0,-19,200.0
0,-19,338.19993253123357
1,-19,200.0
1,-19,200.0
2,-19,200.0
2,-19,200.0
2,-18,400.78629683182714
2,-18,200.0
2,-19,529.36003144454
2,-19,200.0
2,-18,580.2176411225197
2,-18,1077.1977029566926
2,-17,200.0
2,-17,200.0
2,-16,944.79591973754
2,-16,306.7254376947575
2,-15,571.8894988286609
2,-15,247.31689661846445
2,-14,741.0316359388049
2,-14,200.0
2,-13,273.56286629725884
2,-13,231.10253066751415
2,-12,1010.5527086991125
2,-12,200.0
2,-11,450.65250252814394
2,-11,1395.3655971715161
3,-11,200.0
3,-11,515.6073029879713
4,-11,3600.0
4,-11,200.0
4,-10,1307.6439216685876
4,-10,200.0
4,-11,841.3281401645833
4,-11,708.6095271753393
4,-10,200.0
4,-10,1081.7750735664588
4,-9,574.5049172322614
4,-9,1381.0142571268468
5,-9,364.1966013174614
5,-9,322.7466153840763
5,-8,711.9611371602952
5,-8,2688.848342201743
5,-7,200.0
5,-7,1621.599492662202
6,-7,1345.7768005110556
6,-7,200.0
7,-7,3600.0
7,-7,452.45763941316756
8,-7,2096.0845273381674
8,-7,2909.254145107251
9,-7,979.2081210511052
9,-7,1055.2727483872545
9,-6,1588.6226590879855
9,-6,200.0
9,-5,1323.9011153420167
9,-5,516.5218247426785
9,-4,2404.230985602906
9,-4,3600.0
9,-3,3600.0
9,-3,336.89239102101067
10,-3,3358.6682736570574
10,-3,3234.224978911524
10,-2,540.194552411487
10,-2,1010.6520916007014
10,-1,200.0
10,-1,1842.464155137179
10,-2,1649.3969745032487
10,-2,671.6394784040136
10,-1,200.0
10,-1,3289.8190659598176
10,-2,1607.4434389212158
10,-2,200.0
11,-2,200.0
11,-2,200.0
11,-1,3031.510134645098
11,-1,2223.6790335034566
11,0,884.7748601371276
11,0,525.35926688187
11,1,2879.928679164099
11,1,1178.6692434971658
11,2,371.0259323072745
11,2,2097.2146600215337
11,3,200.0
11,3,200.0
11,4,200.0
11,4,1727.3926198502302
12,4,505.0984093757867
12,4,200.0
13,4,395.41057508260513
13,4,200.0
12,4,1739.0169113279053
