12,-7,50.0
12,-7,72.6047860136719
12,-7,514.9670994709131
12,-7,50.0
12,-6,460.82934632410775
12,-6,435.27997047994586
12,-6,717.480181521068
12,-6,520.780893378113
12,-6,230.54805517826875
12,-5,422.0545312201311
12,-5,411.99373816058835
12,-5,822.7605536694198
12,-5,109.72280391176591
12,-5,357.8205178713795
12,-4,117.61430542738174
12,-4,361.3477088592648
12,-4,473.93191390763394
12,-4,374.22018712844357
12,-4,50.0
12,-5,50.0
12,-5,277.92986183947073
12,-5,522.2521188338721
12,-5,50.0
12,-5,420.2240792545182
12,-4,50.0
12,-4,263.2492639335049
12,-4,141.70121102069146
12,-4,685.5422926478802
12,-4,50.0
12,-3,900.0
12,-3,50.0
12,-3,199.81325906411325
12,-3,50.0
12,-3,194.5801449561498
12,-2,50.0
12,-2,227.5738951574589
12,-2,50.0
12,-2,271.11702886952355
12,-2,177.65742002489023
12,-1,900.0
12,-1,678.08852603317
12,-1,582.4278415140702
12,-1,50.0
12,-1,54.41533992119119
12,0,399.9729742864282
12,0,50.0
12,0,261.9087217584628
12,0,50.0
12,0,50.0
12,-1,253.11116057533962
12,-1,221.1784410338745
12,-1,50.0
12,-1,496.9221215622192
12,-1,50.0
12,0,234.6835447412794
12,0,50.0
12,0,158.8233609602335
12,0,50.0
12,0,57.56375763803348
12,-1,50.0
12,-1,50.0
12,-1,50.0
12,-1,773.4193658786611
12,-1,134.21085459221644
12,0,780.066586723122
12,0,389.8234248631221
12,0,384.15788660458145
12,0,680.0028927379765
12,0,61.412421609869114
12,1,207.77137460567656
12,1,194.79687189019066
12,1,50.0
12,1,50.0
12,1,50.0
12,2,72.02068859262988
12,2,571.5343652836071
12,2,50.0
12,2,875.3896354620514
12,2,592.2752191944446
12,3,139.39954448342039
12,3,455.34506367695985
12,3,50.0
12,3,50.0
12,3,900.0
12,4,299.4536586936889
12,4,230.42330052888775
12,4,222.256778252744
12,4,152.20733820073383
12,4,349.16206595544634
12,5,560.4523711969096
12,5,50.0
12,5,50.0
12,5,50.0
12,5,359.7998968936703
12,6,50.0
12,6,875.6216503810704
12,6,50.0
12,6,323.95036890480674
12,6,74.01716879032688
12,5,50.0
12,5,58.26348801764672
12,5,231.36795207950132
12,5,595.8003333763904
12,5,440.53307697066884
12,4,495.6244907566801
12,4,50.0
12,4,688.4042126532418
12,4,626.785191704714
12,4,50.0
12,3,50.0
12,3,50.0
12,3,50.0
12,3,50.0
12,3,650.558988959117
12,4,650.5840917908822
12,4,815.6291455813982
12,4,50.0
12,4,408.2250789856667
12,4,181.15133027187915
12,5,624.5520755686268
12,5,300.6863158851094
12,5,50.0
12,5,50.0
12,5,52.79781667992551
12,6,223.29142147021278
12,6,900.0
12,6,302.2217985183764
12,6,155.31177231042807
12,6,50.0
12,7,291.4011593768717
12,7,50.0
12,7,50.0
12,7,479.6464867779305
12,7,502.8205949623955
12,6,144.48401459390698
12,6,50.0
12,6,497.1680871373267
12,6,420.9769856473248
12,6,50.0
12,7,50.0
12,7,50.0
12,7,50.0
12,7,221.62130650379936
12,7,324.9081115672036
12,8,50.0
12,8,50.0
12,8,408.85715197750557
12,8,50.0
12,8,293.1997771873095
12,9,148.29069546583864
12,9,175.00208067488407
12,9,571.7551200395003
12,9,84.22789712984844
12,9,50.0
12,10,50.0
12,10,626.7380112998085
12,10,50.0
12,10,50.0
12,10,50.0
12,11,266.704852330976
12,11,50.0
12,11,50.0
12,11,50.0
12,11,350.742330538985
12,12,50.0
12,12,50.0
12,12,50.0
12,12,50.0
12,12,50.0
11,12,261.73789799715115
11,12,60.558413065434515
11,12,50.0
11,12,50.0
11,12,50.0
10,12,476.3397823102944
10,12,176.43140192724832
10,12,179.56858746502687
10,12,900.0
10,12,50.0
11,12,50.0
11,12,150.31606956844996
11,12,50.0
11,12,50.0
11,12,116.13323510768643
10,12,50.0
10,12,317.66189451804087
10,12,50.0
10,12,485.51127748507963
10,12,833.8701428262751
9,12,148.75942340180262
9,12,95.5168214072925
9,12,50.0
9,12,345.65439037991973
9,12,202.4263965618237
8,12,50.0
8,12,542.9220708954332
8,12,50.0
8,12,64.25694353924271
8,12,50.0
7,12,184.55804849107543
7,12,50.0
7,12,50.0
7,12,50.0
7,12,316.108895085066
7,11,50.0
7,11,326.7856599978642
7,11,50.0
7,11,323.8410785170456
7,11,50.0
8,11,50.0
8,11,50.0
8,11,147.5757686178256
8,11,50.0
8,11,493.8359009853514
8,10,50.0
8,10,50.0
8,10,50.0
8,10,675.7525405299114
8,10,50.0
8,9,780.1924073398609
8,9,392.34029976930486
8,9,405.27978854578396
8,9,294.67667523005883
8,9,424.81950902468407
7,9,89.95890011367003
7,9,467.42807552176953
7,9,204.76483162809845
7,9,365.54255775955517
7,9,186.8791098339298
7,8,50.0
7,8,603.8962300053824
7,8,204.2148457498478
7,8,50.0
7,8,900.0
6,8,536.5669785789671
6,8,274.2131746616725
6,8,102.79876764766016
6,8,503.86502676246744
6,8,258.49675530561467
6,7,308.3738549132189
6,7,160.71392408198878
6,7,50.0
6,7,50.0
6,7,900.0
6,6,320.31007070809517
6,6,223.94692355552874
6,6,447.0408769255871
6,6,50.0
6,6,108.91627868434773
5,6,574.548082428362
5,6,396.9022063705694
5,6,799.2786404751033
5,6,873.2820813224853
5,6,900.0
5,5,691.1890336080415
5,5,231.8338020886651
5,5,576.0767169523424
5,5,900.0
5,5,900.0
5,4,295.3186496989466
5,4,278.9297448009705
5,4,190.32978942122355
5,4,668.326550496357
5,4,424.3296465911361
5,3,500.4711267043882
5,3,584.8223104148856
5,3,887.4507774599136
5,3,776.3283376678523
5,3,699.5987779318478
5,2,900.0
5,2,174.5194684988058
5,2,553.7350029162917
5,2,53.65148885063692
5,2,838.0581602455452
5,1,673.4682056421364
5,1,141.28973911658994
5,1,900.0
5,1,309.3968056374624
5,1,304.4433218338353
5,2,900.0
5,2,311.19324116155445
5,2,142.77806268985933
5,2,144.89327166465085
5,2,343.0217648508659
5,1,900.0
5,1,712.8881687372271
5,1,328.9115125891843
5,1,797.0692894848789
5,1,530.319015785902
4,1,385.6248636965882
4,1,900.0
4,1,50.0
4,1,436.41255118363983
4,1,50.0
4,0,900.0
4,0,888.0830544596414
4,0,900.0
4,0,647.7200370697087
4,0,685.2976581736085
3,0,900.0
3,0,735.0048323990011
3,0,894.8287432204158
3,0,900.0
3,0,490.0297503942042
2,0,900.0
2,0,217.2538194431728
2,0,900.0
2,0,791.6442927943273
2,0,433.4481189233987
1,0,900.0
1,0,458.12828174409947
1,0,660.454367775365
1,0,131.65188298331088
1,0,900.0
1,-1,170.93952428190346
1,-1,75.76823191519804
1,-1,900.0
1,-1,302.1782381509481
1,-1,782.4499079823161
1,-2,530.6462308942695
1,-2,900.0
1,-2,236.56289357767866
1,-2,900.0
1,-2,900.0
2,-2,175.0573362579911
2,-2,776.0853407243271
2,-2,460.2877816600673
2,-2,305.9558792426514
2,-2,900.0
2,-3,178.9263347174458
2,-3,370.57261374102336
2,-3,890.4938359408297
2,-3,50.0
2,-3,802.18087228773
1,-3,694.9326226513256
1,-3,797.575244019509
1,-3,509.89611462544497
1,-3,900.0
1,-3,702.1960354643236
1,-4,635.1590219094876
1,-4,900.0
1,-4,120.97886140485389
1,-4,674.9335753934392
1,-4,900.0
1,-5,671.4848381823874
1,-5,754.9733551893288
1,-5,900.0
1,-5,321.4120813670271
1,-5,897.3453696826957
1,-4,50.0
1,-4,62.08478057916068
1,-4,618.6551625537963
1,-4,591.8215426179621
1,-4,900.0
0,-4,424.48554499238475
0,-4,773.9771546693535
0,-4,625.294686860995
0,-4,720.1211069372755
0,-4,843.7012968218173
0,-3,783.5477034405355
0,-3,798.4998167766704
0,-3,205.808887090724
0,-3,630.4853683213631
0,-3,260.81326935966877
0,-4,720.160345649804
0,-4,900.0
0,-4,632.406305504904
0,-4,395.8961934684669
0,-4,407.7391095459252
0,-5,892.9811990817275
0,-5,900.0
0,-5,177.76530565609397
0,-5,147.9865273860774
0,-5,267.15860348878147
0,-6,50.0
0,-6,221.32648266184967
0,-6,120.37585627380099
0,-6,697.9510738290749
0,-6,900.0
0,-7,271.06613936028657
0,-7,50.0
0,-7,900.0
0,-7,291.569596767802
0,-7,900.0
0,-8,620.4640677907464
0,-8,900.0
0,-8,424.0261663969072
0,-8,299.0833942818872
0,-8,50.0
0,-7,264.9274923805629
0,-7,624.9475784748188
0,-7,119.78692285615006
0,-7,505.90987707075834
0,-7,150.25520549911946
0,-8,50.0
0,-8,704.1346410449381
0,-8,175.55628094550633
0,-8,366.4396580863527
0,-8,160.18656502531852
0,-9,129.14569366936456
0,-9,121.17467567070662
0,-9,228.51336206579006
0,-9,312.56884455013653
0,-9,279.19805991433174
0,-10,805.5505685310716
0,-10,110.41201145204687
0,-10,514.307649321194
0,-10,233.16839112095892
0,-10,484.9196291993943
0,-9,819.3962707357218
0,-9,59.37724805646616
0,-9,97.33725382924882
0,-9,653.2195457320297
0,-9,325.2184031282334
0,-10,50.0
0,-10,222.61364103280405
0,-10,577.146529278212
0,-10,113.65496610477618
0,-10,399.50797495266886
0,-11,343.7194701016001
0,-11,356.46761577932995
0,-11,113.10215769575476
0,-11,150.43772538589195
0,-11,440.8508031312796
0,-12,50.0
0,-12,50.0
0,-12,155.8414997341912
0,-12,437.4973940704689
0,-12,691.2717701925415
0,-11,129.88057270068407
0,-11,308.2328337554755
0,-11,437.7933925395218
0,-11,349.0225796514969
0,-11,318.54007171280057
0,-10,96.81693741149331
0,-10,900.0
0,-10,50.0
0,-10,581.9359409652
0,-10,50.0
0,-9,900.0
0,-9,482.981167161098
0,-9,783.044032321094
0,-9,900.0
0,-9,50.0
0,-10,115.71261077573828
0,-10,333.84086681540924
0,-10,285.6255631833194
0,-10,512.7242343829247
0,-10,616.127416314628
0,-9,50.0
0,-9,900.0
0,-9,241.63873899531544
0,-9,900.0
0,-9,900.0
0,-8,372.6553166211304
0,-8,86.48748299859722
0,-8,545.5584029999022
0,-8,849.243888145087
0,-8,609.1680692658686
0,-9,181.01208549625636
0,-9,50.0
0,-9,216.59706384076196
0,-9,765.8525216468508
0,-9,237.70572985610266
0,-10,685.0959940277248
0,-10,50.0
0,-10,50.0
0,-10,232.1143387225382
0,-10,892.2666673477186
0,-9,254.80302344946685
0,-9,524.322026909744
0,-9,329.49724418330175
0,-9,50.0
0,-9,709.7496347804635
0,-8,470.8425926746029
0,-8,615.5195879481684
0,-8,539.8582472960059
0,-8,142.50688043439123
0,-8,450.3437503865907
0,-7,715.5745578738326
0,-7,342.49153162951615
0,-7,615.6359798615212
0,-7,677.9656922007897
0,-7,461.5025971914941
0,-6,350.6428692339201
0,-6,467.13492704878394
0,-6,900.0
0,-6,197.3064019795408
0,-6,367.04881428863115
0,-5,900.0
0,-5,622.0327495388445
0,-5,900.0
0,-5,852.5030529587758
0,-5,553.0488156713781
0,-4,522.867588628617
0,-4,655.6593614160911
0,-4,565.4030246627601
0,-4,50.0
0,-4,50.0
0,-3,900.0
0,-3,103.95787835021883
0,-3,853.6186639957037
0,-3,900.0
0,-3,840.3912883124315
0,-2,300.68559995386755
0,-2,900.0
0,-2,373.5375951053329
0,-2,313.385650905304
0,-2,900.0
0,-1,568.7223221613566
0,-1,702.1324872327536
0,-1,406.5313491221258
0,-1,687.2081533703372
0,-1,664.7287788824428
0,0,895.8370103577569
0,0,900.0
0,0,900.0
0,0,50.0
0,0,176.52790215667412
0,1,900.0
0,1,675.330162375426
0,1,900.0
0,1,665.3816086865394
0,1,447.86248178752
0,2,526.9633344728725
0,2,742.2055368277807
0,2,228.35827117347566
0,2,511.3413676721048
0,2,754.4662617610405
0,3,878.6280790020371
0,3,776.577678412248
0,3,416.7525816850186
0,3,501.0243239883203
0,3,50.0
0,4,900.0
0,4,474.6835954883031
0,4,900.0
0,4,269.01098683897754
0,4,347.8194556533878
0,5,262.6386442382242
0,5,642.1576928219312
0,5,50.0
0,5,697.2780141717487
0,5,50.0
0,6,496.54370751809074
0,6,759.4223354013095
0,6,900.0
0,6,391.17292435366835
0,6,900.0
0,7,735.7176324174025
0,7,366.00236888486234
0,7,50.0
0,7,367.8114053140334
0,7,900.0
0,8,900.0
0,8,900.0
0,8,377.9815610888918
0,8,50.0
0,8,298.4297449747412
0,9,702.9185054845811
0,9,330.9727149561695
0,9,50.0
0,9,481.0064643348021
0,9,97.40641615048631
0,10,900.0
0,10,660.2465758913431
0,10,900.0
0,10,596.5734120489902
0,10,454.1638294062055
0,11,188.93905170691545
0,11,298.26795972914
0,11,900.0
0,11,132.3096681102083
0,11,50.0
0,12,784.3873521765117
0,12,900.0
0,12,103.78774554928447
0,12,84.48574592514598
0,12,50.0
0,13,794.4709678584315
0,13,341.12586527775403
0,13,50.0
0,13,136.6572294580813
0,13,50.0
0,12,238.22157883348353
0,12,876.7244003469617
0,12,50.0
0,12,900.0
0,12,900.0
0,13,394.68773997300184
0,13,333.40632809381395
0,13,411.72089755316017
0,13,50.0
0,13,50.0
0,14,772.5560938405064
0,14,50.0
0,14,50.0
0,14,373.58034165396504
0,14,95.7828087356245
0,15,145.72410985723957
0,15,785.5725940508752
0,15,50.0
0,15,306.93668781832406
0,15,521.55466654254
0,16,50.0
0,16,588.2882126861941
0,16,77.41924733278542
0,16,132.96086065744976
0,16,316.07215950655745
0,17,50.0
0,17,50.0
0,17,113.38311280469323
0,17,50.0
0,17,900.0
0,16,187.94420094826742
0,16,53.14356878760317
0,16,203.37659870041833
0,16,50.0
0,16,68.0877039881859
0,17,50.0
0,17,50.0
0,17,247.4083393178882
0,17,50.0
0,17,50.0
0,18,50.0
0,18,281.686422382559
0,18,281.1634771987713
0,18,50.0
0,18,50.0
0,17,50.0
0,17,50.0
0,17,50.0
0,17,73.29820034006372
0,17,50.0
0,18,50.0
0,18,351.5940526062009
0,18,50.0
0,18,50.0
0,18,50.0
0,19,79.04191450340826
0,19,423.30615390477453
0,19,99.04967722039817
0,19,50.0
0,19,50.0
0,20,159.0300133473331
0,20,67.20469960806507
0,20,50.0
0,20,50.0
0,20,61.05753767381094
0,19,50.0
0,19,50.0
0,19,50.0
0,19,50.0
0,19,50.0
0,18,50.0
0,18,50.0
0,18,50.0
0,18,50.0
0,18,50.0
0,17,50.0
0,17,85.66491252828428
0,17,420.38836445588026
0,17,50.0
0,17,50.0
0,16,50.0
0,16,562.3199345359956
0,16,50.0
0,16,366.8923838294568
0,16,246.13986120747853
0,15,50.0
0,15,50.0
0,15,353.001041158053
0,15,50.0
0,15,53.284146042179955
0,14,60.38610327297474
0,14,50.0
0,14,389.0096288875258
0,14,50.0
0,14,224.53350857902208
0,15,266.0177973614152
0,15,50.0
0,15,363.4416114655252
0,15,50.0
0,15,900.0
0,16,50.0
0,16,50.0
0,16,101.75410086297629
0,16,50.0
0,16,95.4507272250045
0,15,50.0
0,15,50.0
0,15,50.0
0,15,667.7691009742023
0,15,50.0
0,14,527.5731627653058
0,14,670.2095615346642
0,14,50.0
0,14,50.0
0,14,124.00998511043736
0,13,113.12600527186532
0,13,900.0
0,13,412.3192015434421
0,13,50.0
0,13,342.1096900559076
0,12,50.0
0,12,319.6826973620359
0,12,653.4347139696079
0,12,254.08156240193333
0,12,50.0
0,13,145.42850700753445
0,13,50.0
0,13,85.47950035670547
0,13,227.01409603865437
0,13,50.0
-1,13,575.2376273767838
-1,13,327.8869831245348
-1,13,128.17113708658079
-1,13,511.2437105432699
-1,13,94.86378557939406
-1,14,86.28359562641592
-1,14,728.4776229034885
-1,14,237.66895262732362
-1,14,50.0
-1,14,271.98387905340763
-1,13,57.40444180057527
-1,13,610.2271964467839
-1,13,263.425435267318
-1,13,159.07662498443713
-1,13,50.0
-1,12,99.14939033349444
-1,12,88.97376213264474
-1,12,230.1068337843714
-1,12,50.0
-1,12,420.15340969492775
-1,11,63.3683876399881
-1,11,741.3065780222096
-1,11,50.0
-1,11,493.7526945138109
-1,11,706.6015745328714
-1,10,50.0
-1,10,900.0
-1,10,50.0
-1,10,498.9934440129983
-1,10,61.28863812412287
-1,9,449.9270692620157
-1,9,112.4164240339046
-1,9,118.16526985798487
-1,9,900.0
-1,9,341.16106823978424
-1,8,205.289504284657
-1,8,690.4741251367998
-1,8,50.0
-1,8,515.7833458070579
-1,8,900.0
-2,8,50.0
-2,8,501.15134387244416
-2,8,510.40072182173094
-2,8,50.0
-2,8,617.2449822381252
-2,7,50.0
-2,7,900.0
-2,7,332.1240636859499
-2,7,519.764096537326
-2,7,686.5201712742103
-2,6,613.7371698397914
-2,6,461.02237431636627
-2,6,900.0
-2,6,900.0
-2,6,648.9165112010897
-2,5,663.5475046837641
-2,5,434.2218322259747
-2,5,305.91724398221606
-2,5,900.0
-2,5,121.57180550057379
-3,5,705.2643585019139
-3,5,900.0
-3,5,410.3321735188084
-3,5,900.0
-3,5,900.0
-3,4,519.6435906864963
-3,4,628.0740011731943
-3,4,56.15995946978478
-3,4,467.18169535162156
-3,4,900.0
-3,3,582.7367465097495
-3,3,582.52614184956
-3,3,900.0
-3,3,443.9848697861422
-3,3,900.0
-3,2,684.4562439653109
-3,2,362.6316986953705
-3,2,597.0183072246016
-3,2,419.7066620610958
-3,2,320.3846314097803
-3,1,87.40303811014326
-3,1,420.6022106039573
-3,1,527.6580852202911
-3,1,900.0
-3,1,900.0
-3,0,900.0
-3,0,140.5309181916499
-3,0,50.0
-3,0,900.0
-3,0,161.2136994832589
-3,-1,689.5947066206809
-3,-1,127.30624500233125
-3,-1,900.0
-3,-1,774.8250191707394
-3,-1,565.1064845597807
-3,-2,143.37975200174057
-3,-2,474.5939903272945
-3,-2,613.01340843026
-3,-2,516.1180834384327
-3,-2,895.478852346383
-3,-1,900.0
-3,-1,900.0
-3,-1,405.3740407018283
-3,-1,868.9677569145147
-3,-1,321.0419932079553
-4,-1,847.4043213865539
-4,-1,725.3124270298376
-4,-1,689.8692090932533
-4,-1,324.5492220138227
-4,-1,900.0
-4,-2,900.0
-4,-2,900.0
-4,-2,900.0
-4,-2,900.0
-4,-2,854.8796120828815
-5,-2,653.8426894831358
-5,-2,900.0
-5,-2,50.0
-5,-2,419.05327612228757
-5,-2,50.0
-5,-1,532.3558867029592
-5,-1,855.5413656001413
-5,-1,736.3535546461284
-5,-1,526.4630397672269
-5,-1,520.4698977662222
-5,-2,50.0
-5,-2,786.5139799530547
-5,-2,308.73956738205965
-5,-2,807.6815604590885
-5,-2,542.2817154260746
-5,-3,868.9009957337312
-5,-3,900.0
-5,-3,304.1991342085875
-5,-3,50.0
-5,-3,803.9994734430271
-5,-4,900.0
-5,-4,50.0
-5,-4,50.0
-5,-4,356.9449963783711
-5,-4,562.218569239308
-5,-5,831.5050534910586
-5,-5,175.11101935110753
-5,-5,444.7895415255928
-5,-5,798.1855323626721
-5,-5,729.7762679830146
-5,-6,573.0151213482715
-5,-6,326.9497571769021
-5,-6,889.1881085150321
-5,-6,323.03540369794723
-5,-6,600.4109438930343
-6,-6,311.056346500451
-6,-6,111.10282440485952
-6,-6,886.2012826165699
-6,-6,50.0
-6,-6,219.37684423817498
-6,-7,406.15302615948605
-6,-7,623.6158331927329
-6,-7,365.16036185223317
-6,-7,336.4801894628156
-6,-7,50.0
-6,-8,663.929460010977
-6,-8,262.4062628379147
-6,-8,522.6903938219334
-6,-8,900.0
-6,-8,869.6876230819306
-6,-9,644.435429270565
-6,-9,50.0
-6,-9,316.4757661608814
-6,-9,356.81500759491144
-6,-9,354.8499894495533
-6,-10,200.612961065567
-6,-10,50.0
-6,-10,900.0
-6,-10,312.67927290203704
-6,-10,190.89750757184703
-6,-11,80.32283966603927
-6,-11,50.0
-6,-11,50.0
-6,-11,389.5595877022171
-6,-11,900.0
-6,-12,718.5167999889267
-6,-12,482.72562858417893
-6,-12,544.1844981144297
-6,-12,50.0
-6,-12,193.54784691615598
-6,-13,400.24045487313504
-6,-13,50.0
-6,-13,259.7364723247788
-6,-13,50.0
-6,-13,50.0
-6,-14,257.29680334672935
-6,-14,327.8939803633737
-6,-14,171.91619716899942
-6,-14,900.0
-6,-14,50.0
-7,-14,146.1224067948773
-7,-14,50.0
-7,-14,50.0
-7,-14,50.0
-7,-14,50.0
-7,-15,50.0
-7,-15,50.0
-7,-15,195.10953732880614
-7,-15,351.86338895520674
-7,-15,247.49988694557624
-7,-14,50.0
-7,-14,50.0
-7,-14,369.97525693800566
-7,-14,50.0
-7,-14,50.0
-7,-15,50.0
-7,-15,465.0228431426471
-7,-15,268.08869561353004
-7,-15,50.0
-7,-15,50.0
-7,-16,50.0
-7,-16,598.209629765201
-7,-16,50.0
-7,-16,362.5850070521211
-7,-16,459.87042328732355
-7,-17,50.0
-7,-17,176.50785669027522
-7,-17,50.0
-7,-17,50.0
-7,-17,50.0
-7,-18,50.0
-7,-18,50.0
-7,-18,394.31634797279855
-7,-18,50.0
-7,-18,50.0
-7,-17,64.99440915199679
-7,-17,50.0
-7,-17,50.0
-7,-17,50.0
-7,-17,306.095539985799
-7,-16,900.0
-7,-16,307.90100600974534
-7,-16,50.0
-7,-16,563.2434016815896
-7,-16,50.0
-7,-17,50.0
-7,-17,50.0
-7,-17,117.49577703932033
-7,-17,116.23292354469427
-7,-17,50.0
-8,-17,50.0
-8,-17,222.0743815469827
-8,-17,50.0
-8,-17,72.3490100338252
-8,-17,496.990522617711
-8,-18,50.0
-8,-18,50.0
-8,-18,50.0
-8,-18,50.0
-8,-18,50.0
-8,-19,50.0
-8,-19,100.23861002713085
-8,-19,618.8476288994632
-8,-19,50.0
-8,-19,50.0
-8,-20,198.18774418873124
-8,-20,50.0
-8,-20,50.0
-8,-20,50.0
-8,-20,415.23837513518833
-7,-20,50.0
-7,-20,50.0
-7,-20,161.0794676534241
-7,-20,321.7657869229961
-7,-20,50.0
-6,-20,201.4003209288474
-6,-20,50.0
-6,-20,50.0
-6,-20,108.78015570922278
-6,-20,50.0
-5,-20,50.0
-5,-20,50.0
-5,-20,293.6021799728427
-5,-20,70.08697549714265
-5,-20,50.0
-6,-20,50.0
-6,-20,50.0
-6,-20,50.0
-6,-20,50.0
-6,-20,50.0
-5,-20,50.0
