12,-7,222.69983400971824
12,-7,50.0
12,-7,528.5575528301589
12,-7,294.0804167180172
12,-6,50.0
12,-6,515.905687171319
12,-6,290.1652968065158
12,-6,50.0
12,-6,50.0
12,-5,50.0
12,-5,134.10466695021535
12,-5,297.89555525177826
12,-5,290.9859409876474
12,-5,50.0
12,-4,50.0
12,-4,280.3815070261005
12,-4,235.57365185176405
12,-4,430.0580365827835
12,-4,76.20716747156476
12,-5,50.0
12,-5,50.0
12,-5,50.0
12,-5,50.0
12,-5,703.8755197582673
12,-4,190.9267755388584
12,-4,50.0
12,-4,330.84882382116757
12,-4,50.0
12,-4,50.0
12,-3,347.3789573511449
12,-3,50.0
12,-3,633.6036044780199
12,-3,50.0
12,-3,327.0090152261088
12,-2,276.396520081032
12,-2,691.0961563429703
12,-2,50.0
12,-2,271.0379384109549
12,-2,50.0
12,-1,234.20825114560984
12,-1,50.0
12,-1,50.0
12,-1,396.4977581368224
12,-1,456.2961778082605
12,0,50.0
12,0,50.0
12,0,504.6025165346029
12,0,202.33662466461942
12,0,50.0
12,-1,334.1302167897358
12,-1,50.0
12,-1,50.0
12,-1,440.0602103195983
12,-1,558.3828237755022
12,0,260.0630443900742
12,0,207.23008281807714
12,0,50.0
12,0,50.0
12,0,50.0
12,-1,307.90085316246547
12,-1,50.0
12,-1,50.0
12,-1,146.13282097865869
12,-1,190.48702211056
12,0,385.3162310400278
12,0,50.0
12,0,185.82364683387294
12,0,50.0
12,0,266.8580146315313
12,1,218.37471304361378
12,1,50.0
12,1,88.48707475543745
12,1,590.0126422808878
12,1,456.5420896275578
12,2,443.38816397974045
12,2,289.9851130963388
12,2,297.7679510957795
12,2,283.83379892131796
12,2,77.6073008474852
12,3,420.6022411153282
12,3,148.16944304230134
12,3,221.90292120986302
12,3,50.0
12,3,242.2593104753228
12,4,50.0
12,4,112.23416625275698
12,4,272.98253772913637
12,4,239.20700720803703
12,4,50.0
12,5,257.1183018214327
12,5,145.23877555803898
12,5,50.0
12,5,443.5637161033489
12,5,268.2605920039265
12,6,50.0
12,6,149.79450292254137
12,6,167.7585209310171
12,6,50.0
12,6,576.9062790973638
12,5,202.70504795117142
12,5,228.00415872815594
12,5,379.5646915362017
12,5,169.43784524073556
12,5,169.43182989406114
12,4,50.0
12,4,50.0
12,4,161.092201201663
12,4,395.65281819566917
12,4,99.544607501836
12,3,416.08697089463635
12,3,201.48697080179258
12,3,50.0
12,3,265.6530007168566
12,3,158.7107085333201
12,4,50.0
12,4,720.3592017010519
12,4,132.34504744383418
12,4,109.26904369091436
12,4,50.0
12,5,348.8502591866141
12,5,230.62291896223152
12,5,243.2601325057276
12,5,484.3984346408312
12,5,261.3501291162952
12,6,50.0
12,6,55.978933700781766
12,6,239.04637423961162
12,6,50.0
12,6,107.30434046953029
12,7,178.61398710901702
12,7,50.0
12,7,50.0
12,7,694.1292414153957
12,7,56.47141534055976
12,6,50.0
12,6,289.79129763131715
12,6,50.0
12,6,50.0
12,6,487.1009578317438
12,7,67.37184393656601
12,7,50.0
12,7,50.0
12,7,50.0
12,7,245.96419306151893
12,8,421.6505381089138
12,8,50.0
12,8,165.6734928797128
12,8,50.0
12,8,120.53298448518075
12,9,50.0
12,9,169.7414067748017
12,9,186.66965258323606
12,9,900.0
12,9,50.0
12,10,50.0
12,10,323.0094549905095
12,10,50.0
12,10,50.0
12,10,66.31824809065434
12,11,50.0
12,11,394.67267825734467
12,11,66.45797488510203
12,11,50.0
12,11,50.0
12,12,50.0
12,12,50.0
12,12,50.0
12,12,50.0
12,12,50.0
11,12,50.0
11,12,50.0
11,12,187.04802453296304
11,12,50.0
11,12,128.48537359240987
10,12,50.0
10,12,50.0
10,12,134.16344057222483
10,12,50.0
10,12,133.3917303828167
11,12,361.4561694212347
11,12,344.7217351942841
11,12,199.81726926834895
11,12,174.23000296611173
11,12,50.0
10,12,50.0
10,12,408.4716701961239
10,12,50.0
10,12,310.62212365557866
10,12,50.0
9,12,219.934058814135
9,12,123.63353781761586
9,12,208.77604386721472
9,12,178.3770247174362
9,12,551.2538138810584
8,12,50.0
8,12,328.72182365960043
8,12,335.63534960915115
8,12,73.85555723904363
8,12,50.0
7,12,301.7693062361553
7,12,50.0
7,12,50.0
7,12,134.73684691577154
7,12,50.0
7,11,308.52088374591415
7,11,50.0
7,11,50.0
7,11,50.0
7,11,50.0
8,11,50.0
8,11,329.5228272206097
8,11,51.58157512578035
8,11,323.6847892125629
8,11,318.78681096013014
8,10,50.0
8,10,50.0
8,10,232.08802691197394
8,10,50.0
8,10,50.0
8,9,68.25773688413398
8,9,517.2514772946888
8,9,50.0
8,9,58.33356432579899
8,9,353.85185209304296
7,9,403.199102122343
7,9,195.38903704174558
7,9,50.0
7,9,383.6717237861201
7,9,195.04943497382243
7,8,50.0
7,8,357.8224192028411
7,8,405.0082885373669
7,8,468.0571810908243
7,8,157.82548249795883
6,8,528.0096069593486
6,8,354.6945259438657
6,8,504.5904721881306
6,8,50.0
6,8,50.0
6,7,166.70514637171306
6,7,50.0
6,7,246.33839512874874
6,7,312.67176004973066
6,7,522.177151966333
6,6,133.3432556592602
6,6,50.0
6,6,224.07895028360957
6,6,447.6170559795381
6,6,241.84388552612626
5,6,220.84168952032712
5,6,50.0
5,6,555.9545598210846
5,6,597.7168664653285
5,6,256.58463482728484
5,5,50.0
5,5,501.25224542843176
5,5,118.40117063608122
5,5,587.4272088886396
5,5,840.6874287622884
5,4,318.1881150804613
5,4,519.9996388566863
5,4,167.13533863351972
5,4,518.7413719317457
5,4,215.00841684352534
5,3,594.7856901361081
5,3,50.0
5,3,386.9993912892001
5,3,692.8233667351376
5,3,336.07242474911016
5,2,900.0
5,2,523.3538075097963
5,2,900.0
5,2,501.5086108455954
5,2,311.2784354722695
5,1,828.1323940836093
5,1,423.354567508189
5,1,416.26723374087203
5,1,358.27553467641934
5,1,334.3969665288685
5,2,50.0
5,2,696.1794621171663
5,2,460.8742043642759
5,2,190.45619279231738
5,2,882.178924307839
5,1,666.0892118173817
5,1,229.62670148477713
5,1,900.0
5,1,741.81683941638
5,1,346.7129396269532
4,1,660.3387310833932
4,1,586.0028803351071
4,1,178.60330177194965
4,1,593.8431265718333
4,1,568.9476600640126
4,0,477.1782768263911
4,0,194.9725758830055
4,0,625.4350605936069
4,0,545.1878641152983
4,0,150.87653481821354
3,0,371.3680819041681
3,0,549.1119090961791
3,0,552.8612757086763
3,0,52.98361317998115
3,0,839.9731291136909
2,0,592.0177152501833
2,0,376.88116463708707
2,0,827.4117091049886
2,0,900.0
2,0,50.0
1,0,617.4392604542904
1,0,665.2254858020111
1,0,692.9345500337564
1,0,816.877405656969
1,0,155.48294119784236
1,-1,895.4098493978491
1,-1,900.0
1,-1,474.0865466296281
1,-1,858.0972145216506
1,-1,602.8873900852905
1,-2,110.39640856579643
1,-2,635.108200980541
1,-2,816.9800698458441
1,-2,277.49312764430374
1,-2,258.46216394827917
2,-2,599.3876540906468
2,-2,604.6726361594032
2,-2,701.0019941087451
2,-2,900.0
2,-2,50.0
2,-3,564.6462170484845
2,-3,277.49143065909806
2,-3,50.0
2,-3,753.0309302430056
2,-3,633.7743092608665
1,-3,395.6135596109502
1,-3,331.1680993222937
1,-3,713.9780146160774
1,-3,418.03145027255334
1,-3,841.7910249844315
1,-4,900.0
1,-4,650.3801339848205
1,-4,733.1429813728415
1,-4,379.72964216489123
1,-4,900.0
1,-5,410.23743194852585
1,-5,247.28368182071026
1,-5,582.8568254270363
1,-5,871.6889993705965
1,-5,900.0
1,-4,627.4015620423074
1,-4,388.00448055863694
1,-4,364.7397269835374
1,-4,793.2184178384496
1,-4,529.0051130835745
0,-4,900.0
0,-4,724.8007022753243
0,-4,483.8057796468912
0,-4,851.5477635124174
0,-4,302.86633199570866
0,-3,716.5577319269676
0,-3,50.0
0,-3,322.47772627988365
0,-3,365.05565042585135
0,-3,317.908634500599
0,-4,105.49645622875926
0,-4,50.0
0,-4,355.2227127278017
0,-4,217.78296704276926
0,-4,147.26675133785542
0,-5,481.2273121407886
0,-5,286.847872405038
0,-5,144.67660960441242
0,-5,326.44486332415806
0,-5,456.90018299694856
0,-6,437.64867445214736
0,-6,900.0
0,-6,369.9120938366157
0,-6,530.908522220948
0,-6,381.634598890148
0,-7,900.0
0,-7,395.2228645451558
0,-7,50.0
0,-7,610.6107655143613
0,-7,50.0
0,-8,825.2453706693675
0,-8,409.3264242309046
0,-8,900.0
0,-8,564.4001336915292
0,-8,102.87219028397953
0,-7,110.24342652489281
0,-7,279.45765181555794
0,-7,424.9606683507127
0,-7,349.6493793004555
0,-7,299.5869583197874
0,-8,290.2981316807786
0,-8,814.1233861138696
0,-8,522.0435033631975
0,-8,50.0
0,-8,50.0
0,-9,50.0
0,-9,127.80635630736822
0,-9,150.9998127517193
0,-9,578.3315719781481
0,-9,192.2501574436377
0,-10,451.59225632566177
0,-10,66.00437552637374
0,-10,50.0
0,-10,201.42932361082518
0,-10,50.0
0,-9,84.87843745169054
0,-9,492.4167850490273
0,-9,161.36123590041373
0,-9,483.2475444154803
0,-9,50.0
0,-10,50.0
0,-10,160.92189260246795
0,-10,50.0
0,-10,511.62910329479666
0,-10,50.0
0,-11,216.22356450059073
0,-11,377.13921559688475
0,-11,362.17684469067973
0,-11,50.0
0,-11,50.0
0,-12,50.0
0,-12,354.75890889430434
0,-12,479.5459503723065
0,-12,61.18494983725139
0,-12,675.1005149663249
0,-11,54.92978868037872
0,-11,307.1505217487197
0,-11,50.0
0,-11,297.80867866357187
0,-11,50.0
0,-10,270.1660834701452
0,-10,50.0
0,-10,277.01557181068847
0,-10,50.0
0,-10,207.24988803305754
0,-9,489.1977173727664
0,-9,578.4236204681781
0,-9,50.0
0,-9,475.4002169505169
0,-9,584.3736414804504
0,-10,607.4313223838105
0,-10,50.0
0,-10,337.26421895453655
0,-10,50.0
0,-10,634.3918001898344
0,-9,254.4174323061727
0,-9,301.3249108469754
0,-9,534.0851727600243
0,-9,245.74300787416553
0,-9,53.155253732431504
0,-8,521.1900920868557
0,-8,274.1037700734145
0,-8,123.50495449369065
0,-8,197.30606689674408
0,-8,578.373181221738
0,-9,50.0
0,-9,372.4427928979739
0,-9,364.02668612380705
0,-9,203.49912141429377
0,-9,263.3516360087898
0,-10,452.20015924223253
0,-10,249.57015241719904
0,-10,465.3060431558508
0,-10,171.46549040080478
0,-10,190.15847469910335
0,-9,502.0889562386002
0,-9,402.41782351637835
0,-9,50.0
0,-9,87.99296518332191
0,-9,900.0
0,-8,212.48754725322124
0,-8,50.0
0,-8,50.0
0,-8,433.982983444566
0,-8,900.0
0,-7,50.0
0,-7,788.3970338613464
0,-7,102.3066153492029
0,-7,632.7218188661469
0,-7,596.527868552511
0,-6,463.9143584935733
0,-6,667.8172321266117
0,-6,50.0
0,-6,611.8630618366668
0,-6,549.1135038100517
0,-5,667.8825005740272
0,-5,678.6784752027147
0,-5,407.8275094969311
0,-5,184.02126821131174
0,-5,137.96791945184913
0,-4,626.3358388630273
0,-4,523.9482506472231
0,-4,857.9733488012776
0,-4,498.1369608830371
0,-4,502.0393160367281
0,-3,694.0490153758102
0,-3,477.2059897598535
0,-3,840.7480397673932
0,-3,319.7991503021938
0,-3,900.0
0,-2,900.0
0,-2,638.5089736076626
0,-2,499.25178658219386
0,-2,428.52273019785963
0,-2,742.2175133474653
0,-1,276.9678753896955
0,-1,753.1182552088923
0,-1,102.77467635686196
0,-1,655.6162713613467
0,-1,654.7868588755706
0,0,893.4049998999985
0,0,666.6586944106185
0,0,900.0
0,0,503.1523034247457
0,0,900.0
0,1,767.8726244105067
0,1,323.00417152625926
0,1,900.0
0,1,662.558728574634
0,1,528.9713783691454
0,2,575.4372489191894
0,2,428.09607262547826
0,2,50.0
0,2,137.60157191941505
0,2,234.92458255542473
0,3,457.6347453183657
0,3,558.4089377041962
0,3,900.0
0,3,566.0431131231594
0,3,551.5161629543775
0,4,261.92753974198064
0,4,726.3631059809992
0,4,239.03659166946696
0,4,570.4831705641438
0,4,439.91506763766455
0,5,375.68465331393907
0,5,109.10767812337599
0,5,640.9893730352971
0,5,341.0726258894623
0,5,710.5746217933043
0,6,345.55526563377714
0,6,445.1540039769992
0,6,50.0
0,6,543.2470412130076
0,6,615.6944229451402
0,7,733.1495953401011
0,7,710.3093923658116
0,7,460.22627533583795
0,7,369.48319807761595
0,7,421.27884285389746
0,8,243.17425068824303
0,8,702.0799543066319
0,8,50.0
0,8,844.5055869874795
0,8,642.6524549621247
0,9,223.95563460178303
0,9,50.0
0,9,515.8015350444841
0,9,108.83342370997516
0,9,423.6550120126514
0,10,136.3093013735034
0,10,129.8243187733248
0,10,318.05274325545855
0,10,268.1557705838765
0,10,466.6861585575602
0,11,50.0
0,11,236.34619920109697
0,11,665.7610664411818
0,11,257.50730682859825
0,11,201.28249179344508
0,12,50.0
0,12,878.8738788695404
0,12,491.2085444198753
0,12,50.0
0,12,50.0
0,13,171.65563318330015
0,13,487.8488785154672
0,13,356.81590582218973
0,13,208.5299207140112
0,13,50.0
0,12,50.0
0,12,511.6258666420438
0,12,50.0
0,12,111.32007578871772
0,12,321.75939971981626
0,13,50.0
0,13,220.36780652547165
0,13,50.0
0,13,552.8602197541879
0,13,50.0
0,14,50.0
0,14,50.0
0,14,552.8456864651471
0,14,50.0
0,14,177.21377051634025
0,15,50.0
0,15,84.14937921902307
0,15,406.4108444996024
0,15,113.13355784652799
0,15,50.0
0,16,297.70803552989935
0,16,50.0
0,16,195.69376472364905
0,16,278.363951040859
0,16,50.0
0,17,562.6289611887654
0,17,50.0
0,17,336.2286344698148
0,17,69.65330235219585
0,17,196.53754099080973
0,16,112.7431178343025
0,16,50.0
0,16,60.85347396656928
0,16,319.4841232210573
0,16,50.0
0,17,50.0
0,17,50.0
0,17,50.0
0,17,50.0
0,17,50.0
0,18,50.0
0,18,50.0
0,18,563.9065222209543
0,18,179.2316760985479
0,18,50.0
0,17,278.377845794208
0,17,50.0
0,17,129.67537036507005
0,17,50.0
0,17,50.0
0,18,180.3004177800329
0,18,268.74438503628437
0,18,126.25936055641972
0,18,50.0
0,18,50.0
0,19,50.0
0,19,50.0
0,19,50.0
0,19,50.0
0,19,50.0
0,20,254.92665491365437
0,20,50.0
0,20,50.0
0,20,158.579268166811
0,20,50.0
0,19,50.0
0,19,50.0
0,19,70.34742252905819
0,19,50.0
0,19,50.0
0,18,50.0
0,18,267.8734335257069
0,18,50.0
0,18,50.0
0,18,50.0
0,17,152.27348438151023
0,17,228.69690842830823
0,17,50.0
0,17,50.0
0,17,50.0
0,16,177.8036257110452
0,16,50.0
0,16,502.948916775474
0,16,50.0
0,16,50.0
0,15,244.77207817169557
0,15,93.4787797021033
0,15,50.0
0,15,131.4304552839525
0,15,209.30267058967542
0,14,196.34921693252417
0,14,315.20375604462396
0,14,50.0
0,14,57.030163627361084
0,14,160.02656462727606
0,15,306.1302597774924
0,15,298.2231987145818
0,15,266.61351885335597
0,15,50.0
0,15,98.40217620639953
0,16,50.0
0,16,50.0
0,16,50.0
0,16,50.0
0,16,338.3285283835648
0,15,50.0
0,15,50.0
0,15,175.84204923836216
0,15,50.0
0,15,50.0
0,14,453.73092735158053
0,14,408.4752097598021
0,14,50.0
0,14,182.15158389836148
0,14,50.0
0,13,695.9214036753982
0,13,409.12101390726724
0,13,50.0
0,13,50.0
0,13,401.4865990972304
0,12,50.0
0,12,159.8098656684383
0,12,66.89346171675025
0,12,53.92581565001521
0,12,50.0
0,13,241.2389460209297
0,13,398.56781259716473
0,13,449.47107504622875
0,13,625.8003626670512
0,13,50.0
-1,13,148.06415374757702
-1,13,239.87593474769764
-1,13,50.0
-1,13,106.94419687154159
-1,13,380.8191483282019
-1,14,50.0
-1,14,217.48883487394434
-1,14,50.0
-1,14,50.0
-1,14,65.80097422720104
-1,13,221.35389310018473
-1,13,143.79602671842264
-1,13,244.12218297646675
-1,13,50.0
-1,13,50.0
-1,12,56.29842350911156
-1,12,674.7770209695477
-1,12,307.8018560713849
-1,12,50.0
-1,12,225.92976635122915
-1,11,50.0
-1,11,182.64906560111933
-1,11,783.3294473802497
-1,11,50.0
-1,11,553.0986721577592
-1,10,182.67850435555795
-1,10,361.18211072029015
-1,10,858.6712796807425
-1,10,302.2878390421902
-1,10,50.0
-1,9,225.74586203816935
-1,9,900.0
-1,9,522.5857037131505
-1,9,307.8822583621198
-1,9,50.0
-1,8,900.0
-1,8,326.8099114954475
-1,8,50.0
-1,8,251.0706585646657
-1,8,203.9129464878979
-2,8,772.89981387433
-2,8,797.4095773360232
-2,8,50.0
-2,8,232.98241202891126
-2,8,58.11893104415606
-2,7,234.87739797060084
-2,7,711.916600161191
-2,7,327.37516346432557
-2,7,152.69852146749827
-2,7,427.91775553231463
-2,6,508.5083797657728
-2,6,50.0
-2,6,661.3056980324584
-2,6,172.56754233438699
-2,6,551.2907956142128
-2,5,495.13815437453144
-2,5,343.58354763135696
-2,5,361.7439160309941
-2,5,285.63988621277343
-2,5,208.81775781123048
-3,5,218.36298490109954
-3,5,469.24311184375756
-3,5,449.8207593232277
-3,5,756.8200598082176
-3,5,539.9655225633163
-3,4,134.31704961712546
-3,4,481.44217441220803
-3,4,737.4596495903165
-3,4,692.1193059355462
-3,4,713.3290917804486
-3,3,318.3826250406944
-3,3,592.5555429690652
-3,3,900.0
-3,3,438.0704011331024
-3,3,256.92082169572546
-3,2,481.20808243351985
-3,2,245.11132411766067
-3,2,660.7040864498058
-3,2,501.1924669107466
-3,2,595.5437826656712
-3,1,395.3121890318681
-3,1,755.9983018031377
-3,1,609.250079516089
-3,1,446.76977188309445
-3,1,900.0
-3,0,428.08091417579453
-3,0,655.6782597794229
-3,0,393.6013644665176
-3,0,447.5738028900344
-3,0,295.5456548356066
-3,-1,162.29512100113394
-3,-1,815.0389767690265
-3,-1,277.94136669757233
-3,-1,62.92028599986003
-3,-1,855.450321047988
-3,-2,50.0
-3,-2,328.55669919487985
-3,-2,523.1397085870838
-3,-2,693.7759258189147
-3,-2,78.7993773839965
-3,-1,702.1080828140528
-3,-1,193.39249347589302
-3,-1,294.963821891227
-3,-1,655.9882558253231
-3,-1,900.0
-4,-1,900.0
-4,-1,374.7893433072518
-4,-1,269.9487998747171
-4,-1,448.82319136194195
-4,-1,733.7589858688128
-4,-2,327.2221971082741
-4,-2,762.2465638020391
-4,-2,361.2285607265908
-4,-2,320.95636612923124
-4,-2,139.4771669458766
-5,-2,50.0
-5,-2,892.5798947112926
-5,-2,743.4788852223628
-5,-2,546.6512768251965
-5,-2,658.0642995349718
-5,-1,771.7468869442148
-5,-1,317.06662042572873
-5,-1,801.8493381549948
-5,-1,643.7894353556144
-5,-1,900.0
-5,-2,864.3610592018808
-5,-2,567.5086228101216
-5,-2,520.5439854201703
-5,-2,203.80935327979728
-5,-2,50.0
-5,-3,295.9799082840819
-5,-3,544.6001437441241
-5,-3,428.0964098797057
-5,-3,669.9320678139727
-5,-3,50.0
-5,-4,478.10238688313575
-5,-4,679.5320661331168
-5,-4,227.58775140582804
-5,-4,713.1016341102995
-5,-4,501.4381022180859
-5,-5,724.6854252746705
-5,-5,557.3800137119371
-5,-5,456.6760241911094
-5,-5,228.89717822310757
-5,-5,250.62113819425232
-5,-6,50.0
-5,-6,640.7016217932212
-5,-6,286.8408325793621
-5,-6,249.41534056992856
-5,-6,300.67426045718094
-6,-6,611.8250257596542
-6,-6,408.84340222616083
-6,-6,187.9634666555895
-6,-6,50.0
-6,-6,756.0036122919914
-6,-7,443.0179621048059
-6,-7,286.56558793059276
-6,-7,398.52333413477805
-6,-7,611.5181199817856
-6,-7,363.90537369302024
-6,-8,50.0
-6,-8,50.0
-6,-8,164.42594891741146
-6,-8,443.0054494390883
-6,-8,50.0
-6,-9,638.9829845833319
-6,-9,186.6111860372315
-6,-9,347.9711824084336
-6,-9,343.68817573458495
-6,-9,315.51911991402744
-6,-10,225.75339444181242
-6,-10,368.1223902023029
-6,-10,50.0
-6,-10,757.1273600758987
-6,-10,195.56955399155686
-6,-11,50.0
-6,-11,487.45317909151515
-6,-11,531.4028016179861
-6,-11,50.0
-6,-11,50.0
-6,-12,742.3864903088556
-6,-12,124.81982932901244
-6,-12,50.0
-6,-12,397.8686281599619
-6,-12,50.0
-6,-13,50.0
-6,-13,59.680577819102446
-6,-13,135.0960662293249
-6,-13,188.49097400416358
-6,-13,447.312393233288
-6,-14,50.0
-6,-14,50.0
-6,-14,50.0
-6,-14,144.63669002955862
-6,-14,182.17002419047003
-7,-14,59.62235432895094
-7,-14,222.79162890271252
-7,-14,108.80393653853764
-7,-14,52.738195467804566
-7,-14,50.0
-7,-15,50.0
-7,-15,50.0
-7,-15,50.0
-7,-15,50.0
-7,-15,50.0
-7,-14,50.0
-7,-14,266.1701797857867
-7,-14,114.47280937721526
-7,-14,135.17370966203794
-7,-14,162.44365492742622
-7,-15,153.77541820956625
-7,-15,50.0
-7,-15,50.0
-7,-15,50.0
-7,-15,50.0
-7,-16,236.96581590407635
-7,-16,50.0
-7,-16,50.0
-7,-16,50.0
-7,-16,188.46483126537078
-7,-17,50.0
-7,-17,50.0
-7,-17,101.77482769368822
-7,-17,130.62800744230202
-7,-17,50.0
-7,-18,50.0
-7,-18,50.0
-7,-18,50.0
-7,-18,50.0
-7,-18,50.0
-7,-17,50.0
-7,-17,50.0
-7,-17,167.48141684340368
-7,-17,50.0
-7,-17,50.0
-7,-16,156.66959451940502
-7,-16,50.0
-7,-16,415.4406419788231
-7,-16,76.69661715988889
-7,-16,208.1804270651951
-7,-17,50.0
-7,-17,50.0
-7,-17,50.0
-7,-17,50.0
-7,-17,50.0
-8,-17,118.34202787065064
-8,-17,50.0
-8,-17,81.05580524672726
-8,-17,56.959222062413545
-8,-17,50.0
-8,-18,50.0
-8,-18,50.0
-8,-18,50.0
-8,-18,50.0
-8,-18,50.0
-8,-19,50.0
-8,-19,50.0
-8,-19,50.0
-8,-19,50.0
-8,-19,50.0
-8,-20,50.0
-8,-20,50.0
-8,-20,343.48638732186345
-8,-20,50.0
-8,-20,50.0
-7,-20,50.0
-7,-20,50.0
-7,-20,50.0
-7,-20,50.0
-7,-20,50.0
-6,-20,50.0
-6,-20,50.0
-6,-20,50.0
-6,-20,50.0
-6,-20,50.0
-5,-20,50.0
-5,-20,50.0
-5,-20,50.0
-5,-20,50.0
-5,-20,50.0
-6,-20,50.0
-6,-20,50.0
-6,-20,50.0
-6,-20,50.0
-6,-20,50.0
-5,-20,50.0
