-12,15,50.0
-12,15,535.9779268952155
-12,15,50.0
-12,15,50.0
-12,14,103.40518948064523
-12,14,402.0654207662255
-12,14,50.0
-12,14,50.0
-12,14,200.9936296941005
-12,13,50.0
-12,13,273.20402426098
-12,13,405.88977833102234
-12,13,50.0
-12,13,50.0
-12,12,50.0
-12,12,91.76684784872936
-12,12,50.0
-12,12,610.3243801878687
-12,12,400.795330098309
-13,12,50.0
-13,12,900.0
-13,12,50.0
-13,12,262.55983202660826
-13,12,283.97275755912597
-14,12,50.0
-14,12,50.0
-14,12,50.0
-14,12,436.1000009637871
-14,12,900.0
-15,12,50.0
-15,12,50.0
-15,12,201.55122625458358
-15,12,170.6632097827274
-15,12,170.38118029348993
-15,13,50.0
-15,13,50.0
-15,13,50.0
-15,13,273.2233389023436
-15,13,50.0
-15,12,154.43409916737045
-15,12,50.0
-15,12,50.0
-15,12,50.0
-15,12,50.0
-15,11,469.20691128549015
-15,11,50.0
-15,11,191.97903394605513
-15,11,128.90378717567387
-15,11,50.0
-15,10,50.0
-15,10,50.0
-15,10,50.0
-15,10,121.72842987011188
-15,10,50.0
-15,9,309.36336058591263
-15,9,50.0
-15,9,50.0
-15,9,532.4028337402923
-15,9,50.0
-15,10,50.0
-15,10,132.76672593527047
-15,10,50.0
-15,10,50.0
-15,10,66.80724841631275
-15,9,267.47256777540395
-15,9,573.3575327925703
-15,9,50.0
-15,9,50.0
-15,9,50.0
-15,10,50.0
-15,10,172.74378122996987
-15,10,50.0
-15,10,338.28775295878347
-15,10,167.1390681851464
-15,9,153.66933561045934
-15,9,167.11720563133156
-15,9,50.0
-15,9,50.0
-15,9,50.0
-15,8,50.0
-15,8,284.4188715514516
-15,8,416.65084191717773
-15,8,50.0
-15,8,50.0
-15,7,65.1160334261906
-15,7,50.0
-15,7,50.0
-15,7,530.5839067577388
-15,7,386.7670007687329
-15,8,50.0
-15,8,74.12604410540217
-15,8,79.1043376152461
-15,8,50.0
-15,8,320.80989029446425
-15,7,264.05752032882253
-15,7,423.64733254278025
-15,7,900.0
-15,7,381.17061533230583
-15,7,50.0
-15,6,50.0
-15,6,275.2926008404105
-15,6,263.35939805735836
-15,6,50.0
-15,6,50.0
-15,5,50.0
-15,5,154.7252601452632
-15,5,50.0
-15,5,863.3544637639333
-15,5,50.0
-15,4,50.0
-15,4,50.0
-15,4,50.0
-15,4,50.0
-15,4,368.68261252012155
-16,4,50.0
-16,4,50.0
-16,4,68.810842147376
-16,4,50.0
-16,4,335.2353947075214
-16,3,50.0
-16,3,50.0
-16,3,50.0
-16,3,50.0
-16,3,108.67567401503044
-16,2,220.4900731523058
-16,2,61.125635430174654
-16,2,667.5820348323876
-16,2,371.53512614965587
-16,2,288.97569850208055
-16,1,50.0
-16,1,50.0
-16,1,50.0
-16,1,88.34212439303832
-16,1,427.74112806877156
-17,1,50.0
-17,1,490.8303812524763
-17,1,325.3737378243755
-17,1,149.07631474299524
-17,1,342.6156165163414
-17,0,50.0
-17,0,50.0
-17,0,642.8327059744846
-17,0,50.0
-17,0,50.0
-17,-1,50.0
-17,-1,540.3456274768325
-17,-1,673.8034562015791
-17,-1,392.8842952776989
-17,-1,169.89636131038796
-18,-1,900.0
-18,-1,247.12060214780178
-18,-1,50.0
-18,-1,50.0
-18,-1,50.0
-18,-2,50.0
-18,-2,355.3609333108729
-18,-2,50.0
-18,-2,50.0
-18,-2,50.0
-18,-3,900.0
-18,-3,50.0
-18,-3,50.0
-18,-3,125.19802027580474
-18,-3,50.0
-18,-4,284.03343096380615
-18,-4,512.18017951618
-18,-4,50.0
-18,-4,117.20640601461392
-18,-4,50.0
-18,-3,259.4847044667331
-18,-3,50.0
-18,-3,50.0
-18,-3,50.0
-18,-3,190.6908383712053
-18,-4,50.0
-18,-4,150.05807977015667
-18,-4,803.4281650863167
-18,-4,50.0
-18,-4,207.92696813034817
-18,-5,241.1043874305609
-18,-5,392.7602094337771
-18,-5,91.13181748621716
-18,-5,50.0
-18,-5,50.0
-18,-6,50.0
-18,-6,50.0
-18,-6,50.0
-18,-6,585.2275801015223
-18,-6,50.0
-18,-7,50.0
-18,-7,50.0
-18,-7,50.0
-18,-7,50.0
-18,-7,181.36715162372562
-18,-8,100.05067567653782
-18,-8,50.0
-18,-8,50.0
-18,-8,50.0
-18,-8,318.1581336325805
-18,-9,50.0
-18,-9,50.0
-18,-9,183.80495743111737
-18,-9,50.0
-18,-9,50.0
-18,-10,50.0
-18,-10,50.0
-18,-10,323.49098379711535
-18,-10,572.2276778255374
-18,-10,50.0
-18,-11,50.0
-18,-11,50.0
-18,-11,380.64382080772634
-18,-11,50.0
-18,-11,309.75753119978685
-18,-10,164.82099325044877
-18,-10,50.0
-18,-10,50.0
-18,-10,50.0
-18,-10,561.3129602769535
-17,-10,50.0
-17,-10,50.0
-17,-10,50.0
-17,-10,50.0
-17,-10,50.0
-18,-10,50.0
-18,-10,50.0
-18,-10,50.0
-18,-10,619.8920214681908
-18,-10,50.0
-18,-9,50.0
-18,-9,50.0
-18,-9,50.0
-18,-9,265.0408371251472
-18,-9,299.37456090234815
-18,-10,125.55107381120337
-18,-10,50.0
-18,-10,50.0
-18,-10,279.8659251167054
-18,-10,293.3538486864448
-18,-11,50.0
-18,-11,50.0
-18,-11,50.0
-18,-11,900.0
-18,-11,355.02493780280605
-18,-12,50.0
-18,-12,165.7031994794562
-18,-12,157.39281217270997
-18,-12,50.0
-18,-12,50.0
-18,-13,50.0
-18,-13,50.0
-18,-13,719.8824487583304
-18,-13,50.0
-18,-13,50.0
-18,-14,50.0
-18,-14,588.1869929359752
-18,-14,50.0
-18,-14,50.0
-18,-14,471.4477786672255
-18,-15,505.8728569888648
-18,-15,50.0
-18,-15,50.0
-18,-15,50.0
-18,-15,50.0
-18,-16,50.0
-18,-16,50.0
-18,-16,50.0
-18,-16,232.35002554032212
-18,-16,444.32585292531485
-18,-17,50.0
-18,-17,334.8615515711058
-18,-17,50.0
-18,-17,50.0
-18,-17,468.3768355139506
-17,-17,50.0
-17,-17,50.0
-17,-17,50.0
-17,-17,50.0
-17,-17,50.0
-17,-18,278.9401392593128
-17,-18,444.1936397537138
-17,-18,50.0
-17,-18,50.0
-17,-18,50.0
-17,-19,753.2869187793845
-17,-19,167.27569898006743
-17,-19,50.0
-17,-19,50.0
-17,-19,50.0
-16,-19,50.0
-16,-19,50.0
-16,-19,50.0
-16,-19,356.859828197718
-16,-19,50.0
-17,-19,50.0
-17,-19,50.0
-17,-19,50.0
-17,-19,50.0
-17,-19,900.0
-18,-19,50.0
-18,-19,50.0
-18,-19,50.0
-18,-19,50.0
-18,-19,50.0
-19,-19,50.0
-19,-19,439.25805316470314
-19,-19,50.0
-19,-19,189.73517445960715
-19,-19,50.0
-19,-20,50.0
-19,-20,50.0
-19,-20,50.0
-19,-20,50.0
-19,-20,50.0
-18,-20,50.0
-18,-20,50.0
-18,-20,50.0
-18,-20,50.0
-18,-20,50.0
-19,-20,155.39124450527174
-19,-20,50.0
-19,-20,900.0
-19,-20,50.0
-19,-20,50.0
-20,-20,81.15884988661315
-20,-20,50.0
-20,-20,50.0
-20,-20,50.0
-20,-20,50.0
-19,-20,50.0
-19,-20,50.0
-19,-20,50.0
-19,-20,50.0
-19,-20,50.0
-19,-19,50.0
-19,-19,50.0
-19,-19,50.0
-19,-19,50.0
-19,-19,50.0
-18,-19,96.57884501192393
-18,-19,256.6148093288813
-18,-19,50.0
-18,-19,543.1254334642106
-18,-19,50.0
-19,-19,138.40479628175626
-19,-19,50.0
-19,-19,50.0
-19,-19,50.0
-19,-19,50.0
-19,-18,50.0
-19,-18,50.0
-19,-18,50.0
-19,-18,50.0
-19,-18,50.0
-20,-18,50.0
-20,-18,50.0
-20,-18,50.0
-20,-18,50.0
-20,-18,50.0
-20,-17,50.0
-20,-17,50.0
-20,-17,50.0
-20,-17,50.0
-20,-17,171.69277540290227
-19,-17,50.0
-19,-17,50.0
-19,-17,50.0
-19,-17,50.0
-19,-17,110.53030543713999
-19,-16,50.0
-19,-16,152.54602855063354
-19,-16,139.39892586756292
-19,-16,50.0
-19,-16,50.0
-18,-16,50.0
-18,-16,50.0
-18,-16,50.0
-18,-16,50.0
-18,-16,50.0
-17,-16,50.0
-17,-16,50.0
-17,-16,50.0
-17,-16,50.0
-17,-16,50.0
-16,-16,352.3524062557982
-16,-16,50.0
-16,-16,50.0
-16,-16,50.0
-16,-16,50.0
-15,-16,50.0
-15,-16,50.0
-15,-16,50.0
-15,-16,196.58018407622757
-15,-16,50.0
-16,-16,50.0
-16,-16,50.0
-16,-16,50.0
-16,-16,50.0
-16,-16,50.0
-15,-16,900.0
-15,-16,657.257977697835
-15,-16,50.0
-15,-16,50.0
-15,-16,497.4400187424475
-16,-16,50.0
-16,-16,577.6005215039028
-16,-16,50.0
-16,-16,548.0979361571189
-16,-16,50.0
-16,-15,50.0
-16,-15,50.0
-16,-15,50.0
-16,-15,50.0
-16,-15,50.0
-15,-15,177.6261117505752
-15,-15,50.0
-15,-15,50.0
-15,-15,783.4569768814933
-15,-15,50.0
-15,-14,50.0
-15,-14,290.6227433261896
-15,-14,50.0
-15,-14,303.67748139846935
-15,-14,50.0
-15,-13,50.0
-15,-13,457.0853367047557
-15,-13,50.0
-15,-13,50.0
-15,-13,50.0
-16,-13,50.0
-16,-13,50.0
-16,-13,50.0
-16,-13,50.0
-16,-13,124.30821342642395
-17,-13,50.0
-17,-13,309.4706867947752
-17,-13,671.6495159862385
-17,-13,431.22394985400695
-17,-13,396.7296763283581
-17,-12,50.0
-17,-12,50.0
-17,-12,50.0
-17,-12,50.0
-17,-12,50.0
-16,-12,224.0590664019744
-16,-12,900.0
-16,-12,610.4526791706099
-16,-12,50.0
-16,-12,50.0
-15,-12,50.0
-15,-12,50.0
-15,-12,50.0
-15,-12,125.1567794138353
-15,-12,422.98792120397724
-14,-12,50.0
-14,-12,50.0
-14,-12,443.4933230136652
-14,-12,50.0
-14,-12,322.5220420471174
-13,-12,119.30632056363666
-13,-12,50.0
-13,-12,578.6351614869826
-13,-12,348.42401157923587
-13,-12,50.0
-12,-12,50.0
-12,-12,659.4242024089094
-12,-12,600.9078076838589
-12,-12,463.04738763236685
-12,-12,121.40900555540838
-11,-12,380.1621144643686
-11,-12,453.41568881080093
-11,-12,892.1929955018553
-11,-12,830.3715336743813
-11,-12,220.66674408461347
-10,-12,50.0
-10,-12,795.1868101291928
-10,-12,50.0
-10,-12,50.0
-10,-12,528.4213687294932
-10,-11,50.0
-10,-11,279.38712745746386
-10,-11,759.397252287245
-10,-11,50.0
-10,-11,50.0
-11,-11,331.4166704037348
-11,-11,50.0
-11,-11,900.0
-11,-11,50.0
-11,-11,153.75942803296823
-10,-11,50.0
-10,-11,393.61070592556507
-10,-11,50.0
-10,-11,50.0
-10,-11,795.5147932351754
-10,-10,234.2252744549769
-10,-10,50.0
-10,-10,348.90908932733504
-10,-10,725.7875602488211
-10,-10,271.4911611740787
-9,-10,732.3055934481382
-9,-10,268.82856585658345
-9,-10,332.5267167031253
-9,-10,161.15109760018598
-9,-10,50.0
-8,-10,50.0
-8,-10,661.5909471327195
-8,-10,343.3403754710324
-8,-10,245.63197788783322
-8,-10,250.68659027532476
-7,-10,644.5384787548298
-7,-10,50.0
-7,-10,50.0
-7,-10,394.6199267270822
-7,-10,751.7313626011698
-6,-10,764.0618138438276
-6,-10,50.0
-6,-10,50.0
-6,-10,229.24742973296924
-6,-10,50.0
-5,-10,740.4835650645089
-5,-10,900.0
-5,-10,900.0
-5,-10,50.0
-5,-10,370.308727301778
-4,-10,736.5296483328714
-4,-10,900.0
-4,-10,411.6325587400486
-4,-10,50.0
-4,-10,156.18449030069945
-3,-10,281.81628076210313
-3,-10,900.0
-3,-10,316.53207866135955
-3,-10,192.7771497386263
-3,-10,362.31017659571216
-3,-9,795.0045201007957
-3,-9,900.0
-3,-9,537.5345132276316
-3,-9,50.0
-3,-9,900.0
-4,-9,900.0
-4,-9,592.7379944104065
-4,-9,50.0
-4,-9,50.0
-4,-9,643.047263632139
-3,-9,50.0
-3,-9,50.0
-3,-9,900.0
-3,-9,50.0
-3,-9,640.8891338367205
-3,-8,50.0
-3,-8,250.06120037582127
-3,-8,530.1253008759044
-3,-8,887.7210035399114
-3,-8,324.6645049795324
-3,-7,900.0
-3,-7,83.35704193225047
-3,-7,50.0
-3,-7,50.0
-3,-7,596.7861759116847
-3,-6,679.10619360619
-3,-6,256.68882237279894
-3,-6,613.5779530592713
-3,-6,800.2735998252533
-3,-6,420.04343601090557
-2,-6,359.4807636746336
-2,-6,696.545932752191
-2,-6,895.7474702120941
-2,-6,430.36343006941144
-2,-6,900.0
-2,-7,554.5495561848413
-2,-7,539.5479410983697
-2,-7,50.0
-2,-7,900.0
-2,-7,766.6027296169226
-1,-7,299.51900494249065
-1,-7,900.0
-1,-7,458.6064206647301
-1,-7,900.0
-1,-7,50.0
-1,-6,900.0
-1,-6,587.3798265174424
-1,-6,900.0
-1,-6,891.0645977225444
-1,-6,50.0
0,-6,900.0
0,-6,638.3880208452666
0,-6,273.7649524847511
0,-6,502.71231469161955
0,-6,160.10287226871634
0,-5,194.17845164319058
0,-5,900.0
0,-5,796.9562532791001
0,-5,883.1372919648874
0,-5,900.0
1,-5,503.53917826822953
1,-5,426.0186501813743
1,-5,667.77765872917
1,-5,900.0
1,-5,544.0964092407127
2,-5,266.14348431252427
2,-5,766.9652923655918
2,-5,663.2871081572707
2,-5,900.0
2,-5,900.0
2,-4,735.0835104176319
2,-4,644.8855077193884
2,-4,50.0
2,-4,900.0
2,-4,409.51059739595945
1,-4,687.7245312687595
1,-4,677.6147819022086
1,-4,160.06913465511064
1,-4,900.0
1,-4,741.2615626746765
2,-4,481.7995899212153
2,-4,900.0
2,-4,474.44968035456577
2,-4,50.0
2,-4,232.14766012150255
2,-3,598.8644127209135
2,-3,592.522875794846
2,-3,900.0
2,-3,261.1422588373075
2,-3,145.49790747060547
3,-3,802.5686024930885
3,-3,900.0
3,-3,50.0
3,-3,400.2837118451342
3,-3,900.0
4,-3,666.0200285331299
4,-3,74.81520999624871
4,-3,525.3269352481766
4,-3,900.0
4,-3,722.7915692099605
5,-3,900.0
5,-3,59.05700636488319
5,-3,826.5622775858167
5,-3,900.0
5,-3,252.04020833927422
6,-3,900.0
6,-3,635.6284533711964
6,-3,671.9170653899334
6,-3,540.8683843060713
6,-3,593.4355968994806
5,-3,900.0
5,-3,277.775809526063
5,-3,487.32301049875673
5,-3,673.9124870102978
5,-3,595.6189883070449
6,-3,647.3668435101306
6,-3,900.0
6,-3,658.2508624910628
6,-3,283.4334000217615
6,-3,519.2868353834331
6,-2,900.0
6,-2,900.0
6,-2,900.0
6,-2,900.0
6,-2,900.0
6,-1,621.758177601791
6,-1,388.00762477883586
6,-1,64.85680143505465
6,-1,250.90889749018407
6,-1,832.2160301201225
6,0,50.0
6,0,900.0
6,0,853.7059109554406
6,0,57.705013753035246
6,0,900.0
6,1,482.0973307674358
6,1,50.0
6,1,50.0
6,1,585.6576566080603
6,1,50.435836889580344
7,1,395.3392261411566
7,1,328.17241899864587
7,1,875.6586838916793
7,1,50.0
7,1,640.8584146854143
8,1,438.38879979064603
8,1,50.0
8,1,862.7803528610202
8,1,746.2006788461014
8,1,147.2622259558866
9,1,50.0
9,1,873.9840396857953
9,1,900.0
9,1,788.8567887070377
9,1,900.0
9,2,900.0
9,2,662.1990519609213
9,2,705.6532457856331
9,2,749.158391323112
9,2,701.6783627837003
10,2,821.3457384733861
10,2,447.9413111695867
10,2,50.0
10,2,50.0
10,2,64.69677556881118
11,2,681.5916145561594
11,2,50.0
11,2,50.0
11,2,900.0
11,2,900.0
11,3,435.83631060062805
11,3,50.0
11,3,770.2897833864247
11,3,50.0
11,3,791.3347499584021
12,3,50.0
12,3,608.5328294185713
12,3,684.1895638071773
12,3,735.0297865535858
12,3,890.4123722769427
13,3,50.0
13,3,50.0
13,3,50.0
13,3,50.0
13,3,69.29436715550963
14,3,50.0
14,3,75.601503646199
14,3,230.64321612365006
14,3,389.2998930377118
14,3,134.07679340065184
15,3,50.0
15,3,640.6199308279438
15,3,382.40204167754945
15,3,386.417323918964
15,3,900.0
15,4,50.0
15,4,298.2352461092753
15,4,617.7060093848718
15,4,50.0
15,4,312.42253457030756
16,4,448.3939360436319
16,4,50.0
16,4,50.0
16,4,53.20342339649221
16,4,50.0
15,4,635.6494078242489
15,4,850.3624611611679
15,4,320.6482081180591
15,4,50.0
15,4,900.0
14,4,713.8980941637768
14,4,50.0
14,4,617.2750218242011
14,4,414.9407853718244
14,4,223.44709648769174
15,4,50.0
15,4,141.00204786683503
15,4,50.0
15,4,50.0
15,4,699.669028646633
14,4,156.77493948191855
14,4,50.0
14,4,50.0
14,4,362.1941036039119
14,4,50.0
13,4,50.0
13,4,337.6096893923269
13,4,50.0
13,4,565.6992084503049
13,4,50.0
12,4,900.0
12,4,525.9107046562633
12,4,774.7815331900285
12,4,767.1880223741052
12,4,50.0
11,4,347.76088908930103
11,4,668.5534572827306
11,4,900.0
11,4,432.2654999490013
11,4,50.0
12,4,50.0
12,4,50.0
12,4,684.4831843584028
12,4,613.0634920638031
12,4,283.6272984543405
11,4,50.0
11,4,900.0
11,4,234.45046024147928
11,4,533.8296400944464
11,4,219.71576372150375
10,4,785.8931677406972
10,4,50.0
10,4,50.0
10,4,50.0
10,4,300.1244045742852
9,4,383.97186400429916
9,4,87.24289894027282
9,4,50.0
9,4,600.3977568135879
9,4,111.77415131397248
10,4,50.0
10,4,50.0
10,4,581.8253842535782
10,4,310.18688844080947
10,4,374.5226124201423
10,5,771.6683831228437
10,5,113.61548562346181
10,5,377.3262992245174
10,5,156.66840934515716
10,5,900.0
9,5,318.1193395234944
9,5,664.2179075753536
9,5,474.4750679414932
9,5,261.11010511445
9,5,546.997288036715
8,5,900.0
8,5,900.0
8,5,723.8576765663393
8,5,50.0
8,5,768.5005608047735
7,5,673.0076717407837
7,5,461.9076297964099
7,5,520.0393439991351
7,5,50.0
7,5,217.23332836336306
6,5,519.2760512255312
6,5,288.68421824799475
6,5,50.0
6,5,778.622843914992
6,5,50.0
5,5,852.6562991188059
5,5,408.4196774662031
5,5,637.0654411016324
5,5,900.0
5,5,402.72072162792136
4,5,676.1023861804975
4,5,50.0
4,5,882.2248726245282
4,5,50.0
4,5,900.0
3,5,294.97489203428984
3,5,900.0
3,5,900.0
3,5,50.0
3,5,285.19789603531785
2,5,291.9740136651353
2,5,761.3150062281261
2,5,900.0
2,5,614.860448854303
2,5,900.0
3,5,458.8741403729479
3,5,50.0
3,5,900.0
3,5,69.42176741834834
3,5,441.7930549028564
2,5,677.3976254492098
2,5,302.8464970217696
2,5,900.0
2,5,784.3912669887806
2,5,900.0
2,6,380.6693360913875
2,6,789.2068079132412
2,6,846.9624786464079
2,6,50.0
2,6,900.0
2,7,716.064947357417
2,7,341.34741638269975
2,7,584.707996210319
2,7,320.4112828690046
2,7,175.53023693608375
1,7,336.72470063259334
1,7,625.2462735686337
1,7,350.4180705411469
1,7,900.0
1,7,900.0
1,8,548.3192378217148
1,8,293.939639894976
1,8,50.0
1,8,334.10807964973304
1,8,313.66681970398383
1,9,499.81752782750914
1,9,50.0
1,9,698.0256488222209
1,9,900.0
1,9,900.0
0,9,377.52189856928817
0,9,900.0
0,9,693.8177915933555
0,9,900.0
0,9,900.0
-1,9,900.0
-1,9,119.19205068279473
-1,9,810.5594836527835
-1,9,369.3576039378524
-1,9,50.0
-2,9,805.6666752428436
-2,9,358.9564008607528
-2,9,900.0
-2,9,900.0
-2,9,50.0
-2,10,200.5417936086992
-2,10,345.68120485099627
-2,10,50.0
-2,10,900.0
-2,10,900.0
-3,10,639.4548753505519
-3,10,50.0
-3,10,800.5066709045255
-3,10,900.0
-3,10,50.0
-4,10,414.74516261669976
-4,10,50.0
-4,10,293.7741266956735
-4,10,810.7211410926764
-4,10,517.5309593919009
-4,11,146.66773096047731
-4,11,900.0
-4,11,187.53758469100944
-4,11,442.8493631136464
-4,11,491.9488704167985
-5,11,255.40559273392188
-5,11,50.0
-5,11,900.0
-5,11,50.0
-5,11,50.0
-6,11,50.0
-6,11,84.15353817257846
-6,11,267.9258243547804
-6,11,526.0550099669665
-6,11,50.0
-7,11,521.8256176395059
-7,11,413.96228550457613
-7,11,50.0
-7,11,392.7483735600651
-7,11,50.0
-8,11,900.0
-8,11,50.0
-8,11,50.0
-8,11,769.4336782492636
-8,11,50.0
-9,11,50.0
-9,11,900.0
-9,11,765.0302930626935
-9,11,50.0
-9,11,192.94636985413717
-9,12,50.0
-9,12,50.0
-9,12,50.0
-9,12,50.0
-9,12,512.6311505217561
-8,12,230.306530775402
-8,12,226.91514017539615
-8,12,50.0
-8,12,50.0
-8,12,732.322504839669
-9,12,172.83876538619498
-9,12,201.4319593268579
-9,12,256.8756059438619
-9,12,333.79770492544617
-9,12,610.924180735449
-10,12,900.0
-10,12,50.0
-10,12,344.8235535301248
-10,12,50.0
-10,12,321.64997071738105
-11,12,50.0
-11,12,50.0
-11,12,886.6777299667938
-11,12,50.0
-11,12,50.0
-12,12,50.0
-12,12,50.0
-12,12,50.0
-12,12,287.04801230671364
-12,12,50.0
-12,13,50.0
-12,13,50.0
-12,13,50.0
-12,13,900.0
-12,13,50.0
-12,14,720.610114433569
-12,14,53.922492466287224
-12,14,182.2866586247461
-12,14,50.0
-12,14,50.0
-12,15,50.0
-12,15,365.38251003997317
-12,15,633.0313004077525
-12,15,50.0
-12,15,289.14857074616805
-13,15,50.0
-13,15,50.0
-13,15,50.0
-13,15,50.0
-13,15,257.8785904635984
-12,15,67.78664267634065
-12,15,463.5504943258204
-12,15,84.20268158596588
-12,15,266.4675455968678
-12,15,129.21602086894836
-12,16,50.0
-12,16,50.0
-12,16,50.0
-12,16,50.0
-12,16,50.0
-13,16,50.0
