15,8,3195.449669767689
16,8,200.0
16,8,913.4163184563528
15,8,453.2132537846593
15,8,513.2918570036384
16,8,200.0
16,8,200.0
17,8,200.0
17,8,200.0
18,8,200.0
18,8,200.0
19,8,200.0
19,8,200.0
20,8,200.0
20,8,200.0
20,7,200.0
20,7,200.0
20,6,200.0
20,6,200.0
19,6,200.0
19,6,200.0
19,5,693.7193375466309
19,5,200.0
18,5,200.0
18,5,200.0
18,4,217.79178559680395
18,4,200.0
17,4,1154.9081822638386
17,4,200.0
17,3,468.0595303656345
17,3,2829.0015581691414
16,3,1556.0439585293104
16,3,200.0
17,3,200.0
17,3,200.0
17,4,2444.6022202641943
17,4,200.0
17,3,881.0736315116328
17,3,200.0
17,2,200.0
17,2,522.3691244041661
17,1,200.0
17,1,200.0
16,1,200.0
16,1,200.0
15,1,200.0
15,1,2119.695933035068
14,1,200.0
14,1,200.0
13,1,200.0
13,1,3600.0
13,0,2237.9505044017174
13,0,200.0
12,0,1197.0882436174168
12,0,1421.5717096977094
11,0,2011.3344642330003
11,0,3487.5064017532527
11,-1,200.0
11,-1,1506.5172091304905
10,-1,2772.8584930825373
10,-1,900.6587188320203
10,-2,2055.14340798425
10,-2,1292.9972205875538
10,-3,1927.516192181256
10,-3,644.0695976622621
11,-3,200.0
11,-3,673.4788289440452
10,-3,897.6578630943224
10,-3,200.0
10,-4,875.4330076032188
10,-4,521.4404471574263
11,-4,561.8320504320084
11,-4,1509.8894237178647
11,-5,1201.1706669047594
11,-5,200.0
11,-6,3277.78026277439
11,-6,1758.5077983155115
11,-7,249.28635999467951
11,-7,321.06969349607107
11,-8,1957.595953195794
11,-8,487.6139336446143
10,-8,200.0
10,-8,1215.7101252502553
9,-8,801.3626105087018
9,-8,1729.0379071255757
8,-8,1781.0040058107077
8,-8,827.2782409161157
8,-9,752.5235937795474
8,-9,959.5383321360172
8,-8,200.0
8,-8,200.0
7,-8,512.537565124085
7,-8,1546.0413825079831
6,-8,1606.8605965697227
6,-8,1394.19355862283
6,-9,200.0
6,-9,1460.7684338298968
6,-10,1215.4793638130013
6,-10,200.0
6,-11,887.2249565919388
6,-11,1947.5808244093203
6,-12,2400.9702681335993
6,-12,2047.066110407773
6,-13,3164.0614072004114
6,-13,200.0
6,-14,200.0
6,-14,200.0
5,-14,200.0
5,-14,1017.678153686132
5,-15,200.0
5,-15,200.0
4,-15,200.0
4,-15,473.8193563033304
5,-15,590.2954154836125
5,-15,1053.1502961288297
4,-15,1088.7163595159352
4,-15,200.0
5,-15,200.0
5,-15,826.3038254345856
4,-15,200.0
4,-15,513.0572379707194
3,-15,1011.556989640184
3,-15,200.0
3,-16,933.1150335651566
3,-16,367.38514574070234
4,-16,737.8583965713449
4,-16,200.0
4,-17,200.0
4,-17,200.0
5,-17,200.0
5,-17,1836.5019753776105
4,-17,200.0
4,-17,200.0
3,-17,200.0
3,-17,200.0
2,-17,200.0
2,-17,499.7028722899481
2,-18,200.0
2,-18,200.0
2,-19,200.0
2,-19,336.91067938479716
2,-20,200.0
2,-20,200.0
1,-20,1777.5625314784847
1,-20,200.0
2,-20,200.0
2,-20,200.0
1,-20,200.0
1,-20,200.0
0,-20,200.0
0,-20,200.0
-1,-20,205.22459135122347
-1,-20,747.8345202183416
-1,-19,200.0
-1,-19,200.0
0,-19,200.0
0,-19,1989.2528462517862
0,-20,200.0
0,-20,200.0
0,-19,200.0
0,-19,200.0
1,-19,200.0
1,-19,200.0
2,-19,200.0
2,-19,200.0
2,-18,200.0
2,-18,778.119724140189
2,-19,200.0
2,-19,200.0
2,-18,200.0
2,-18,200.0
2,-17,1877.1004528623687
2,-17,1715.4266299080266
2,-16,1378.9750575174296
2,-16,200.0
2,-15,466.99611487991166
2,-15,347.94764617927564
2,-14,528.0710464894298
2,-14,200.0
2,-13,200.0
2,-13,200.0
2,-12,649.3685817252399
2,-12,326.5669725801699
2,-11,387.6687448948853
2,-11,548.719722991641
3,-11,980.9638370689653
3,-11,730.1979469006798
4,-11,2120.341997769103
4,-11,1561.587923421449
4,-10,200.0
4,-10,200.0
4,-11,978.3826222973398
4,-11,200.0
4,-10,2589.7434133340516
4,-10,200.0
4,-9,2358.347624475242
4,-9,353.25456305761145
5,-9,438.8039122002099
5,-9,200.0
5,-8,3600.0
5,-8,3035.8460209311615
5,-7,530.8805668996599
5,-7,200.0
6,-7,200.0
6,-7,1081.198040808114
7,-7,1498.48700613452
7,-7,200.0
8,-7,200.0
8,-7,243.818093646308
9,-7,200.0
9,-7,1141.0852674044754
9,-6,200.0
9,-6,3052.8048228973266
9,-5,997.0096232634667
9,-5,1899.9466253122612
9,-4,200.0
9,-4,475.072895617942
9,-3,1154.7176740889124
9,-3,1533.269447767124
10,-3,2648.9256171413576
10,-3,2457.2591296425126
10,-2,692.6398452672516
10,-2,730.7151693830156
10,-1,200.0
10,-1,556.08935920454
10,-2,2411.637776508711
10,-2,2917.5199796396196
10,-1,200.0
10,-1,1596.8702453931892
10,-2,200.0
10,-2,2218.889133454689
11,-2,682.499711527312
11,-2,469.6092343120808
11,-1,200.0
11,-1,200.0
11,0,298.11696743816793
11,0,2538.345996723692
11,1,200.0
11,1,888.4219279722536
11,2,200.0
11,2,661.586147777733
11,3,1246.7769291096151
11,3,200.0
11,4,200.0
11,4,1639.7122582288973
12,4,2643.2071006047336
12,4,1015.3453824308906
13,4,200.0
13,4,1064.7401919163492
12,4,200.0
