15,8,94.15915753162597
15,8,418.3519401201794
15,8,255.2603846756469
15,8,50.0
16,8,50.0
16,8,50.0
16,8,259.8093071683755
16,8,598.8278828082133
16,8,123.51862776230467
15,8,175.30000902846064
15,8,50.0
15,8,50.0
15,8,50.0
15,8,50.0
16,8,50.0
16,8,697.4887260822051
16,8,849.3834266116376
16,8,50.0
16,8,50.0
17,8,50.0
17,8,50.0
17,8,263.6087149220299
17,8,528.4693147598734
17,8,50.0
18,8,50.0
18,8,50.0
18,8,50.0
18,8,50.0
18,8,50.0
19,8,50.0
19,8,50.0
19,8,50.0
19,8,50.0
19,8,50.0
20,8,50.0
20,8,120.43811022640296
20,8,50.0
20,8,235.55946218454676
20,8,50.0
20,7,50.0
20,7,50.0
20,7,158.19212656539452
20,7,50.0
20,7,93.4962507495908
20,6,133.98127370215536
20,6,406.72842765384246
20,6,57.651322059146004
20,6,50.0
20,6,50.0
19,6,50.0
19,6,158.38142814031139
19,6,518.8966996779102
19,6,426.4928918406696
19,6,154.48059538569117
19,5,484.90643016881745
19,5,50.0
19,5,50.0
19,5,50.0
19,5,767.0435193731194
18,5,474.5670910539319
18,5,492.6428824051445
18,5,50.0
18,5,50.0
18,5,100.10652564150904
18,4,50.0
18,4,50.0
18,4,900.0
18,4,547.7012619655434
18,4,50.0
17,4,180.13315162332518
17,4,50.0
17,4,393.6133731616221
17,4,50.0
17,4,50.0
17,3,50.0
17,3,276.3487025524228
17,3,191.60315031400455
17,3,50.0
17,3,491.2864666554666
16,3,50.0
16,3,281.2220892671953
16,3,50.0
16,3,50.0
16,3,50.0
17,3,50.0
17,3,50.0
17,3,50.0
17,3,721.3156760859748
17,3,108.49655779839463
17,4,50.0
17,4,50.0
17,4,50.0
17,4,50.0
17,4,713.3124914300835
17,3,800.8923653629724
17,3,50.0
17,3,50.0
17,3,50.0
17,3,336.496387483158
17,2,50.0
17,2,50.0
17,2,273.959089259936
17,2,50.0
17,2,392.66679352180097
17,1,50.0
17,1,50.0
17,1,243.17272664484477
17,1,603.993251821034
17,1,742.18287783747
16,1,267.0152044507492
16,1,900.0
16,1,50.0
16,1,50.0
16,1,50.0
15,1,900.0
15,1,50.0
15,1,171.41764780503766
15,1,682.2600173479915
15,1,50.0
14,1,663.5457119493408
14,1,243.44630768886063
14,1,900.0
14,1,900.0
14,1,180.78952774377444
13,1,50.0
13,1,816.556034456194
13,1,50.0
13,1,342.8458951535412
13,1,900.0
13,0,900.0
13,0,304.93718236759867
13,0,50.0
13,0,50.0
13,0,359.9941379745803
12,0,639.5873322850209
12,0,50.0
12,0,50.0
12,0,251.7353862799724
12,0,50.0
11,0,50.0
11,0,500.8930975040918
11,0,303.31416874676546
11,0,388.74191363389457
11,0,621.9010978090058
11,-1,562.8199539640555
11,-1,249.60086649610622
11,-1,900.0
11,-1,219.98582272616983
11,-1,642.1177745116842
10,-1,900.0
10,-1,541.8930574013746
10,-1,775.8055633369901
10,-1,269.7678554466348
10,-1,900.0
10,-2,50.0
10,-2,365.8462718021192
10,-2,301.7612926198924
10,-2,469.4673154514277
10,-2,50.0
10,-3,50.0
10,-3,759.1063066106204
10,-3,203.4463417543297
10,-3,499.02175140818343
10,-3,569.6020709698232
11,-3,900.0
11,-3,50.0
11,-3,610.1817079296537
11,-3,621.0005961793768
11,-3,383.77507985354566
10,-3,900.0
10,-3,565.80984428935
10,-3,707.2797192878418
10,-3,900.0
10,-3,147.44983152698944
10,-4,900.0
10,-4,445.57428975074293
10,-4,482.95779115677266
10,-4,514.6895343093267
10,-4,548.7121665347275
11,-4,809.8879983087041
11,-4,358.77564010822414
11,-4,50.0
11,-4,253.14336485094648
11,-4,657.5112522027268
11,-5,50.0
11,-5,757.8302202319443
11,-5,50.0
11,-5,900.0
11,-5,529.9331622500918
11,-6,642.6403726329852
11,-6,683.8508719386257
11,-6,50.0
11,-6,198.23067388898346
11,-6,628.644856924147
11,-7,197.31930139119916
11,-7,250.97559999543427
11,-7,50.0
11,-7,264.9772297572407
11,-7,351.12534948556794
11,-8,50.0
11,-8,564.7474940143657
11,-8,50.0
11,-8,50.0
11,-8,144.97041996503478
10,-8,50.0
10,-8,50.0
10,-8,50.0
10,-8,514.7571437460988
10,-8,50.0
9,-8,407.56570084356997
9,-8,50.0
9,-8,683.9511899273482
9,-8,387.74323171147216
9,-8,50.0
8,-8,50.0
8,-8,900.0
8,-8,243.3706570124047
8,-8,50.0
8,-8,900.0
8,-9,50.0
8,-9,50.0
8,-9,900.0
8,-9,243.4880595257779
8,-9,900.0
8,-8,900.0
8,-8,381.6406689506693
8,-8,900.0
8,-8,224.43216747753303
8,-8,154.33099339663914
7,-8,574.25046569976
7,-8,744.1748582408366
7,-8,303.8105747024846
7,-8,415.87728501395134
7,-8,321.352019603925
6,-8,222.3138978966313
6,-8,334.922950186598
6,-8,264.7085081913935
6,-8,531.1694767266597
6,-8,900.0
6,-9,50.0
6,-9,464.19413690860654
6,-9,366.5614003192966
6,-9,268.08461841654923
6,-9,190.25946051971562
6,-10,202.27924854204
6,-10,322.56573998480314
6,-10,681.0011631733223
6,-10,286.5779893294178
6,-10,573.5721881760498
6,-11,460.83749467422416
6,-11,50.0
6,-11,50.0
6,-11,50.0
6,-11,50.0
6,-12,851.0992274379624
6,-12,507.28961191825954
6,-12,530.0744491004295
6,-12,53.622226152900254
6,-12,369.01908533118126
6,-13,250.5665551209288
6,-13,50.0
6,-13,50.0
6,-13,50.0
6,-13,222.88305932940364
6,-14,96.48016626016664
6,-14,50.0
6,-14,50.0
6,-14,308.89867161284076
6,-14,80.6451996214532
5,-14,296.7183839589155
5,-14,599.6178918182272
5,-14,50.0
5,-14,168.84568596088735
5,-14,164.3738214904966
5,-15,50.0
5,-15,645.8401249396516
5,-15,50.0
5,-15,50.0
5,-15,50.0
4,-15,50.0
4,-15,220.1635482111127
4,-15,158.0542479388491
4,-15,50.0
4,-15,50.0
5,-15,374.3713302336197
5,-15,120.70608263037356
5,-15,109.35535468364944
5,-15,515.3357758209976
5,-15,587.3570162746706
4,-15,100.20124986123972
4,-15,50.0
4,-15,50.0
4,-15,50.0
4,-15,50.0
5,-15,53.58552560375868
5,-15,858.5020518986908
5,-15,351.28032447002875
5,-15,900.0
5,-15,50.0
4,-15,243.46578263914438
4,-15,900.0
4,-15,50.0
4,-15,900.0
4,-15,50.0
3,-15,50.0
3,-15,286.2234859720915
3,-15,303.5853700945336
3,-15,553.8255519699815
3,-15,837.7606899613108
3,-16,50.0
3,-16,294.2759652019996
3,-16,304.8926878912131
3,-16,203.6877866867716
3,-16,814.5475703765376
4,-16,50.0
4,-16,50.0
4,-16,750.4018456300028
4,-16,189.11532945537323
4,-16,132.391303753015
4,-17,188.24877336994646
4,-17,50.0
4,-17,213.87127300152554
4,-17,50.0
4,-17,889.3269963874892
5,-17,50.0
5,-17,283.3853988269375
5,-17,593.0624016083752
5,-17,50.0
5,-17,95.82330708928863
4,-17,738.2472157182482
4,-17,567.2971415174032
4,-17,50.0
4,-17,50.0
4,-17,379.5362166192775
3,-17,50.0
3,-17,50.0
3,-17,528.0610383251968
3,-17,448.1268045599859
3,-17,219.03227999914034
2,-17,50.0
2,-17,184.14770456954494
2,-17,50.0
2,-17,490.4111845746469
2,-17,468.3515158164129
2,-18,50.0
2,-18,50.0
2,-18,50.0
2,-18,50.0
2,-18,50.0
2,-19,50.0
2,-19,120.72238526371356
2,-19,311.71675491169884
2,-19,528.8390438494864
2,-19,50.0
2,-20,273.09663734653657
2,-20,50.0
2,-20,306.35577907648724
2,-20,50.0
2,-20,337.65783475820547
1,-20,245.6836119114846
1,-20,900.0
1,-20,50.0
1,-20,50.0
1,-20,50.0
2,-20,471.28936675216687
2,-20,460.31775690775885
2,-20,321.7399089236697
2,-20,50.0
2,-20,50.0
1,-20,610.5351113565233
1,-20,50.0
1,-20,50.0
1,-20,50.0
1,-20,50.0
0,-20,305.8431225364688
0,-20,50.0
0,-20,50.0
0,-20,592.1119126074268
0,-20,50.0
-1,-20,50.0
-1,-20,775.1658317522334
-1,-20,50.0
-1,-20,517.6797784758603
-1,-20,300.2956053945332
-1,-19,334.28712649596616
-1,-19,459.3422468277396
-1,-19,263.72948781824033
-1,-19,163.79667672479155
-1,-19,50.0
0,-19,50.0
0,-19,563.5587565298142
0,-19,900.0
0,-19,50.0
0,-19,733.0274211086946
0,-20,900.0
0,-20,682.9199227190218
0,-20,50.0
0,-20,579.5396167295112
0,-20,50.0
0,-19,416.1105079673983
0,-19,683.1066641973237
0,-19,461.5440623991192
0,-19,50.0
0,-19,50.0
1,-19,50.0
1,-19,165.47977556023724
1,-19,900.0
1,-19,125.92465255602264
1,-19,50.0
2,-19,435.4807770368203
2,-19,239.04623565560905
2,-19,900.0
2,-19,50.0
2,-19,50.0
2,-18,50.0
2,-18,50.0
2,-18,50.0
2,-18,486.11423276768943
2,-18,500.3788946674132
2,-19,557.6127244353762
2,-19,50.0
2,-19,50.0
2,-19,50.0
2,-19,50.0
2,-18,50.0
2,-18,50.0
2,-18,50.0
2,-18,571.4641474578444
2,-18,175.3053324204658
2,-17,114.70172387148565
2,-17,50.0
2,-17,183.0620517510003
2,-17,630.9794418636739
2,-17,50.0
2,-16,50.0
2,-16,50.0
2,-16,50.0
2,-16,231.49882461814852
2,-16,432.2940884865918
2,-15,50.0
2,-15,900.0
2,-15,129.6150840593072
2,-15,50.0
2,-15,390.4393642144308
2,-14,292.62092553303876
2,-14,170.52260595647422
2,-14,50.0
2,-14,50.0
2,-14,487.53465737862314
2,-13,447.8906749426092
2,-13,50.0
2,-13,575.1911931748457
2,-13,580.1047689424622
2,-13,50.0
2,-12,346.62272700834586
2,-12,50.0
2,-12,50.0
2,-12,282.76238705334356
2,-12,50.0
2,-11,539.9020707954406
2,-11,455.1856575321224
2,-11,50.0
2,-11,900.0
2,-11,565.0276400247565
3,-11,375.8559006080707
3,-11,900.0
3,-11,50.0
3,-11,202.2625951974763
3,-11,802.7902125674989
4,-11,602.1367550000157
4,-11,390.7602255450117
4,-11,442.18126692923664
4,-11,450.2841546243468
4,-11,50.0
4,-10,578.4660743307207
4,-10,900.0
4,-10,336.9880363883992
4,-10,309.63872284628616
4,-10,65.56657064936735
4,-11,377.40031207886443
4,-11,537.620732749438
4,-11,739.7083191062228
4,-11,900.0
4,-11,407.1009582869986
4,-10,699.3542496948098
4,-10,900.0
4,-10,437.6369283352856
4,-10,783.5413869292286
4,-10,465.4455456432108
4,-9,50.0
4,-9,268.41482875272953
4,-9,50.0
4,-9,818.4182774388639
4,-9,900.0
5,-9,570.1032390944334
5,-9,187.4726435311042
5,-9,155.58906536108827
5,-9,493.31663089318425
5,-9,530.0084431353786
5,-8,735.06983675934
5,-8,50.0
5,-8,218.9019978635064
5,-8,900.0
5,-8,376.57116436906875
5,-7,50.0
5,-7,50.0
5,-7,222.82855644023232
5,-7,50.0
5,-7,900.0
6,-7,829.0389050829074
6,-7,750.0710260044013
6,-7,126.28998444047699
6,-7,900.0
6,-7,196.0553023717859
7,-7,571.0915960130875
7,-7,302.0994141111591
7,-7,714.6717738243094
7,-7,50.0
7,-7,50.0
8,-7,900.0
8,-7,149.2784869156079
8,-7,242.1969581511431
8,-7,50.0
8,-7,50.0
9,-7,473.83406521942305
9,-7,900.0
9,-7,900.0
9,-7,640.1568675940166
9,-7,50.0
9,-6,546.9106233949644
9,-6,390.72615000202217
9,-6,50.0
9,-6,51.88422066532996
9,-6,256.8750922898757
9,-5,50.0
9,-5,407.6281249867911
9,-5,511.47965951943604
9,-5,772.4690995361025
9,-5,900.0
9,-4,182.71101145360242
9,-4,900.0
9,-4,506.53149468743266
9,-4,365.23718502682635
9,-4,70.85060302765532
9,-3,462.88142239511524
9,-3,265.1610933193732
9,-3,50.0
9,-3,184.21555320114362
9,-3,561.3007707581716
10,-3,50.0
10,-3,500.69093136268566
10,-3,238.17709508590553
10,-3,50.0
10,-3,388.8010308342502
10,-2,74.815071330855
10,-2,287.04235992685165
10,-2,220.1412117480759
10,-2,900.0
10,-2,173.74996700545728
10,-1,597.704332892547
10,-1,900.0
10,-1,136.2849236369638
10,-1,50.0
10,-1,376.3510900742649
10,-2,50.0
10,-2,327.52177631653035
10,-2,81.20133900091014
10,-2,366.20008784567324
10,-2,50.0
10,-1,900.0
10,-1,50.0
10,-1,261.8150480726194
10,-1,163.4193094129589
10,-1,387.37698500734257
10,-2,570.5052417749886
10,-2,73.67631935939363
10,-2,576.9576354997631
10,-2,652.386943483531
10,-2,59.16136193953281
11,-2,162.84601069028724
11,-2,207.14274420380877
11,-2,702.9816078628478
11,-2,50.0
11,-2,900.0
11,-1,431.60215657814786
11,-1,900.0
11,-1,873.256772163581
11,-1,62.02569096502771
11,-1,690.9170173962442
11,0,50.0
11,0,81.29201041972519
11,0,50.0
11,0,676.952145231283
11,0,848.648073233316
11,1,260.4049577519553
11,1,658.4991523765558
11,1,328.5890989369327
11,1,746.8689760632031
11,1,392.51023087796403
11,2,50.0
11,2,550.5463083018013
11,2,745.8931916768199
11,2,416.2792749264794
11,2,50.0
11,3,50.0
11,3,50.0
11,3,50.0
11,3,900.0
11,3,144.4408424340399
11,4,147.5904998580022
11,4,50.0
11,4,733.0043817182602
11,4,584.7517424423213
11,4,504.27900613699404
12,4,50.0
12,4,900.0
12,4,674.7252506132579
12,4,519.4611552373378
12,4,291.5257402138433
13,4,50.0
13,4,50.0
13,4,702.3785243610071
13,4,50.0
13,4,755.6279493518158
12,4,50.0
12,4,50.0
12,4,240.81061074167675
12,4,50.0
12,4,423.50947775396435
12,3,80.54759491057467
12,3,217.34422831047374
12,3,58.84784690775871
12,3,50.0
12,3,50.0
12,2,542.8461254715595
12,2,499.4543076300313
12,2,404.29373517121013
12,2,130.88828743095974
12,2,50.0
12,1,900.0
12,1,451.76610334857
12,1,245.373831186417
12,1,236.28148832970535
12,1,886.4337484032542
11,1,601.8539231046094
11,1,151.71479924157364
11,1,869.9094074203379
11,1,344.08571946276385
11,1,885.7371491302263
11,0,266.816390865922
11,0,50.0
11,0,50.0
11,0,388.4982377715512
11,0,71.2537582194816
11,-1,630.6664664878781
11,-1,526.2626140056017
11,-1,251.5390187751948
11,-1,834.0997292829929
11,-1,747.8504274556627
11,-2,652.9458330952868
11,-2,50.0
11,-2,50.0
11,-2,529.0278612935223
11,-2,900.0
11,-3,519.9471399531346
11,-3,97.52120063218274
11,-3,769.9733788912251
11,-3,721.1444142089472
11,-3,161.94131693930848
10,-3,835.0658029454332
10,-3,50.0
10,-3,50.0
10,-3,144.25014715542343
10,-3,98.71445345791042
10,-4,753.4953116359723
10,-4,900.0
10,-4,900.0
10,-4,71.85081739431973
10,-4,50.0
9,-4,831.9473894826556
9,-4,900.0
9,-4,86.99443848676475
9,-4,589.6663800506301
9,-4,316.0347660587919
9,-5,768.8346849922443
9,-5,50.0
9,-5,50.0
9,-5,50.0
9,-5,349.047910157591
9,-6,50.0
9,-6,225.6406328524058
9,-6,711.549222225108
9,-6,330.3490607750527
9,-6,567.5010199293099
9,-5,50.0
9,-5,900.0
9,-5,50.0
9,-5,525.1938623341672
9,-5,802.103470469021
10,-5,900.0
10,-5,806.3393852297223
10,-5,50.0
10,-5,900.0
10,-5,509.4062246601798
10,-6,900.0
10,-6,50.0
10,-6,50.0
10,-6,900.0
10,-6,900.0
10,-7,495.94408777839897
10,-7,865.270022405392
10,-7,410.6716320403431
10,-7,900.0
10,-7,50.0
9,-7,215.8192769554184
9,-7,742.0597473039169
9,-7,589.9247109586931
9,-7,244.40655539751577
9,-7,223.3784538105137
8,-7,266.5733290780543
8,-7,381.4161338531771
8,-7,900.0
8,-7,178.24112478898607
8,-7,112.30838387322478
7,-7,170.6816189028043
7,-7,900.0
7,-7,900.0
7,-7,139.88557528692687
7,-7,53.157442820479844
7,-8,900.0
7,-8,50.0
7,-8,155.6965290499652
7,-8,318.8407720844349
7,-8,514.278564451717
7,-9,130.50910106724734
7,-9,230.1115582429523
7,-9,50.0
7,-9,50.0
7,-9,900.0
6,-9,94.517620646578
6,-9,50.0
6,-9,149.06211049957378
6,-9,739.4826662585797
6,-9,418.78389938576083
5,-9,50.0
5,-9,50.0
5,-9,824.3912659270817
5,-9,164.35058120081266
5,-9,900.0
5,-10,98.41691626171547
5,-10,809.7034609556767
5,-10,574.6021930122794
5,-10,900.0
5,-10,900.0
5,-11,50.0
5,-11,554.9728329931486
5,-11,50.0
5,-11,900.0
5,-11,50.0
5,-12,183.9234486675168
5,-12,415.7058187669745
5,-12,50.0
5,-12,332.46188788657173
5,-12,50.0
4,-12,50.0
4,-12,50.0
4,-12,50.0
4,-12,900.0
4,-12,50.0
3,-12,636.6529121682036
3,-12,570.2680025383955
3,-12,533.5889345084368
3,-12,524.8032301236703
3,-12,50.0
2,-12,603.8196613260025
2,-12,900.0
2,-12,676.796702310168
2,-12,694.3307509596045
2,-12,626.5169242478116
1,-12,720.6201163719877
1,-12,50.0
1,-12,130.64152291431427
1,-12,81.02762627833829
1,-12,457.21533256335556
1,-13,730.4130943451081
1,-13,900.0
1,-13,278.88238620567034
1,-13,50.0
1,-13,447.9826787183465
2,-13,290.6817166236542
2,-13,159.5625175350323
2,-13,50.0
2,-13,823.9300040115525
2,-13,245.8639504175137
1,-13,112.4726275799433
1,-13,50.0
1,-13,291.4955043466712
1,-13,175.46545287557126
1,-13,900.0
1,-12,811.4282123844496
1,-12,50.0
1,-12,50.0
1,-12,50.0
1,-12,563.0236844336981
1,-13,384.60176835561333
1,-13,623.585410513034
1,-13,900.0
1,-13,50.0
1,-13,50.0
0,-13,50.0
0,-13,143.0826075974016
0,-13,225.87237355669774
0,-13,112.91928192304019
0,-13,50.0
-1,-13,900.0
-1,-13,50.0
-1,-13,464.5667677989427
-1,-13,50.0
-1,-13,255.6006801581031
-2,-13,591.0281929386881
-2,-13,348.832655396082
-2,-13,347.62330644599047
-2,-13,632.0731372026049
-2,-13,407.8242415181726
-1,-13,50.0
-1,-13,50.0
-1,-13,50.0
-1,-13,50.0
-1,-13,86.38564307193394
-1,-14,413.3538082886356
-1,-14,50.0
-1,-14,540.8494562892572
-1,-14,533.3720375074369
-1,-14,74.69364255051076
-2,-14,277.0033965404101
-2,-14,208.84689988279052
-2,-14,256.01424930658993
-2,-14,175.31003870943408
-2,-14,50.0
-2,-15,50.0
-2,-15,569.8843862832327
-2,-15,50.0
-2,-15,194.9132385616624
-2,-15,410.42032436315117
-3,-15,50.0
-3,-15,446.8544653931054
-3,-15,50.0
-3,-15,595.9004627851695
-3,-15,50.0
-4,-15,50.0
-4,-15,354.37864183793755
-4,-15,50.0
-4,-15,476.529732570553
-4,-15,50.0
-4,-16,322.0457166963917
-4,-16,363.76316955182773
-4,-16,458.7719016561543
-4,-16,110.28942708545047
-4,-16,624.9408275485971
-4,-17,50.0
-4,-17,384.42783254987006
-4,-17,900.0
-4,-17,75.79562166701808
-4,-17,468.3334463306741
-3,-17,50.0
-3,-17,777.9901708855197
-3,-17,249.44552551659027
-3,-17,50.0
-3,-17,448.5512715525955
-4,-17,50.0
-4,-17,50.0
-4,-17,288.2826163665553
-4,-17,50.0
-4,-17,586.268140766784
-5,-17,50.0
-5,-17,50.0
-5,-17,50.0
-5,-17,881.180429702454
-5,-17,225.98915981257926
-6,-17,521.2505957071144
-6,-17,687.1019852309352
-6,-17,94.62049988564459
-6,-17,50.0
-6,-17,50.0
-7,-17,50.0
-7,-17,147.78843553130997
-7,-17,740.6267854480294
-7,-17,191.85522530443203
-7,-17,305.8168414366232
-7,-18,520.7058638643928
-7,-18,50.0
-7,-18,50.0
-7,-18,347.6098180052245
-7,-18,50.0
-7,-19,86.87794549485187
-7,-19,228.88790975932727
-7,-19,399.6258181346776
-7,-19,664.0029422387129
-7,-19,50.0
-8,-19,50.0
-8,-19,50.0
-8,-19,50.0
-8,-19,50.0
-8,-19,50.0
-8,-18,442.82702367541776
-8,-18,50.0
-8,-18,50.0
-8,-18,50.0
-8,-18,70.10889872762795
-8,-19,95.50576203479525
-8,-19,50.0
-8,-19,50.0
-8,-19,734.0398098312663
-8,-19,50.0
-8,-20,50.0
-8,-20,50.0
-8,-20,50.0
-8,-20,50.0
-8,-20,50.0
-8,-19,50.0
-8,-19,50.0
-8,-19,50.0
-8,-19,496.6213359026209
-8,-19,50.0
-7,-19,382.21195166328596
-7,-19,50.0
-7,-19,50.0
-7,-19,588.3189742306386
-7,-19,239.06517175780527
-6,-19,50.0
-6,-19,50.0
-6,-19,50.0
-6,-19,50.0
-6,-19,271.1700503120349
-5,-19,50.0
-5,-19,50.0
-5,-19,50.0
-5,-19,50.0
-5,-19,50.0
-4,-19,55.330901429562516
-4,-19,523.4424196235543
-4,-19,50.0
-4,-19,50.0
-4,-19,261.7049852814682
-4,-20,50.0
-4,-20,50.0
-4,-20,50.0
-4,-20,50.0
-4,-20,50.0
-4,-19,50.0
-4,-19,50.0
-4,-19,50.0
-4,-19,266.91164785329227
-4,-19,50.0
-4,-18,50.0
-4,-18,50.0
-4,-18,853.4687377023489
-4,-18,50.0
-4,-18,50.0
-3,-18,50.0
-3,-18,50.0
-3,-18,50.0
-3,-18,50.0
-3,-18,50.0
-2,-18,50.0
-2,-18,448.36363669919456
-2,-18,50.0
-2,-18,578.0194555886711
-2,-18,858.7630734256616
-1,-18,273.07408201228407
-1,-18,50.0
-1,-18,50.0
-1,-18,131.50710230260898
-1,-18,50.0
0,-18,154.6408418294526
0,-18,50.0
0,-18,50.0
0,-18,50.0
0,-18,50.0
0,-17,268.4208843014574
0,-17,292.7452067686669
0,-17,50.0
0,-17,533.4125519554369
0,-17,217.67010180672168
0,-16,50.0
0,-16,50.0
0,-16,900.0
0,-16,50.0
0,-16,50.0
1,-16,500.94559799859314
1,-16,50.0
1,-16,50.0
1,-16,180.39406573110435
1,-16,50.0
2,-16,548.4346004457593
2,-16,824.5590674319847
2,-16,282.1725288359773
2,-16,50.0
2,-16,50.0
2,-15,456.52320751964515
