-12,15,50.0
-12,15,50.0
-12,15,50.0
-12,15,50.0
-12,14,50.45945789831479
-12,14,235.74331925956164
-12,14,853.5551979150914
-12,14,61.33812516634332
-12,14,50.0
-12,13,50.0
-12,13,349.8171822801103
-12,13,50.0
-12,13,50.0
-12,13,50.0
-12,12,875.6933634694575
-12,12,50.0
-12,12,597.2996830921034
-12,12,108.00075829732722
-12,12,139.1913649001525
-13,12,50.0
-13,12,50.0
-13,12,50.0
-13,12,50.0
-13,12,50.0
-14,12,603.4847265900594
-14,12,50.0
-14,12,50.0
-14,12,516.8009234456292
-14,12,50.0
-15,12,50.0
-15,12,180.38493711668622
-15,12,209.3968080219194
-15,12,583.6713079153765
-15,12,458.5274046286287
-15,13,178.82849781892241
-15,13,400.8412918601588
-15,13,87.17011708067338
-15,13,50.0
-15,13,341.1691101515799
-15,12,214.01367421152293
-15,12,50.0
-15,12,63.44554577978053
-15,12,50.0
-15,12,153.67532018577245
-15,11,461.35455547755726
-15,11,220.22262589441857
-15,11,50.0
-15,11,50.0
-15,11,50.0
-15,10,50.0
-15,10,494.688838473598
-15,10,50.0
-15,10,118.24787318323271
-15,10,50.0
-15,9,50.0
-15,9,677.8459517289928
-15,9,50.0
-15,9,227.64513123949627
-15,9,50.0
-15,10,218.15322132416804
-15,10,145.94011341093744
-15,10,157.98746317696052
-15,10,50.0
-15,10,88.00489013178921
-15,9,143.6517997381937
-15,9,50.0
-15,9,50.0
-15,9,90.26788177960023
-15,9,85.3111455003758
-15,10,50.0
-15,10,865.0131836348477
-15,10,50.0
-15,10,50.0
-15,10,50.0
-15,9,50.0
-15,9,50.0
-15,9,121.08744983747349
-15,9,50.0
-15,9,317.70862854635806
-15,8,244.24745801789194
-15,8,312.85052825643976
-15,8,314.48910884931615
-15,8,50.0
-15,8,274.8120897620377
-15,7,50.0
-15,7,50.0
-15,7,86.38959414593691
-15,7,900.0
-15,7,328.6529952210659
-15,8,50.0
-15,8,50.0
-15,8,177.9828783794489
-15,8,50.0
-15,8,726.7566556989868
-15,7,615.9169323094276
-15,7,50.0
-15,7,50.0
-15,7,50.0
-15,7,405.62387880729693
-15,6,853.5853275630024
-15,6,96.91003296377308
-15,6,50.0
-15,6,50.0
-15,6,50.0
-15,5,50.0
-15,5,138.0401164685639
-15,5,195.55522105861195
-15,5,476.74937648301335
-15,5,242.92467476812112
-15,4,50.0
-15,4,50.0
-15,4,50.0
-15,4,61.70687265241409
-15,4,50.0
-16,4,497.0042736696691
-16,4,262.67831904417926
-16,4,50.0
-16,4,50.0
-16,4,50.0
-16,3,228.87266993808598
-16,3,50.0
-16,3,50.0
-16,3,235.68212297494568
-16,3,50.0
-16,2,50.0
-16,2,50.0
-16,2,50.0
-16,2,62.746327330720035
-16,2,50.0
-16,1,66.2923697822674
-16,1,50.0
-16,1,50.0
-16,1,541.5298702388806
-16,1,171.28775686811727
-17,1,701.5364521034236
-17,1,50.0
-17,1,85.21162617476583
-17,1,693.2497292081943
-17,1,50.0
-17,0,707.1204264639287
-17,0,604.6449030440889
-17,0,552.6290553049511
-17,0,50.0
-17,0,50.0
-17,-1,50.0
-17,-1,332.17197230609065
-17,-1,225.73093456141314
-17,-1,120.26095528752178
-17,-1,50.0
-18,-1,50.0
-18,-1,50.0
-18,-1,368.1528833689132
-18,-1,51.66179493987764
-18,-1,50.0
-18,-2,319.59751712447445
-18,-2,50.0
-18,-2,50.0
-18,-2,50.0
-18,-2,50.0
-18,-3,50.0
-18,-3,165.2509287019473
-18,-3,95.1256054151163
-18,-3,50.0
-18,-3,50.0
-18,-4,50.0
-18,-4,299.80461953869224
-18,-4,50.0
-18,-4,50.0
-18,-4,50.0
-18,-3,745.1938878669154
-18,-3,50.0
-18,-3,50.0
-18,-3,50.0
-18,-3,50.0
-18,-4,50.0
-18,-4,50.0
-18,-4,124.3093752611417
-18,-4,50.0
-18,-4,50.0
-18,-5,50.0
-18,-5,50.0
-18,-5,450.67856102229575
-18,-5,50.0
-18,-5,50.0
-18,-6,50.0
-18,-6,50.0
-18,-6,172.05341008255238
-18,-6,335.21976348189696
-18,-6,50.0
-18,-7,80.60794983370226
-18,-7,50.0
-18,-7,50.0
-18,-7,50.0
-18,-7,50.0
-18,-8,50.0
-18,-8,50.0
-18,-8,105.13595113828973
-18,-8,50.0
-18,-8,220.621618234677
-18,-9,50.0
-18,-9,707.641055152115
-18,-9,358.2057051221304
-18,-9,50.0
-18,-9,50.0
-18,-10,50.0
-18,-10,50.0
-18,-10,50.0
-18,-10,50.0
-18,-10,50.0
-18,-11,50.0
-18,-11,50.0
-18,-11,521.2028494763666
-18,-11,389.4759129991862
-18,-11,50.0
-18,-10,50.0
-18,-10,50.0
-18,-10,50.0
-18,-10,50.0
-18,-10,50.0
-17,-10,50.0
-17,-10,50.0
-17,-10,50.0
-17,-10,50.0
-17,-10,50.0
-18,-10,50.0
-18,-10,50.0
-18,-10,274.9761072616519
-18,-10,54.361127561567486
-18,-10,455.76671726801624
-18,-9,50.0
-18,-9,50.0
-18,-9,50.0
-18,-9,50.0
-18,-9,50.0
-18,-10,197.15008623612323
-18,-10,243.0357119847531
-18,-10,50.0
-18,-10,50.0
-18,-10,50.0
-18,-11,319.8404168402725
-18,-11,50.0
-18,-11,50.0
-18,-11,50.0
-18,-11,50.0
-18,-12,50.0
-18,-12,50.0
-18,-12,50.0
-18,-12,50.0
-18,-12,136.33789880796826
-18,-13,50.0
-18,-13,50.0
-18,-13,50.0
-18,-13,261.91933925065825
-18,-13,360.4463165349897
-18,-14,50.0
-18,-14,50.0
-18,-14,50.0
-18,-14,61.225961730605434
-18,-14,50.0
-18,-15,50.0
-18,-15,50.0
-18,-15,50.0
-18,-15,50.0
-18,-15,50.0
-18,-16,50.0
-18,-16,50.0
-18,-16,50.0
-18,-16,50.0
-18,-16,92.48541731154458
-18,-17,410.6328383419823
-18,-17,50.0
-18,-17,50.0
-18,-17,50.0
-18,-17,50.0
-17,-17,50.0
-17,-17,50.0
-17,-17,50.0
-17,-17,82.53748905593574
-17,-17,50.0
-17,-18,50.0
-17,-18,50.0
-17,-18,50.0
-17,-18,50.0
-17,-18,50.0
-17,-19,50.0
-17,-19,50.0
-17,-19,50.0
-17,-19,50.0
-17,-19,50.0
-16,-19,50.0
-16,-19,50.0
-16,-19,50.0
-16,-19,535.1108042034109
-16,-19,50.0
-17,-19,50.0
-17,-19,50.0
-17,-19,50.0
-17,-19,50.0
-17,-19,50.0
-18,-19,50.0
-18,-19,50.0
-18,-19,50.0
-18,-19,50.0
-18,-19,50.0
-19,-19,145.56606106324864
-19,-19,50.0
-19,-19,50.0
-19,-19,50.0
-19,-19,50.0
-19,-20,50.0
-19,-20,50.0
-19,-20,50.0
-19,-20,50.0
-19,-20,50.0
-18,-20,50.0
-18,-20,109.8719187845764
-18,-20,50.0
-18,-20,50.0
-18,-20,50.0
-19,-20,50.0
-19,-20,50.0
-19,-20,50.0
-19,-20,50.0
-19,-20,50.0
-20,-20,50.0
-20,-20,50.0
-20,-20,50.0
-20,-20,50.0
-20,-20,50.0
-19,-20,287.6987335945764
-19,-20,50.0
-19,-20,50.0
-19,-20,50.0
-19,-20,50.0
-19,-19,50.0
-19,-19,50.0
-19,-19,50.0
-19,-19,50.0
-19,-19,50.0
-18,-19,50.0
-18,-19,50.0
-18,-19,50.0
-18,-19,50.0
-18,-19,50.0
-19,-19,50.0
-19,-19,50.0
-19,-19,50.0
-19,-19,50.0
-19,-19,67.79998903301458
-19,-18,279.28976541799796
-19,-18,50.0
-19,-18,50.0
-19,-18,50.0
-19,-18,50.0
-20,-18,50.0
-20,-18,121.40009256355557
-20,-18,50.0
-20,-18,50.0
-20,-18,50.0
-20,-17,50.0
-20,-17,50.0
-20,-17,50.0
-20,-17,50.0
-20,-17,50.0
-19,-17,50.0
-19,-17,50.0
-19,-17,50.0
-19,-17,50.0
-19,-17,50.0
-19,-16,50.0
-19,-16,50.0
-19,-16,50.0
-19,-16,50.0
-19,-16,126.36550810909324
-18,-16,50.0
-18,-16,50.0
-18,-16,138.51675350016734
-18,-16,50.0
-18,-16,50.0
-17,-16,158.43051093473161
-17,-16,50.0
-17,-16,50.0
-17,-16,50.0
-17,-16,50.0
-16,-16,50.0
-16,-16,50.0
-16,-16,50.0
-16,-16,50.0
-16,-16,50.0
-15,-16,50.0
-15,-16,50.0
-15,-16,50.0
-15,-16,50.0
-15,-16,50.0
-16,-16,251.14458830898764
-16,-16,50.0
-16,-16,223.3640833827999
-16,-16,50.0
-16,-16,50.0
-15,-16,50.0
-15,-16,50.0
-15,-16,50.0
-15,-16,50.0
-15,-16,50.0
-16,-16,50.0
-16,-16,50.0
-16,-16,50.0
-16,-16,50.0
-16,-16,50.0
-16,-15,50.0
-16,-15,100.17826481108432
-16,-15,50.0
-16,-15,50.0
-16,-15,146.0525388267888
-15,-15,50.0
-15,-15,50.0
-15,-15,50.0
-15,-15,148.50318411742484
-15,-15,50.0
-15,-14,50.0
-15,-14,50.0
-15,-14,50.0
-15,-14,50.0
-15,-14,50.0
-15,-13,50.0
-15,-13,50.0
-15,-13,50.0
-15,-13,50.0
-15,-13,50.0
-16,-13,200.48090023289177
-16,-13,99.85295151898055
-16,-13,50.0
-16,-13,50.0
-16,-13,50.0
-17,-13,50.0
-17,-13,50.0
-17,-13,50.0
-17,-13,50.0
-17,-13,50.0
-17,-12,194.16408949600515
-17,-12,50.0
-17,-12,50.0
-17,-12,102.22430848989137
-17,-12,169.89854341134884
-16,-12,50.0
-16,-12,50.0
-16,-12,50.0
-16,-12,175.3666986397521
-16,-12,50.0
-15,-12,50.0
-15,-12,50.0
-15,-12,50.0
-15,-12,50.0
-15,-12,50.0
-14,-12,50.0
-14,-12,400.90179330252494
-14,-12,50.0
-14,-12,50.0
-14,-12,460.57055091477446
-13,-12,50.0
-13,-12,347.9305121235219
-13,-12,50.0
-13,-12,50.0
-13,-12,50.0
-12,-12,50.0
-12,-12,50.0
-12,-12,268.4738094156618
-12,-12,50.0
-12,-12,50.0
-11,-12,50.0
-11,-12,50.0
-11,-12,50.0
-11,-12,50.0
-11,-12,50.0
-10,-12,152.6874236073402
-10,-12,238.45155119334976
-10,-12,172.4298543430379
-10,-12,50.0
-10,-12,86.47779541010968
-10,-11,50.0
-10,-11,50.0
-10,-11,479.6307341915187
-10,-11,183.22987207588784
-10,-11,50.0
-11,-11,50.0
-11,-11,50.0
-11,-11,50.0
-11,-11,441.62844511909924
-11,-11,50.0
-10,-11,50.0
-10,-11,297.40095059249995
-10,-11,383.94530721956346
-10,-11,205.07765638768055
-10,-11,474.299426186699
-10,-10,234.47766458214056
-10,-10,50.0
-10,-10,201.75660624160216
-10,-10,635.839414374298
-10,-10,900.0
-9,-10,501.3631101031799
-9,-10,72.23965948475336
-9,-10,641.7701171276797
-9,-10,50.0
-9,-10,548.8229753201781
-8,-10,50.0
-8,-10,50.0
-8,-10,50.0
-8,-10,825.7865550501735
-8,-10,50.0
-7,-10,321.79547615311424
-7,-10,138.66573210300402
-7,-10,271.28222435019575
-7,-10,759.2263277635885
-7,-10,335.5329593501689
-6,-10,509.82124044850144
-6,-10,426.2787735432352
-6,-10,50.0
-6,-10,512.2536979513277
-6,-10,603.5634375601209
-5,-10,50.0
-5,-10,113.40581256934797
-5,-10,266.82152292263333
-5,-10,352.1756845916794
-5,-10,469.4320189220569
-4,-10,267.36152186389893
-4,-10,239.38035247547646
-4,-10,50.0
-4,-10,524.3836033370636
-4,-10,270.68779381522086
-3,-10,367.21767968348837
-3,-10,900.0
-3,-10,837.638460041013
-3,-10,55.816159691145
-3,-10,900.0
-3,-9,50.0
-3,-9,50.0
-3,-9,129.84924710007314
-3,-9,50.0
-3,-9,519.7861200601386
-4,-9,68.63776197080884
-4,-9,50.0
-4,-9,60.608756845633536
-4,-9,288.9708939705417
-4,-9,663.5453386107632
-3,-9,50.0
-3,-9,363.7691227341539
-3,-9,130.45622178782418
-3,-9,401.673305221762
-3,-9,338.62565119680835
-3,-8,900.0
-3,-8,900.0
-3,-8,854.0805848471744
-3,-8,50.0
-3,-8,50.0
-3,-7,559.4536468553694
-3,-7,419.7043878344581
-3,-7,900.0
-3,-7,248.8367468983151
-3,-7,424.06618261316686
-3,-6,431.983140727342
-3,-6,266.3536273234273
-3,-6,608.8347918580835
-3,-6,130.48970864386865
-3,-6,765.4420298676665
-2,-6,244.76828403987142
-2,-6,286.95962868011145
-2,-6,171.83171444143545
-2,-6,314.07188270080235
-2,-6,900.0
-2,-7,563.0088608017817
-2,-7,501.5846887013121
-2,-7,885.2543846918525
-2,-7,225.99938424634948
-2,-7,50.0
-1,-7,222.02734715637447
-1,-7,900.0
-1,-7,428.13354067064245
-1,-7,730.5549109727748
-1,-7,50.0
-1,-6,900.0
-1,-6,900.0
-1,-6,350.84137672070244
-1,-6,370.6008380378931
-1,-6,439.1622406721667
0,-6,113.32545513353728
0,-6,482.5851116569228
0,-6,602.7226971669097
0,-6,278.39505882218634
0,-6,900.0
0,-5,704.7110007250666
0,-5,588.4963574472471
0,-5,572.4623097609056
0,-5,50.0
0,-5,734.4498020946439
1,-5,900.0
1,-5,400.42265951894103
1,-5,220.7586130159994
1,-5,529.2687488265386
1,-5,50.0
2,-5,340.3470729006347
2,-5,819.9359256369045
2,-5,900.0
2,-5,900.0
2,-5,132.18782470820008
2,-4,784.6489198285585
2,-4,50.0
2,-4,663.2968826077777
2,-4,50.0
2,-4,645.7259555964063
1,-4,463.1269559692156
1,-4,900.0
1,-4,523.3500925123589
1,-4,653.7061940195623
1,-4,486.62744500182527
2,-4,439.9367102682548
2,-4,696.8367389004512
2,-4,900.0
2,-4,564.0261347201148
2,-4,900.0
2,-3,900.0
2,-3,50.0
2,-3,69.06100306788574
2,-3,623.8320045269668
2,-3,900.0
3,-3,500.35048394320484
3,-3,488.5912490684609
3,-3,62.585643820602854
3,-3,416.064827848666
3,-3,413.60016582484934
4,-3,671.7395669384325
4,-3,657.3191815432023
4,-3,373.4116879059945
4,-3,193.76611211479386
4,-3,828.9702960943669
5,-3,427.26869506146
5,-3,900.0
5,-3,378.26999741949277
5,-3,734.5663645122276
5,-3,572.8285098518012
6,-3,101.31395692350537
6,-3,398.6180328736865
6,-3,900.0
6,-3,510.6979086527058
6,-3,353.792487392646
5,-3,192.34249329313315
5,-3,900.0
5,-3,395.2873008945513
5,-3,745.5831904561929
5,-3,900.0
6,-3,740.9017452624806
6,-3,900.0
6,-3,50.0
6,-3,50.0
6,-3,453.26076165517287
6,-2,187.7121738824593
6,-2,551.7310828075173
6,-2,193.05448402371078
6,-2,345.88346084294176
6,-2,142.0320621564381
6,-1,274.3516272964511
6,-1,50.0
6,-1,882.4010402078268
6,-1,280.62219364780185
6,-1,654.6605973652137
6,0,80.22272681340212
6,0,304.73006891913576
6,0,713.325857740162
6,0,900.0
6,0,900.0
6,1,674.5879119322843
6,1,829.1949074929923
6,1,792.1107963982574
6,1,900.0
6,1,523.0075778517595
7,1,609.8998916947388
7,1,50.0
7,1,94.37924761136588
7,1,50.0
7,1,280.3489175281185
8,1,591.3198866196722
8,1,253.01308438574745
8,1,352.31300226538576
8,1,72.15624280993597
8,1,498.4080565767363
9,1,639.5637856017761
9,1,217.4558214662957
9,1,50.0
9,1,50.0
9,1,263.8549048421936
9,2,50.0
9,2,252.3033026386657
9,2,383.16238897120525
9,2,433.6186583471318
9,2,363.86695322261835
10,2,292.9290619577672
10,2,407.56465738699745
10,2,459.6109499764508
10,2,598.5971949030663
10,2,739.7574266257517
11,2,50.0
11,2,854.7398722567534
11,2,206.37507539903066
11,2,781.0346898730459
11,2,244.12281343365905
11,3,615.8871063111264
11,3,900.0
11,3,187.91976006365616
11,3,280.0679238566455
11,3,300.7794512688034
12,3,802.4506460220628
12,3,424.07136780973093
12,3,817.8864902646061
12,3,136.6188643111377
12,3,900.0
13,3,346.4227213816681
13,3,238.00365212594204
13,3,50.0
13,3,50.0
13,3,353.23470056132516
14,3,417.3617198702417
14,3,50.0
14,3,476.50184397730254
14,3,63.153738189778124
14,3,151.54575996468847
15,3,50.0
15,3,620.2593122154279
15,3,50.0
15,3,50.0
15,3,287.92589410072287
15,4,50.0
15,4,50.0
15,4,50.0
15,4,396.6517641978059
15,4,216.39287055314432
16,4,50.0
16,4,50.0
16,4,50.0
16,4,50.0
16,4,343.1729702258
15,4,50.0
15,4,60.84118378921513
15,4,50.0
15,4,50.0
15,4,50.0
14,4,474.042235812925
14,4,50.0
14,4,558.1985938640496
14,4,50.0
14,4,310.40200845286336
15,4,50.0
15,4,50.0
15,4,50.0
15,4,244.40219227922492
15,4,50.0
14,4,50.0
14,4,50.0
14,4,514.9106727613766
14,4,50.0
14,4,247.12094636742415
13,4,759.2211081860131
13,4,50.0
13,4,253.93656598106685
13,4,169.24412196172636
13,4,481.73442246157197
12,4,50.0
12,4,694.6309857644965
12,4,50.0
12,4,693.0516751799462
12,4,123.6142873072886
11,4,900.0
11,4,50.0
11,4,900.0
11,4,188.50015568209758
11,4,197.5131149449126
12,4,600.5836396067073
12,4,623.7886772378422
12,4,50.0
12,4,187.15989344112145
12,4,660.2908301338414
11,4,50.0
11,4,744.655537436293
11,4,50.0
11,4,665.7325088175749
11,4,227.71781285189599
10,4,50.0
10,4,745.9920458330016
10,4,50.0
10,4,105.64292804828904
10,4,259.3756052275869
9,4,479.34839583866307
9,4,253.68762599019823
9,4,475.2421934757358
9,4,244.29346391847065
9,4,78.96319843747048
10,4,50.0
10,4,230.8041377856337
10,4,50.0
10,4,872.982604251296
10,4,289.49419122691967
10,5,87.3398739393487
10,5,621.5725482409742
10,5,50.0
10,5,445.297215458936
10,5,280.83247948517146
9,5,633.5905553463995
9,5,347.2236413359306
9,5,161.67285077278396
9,5,50.0
9,5,50.0
8,5,451.84437284398484
8,5,359.28346133044954
8,5,50.0
8,5,900.0
8,5,162.17537845283059
7,5,498.78735651069815
7,5,330.46627127829584
7,5,74.06691529117586
7,5,50.0
7,5,900.0
6,5,481.7219136682946
6,5,661.4900886731705
6,5,50.0
6,5,900.0
6,5,811.9424021308382
5,5,302.1908878117068
5,5,770.6653636912461
5,5,793.4867125618331
5,5,485.69945618812864
5,5,900.0
4,5,50.0
4,5,325.01658891719387
4,5,310.4830102740109
4,5,505.73374753168866
4,5,900.0
3,5,410.2778797335795
3,5,553.2512412200191
3,5,50.0
3,5,900.0
3,5,769.075193592671
2,5,309.38577758293445
2,5,50.0
2,5,260.0569445256273
2,5,50.0
2,5,474.56816464260976
3,5,568.149793567876
3,5,609.7397876345703
3,5,900.0
3,5,900.0
3,5,256.5532129679972
2,5,179.2755434618714
2,5,530.8366613093667
2,5,50.0
2,5,446.8135797018102
2,5,766.0462815408958
2,6,205.62646785349074
2,6,461.2456283066872
2,6,328.45176207793554
2,6,900.0
2,6,179.2524888208908
2,7,525.1429708090523
2,7,50.0
2,7,459.65332859610675
2,7,571.5515916255188
2,7,764.7561661820478
1,7,881.0015599444217
1,7,567.5126752202098
1,7,749.3901237018435
1,7,50.0
1,7,399.19609910172767
1,8,95.11632308974842
1,8,96.42539878676452
1,8,169.4016108937303
1,8,599.1247271954785
1,8,295.9492911114137
1,9,191.42335008972276
1,9,50.0
1,9,280.7991650094317
1,9,310.8953769165232
1,9,556.0991970361564
0,9,221.83267121945104
0,9,561.3876548132056
0,9,850.2652704993766
0,9,463.58470318658556
0,9,328.28146831945816
-1,9,687.5318916080544
-1,9,823.0197253275659
-1,9,99.19001034710215
-1,9,109.93151704790927
-1,9,291.1196140219771
-2,9,215.93414541532752
-2,9,427.4747261138475
-2,9,329.32531955424815
-2,9,207.2955649273634
-2,9,253.03864030686782
-2,10,649.9947009223148
-2,10,814.1864332999347
-2,10,712.0012430779819
-2,10,455.61419075703327
-2,10,195.09509380477724
-3,10,50.0
-3,10,409.22557257318545
-3,10,470.5508017297595
-3,10,50.0
-3,10,50.0
-4,10,558.7885651913512
-4,10,50.0
-4,10,784.241819479805
-4,10,242.99504653753098
-4,10,900.0
-4,11,50.0
-4,11,50.0
-4,11,50.0
-4,11,551.8730503135406
-4,11,228.72894238948442
-5,11,256.30866227322736
-5,11,50.0
-5,11,323.7753116111579
-5,11,324.54265041745475
-5,11,50.0
-6,11,50.0
-6,11,699.2696768794219
-6,11,50.0
-6,11,50.0
-6,11,450.2889300697585
-7,11,433.87700386668496
-7,11,50.0
-7,11,476.9770863058087
-7,11,188.90910966369682
-7,11,129.52306875947994
-8,11,167.83461890638165
-8,11,123.07730273289516
-8,11,50.483195628705516
-8,11,115.47986913549795
-8,11,50.0
-9,11,50.0
-9,11,854.584811083943
-9,11,366.3639870611473
-9,11,442.16123132961474
-9,11,50.0
-9,12,50.0
-9,12,50.0
-9,12,565.1610763630939
-9,12,866.9737078271598
-9,12,50.0
-8,12,50.0
-8,12,108.23485642111358
-8,12,900.0
-8,12,50.0
-8,12,643.7535753668434
-9,12,50.0
-9,12,50.0
-9,12,50.0
-9,12,900.0
-9,12,262.51867256431865
-10,12,202.4916416406747
-10,12,50.0
-10,12,55.24441960518023
-10,12,182.2130685514231
-10,12,50.0
-11,12,50.0
-11,12,50.0
-11,12,50.0
-11,12,354.4722627783845
-11,12,50.0
-12,12,50.0
-12,12,50.0
-12,12,133.52872213677253
-12,12,50.0
-12,12,50.0
-12,13,50.0
-12,13,260.9200336246724
-12,13,50.0
-12,13,50.0
-12,13,50.0
-12,14,381.85725952622903
-12,14,50.0
-12,14,50.0
-12,14,50.0
-12,14,50.0
-12,15,50.0
-12,15,50.0
-12,15,50.0
-12,15,50.0
-12,15,50.0
-13,15,50.0
-13,15,234.6353382903274
-13,15,50.0
-13,15,172.97828022599612
-13,15,50.0
-12,15,50.0
-12,15,50.0
-12,15,94.01481703965266
-12,15,50.0
-12,15,58.78038113149681
-12,16,50.0
-12,16,332.88747203405245
-12,16,98.69490558908728
-12,16,50.0
-12,16,50.0
-13,16,204.39774959145143
