15,8,591.5528433798502
15,8,50.0
15,8,50.0
15,8,50.0
16,8,69.96194037251199
16,8,50.0
16,8,50.0
16,8,50.0
16,8,50.0
15,8,490.63626521901176
15,8,50.0
15,8,50.0
15,8,50.0
15,8,50.0
16,8,272.0565402326138
16,8,50.0
16,8,108.60718580376843
16,8,50.0
16,8,268.96705998614607
17,8,132.86266826669086
17,8,327.60433978749126
17,8,50.0
17,8,191.01169185389216
17,8,143.74135931793904
18,8,50.0
18,8,109.5018650514067
18,8,50.0
18,8,50.0
18,8,50.0
19,8,50.0
19,8,50.0
19,8,50.0
19,8,211.01045855602428
19,8,50.0
20,8,50.0
20,8,80.39994268070774
20,8,50.0
20,8,50.0
20,8,92.10283823623607
20,7,86.9265006276529
20,7,50.0
20,7,50.0
20,7,50.0
20,7,95.21830886490503
20,6,50.0
20,6,50.0
20,6,50.0
20,6,50.0
20,6,50.0
19,6,50.0
19,6,210.17734141303526
19,6,50.0
19,6,50.0
19,6,50.0
19,5,50.0
19,5,50.0
19,5,315.9140978757915
19,5,204.95059508807287
19,5,50.0
18,5,120.92983250697102
18,5,50.0
18,5,216.900518488969
18,5,50.0
18,5,50.0
18,4,50.0
18,4,50.0
18,4,190.04261641973835
18,4,194.091960611959
18,4,50.0
17,4,50.0
17,4,153.2790989246494
17,4,50.0
17,4,50.0
17,4,201.2255493154064
17,3,413.7568623618355
17,3,50.0
17,3,50.0
17,3,50.0
17,3,50.0
16,3,50.0
16,3,50.0
16,3,151.8479734290657
16,3,50.0
16,3,50.0
17,3,351.3907828701423
17,3,50.0
17,3,50.0
17,3,50.0
17,3,50.0
17,4,450.42472628418636
17,4,509.37102424049084
17,4,50.0
17,4,50.0
17,4,263.0751525929009
17,3,50.0
17,3,50.0
17,3,50.0
17,3,52.136530905004214
17,3,50.0
17,2,50.0
17,2,74.25286300040386
17,2,50.0
17,2,50.0
17,2,99.07842988498436
17,1,50.0
17,1,50.0
17,1,74.61878691122385
17,1,50.0
17,1,50.0
16,1,427.0151297228142
16,1,50.0
16,1,199.64869675435955
16,1,50.0
16,1,159.54562771843428
15,1,165.37448336807026
15,1,90.34435975011966
15,1,208.62311366179335
15,1,263.1832703677143
15,1,417.0363693070195
14,1,50.0
14,1,455.9002870479825
14,1,50.0
14,1,301.79288187757834
14,1,451.0410202240183
13,1,527.9248908819216
13,1,120.33572008931786
13,1,229.37256236049797
13,1,178.30918903933122
13,1,50.0
13,0,467.87139805863444
13,0,50.0
13,0,50.0
13,0,50.0
13,0,163.46686673352423
12,0,294.6216430975697
12,0,603.0163630967124
12,0,50.0
12,0,50.0
12,0,50.0
11,0,401.80756124984595
11,0,247.85379662429642
11,0,195.56262668467036
11,0,483.31969300158096
11,0,328.66280131540736
11,-1,702.4434202332898
11,-1,450.1643855765557
11,-1,584.2406092152863
11,-1,189.9823303870213
11,-1,727.4762570985242
10,-1,721.0335000801517
10,-1,482.6719666088336
10,-1,598.466652360594
10,-1,811.9600270289084
10,-1,175.1561791463793
10,-2,246.614406888148
10,-2,900.0
10,-2,502.7837189108164
10,-2,343.69013105801173
10,-2,654.2594379280383
10,-3,298.9327471731129
10,-3,50.0
10,-3,50.0
10,-3,157.2045376781813
10,-3,460.93893420895887
11,-3,192.54401081926943
11,-3,78.63994920718406
11,-3,146.9929557052574
11,-3,145.2550317515443
11,-3,451.5061548024595
10,-3,685.5605831098221
10,-3,50.0
10,-3,676.2183103294126
10,-3,50.0
10,-3,120.23507131998137
10,-4,50.0
10,-4,545.9021172073727
10,-4,269.8974928127003
10,-4,460.266056465607
10,-4,326.1916214344931
11,-4,50.0
11,-4,82.7627272325083
11,-4,482.63226654814616
11,-4,214.42776880473582
11,-4,463.9675000763607
11,-5,140.1534693369037
11,-5,96.3973894610856
11,-5,50.0
11,-5,69.39205384837405
11,-5,50.0
11,-6,50.0
11,-6,50.0
11,-6,50.0
11,-6,50.0
11,-6,50.0
11,-7,57.22631322384742
11,-7,356.51658177815693
11,-7,238.08155941908996
11,-7,50.0
11,-7,50.0
11,-8,62.17664736562174
11,-8,509.0529973361041
11,-8,50.0
11,-8,58.17256819607587
11,-8,167.83864983188036
10,-8,323.68050810819943
10,-8,462.47666216324757
10,-8,460.46275321170754
10,-8,189.84359145863496
10,-8,207.067069774129
9,-8,76.03741739837031
9,-8,509.54063643686277
9,-8,63.58488058147468
9,-8,50.0
9,-8,101.98013350189623
8,-8,530.3619960436655
8,-8,50.0
8,-8,50.0
8,-8,50.0
8,-8,50.0
8,-9,356.6763526900748
8,-9,50.0
8,-9,134.3746418237509
8,-9,50.0
8,-9,50.0
8,-8,50.0
8,-8,50.0
8,-8,313.64540137460483
8,-8,431.41417014534414
8,-8,100.03084646592829
7,-8,787.6358451976832
7,-8,137.94837878606475
7,-8,223.6043939134488
7,-8,541.5708876348132
7,-8,471.1131075783558
6,-8,50.0
6,-8,316.4773927700753
6,-8,380.5811538611714
6,-8,78.52572072806402
6,-8,336.85160273002
6,-9,209.11265594367052
6,-9,384.5705921605581
6,-9,50.0
6,-9,126.21284031923258
6,-9,596.4313000707707
6,-10,50.0
6,-10,50.0
6,-10,896.5748424160282
6,-10,50.0
6,-10,50.0
6,-11,50.0
6,-11,50.0
6,-11,76.95254562414337
6,-11,50.0
6,-11,431.09729012806764
6,-12,72.44373810955264
6,-12,50.0
6,-12,50.0
6,-12,419.08469510754105
6,-12,288.56189293650164
6,-13,349.6636284066487
6,-13,50.0
6,-13,50.0
6,-13,50.0
6,-13,50.0
6,-14,50.0
6,-14,50.0
6,-14,50.0
6,-14,50.0
6,-14,50.0
5,-14,487.7663668351629
5,-14,50.0
5,-14,160.68506390328713
5,-14,56.341711296907
5,-14,50.0
5,-15,246.47972162996103
5,-15,50.0
5,-15,50.0
5,-15,50.0
5,-15,50.0
4,-15,50.0
4,-15,50.0
4,-15,50.0
4,-15,50.0
4,-15,105.01273513536736
5,-15,162.33727976233828
5,-15,97.20488776348833
5,-15,116.63556484205222
5,-15,50.0
5,-15,97.3308240855755
4,-15,50.0
4,-15,98.39425433610121
4,-15,50.0
4,-15,50.0
4,-15,50.0
5,-15,900.0
5,-15,50.0
5,-15,245.25610202423513
5,-15,50.0
5,-15,68.45091081337944
4,-15,380.173574864604
4,-15,50.0
4,-15,382.22979615113303
4,-15,50.0
4,-15,50.0
3,-15,50.0
3,-15,98.54284424399336
3,-15,186.03121778317575
3,-15,50.0
3,-15,50.0
3,-16,190.99569246598796
3,-16,50.0
3,-16,585.7302793001675
3,-16,50.0
3,-16,381.35636581647213
4,-16,50.0
4,-16,50.0
4,-16,417.22632771263125
4,-16,50.0
4,-16,50.0
4,-17,138.35535840622643
4,-17,50.0
4,-17,50.0
4,-17,50.0
4,-17,50.0
5,-17,697.4227116345677
5,-17,59.73272390633767
5,-17,50.0
5,-17,50.0
5,-17,245.92886324997647
4,-17,50.0
4,-17,50.0
4,-17,583.638710456313
4,-17,50.0
4,-17,50.0
3,-17,50.0
3,-17,50.0
3,-17,50.0
3,-17,127.20684920679597
3,-17,50.0
2,-17,50.0
2,-17,50.0
2,-17,50.0
2,-17,72.66180679983255
2,-17,50.0
2,-18,93.08804435665735
2,-18,50.0
2,-18,50.0
2,-18,268.1064339502312
2,-18,50.0
2,-19,50.0
2,-19,50.0
2,-19,311.80069008481325
2,-19,339.96538085203093
2,-19,50.0
2,-20,50.0
2,-20,50.0
2,-20,50.0
2,-20,50.0
2,-20,50.0
1,-20,50.0
1,-20,50.0
1,-20,50.0
1,-20,223.42583687459557
1,-20,129.46369087660923
2,-20,50.0
2,-20,50.0
2,-20,50.0
2,-20,50.0
2,-20,88.87800776273292
1,-20,50.0
1,-20,50.0
1,-20,168.82474043085273
1,-20,50.0
1,-20,50.0
0,-20,50.0
0,-20,50.0
0,-20,50.0
0,-20,50.0
0,-20,50.0
-1,-20,82.80013883196392
-1,-20,50.0
-1,-20,191.84020450870622
-1,-20,111.98593465766788
-1,-20,50.0
-1,-19,50.0
-1,-19,185.94000341015135
-1,-19,616.0247251189215
-1,-19,50.0
-1,-19,50.0
0,-19,50.0
0,-19,50.0
0,-19,50.0
0,-19,50.0
0,-19,73.75551843051588
0,-20,50.0
0,-20,50.0
0,-20,50.0
0,-20,50.0
0,-20,50.0
0,-19,50.0
0,-19,50.0
0,-19,50.0
0,-19,50.0
0,-19,50.0
1,-19,50.0
1,-19,50.0
1,-19,50.0
1,-19,50.0
1,-19,60.58750576835584
2,-19,50.0
2,-19,268.87592429766994
2,-19,50.0
2,-19,50.0
2,-19,50.0
2,-18,50.0
2,-18,50.0
2,-18,50.0
2,-18,50.0
2,-18,50.0
2,-19,50.0
2,-19,50.0
2,-19,50.0
2,-19,50.0
2,-19,308.57067398565306
2,-18,50.0
2,-18,50.0
2,-18,137.81659721839094
2,-18,50.0
2,-18,50.0
2,-17,50.0
2,-17,106.94843963299354
2,-17,50.0
2,-17,50.0
2,-17,91.2140767945618
2,-16,106.23959719200872
2,-16,50.0
2,-16,124.95857989904914
2,-16,50.0
2,-16,361.1949714235103
2,-15,50.0
2,-15,50.0
2,-15,50.0
2,-15,458.7519028901722
2,-15,50.0
2,-14,662.9049315890624
2,-14,50.0
2,-14,50.0
2,-14,114.5558429217957
2,-14,178.44377360736874
2,-13,50.0
2,-13,397.36257999030425
2,-13,294.26106721537894
2,-13,50.0
2,-13,604.5814345594242
2,-12,257.9234159579988
2,-12,50.0
2,-12,245.79242527327338
2,-12,276.45572460225463
2,-12,52.92454860845721
2,-11,50.0
2,-11,50.0
2,-11,273.8904579305313
2,-11,50.0
2,-11,112.26127372293112
3,-11,592.7734229615257
3,-11,50.0
3,-11,430.78206251253175
3,-11,201.21931207463547
3,-11,559.9486031431186
4,-11,325.06598572881444
4,-11,50.0
4,-11,197.91815679788954
4,-11,185.7750412670581
4,-11,127.82335429482656
4,-10,346.1223595697587
4,-10,843.0570922072505
4,-10,50.0
4,-10,452.7250682699605
4,-10,50.0
4,-11,50.0
4,-11,50.0
4,-11,185.5695999875311
4,-11,118.24398737679479
4,-11,50.0
4,-10,900.0
4,-10,395.4726523873282
4,-10,647.7166182987678
4,-10,307.27544190217844
4,-10,208.82484697505026
4,-9,58.80166493275446
4,-9,462.8372340702549
4,-9,411.89501446834413
4,-9,214.71569968151908
4,-9,264.20060429974967
5,-9,195.8069661932426
5,-9,101.81159735205563
5,-9,50.0
5,-9,450.68919576251744
5,-9,50.0
5,-8,900.0
5,-8,179.98747747498962
5,-8,245.33911323716094
5,-8,440.4078768886258
5,-8,243.6310005066387
5,-7,122.7873096156703
5,-7,50.0
5,-7,102.79478001445983
5,-7,135.614957072839
5,-7,538.2611317836029
6,-7,900.0
6,-7,70.56661833615165
6,-7,374.51539375218465
6,-7,279.3895730138928
6,-7,283.3215539552435
7,-7,197.08749259718672
7,-7,480.98661923561053
7,-7,50.0
7,-7,52.65455838981853
7,-7,577.8769815863376
8,-7,50.0
8,-7,50.0
8,-7,50.0
8,-7,321.14735099341715
8,-7,68.69067236137663
9,-7,50.0
9,-7,194.44991620834975
9,-7,50.0
9,-7,50.0
9,-7,212.497661496381
9,-6,242.88716328238004
9,-6,493.1493377416789
9,-6,50.0
9,-6,348.1059907180823
9,-6,50.0
9,-5,378.87895074520037
9,-5,221.1291775787195
9,-5,285.05029390742214
9,-5,215.60821285733323
9,-5,50.0
9,-4,50.0
9,-4,166.00840586979842
9,-4,108.85196598033745
9,-4,50.0
9,-4,50.0
9,-3,50.0
9,-3,85.37641795956898
9,-3,325.9498341894547
9,-3,50.0
9,-3,188.87933329452162
10,-3,525.1757600394935
10,-3,270.3462261770492
10,-3,532.4279554859511
10,-3,136.55462155096023
10,-3,310.554078090159
10,-2,216.54456245574337
10,-2,50.0
10,-2,342.2348383991813
10,-2,50.0
10,-2,50.0
10,-1,272.18439734327904
10,-1,639.7301834070095
10,-1,50.0
10,-1,354.54557503910956
10,-1,380.1377693834228
10,-2,569.1098295907748
10,-2,116.99669131192519
10,-2,139.5422410462271
10,-2,312.6817805230571
10,-2,50.0
10,-1,316.9886748053742
10,-1,231.10419790052373
10,-1,372.8889890436855
10,-1,54.68096326119502
10,-1,690.0459924487093
10,-2,50.0
10,-2,840.8471177122873
10,-2,103.44507634208054
10,-2,303.29511921614494
10,-2,133.02772608062318
11,-2,50.0
11,-2,407.3711817382607
11,-2,50.0
11,-2,235.68384176300466
11,-2,354.4186133981122
11,-1,50.0
11,-1,50.0
11,-1,50.0
11,-1,646.9698151032795
11,-1,277.371634437467
11,0,105.24039090584591
11,0,50.0
11,0,196.9968675010839
11,0,430.71935622858655
11,0,112.52290358612674
11,1,50.0
11,1,317.84794286335597
11,1,455.3666189355032
11,1,412.24687498108364
11,1,515.5845616049337
11,2,568.9062588390024
11,2,234.97051961714743
11,2,144.495454080035
11,2,110.94297887735429
11,2,243.68645362960993
11,3,194.609794446529
11,3,299.33662710177833
11,3,269.59419102495235
11,3,50.0
11,3,547.0239729970704
11,4,521.9057916312707
11,4,287.6754259944849
11,4,191.51138427846575
11,4,50.0
11,4,50.0
12,4,409.32742388811425
12,4,132.76367730993215
12,4,429.74825885551684
12,4,318.86597727235795
12,4,85.94393096253695
13,4,467.67401099115216
13,4,273.3687197727445
13,4,50.0
13,4,93.97824315765558
13,4,50.0
12,4,300.40648002590575
12,4,50.0
12,4,146.18639742151757
12,4,50.0
12,4,299.56102808638616
12,3,536.0186143653943
12,3,650.9690638681097
12,3,689.4758664718321
12,3,50.0
12,3,50.0
12,2,735.2933722981659
12,2,210.24788668422377
12,2,270.294177041498
12,2,50.0
12,2,140.99856355209803
12,1,336.1957641683043
12,1,50.0
12,1,69.64118238835147
12,1,50.0
12,1,135.58624212251314
11,1,161.04011905959382
11,1,327.9580298280922
11,1,590.3721779308421
11,1,369.32147624915865
11,1,719.8961935099827
11,0,103.56797730527661
11,0,421.34028236838117
11,0,152.37471409145354
11,0,189.09544453487044
11,0,431.54333033313776
11,-1,260.9689870765493
11,-1,651.5731719145701
11,-1,62.52788920411164
11,-1,402.8232499916412
11,-1,228.17021312936532
11,-2,256.40315041370576
11,-2,50.0
11,-2,330.27138746532637
11,-2,122.95156142420535
11,-2,50.0
11,-3,274.08998311098867
11,-3,323.8708972132654
11,-3,486.1324488556185
11,-3,50.0
11,-3,543.2635305437333
10,-3,445.76963799297846
10,-3,238.15402972196242
10,-3,316.3353976726196
10,-3,808.3990570089218
10,-3,88.35788249627608
10,-4,50.0
10,-4,50.0
10,-4,50.0
10,-4,50.0
10,-4,136.91069083000093
9,-4,50.0
9,-4,783.8872562879463
9,-4,435.1818814199521
9,-4,139.57169398272492
9,-4,50.0
9,-5,404.97714288990255
9,-5,84.41464573595363
9,-5,85.84882402947224
9,-5,238.0505915680899
9,-5,130.8948133395376
9,-6,50.0
9,-6,368.1000119172819
9,-6,207.48244209849395
9,-6,96.64812096627644
9,-6,50.0
9,-5,285.05232097442706
9,-5,50.0
9,-5,346.0416961124769
9,-5,50.0
9,-5,50.0
10,-5,329.62837259127787
10,-5,50.0
10,-5,150.96894569582162
10,-5,152.80772263075366
10,-5,50.0
10,-6,153.24725738118184
10,-6,50.0
10,-6,50.0
10,-6,370.8250894555603
10,-6,349.7154716376522
10,-7,50.0
10,-7,50.0
10,-7,50.0
10,-7,382.98775693287627
10,-7,102.61870067301687
9,-7,50.0
9,-7,496.8730625133136
9,-7,50.0
9,-7,460.8142871856603
9,-7,246.5422242491906
8,-7,257.5540526371077
8,-7,549.1199556899844
8,-7,50.0
8,-7,296.54293113034953
8,-7,608.7090992501719
7,-7,842.4967812747359
7,-7,609.8350639086251
7,-7,158.72157111903655
7,-7,362.9182959469528
7,-7,428.3134679335575
7,-8,86.94652800099237
7,-8,245.97272365479492
7,-8,329.06232053986275
7,-8,258.16642642219176
7,-8,165.5624279278
7,-9,462.4875665780936
7,-9,415.80434155532424
7,-9,514.7095705064929
7,-9,50.0
7,-9,173.32844616691608
6,-9,167.63185542527933
6,-9,169.95838308327183
6,-9,219.92657099089553
6,-9,50.0
6,-9,425.98860195106533
5,-9,283.63334323378194
5,-9,332.9498363966583
5,-9,698.3044275498563
5,-9,319.8016709601021
5,-9,50.0
5,-10,50.0
5,-10,266.89672994445755
5,-10,50.0
5,-10,365.02265966917406
5,-10,454.84401124095695
5,-11,133.32920567534103
5,-11,50.0
5,-11,156.0672410735837
5,-11,50.0
5,-11,50.0
5,-12,50.0
5,-12,364.46735807388205
5,-12,404.1364644879062
5,-12,50.0
5,-12,50.0
4,-12,821.9529530464134
4,-12,245.93219248660918
4,-12,50.0
4,-12,356.4447426129813
4,-12,50.0
3,-12,240.46619916768745
3,-12,50.0
3,-12,306.0134568739477
3,-12,50.0
3,-12,50.0
2,-12,50.0
2,-12,118.21730405807808
2,-12,318.56531472807825
2,-12,50.0
2,-12,187.37222363050097
1,-12,246.18519296797635
1,-12,50.0
1,-12,50.0
1,-12,50.0
1,-12,50.0
1,-13,240.04323082010876
1,-13,50.0
1,-13,549.3311248107484
1,-13,50.0
1,-13,50.0
2,-13,50.0
2,-13,315.2993995009208
2,-13,50.0
2,-13,50.0
2,-13,543.4220964312689
1,-13,50.0
1,-13,444.0788366620282
1,-13,276.4447873920913
1,-13,50.0
1,-13,50.0
1,-12,50.0
1,-12,50.0
1,-12,753.3475699650701
1,-12,50.0
1,-12,132.34009758451344
1,-13,160.39867386685393
1,-13,179.9976038755762
1,-13,73.97174976719762
1,-13,50.0
1,-13,438.33657626683737
0,-13,78.50419224119757
0,-13,50.0
0,-13,538.1707593249855
0,-13,362.9687597736656
0,-13,50.0
-1,-13,234.75490331893002
-1,-13,153.18522630326913
-1,-13,374.10101275744057
-1,-13,50.0
-1,-13,147.07232497104445
-2,-13,50.0
-2,-13,415.02270281878987
-2,-13,50.0
-2,-13,50.0
-2,-13,388.4140708005471
-1,-13,248.8824014646181
-1,-13,244.6566709566911
-1,-13,50.0
-1,-13,50.0
-1,-13,50.0
-1,-14,50.0
-1,-14,134.95207830878
-1,-14,50.0
-1,-14,420.89385432261537
-1,-14,91.32813379605274
-2,-14,50.0
-2,-14,50.0
-2,-14,422.0728782305002
-2,-14,50.0
-2,-14,145.12310761448725
-2,-15,50.0
-2,-15,50.0
-2,-15,214.02957282892538
-2,-15,50.0
-2,-15,155.28588593740437
-3,-15,473.62564356906756
-3,-15,50.0
-3,-15,66.62473705405654
-3,-15,50.0
-3,-15,50.0
-4,-15,50.0
-4,-15,50.0
-4,-15,470.2783801216725
-4,-15,57.57047491655797
-4,-15,50.0
-4,-16,301.1865266566284
-4,-16,178.12499358303307
-4,-16,79.86473159928147
-4,-16,160.77750155615837
-4,-16,388.7898730722435
-4,-17,162.47585209303196
-4,-17,50.0
-4,-17,50.0
-4,-17,445.52246151041754
-4,-17,50.0
-3,-17,50.0
-3,-17,50.0
-3,-17,50.0
-3,-17,131.31919255606468
-3,-17,50.0
-4,-17,50.0
-4,-17,50.0
-4,-17,93.95772626171967
-4,-17,50.0
-4,-17,50.0
-5,-17,258.51128600382714
-5,-17,50.0
-5,-17,50.0
-5,-17,50.0
-5,-17,149.76059134953422
-6,-17,50.0
-6,-17,50.0
-6,-17,113.8594707156752
-6,-17,50.0
-6,-17,50.0
-7,-17,50.0
-7,-17,50.0
-7,-17,50.0
-7,-17,147.1254068682002
-7,-17,50.0
-7,-18,144.195843142373
-7,-18,50.0
-7,-18,50.0
-7,-18,80.71063250327686
-7,-18,50.0
-7,-19,50.0
-7,-19,377.2833649123014
-7,-19,50.0
-7,-19,50.0
-7,-19,50.0
-8,-19,50.0
-8,-19,50.0
-8,-19,50.0
-8,-19,50.0
-8,-19,50.0
-8,-18,50.0
-8,-18,50.0
-8,-18,50.0
-8,-18,50.0
-8,-18,50.0
-8,-19,50.0
-8,-19,133.27466118803227
-8,-19,50.0
-8,-19,257.9162568160722
-8,-19,50.0
-8,-20,50.0
-8,-20,50.0
-8,-20,50.0
-8,-20,50.0
-8,-20,50.0
-8,-19,50.0
-8,-19,276.09306457765746
-8,-19,50.0
-8,-19,50.0
-8,-19,50.0
-7,-19,50.0
-7,-19,50.0
-7,-19,50.0
-7,-19,50.0
-7,-19,50.0
-6,-19,50.0
-6,-19,59.837783091358034
-6,-19,72.02346815833221
-6,-19,50.0
-6,-19,50.0
-5,-19,50.0
-5,-19,570.2363443598388
-5,-19,50.0
-5,-19,50.0
-5,-19,50.0
-4,-19,50.0
-4,-19,226.64021883076288
-4,-19,50.0
-4,-19,77.87175706920081
-4,-19,61.87733729973803
-4,-20,50.0
-4,-20,50.0
-4,-20,50.0
-4,-20,50.0
-4,-20,50.0
-4,-19,50.0
-4,-19,276.0707173655595
-4,-19,50.0
-4,-19,50.0
-4,-19,50.0
-4,-18,50.0
-4,-18,50.0
-4,-18,50.0
-4,-18,50.0
-4,-18,50.0
-3,-18,425.3885106040718
-3,-18,94.89496990201349
-3,-18,50.0
-3,-18,50.0
-3,-18,50.0
-2,-18,50.0
-2,-18,50.0
-2,-18,50.0
-2,-18,291.999772580155
-2,-18,50.0
-1,-18,50.0
-1,-18,50.0
-1,-18,50.0
-1,-18,50.0
-1,-18,50.0
0,-18,50.0
0,-18,50.0
0,-18,50.0
0,-18,50.0
0,-18,50.0
0,-17,50.0
0,-17,143.83771052565382
0,-17,50.0
0,-17,50.0
0,-17,50.0
0,-16,222.5883487353409
0,-16,50.0
0,-16,50.0
0,-16,141.30484754874936
0,-16,389.52236127475004
1,-16,246.2250446353545
1,-16,184.4576958254009
1,-16,412.25549465176374
1,-16,50.0
1,-16,50.0
2,-16,50.0
2,-16,94.79709777199596
2,-16,158.6454123952673
2,-16,50.0
2,-16,50.0
2,-15,50.0
