-8,-19,50.0
-8,-19,115.86946302839573
-8,-19,50.0
-8,-19,50.0
-8,-18,50.0
-8,-18,50.0
-8,-18,50.0
-8,-18,50.0
-8,-18,50.0
-8,-19,50.0
-8,-19,50.0
-8,-19,50.0
-8,-19,50.0
-8,-19,187.162359706831
-8,-18,50.0
-8,-18,50.0
-8,-18,117.60965123877344
-8,-18,50.0
-8,-18,50.0
-8,-17,67.20496262614625
-8,-17,50.0
-8,-17,74.58040998285185
-8,-17,50.0
-8,-17,50.0
-8,-16,50.0
-8,-16,309.71176174407464
-8,-16,91.49705998390095
-8,-16,50.0
-8,-16,50.0
-7,-16,348.499642352291
-7,-16,85.92316472368574
-7,-16,50.0
-7,-16,50.0
-7,-16,50.0
-7,-15,212.94435477456156
-7,-15,50.0
-7,-15,626.3368565274397
-7,-15,271.990159956118
-7,-15,50.0
-7,-14,50.0
-7,-14,50.0
-7,-14,50.0
-7,-14,50.0
-7,-14,50.0
-7,-13,50.0
-7,-13,50.0
-7,-13,50.0
-7,-13,245.72998405065925
-7,-13,50.0
-7,-14,472.17783850210895
-7,-14,50.0
-7,-14,50.0
-7,-14,50.0
-7,-14,213.25903687088274
-7,-13,50.0
-7,-13,432.1757725907651
-7,-13,50.0
-7,-13,156.08923436239644
-7,-13,50.0
-7,-12,50.0
-7,-12,359.1037414583016
-7,-12,301.4403756662722
-7,-12,50.0
-7,-12,50.0
-6,-12,50.0
-6,-12,308.68261113551995
-6,-12,50.0
-6,-12,554.5660708278767
-6,-12,249.02309713483692
-5,-12,155.90625010006121
-5,-12,50.0
-5,-12,329.5550090307771
-5,-12,50.0
-5,-12,50.0
-4,-12,50.0
-4,-12,50.0
-4,-12,50.0
-4,-12,94.25945449538888
-4,-12,141.137200883096
-3,-12,52.09883957036017
-3,-12,50.0
-3,-12,193.712419318005
-3,-12,50.0
-3,-12,50.0
-3,-11,50.0
-3,-11,197.05061502327737
-3,-11,50.0
-3,-11,61.525176531496726
-3,-11,224.77736750126957
-3,-12,351.0986671443054
-3,-12,290.1269280421133
-3,-12,180.71503455178984
-3,-12,139.80744403201837
-3,-12,50.0
-2,-12,235.56825484643363
-2,-12,365.9676985060813
-2,-12,50.0
-2,-12,50.0
-2,-12,50.0
-2,-11,155.54791305940444
-2,-11,50.0
-2,-11,307.0669783366887
-2,-11,50.0
-2,-11,112.81969328624976
-1,-11,50.0
-1,-11,155.21535729725326
-1,-11,308.7400566460029
-1,-11,50.0
-1,-11,311.12811275944165
-1,-12,50.0
-1,-12,100.51820321308233
-1,-12,176.04336019213213
-1,-12,50.0
-1,-12,293.23974015479916
-1,-11,402.8911824465181
-1,-11,134.58442253684748
-1,-11,340.16498030842484
-1,-11,591.8785048829724
-1,-11,553.1245058747622
-1,-10,330.5478052003271
-1,-10,50.0
-1,-10,225.01564190356765
-1,-10,503.5962747912539
-1,-10,659.8355900640822
0,-10,50.0
0,-10,631.7077325760665
0,-10,319.06442769946005
0,-10,541.5944613249807
0,-10,368.84259349802187
0,-9,144.34606285678103
0,-9,50.0
0,-9,125.64027560928659
0,-9,227.01906433331328
0,-9,267.4601670056272
0,-8,265.0812390660125
0,-8,537.2587526441216
0,-8,502.5995683662511
0,-8,557.771018012178
0,-8,50.0
0,-7,50.0
0,-7,488.38679282374693
0,-7,109.076558556529
0,-7,114.08406948207423
0,-7,220.03610364789301
1,-7,53.57055553242958
1,-7,494.41892301008454
1,-7,561.6283359444985
1,-7,317.2223723757827
1,-7,900.0
2,-7,769.3798141351448
2,-7,726.7885968447728
2,-7,50.0
2,-7,77.86277923511594
2,-7,375.5639096566633
3,-7,580.8774907573647
3,-7,432.77965408103114
3,-7,50.0
3,-7,81.45580747123986
3,-7,50.0
3,-6,586.5400323575919
3,-6,900.0
3,-6,50.0
3,-6,438.4470597360031
3,-6,900.0
3,-7,50.0
3,-7,208.88977796315214
3,-7,496.26827381334624
3,-7,50.0
3,-7,309.8569597668903
4,-7,125.07439201331516
4,-7,281.65034704137736
4,-7,292.175589220586
4,-7,50.0
4,-7,433.6563799063635
4,-6,50.0
4,-6,50.0
4,-6,344.0553507864085
4,-6,632.4289489581811
4,-6,900.0
4,-5,449.3472085516925
4,-5,81.7445045880217
4,-5,50.0
4,-5,517.3684968972027
4,-5,676.2325775659928
4,-6,314.92379773197655
4,-6,286.27426552955035
4,-6,221.7214577578344
4,-6,50.0
4,-6,246.27591152849607
4,-5,755.552325862722
4,-5,503.9858617020339
4,-5,87.11285808393723
4,-5,338.49311107186924
4,-5,296.584858214752
4,-4,622.1457510412299
4,-4,691.0421981101771
4,-4,151.5719028624265
4,-4,50.0
4,-4,733.401544387943
3,-4,383.68260383552786
3,-4,50.0
3,-4,220.13296437834208
3,-4,598.16062462428
3,-4,203.99391404323433
3,-3,833.6797224035085
3,-3,284.94898035741505
3,-3,629.1404206101539
3,-3,50.0
3,-3,900.0
4,-3,453.43389874794013
4,-3,659.8515372146933
4,-3,697.7801758576137
4,-3,671.2196982001636
4,-3,645.6977833838193
4,-2,290.39255698159764
4,-2,900.0
4,-2,431.91964985259835
4,-2,396.83946232075556
4,-2,351.53557123254893
4,-1,417.39031311123796
4,-1,50.0
4,-1,475.827507993342
4,-1,170.19412733759083
4,-1,754.6361309970055
4,0,244.33115895342164
4,0,900.0
4,0,900.0
4,0,50.0
4,0,618.9255996634827
4,1,402.95257750449537
4,1,443.0503108803602
4,1,416.1976833653848
4,1,367.56022233375165
4,1,717.2901366816197
4,2,480.1879497541543
4,2,341.09111316203774
4,2,900.0
4,2,523.1086047270389
4,2,900.0
5,2,547.1256175305388
5,2,683.9480025318503
5,2,373.46884271556615
5,2,168.07571784781732
5,2,505.24337981028697
6,2,284.0057512517294
6,2,445.1645284971264
6,2,476.39417380721204
6,2,50.0
6,2,504.90153929214034
5,2,321.8724828572424
5,2,50.0
5,2,569.4060227740943
5,2,618.4946377841112
5,2,50.0
4,2,573.8312102791236
4,2,667.3613388567517
4,2,503.5517330908052
4,2,50.0
4,2,513.4205568897539
4,3,900.0
4,3,192.52684392916683
4,3,508.2293309582658
4,3,153.04490422720497
4,3,363.0185900924788
5,3,500.4857478924982
5,3,553.9594451661249
5,3,197.49197588732918
5,3,549.1658842255318
5,3,642.799043620257
4,3,428.3738241812459
4,3,431.8887931979382
4,3,821.3782880669672
4,3,542.8654669218868
4,3,50.0
4,2,900.0
4,2,304.61688504745064
4,2,733.5283024668788
4,2,650.9209858572362
4,2,900.0
5,2,680.2320544547288
5,2,438.46336004484044
5,2,550.8773110946453
5,2,439.43310868744703
5,2,50.0
6,2,566.1710983007231
6,2,373.7857588322855
6,2,148.35684552029815
6,2,146.69041273068328
6,2,591.5797696899024
6,3,667.1279234885513
6,3,454.77673978497495
6,3,60.86901015690691
6,3,548.3908305410838
6,3,187.11056178521505
6,4,176.96537011374895
6,4,530.1468179604391
6,4,510.2941952573565
6,4,50.0
6,4,900.0
7,4,50.0
7,4,671.537937019511
7,4,265.81329415581087
7,4,50.0
7,4,69.17087473775825
7,5,178.06430940765847
7,5,318.1031513001774
7,5,94.91820225780958
7,5,757.3918601524499
7,5,450.04124604378217
8,5,392.901551061178
8,5,353.60885263654205
8,5,50.0
8,5,149.2332649707137
8,5,228.29264101168826
8,4,805.6574224823751
8,4,523.1306402825369
8,4,725.5669140223309
8,4,650.4418580860281
8,4,732.3045086928535
9,4,164.63527344172937
9,4,363.9298995809055
9,4,159.49121218233125
9,4,129.7653520350148
9,4,50.0
10,4,112.23245727587557
10,4,50.0
10,4,425.32455008988666
10,4,131.11623712861586
10,4,327.2460784186669
10,5,506.07757822869405
10,5,91.14780577009378
10,5,401.2020119384514
10,5,306.4563118961032
10,5,269.7434383542439
10,6,195.37761872234285
10,6,50.0
10,6,50.0
10,6,193.12312619535848
10,6,95.8163709888911
10,7,50.0
10,7,155.9483407381667
10,7,50.0
10,7,50.0
10,7,200.2210750697291
10,8,377.8608673429255
10,8,349.3147141768259
10,8,50.0
10,8,242.31613617878128
10,8,116.22641426368203
11,8,120.56472889487225
11,8,50.0
11,8,50.0
11,8,275.8499140117583
11,8,644.3269347493672
10,8,50.0
10,8,136.59670701752137
10,8,50.0
10,8,148.1859972700502
10,8,50.0
10,9,647.8593570585939
10,9,50.0
10,9,50.0
10,9,230.96048631652212
10,9,50.0
9,9,50.0
9,9,50.0
9,9,50.0
9,9,698.0518943903774
9,9,50.0
10,9,50.0
10,9,482.9856085795176
10,9,286.52469304322335
10,9,217.7171411443138
10,9,50.0
11,9,50.0
11,9,50.0
11,9,50.0
11,9,401.7824656902579
11,9,50.0
11,10,220.4004358350777
11,10,50.0
11,10,321.0838982789081
11,10,227.41872416778648
11,10,50.0
12,10,56.01958099446889
12,10,50.0
12,10,50.0
12,10,723.6632669821222
12,10,50.0
11,10,200.5602272078008
11,10,50.0
11,10,504.4488609110373
11,10,50.0
11,10,50.0
10,10,50.0
10,10,50.0
10,10,50.0
10,10,50.0
10,10,50.0
11,10,50.0
11,10,50.0
11,10,484.96775911729185
11,10,50.0
11,10,176.45317370280225
12,10,50.0
12,10,363.9513175184959
12,10,50.0
12,10,317.2673260392977
12,10,310.4346334499803
13,10,396.80386609442775
13,10,216.48294148581107
13,10,229.41275363748113
13,10,50.0
13,10,50.0
13,11,50.0
13,11,50.0
13,11,50.0
13,11,332.75574621994286
13,11,50.0
14,11,50.0
14,11,50.0
14,11,425.4978170616153
14,11,50.0
14,11,50.0
14,12,82.36608022984274
14,12,50.0
14,12,50.0
14,12,752.5473915950884
14,12,50.0
15,12,50.0
15,12,50.0
15,12,50.0
15,12,194.6460622173306
15,12,50.0
16,12,50.0
16,12,50.0
16,12,50.0
16,12,50.0
16,12,50.0
16,11,50.0
16,11,50.0
16,11,60.77459983739912
16,11,50.0
16,11,50.0
16,10,50.0
16,10,50.0
16,10,50.0
16,10,162.38206297730477
16,10,50.0
16,9,50.0
16,9,50.0
16,9,50.0
16,9,50.0
16,9,50.0
15,9,122.03427691544945
15,9,50.0
15,9,420.8890891479947
15,9,106.44823168141117
15,9,50.0
14,9,50.0
14,9,349.5176779126697
14,9,50.0
14,9,50.0
14,9,92.99746988512945
14,10,74.77795476371388
14,10,50.0
14,10,181.4373619798012
14,10,100.05796777294417
14,10,50.0
14,9,197.82020179948566
14,9,303.0660132766399
14,9,50.0
14,9,258.44001447528865
14,9,50.0
14,8,215.7263489565281
14,8,171.50655851113754
14,8,50.0
14,8,50.0
14,8,64.91927767385897
15,8,437.73821082709196
15,8,97.47953766929847
15,8,50.0
15,8,112.87474199878555
15,8,50.0
15,7,50.0
15,7,50.0
15,7,50.0
15,7,50.0
15,7,50.0
14,7,50.0
14,7,266.6018828563391
14,7,50.0
14,7,114.97039592683078
14,7,50.0
14,6,50.0
14,6,50.0
14,6,180.05544401694658
14,6,319.5832323814691
14,6,679.1520625373918
14,5,95.54360650165593
14,5,50.0
14,5,148.13139749402953
14,5,140.09254148411185
14,5,50.0
14,4,266.85871373780304
14,4,50.0
14,4,50.0
14,4,50.0
14,4,50.0
14,3,50.0
14,3,723.7517345956493
14,3,50.0
14,3,50.0
14,3,266.8902023162785
13,3,50.0
13,3,511.46517355042147
13,3,108.03853177392767
13,3,141.1989033483294
13,3,50.0
13,2,50.0
13,2,317.2725226144697
13,2,156.50795161105114
13,2,50.0
13,2,307.2459311668011
13,1,289.76049870164456
13,1,50.0
13,1,50.0
13,1,55.81490137553642
13,1,622.2479545271975
14,1,50.0
14,1,297.15737339023565
14,1,59.58215176481471
14,1,286.5369181886258
14,1,115.05085450590823
14,0,120.1382941989884
14,0,132.0401637139897
14,0,167.19235352091638
14,0,70.15934334917506
14,0,50.0
14,-1,50.0
14,-1,50.0
14,-1,116.0130987259133
14,-1,50.0
14,-1,50.0
13,-1,733.1194927619446
13,-1,50.0
13,-1,50.0
13,-1,222.59578855140398
13,-1,50.0
13,0,50.0
13,0,628.5162297453467
13,0,83.55850236972535
13,0,504.2487350852947
13,0,201.19803864735493
13,-1,50.0
13,-1,186.27756240983615
13,-1,568.4366389269373
13,-1,50.0
13,-1,210.35638194561866
12,-1,50.0
12,-1,50.0
12,-1,50.0
12,-1,180.51207853134116
12,-1,50.0
11,-1,88.43296649246292
11,-1,80.33892244756069
11,-1,148.06320275797313
11,-1,174.96586022347498
11,-1,51.65014393166338
11,-2,141.8706808042457
11,-2,177.11328766982015
11,-2,451.49865519212125
11,-2,50.0
11,-2,50.0
10,-2,521.1449843751378
10,-2,164.99858591333324
10,-2,50.0
10,-2,560.7916707701017
10,-2,588.748434613985
9,-2,50.0
9,-2,84.36752375781303
9,-2,532.9953993692843
9,-2,448.16100506556586
9,-2,473.0061842562301
10,-2,501.6376243751136
10,-2,578.9068766080215
10,-2,173.82032185259933
10,-2,54.69608586867389
10,-2,172.13698871256165
9,-2,65.10664593529073
9,-2,50.0
9,-2,368.8226576386045
9,-2,425.75234788347643
9,-2,128.84601895469342
9,-1,900.0
9,-1,233.43789371595872
9,-1,50.0
9,-1,116.50572633992809
9,-1,524.9923846903669
9,-2,50.0
9,-2,50.0
9,-2,687.3932817920129
9,-2,269.6611736333871
9,-2,376.24635839025876
9,-3,82.25655449889689
9,-3,443.53246265094674
9,-3,251.67236026244
9,-3,50.0
9,-3,50.0
9,-4,498.6657265053767
9,-4,50.0
9,-4,128.0726098868333
9,-4,89.22018618706215
9,-4,50.0
9,-5,50.0
9,-5,102.10480474614677
9,-5,214.77321981241317
9,-5,258.2598248682492
9,-5,692.9325328917969
8,-5,806.4474362319027
8,-5,70.38277029039284
8,-5,112.12999094622691
8,-5,165.9584563998712
8,-5,376.87083778143307
7,-5,665.0604375224862
7,-5,352.2681161580058
7,-5,900.0
7,-5,828.0263079893284
7,-5,659.8881864482184
7,-6,164.35969267510436
7,-6,468.5314120417397
7,-6,394.94466227913057
7,-6,228.38321003345882
7,-6,661.1660162286804
7,-7,94.73091833052732
7,-7,278.5303299409693
7,-7,759.7331862590931
7,-7,50.0
7,-7,50.0
7,-8,281.7049041578846
7,-8,265.55186732364217
7,-8,314.1277487245053
7,-8,211.38928427808287
7,-8,50.0
6,-8,50.0
6,-8,342.70914711073345
6,-8,900.0
6,-8,202.93075692899316
6,-8,50.0
6,-9,187.97612861598566
6,-9,251.84441877312668
6,-9,422.33226756772206
6,-9,333.520314831577
6,-9,50.0
5,-9,752.7026993146554
5,-9,95.3598991133233
5,-9,50.0
5,-9,283.9946684127142
5,-9,462.5796706312261
6,-9,60.92881317442027
6,-9,50.0
6,-9,462.7824068161159
6,-9,165.8113704781419
6,-9,153.9671375439954
5,-9,271.44500933823724
5,-9,371.3521092666797
5,-9,653.3907755572375
5,-9,98.49083902085651
5,-9,50.0
5,-8,742.7484076483659
5,-8,263.5494641489163
5,-8,184.39549043141832
5,-8,294.5341300534204
5,-8,378.19398783002373
5,-9,260.951514980435
5,-9,158.0538907897377
5,-9,50.0
5,-9,50.0
5,-9,159.75654503190333
5,-10,50.0
5,-10,50.0
5,-10,322.4549179929426
5,-10,50.0
5,-10,50.0
4,-10,616.5018323017575
4,-10,747.6932051524966
4,-10,360.5519807443766
4,-10,50.0
4,-10,125.25790985240772
4,-11,50.0
4,-11,105.65498942304396
4,-11,50.0
4,-11,50.0
4,-11,50.0
4,-12,185.68494646096923
4,-12,50.0
4,-12,75.79690319932158
4,-12,340.31284193832266
4,-12,95.9471934562274
5,-12,278.6677177315745
5,-12,50.0
5,-12,135.99358237220014
5,-12,50.0
5,-12,50.0
6,-12,512.9021987366622
6,-12,384.32421543374943
6,-12,93.48049002472528
6,-12,286.19749549122025
6,-12,123.96413064509427
7,-12,193.4593559379007
7,-12,50.0
7,-12,544.8331345448141
7,-12,50.0
7,-12,50.0
8,-12,330.4003599448275
8,-12,101.142503310865
8,-12,50.0
8,-12,275.56636212424144
8,-12,50.0
9,-12,50.0
9,-12,50.0
9,-12,134.70152898056145
9,-12,644.2102768373331
9,-12,50.0
9,-11,95.31967567823287
9,-11,50.0
9,-11,50.0
9,-11,174.20011498553185
9,-11,188.44933742394713
8,-11,397.39228807393135
8,-11,305.60860600857126
8,-11,169.0442638125187
8,-11,263.02616909634776
8,-11,50.0
9,-11,50.0
9,-11,266.6549041225165
9,-11,394.9269052114578
9,-11,50.0
9,-11,313.0563847425544
9,-10,50.0
9,-10,572.1343328514251
9,-10,50.0
9,-10,88.73526559518032
9,-10,94.94944667464073
9,-9,50.0
9,-9,137.26347456147244
9,-9,50.0
9,-9,50.0
9,-9,50.0
10,-9,50.0
10,-9,69.77129013355608
10,-9,50.0
10,-9,50.0
10,-9,130.0993466782383
11,-9,50.0
11,-9,50.0
11,-9,142.09218080269952
11,-9,135.5179234329432
11,-9,290.70263529139424
10,-9,549.8563765398162
10,-9,646.2334005290033
10,-9,50.0
10,-9,50.0
10,-9,50.0
10,-8,120.95862112135
10,-8,69.57411208824578
10,-8,289.1397591106233
10,-8,50.0
10,-8,429.4323401103302
10,-7,50.0
10,-7,50.0
10,-7,228.48320772438223
10,-7,50.0
10,-7,116.61059118908993
11,-7,50.0
11,-7,64.79068747469044
11,-7,376.08448359471186
11,-7,50.0
11,-7,364.79373148109795
12,-7,50.0
12,-7,397.45754328796806
12,-7,50.0
12,-7,50.0
12,-7,115.61256919209148
11,-7,244.75020312721523
11,-7,50.0
11,-7,50.0
11,-7,300.52704845225384
11,-7,352.3941754470745
11,-6,139.35630630452408
11,-6,222.37747469311196
11,-6,50.0
11,-6,50.0
11,-6,68.1939798160038
12,-6,50.0
12,-6,517.1929323713575
12,-6,624.3257972745512
12,-6,50.0
12,-6,50.0
13,-6,288.11171467477163
13,-6,399.2934109818194
13,-6,345.84659246216364
13,-6,50.0
13,-6,508.5899402403083
13,-5,50.0
13,-5,328.57553140842845
13,-5,50.0
13,-5,50.0
13,-5,476.0961914044765
13,-4,114.38992098921346
13,-4,63.33845617675874
13,-4,586.0059509531538
13,-4,519.6277619548341
13,-4,158.66610239759663
14,-4,50.0
14,-4,179.82981759671446
14,-4,100.45501373882185
14,-4,50.0
14,-4,81.66954866875324
15,-4,138.1190072154947
15,-4,50.0
15,-4,144.1630651801696
15,-4,50.0
15,-4,50.0
16,-4,50.0
16,-4,50.0
16,-4,50.0
16,-4,50.0
16,-4,50.0
15,-4,50.0
15,-4,50.0
15,-4,50.0
15,-4,126.92290593533977
15,-4,50.0
15,-5,50.0
15,-5,242.87285774143433
15,-5,50.0
15,-5,50.0
15,-5,50.0
14,-5,50.0
14,-5,340.1369797582559
14,-5,50.0
14,-5,50.0
14,-5,50.0
13,-5,302.18499650316926
13,-5,50.0
13,-5,50.0
13,-5,254.59376765868916
13,-5,50.0
12,-5,50.0
12,-5,501.8576416608115
12,-5,50.0
12,-5,155.99682681663478
12,-5,50.0
12,-6,50.0
12,-6,123.05181024177772
12,-6,50.0
12,-6,50.0
12,-6,290.0604393106721
11,-6,50.0
11,-6,50.0
11,-6,468.4324561224283
11,-6,284.47207561841344
11,-6,50.0
10,-6,69.64166444093209
10,-6,50.0
10,-6,50.0
10,-6,157.7610563081331
10,-6,50.0
9,-6,50.0
9,-6,50.0
9,-6,57.39290734821725
9,-6,244.91897087949891
9,-6,50.0
8,-6,423.4834944947879
8,-6,50.0
8,-6,88.72149629039515
8,-6,254.89127630617202
8,-6,152.7174137061616
7,-6,50.0
7,-6,557.496286144027
7,-6,255.52654958801986
7,-6,182.70455846248052
7,-6,420.7662422587777
6,-6,50.0
6,-6,150.95306083449935
6,-6,50.0
6,-6,336.91496482754985
6,-6,62.66901756932815
5,-6,723.8167548621105
5,-6,51.79237229658821
5,-6,50.0
5,-6,708.0099022872628
5,-6,195.34551631903028
4,-6,425.70803396965744
4,-6,652.5041747616889
4,-6,272.1279073746267
4,-6,128.80172966350855
4,-6,531.9110153391256
5,-6,240.09680000557074
5,-6,50.0
5,-6,480.1905680027506
5,-6,517.3483716281396
5,-6,353.563365533902
4,-6,273.2585464749906
4,-6,50.0
4,-6,148.25824383359287
4,-6,341.49236222132674
4,-6,551.2742657507815
3,-6,711.093624721142
3,-6,91.17471645534317
3,-6,389.86602939759433
3,-6,253.54408567149025
3,-6,377.98674988908044
4,-6,739.0881540437899
4,-6,446.1926763942176
4,-6,517.9048701323156
4,-6,82.50559390613859
4,-6,395.0427801969515
3,-6,700.3803169998762
3,-6,50.0
3,-6,343.8037537317694
3,-6,342.7854751554584
3,-6,586.4979048478219
2,-6,150.59090965764915
2,-6,50.0
2,-6,495.8573989808956
2,-6,235.56295914664034
2,-6,823.2991733634965
2,-7,270.3554414793572
2,-7,77.38679299439829
2,-7,388.62228151716806
2,-7,529.0978667726594
2,-7,140.1104257671499
1,-7,50.0
1,-7,121.46778506251587
1,-7,796.128384312981
1,-7,330.61212967615717
1,-7,394.436321939835
0,-7,55.179578038339116
0,-7,50.0
0,-7,711.1090886540107
0,-7,900.0
0,-7,335.81670302184295
-1,-7,865.2952848116877
-1,-7,128.5058888274213
-1,-7,196.58162309042916
-1,-7,418.9274924142677
-1,-7,877.2940353682765
-2,-7,523.015956684683
-2,-7,470.358084658475
-2,-7,50.0
-2,-7,128.6289772807275
-2,-7,463.6722347710332
-3,-7,50.0
-3,-7,640.5254386890072
-3,-7,147.67385104820016
-3,-7,313.8316932346197
-3,-7,105.69128140871648
-4,-7,262.1432780763196
-4,-7,321.5108562144519
-4,-7,163.25048476705376
-4,-7,202.3164083416934
-4,-7,900.0
-5,-7,50.0
-5,-7,530.9039433641288
-5,-7,50.0
-5,-7,63.70894707687927
-5,-7,900.0
-6,-7,581.0534859127655
-6,-7,56.937827707356576
-6,-7,466.20870121232593
-6,-7,252.51630507674895
-6,-7,93.16070046611365
-7,-7,121.67512152006086
-7,-7,152.39982803878064
-7,-7,50.0
-7,-7,50.0
-7,-7,50.0
-7,-6,50.0
-7,-6,211.06988414269688
-7,-6,50.0
-7,-6,272.0728338539537
-7,-6,331.0852671276194
-7,-7,124.17977496998608
-7,-7,207.09303234028144
-7,-7,776.3323920843993
-7,-7,50.0
-7,-7,392.5060044140748
-8,-7,304.71768798126857
-8,-7,220.03249495691333
-8,-7,566.0112666892048
-8,-7,181.7393099322569
-8,-7,639.1513035207392
-9,-7,91.91853099555931
-9,-7,225.7544923170094
-9,-7,485.8422838016338
-9,-7,64.42567685608955
-9,-7,158.53028805113456
-9,-8,270.3030925570887
