15,8,50.0
15,8,782.4213488894875
15,8,216.60485413751147
15,8,50.0
16,8,133.08648763882627
16,8,50.0
16,8,50.0
16,8,464.14519891935095
16,8,50.0
15,8,436.7874120884445
15,8,379.4110042235967
15,8,50.0
15,8,732.1188886777812
15,8,50.0
16,8,275.21105673052443
16,8,261.59201821762935
16,8,466.2511765275682
16,8,258.8583893787011
16,8,50.0
17,8,50.0
17,8,54.69072333942276
17,8,319.5858037712579
17,8,50.0
17,8,50.0
18,8,50.0
18,8,50.0
18,8,50.0
18,8,50.0
18,8,50.0
19,8,50.0
19,8,50.0
19,8,312.51489564966636
19,8,50.0
19,8,136.05526163656532
20,8,50.0
20,8,50.0
20,8,50.0
20,8,50.0
20,8,50.0
20,7,50.0
20,7,50.0
20,7,383.4134699349255
20,7,50.0
20,7,240.5860721231806
20,6,50.0
20,6,50.0
20,6,50.0
20,6,50.0
20,6,50.0
19,6,50.0
19,6,50.0
19,6,116.36967861766254
19,6,50.0
19,6,50.0
19,5,50.0
19,5,64.80695099513525
19,5,357.83504913684243
19,5,50.0
19,5,50.0
18,5,135.27872223132638
18,5,50.0
18,5,50.0
18,5,50.0
18,5,50.0
18,4,176.90674401085272
18,4,206.40797894998087
18,4,50.0
18,4,50.0
18,4,661.9011300137346
17,4,50.0
17,4,50.0
17,4,217.76804664704952
17,4,180.2304403397573
17,4,50.0
17,3,50.0
17,3,641.7187412526288
17,3,50.0
17,3,658.2208206390957
17,3,105.4385362277126
16,3,200.1071524145213
16,3,50.0
16,3,50.0
16,3,50.0
16,3,133.6298786408319
17,3,50.0
17,3,50.0
17,3,256.0295714716648
17,3,50.0
17,3,271.80141644241127
17,4,50.0
17,4,102.18524342473194
17,4,87.44788706352138
17,4,132.96985198586688
17,4,219.662820702266
17,3,71.67040323586174
17,3,85.80797251200005
17,3,50.0
17,3,181.39354047101497
17,3,50.0
17,2,50.0
17,2,50.0
17,2,50.0
17,2,50.0
17,2,195.73671005609907
17,1,50.0
17,1,293.2960720847767
17,1,50.0
17,1,50.0
17,1,127.59630838389032
16,1,126.9595789088101
16,1,114.97191257154165
16,1,50.0
16,1,50.0
16,1,346.02854424381246
15,1,453.81713530719713
15,1,50.0
15,1,50.0
15,1,50.0
15,1,50.0
14,1,50.0
14,1,92.76346790674701
14,1,372.64281053566714
14,1,810.912185174548
14,1,153.36960946541527
13,1,50.0
13,1,67.92149441395983
13,1,336.04410291715385
13,1,400.1655779413486
13,1,373.23839065088464
13,0,324.1671437642557
13,0,820.9493954505672
13,0,85.53502513732877
13,0,482.9933471750195
13,0,242.97486940098338
12,0,539.4202508251345
12,0,657.2007359437796
12,0,664.8744474248036
12,0,50.0
12,0,50.0
11,0,266.3820342661297
11,0,603.248003907527
11,0,574.3022040529237
11,0,52.47805226655262
11,0,50.0
11,-1,85.85759385840322
11,-1,95.95559514865538
11,-1,50.0
11,-1,354.49160474483506
11,-1,354.8492031934755
10,-1,107.15158817162373
10,-1,215.24669336365304
10,-1,267.4413079574083
10,-1,247.66210533032816
10,-1,387.8053825122614
10,-2,90.86903421159502
10,-2,50.0
10,-2,432.18690801381723
10,-2,50.0
10,-2,398.3044324372015
10,-3,50.0
10,-3,86.43274140457177
10,-3,177.77889383247543
10,-3,50.0
10,-3,900.0
11,-3,50.0
11,-3,195.2007575639334
11,-3,608.5541405353788
11,-3,50.0
11,-3,220.97941423528462
10,-3,442.93864340365803
10,-3,742.8803484542348
10,-3,441.5072185982849
10,-3,50.0
10,-3,202.63497720826598
10,-4,56.018398026330686
10,-4,504.23153762114356
10,-4,50.0
10,-4,497.4940025317992
10,-4,529.8681914617554
11,-4,50.0
11,-4,243.69532188903807
11,-4,150.27579466208934
11,-4,900.0
11,-4,50.0
11,-5,161.82526810685331
11,-5,50.0
11,-5,147.2311778127455
11,-5,50.0
11,-5,50.0
11,-6,362.0511928141701
11,-6,754.6589280371395
11,-6,295.7026985046228
11,-6,50.0
11,-6,50.0
11,-7,50.0
11,-7,50.0
11,-7,243.00593327785995
11,-7,50.0
11,-7,150.9620273283417
11,-8,543.884889518717
11,-8,514.4175288115966
11,-8,516.2656373750995
11,-8,92.56342922373355
11,-8,50.0
10,-8,50.0
10,-8,174.5508620367987
10,-8,50.0
10,-8,50.0
10,-8,310.4516346203135
9,-8,396.7629686221123
9,-8,482.6801903293025
9,-8,825.8182974750483
9,-8,50.0
9,-8,526.1286201106909
8,-8,226.04239274015143
8,-8,50.0
8,-8,250.20065045713108
8,-8,50.0
8,-8,315.6322269051251
8,-9,185.2622575319379
8,-9,900.0
8,-9,221.63197027937804
8,-9,346.15659178081694
8,-9,528.4735488824683
8,-8,305.2642108563417
8,-8,62.055095123215324
8,-8,248.34735024936595
8,-8,139.13185821407805
8,-8,720.770136561445
7,-8,50.0
7,-8,347.6794846697227
7,-8,900.0
7,-8,50.0
7,-8,169.1334921777935
6,-8,347.3614309160573
6,-8,295.6906925619799
6,-8,900.0
6,-8,567.5035419306587
6,-8,87.23329816530668
6,-9,397.32455807709744
6,-9,50.0
6,-9,900.0
6,-9,589.015385423166
6,-9,572.224496744314
6,-10,50.0
6,-10,50.0
6,-10,837.606227999975
6,-10,404.2137479331576
6,-10,297.82311899433364
6,-11,650.6505171565655
6,-11,382.2230687493853
6,-11,900.0
6,-11,789.6300752058607
6,-11,50.0
6,-12,50.0
6,-12,50.0
6,-12,68.99152149918778
6,-12,235.78839562674233
6,-12,370.5581032610081
6,-13,744.7010402534632
6,-13,436.61124770265207
6,-13,159.8262269430438
6,-13,378.29232914067757
6,-13,50.0
6,-14,50.0
6,-14,134.6492041352501
6,-14,50.0
6,-14,50.0
6,-14,50.0
5,-14,50.0
5,-14,50.0
5,-14,327.6216591975957
5,-14,50.0
5,-14,50.0
5,-15,617.7511759257537
5,-15,50.0
5,-15,50.0
5,-15,477.5786393196546
5,-15,50.0
4,-15,70.93800941134069
4,-15,50.0
4,-15,333.1048897131766
4,-15,50.0
4,-15,165.29128660855895
5,-15,313.2437708591
5,-15,50.0
5,-15,50.0
5,-15,96.60826184297238
5,-15,50.0
4,-15,50.0
4,-15,267.79363927913766
4,-15,50.0
4,-15,393.17667434707766
4,-15,82.25809860455945
5,-15,378.2543871990288
5,-15,50.0
5,-15,412.9181387300106
5,-15,298.57261558059565
5,-15,50.0
4,-15,432.18234565486665
4,-15,50.0
4,-15,93.30104548003263
4,-15,58.1259199341675
4,-15,50.0
3,-15,315.5546710860838
3,-15,111.99745402748698
3,-15,120.3350670873137
3,-15,325.48647924726964
3,-15,250.23025827483613
3,-16,50.0
3,-16,402.4409552773346
3,-16,455.49551423504886
3,-16,51.731480944496354
3,-16,50.0
4,-16,50.0
4,-16,50.0
4,-16,50.0
4,-16,50.0
4,-16,50.0
4,-17,50.0
4,-17,50.0
4,-17,50.0
4,-17,353.98732731971654
4,-17,444.89198129020997
5,-17,50.0
5,-17,50.0
5,-17,248.5050358220496
5,-17,97.30450180299418
5,-17,55.452326836246115
4,-17,172.60887242218138
4,-17,50.0
4,-17,636.9285346239388
4,-17,50.0
4,-17,50.0
3,-17,50.0
3,-17,554.2586930746661
3,-17,50.0
3,-17,50.0
3,-17,50.0
2,-17,50.0
2,-17,50.0
2,-17,50.0
2,-17,570.083611409173
2,-17,272.53559237339704
2,-18,50.0
2,-18,50.0
2,-18,81.82425590019494
2,-18,50.0
2,-18,50.0
2,-19,50.0
2,-19,50.0
2,-19,50.0
2,-19,50.0
2,-19,313.33814969179457
2,-20,50.0
2,-20,50.0
2,-20,50.0
2,-20,526.5812746364049
2,-20,50.0
1,-20,128.59293175839548
1,-20,50.0
1,-20,50.0
1,-20,527.2981534418627
1,-20,50.0
2,-20,50.0
2,-20,50.0
2,-20,50.0
2,-20,50.0
2,-20,50.0
1,-20,50.0
1,-20,50.0
1,-20,50.0
1,-20,50.0
1,-20,50.0
0,-20,536.175585262101
0,-20,50.0
0,-20,50.0
0,-20,76.94955553372594
0,-20,50.0
-1,-20,50.0
-1,-20,50.0
-1,-20,50.0
-1,-20,50.0
-1,-20,50.0
-1,-19,50.0
-1,-19,50.0
-1,-19,87.90204236129702
-1,-19,52.97368311866012
-1,-19,60.62295915413142
0,-19,50.0
0,-19,56.87792559449787
0,-19,50.0
0,-19,50.0
0,-19,370.6550331889539
0,-20,168.8971161802396
0,-20,50.0
0,-20,308.5171329295732
0,-20,136.57298114981853
0,-20,276.5868560641735
0,-19,50.0
0,-19,50.0
0,-19,50.0
0,-19,341.60100921048667
0,-19,50.0
1,-19,50.0
1,-19,523.1572685484849
1,-19,50.0
1,-19,50.0
1,-19,50.0
2,-19,50.0
2,-19,50.0
2,-19,50.0
2,-19,50.0
2,-19,50.0
2,-18,50.0
2,-18,50.0
2,-18,50.0
2,-18,50.0
2,-18,50.0
2,-19,470.8245792049855
2,-19,50.0
2,-19,50.0
2,-19,50.0
2,-19,74.76579744678764
2,-18,50.0
2,-18,50.0
2,-18,176.23738772961917
2,-18,50.0
2,-18,50.0
2,-17,50.0
2,-17,50.0
2,-17,50.0
2,-17,281.61582191988185
2,-17,50.0
2,-16,436.2411204380616
2,-16,94.40853031921786
2,-16,171.2494048987007
2,-16,60.56188929873727
2,-16,50.0
2,-15,817.2061250454375
2,-15,50.0
2,-15,799.5715753350405
2,-15,330.26966191662973
2,-15,50.0
2,-14,50.0
2,-14,50.0
2,-14,50.0
2,-14,50.0
2,-14,50.0
2,-13,540.7908129028428
2,-13,50.0
2,-13,50.0
2,-13,585.1902848483771
2,-13,50.0
2,-12,50.0
2,-12,50.0
2,-12,50.0
2,-12,495.7956199653802
2,-12,50.0
2,-11,50.0
2,-11,302.8415499234263
2,-11,369.7288887521512
2,-11,589.1447853407742
2,-11,418.7105971273401
3,-11,771.8877635837791
3,-11,50.0
3,-11,878.7306133290474
3,-11,900.0
3,-11,431.3349201933527
4,-11,50.0
4,-11,50.0
4,-11,670.4057021285715
4,-11,50.0
4,-11,50.0
4,-10,50.0
4,-10,597.250116315033
4,-10,623.0760581095124
4,-10,237.27518385092372
4,-10,50.0
4,-11,675.3938556847826
4,-11,50.0
4,-11,226.3855578845904
4,-11,609.4502119344113
4,-11,253.99846085019044
4,-10,50.0
4,-10,50.0
4,-10,538.5817708189131
4,-10,53.348777699206124
4,-10,190.80623431651043
4,-9,156.73729929075313
4,-9,77.00778784734109
4,-9,354.2945458836777
4,-9,70.73066032083122
4,-9,349.77067187609515
5,-9,640.5240970147831
5,-9,50.0
5,-9,490.9457332317172
5,-9,298.1687087601767
5,-9,747.137985422838
5,-8,56.10178298791209
5,-8,261.30581033276064
5,-8,50.0
5,-8,50.0
5,-8,50.0
5,-7,422.4163697873813
5,-7,202.67688458721454
5,-7,562.951888386778
5,-7,270.6397053910323
5,-7,646.9153741088392
6,-7,900.0
6,-7,598.5124907919404
6,-7,306.89152715414156
6,-7,160.2994231746517
6,-7,769.3107704883959
7,-7,168.42743703855123
7,-7,251.05083019287122
7,-7,496.75957990359757
7,-7,50.0
7,-7,50.0
8,-7,297.07265354490113
8,-7,50.0
8,-7,50.0
8,-7,50.0
8,-7,326.41763648799395
9,-7,427.01560107752204
9,-7,202.4112162513259
9,-7,50.0
9,-7,50.0
9,-7,158.8704121844683
9,-6,50.0
9,-6,50.0
9,-6,79.64821321644808
9,-6,109.966929452334
9,-6,277.8522535182035
9,-5,50.0
9,-5,551.6522168260532
9,-5,248.05436529789128
9,-5,50.0
9,-5,360.3089302215617
9,-4,485.39378746297245
9,-4,124.88150080732736
9,-4,310.9644351784629
9,-4,375.1533009470278
9,-4,250.83645591893978
9,-3,764.5613790790387
9,-3,194.33053328359068
9,-3,776.3603038310575
9,-3,518.1310907649072
9,-3,50.0
10,-3,50.0
10,-3,302.11042932839837
10,-3,100.57376163431113
10,-3,324.06780569961006
10,-3,50.0
10,-2,50.0
10,-2,499.6426983731114
10,-2,257.0348017574094
10,-2,50.0
10,-2,50.0
10,-1,527.0721590300539
10,-1,493.27475207334663
10,-1,821.7132984870577
10,-1,837.8955657121398
10,-1,203.9867062688537
10,-2,50.0
10,-2,50.0
10,-2,280.19980071401375
10,-2,169.4046118252271
10,-2,124.72108205093019
10,-1,287.8702233160724
10,-1,790.6589247756406
10,-1,172.8589109700269
10,-1,80.87999128359442
10,-1,585.5589467603946
10,-2,162.70714162945458
10,-2,674.957115122699
10,-2,125.30131144634419
10,-2,266.5065470426996
10,-2,50.0
11,-2,334.07492327497835
11,-2,50.0
11,-2,50.0
11,-2,88.08948351368474
11,-2,900.0
11,-1,469.59933019151435
11,-1,50.0
11,-1,50.0
11,-1,651.1561386342141
11,-1,50.0
11,0,726.8024940972007
11,0,126.87573072289254
11,0,900.0
11,0,378.8275951068686
11,0,84.17714524315156
11,1,287.7190636480907
11,1,50.0
11,1,50.0
11,1,156.74635759158576
11,1,220.2255042097087
11,2,498.62010684393414
11,2,50.0
11,2,268.4637826098793
11,2,495.9644586474162
11,2,815.6277926485022
11,3,368.3865084831756
11,3,89.94086615674598
11,3,628.0019918063931
11,3,676.4911515730178
11,3,559.3512050850516
11,4,50.0
11,4,338.31931067854094
11,4,50.0
11,4,689.2495841133664
11,4,50.0
12,4,50.0
12,4,466.71672829611384
12,4,220.32226925217356
12,4,50.0
12,4,50.0
13,4,149.8568738542241
13,4,50.0
13,4,50.0
13,4,50.0
13,4,200.88945967456948
12,4,50.0
12,4,50.0
12,4,50.0
12,4,149.15401531783425
12,4,50.0
12,3,241.18591342769906
12,3,338.6546914899583
12,3,569.7022536257214
12,3,50.0
12,3,115.14787530549951
12,2,245.50577369453032
12,2,50.0
12,2,50.0
12,2,50.0
12,2,386.29970337442427
12,1,585.9439786290427
12,1,900.0
12,1,283.3735787756644
12,1,900.0
12,1,682.8775555991656
11,1,465.0350313785946
11,1,320.6982774820491
11,1,50.0
11,1,650.4757605056909
11,1,175.84171704388734
11,0,50.0
11,0,376.8816373949465
11,0,822.1393676100521
11,0,531.3962094393969
11,0,50.0
11,-1,50.0
11,-1,236.20178555128643
11,-1,50.0
11,-1,185.31562079932326
11,-1,315.8515372871384
11,-2,343.1139684162023
11,-2,50.0
11,-2,134.68916598289007
11,-2,430.79421795811555
11,-2,65.77268783174839
11,-3,50.0
11,-3,387.8367857191457
11,-3,96.3556730788584
11,-3,675.5603729315062
11,-3,50.0
10,-3,559.7296438625306
10,-3,302.51553268564453
10,-3,837.4466948363113
10,-3,449.88131003700937
10,-3,464.11203111930394
10,-4,50.0
10,-4,50.0
10,-4,50.0
10,-4,50.0
10,-4,50.0
9,-4,499.2756049604827
9,-4,50.0
9,-4,416.6627542779211
9,-4,50.0
9,-4,364.69787933045154
9,-5,522.4346856153206
9,-5,50.0
9,-5,298.2088839241633
9,-5,280.8385815353626
9,-5,424.1757266175305
9,-6,289.3167420499407
9,-6,50.0
9,-6,50.0
9,-6,304.73720521474706
9,-6,50.0
9,-5,238.1379082801991
9,-5,665.9107141596745
9,-5,454.3495358617706
9,-5,126.8077995185688
9,-5,50.0
10,-5,50.0
10,-5,900.0
10,-5,50.0
10,-5,50.0
10,-5,493.7786513786465
10,-6,475.4086635731662
10,-6,279.4400924217506
10,-6,109.94094151705278
10,-6,105.91383045425417
10,-6,557.8552715270848
10,-7,310.7976156964222
10,-7,226.7758645695668
10,-7,50.0
10,-7,50.0
10,-7,50.0
9,-7,50.0
9,-7,97.03183162613774
9,-7,50.0
9,-7,598.1951475486611
9,-7,166.3923499836573
8,-7,797.1748406593249
8,-7,142.33512703294627
8,-7,50.0
8,-7,254.04855774096694
8,-7,297.5807748240028
7,-7,527.5428383602778
7,-7,276.0375024409852
7,-7,900.0
7,-7,292.6283361751171
7,-7,50.0
7,-8,725.4251879966992
7,-8,900.0
7,-8,207.43577676762303
7,-8,50.0
7,-8,302.3309899730807
7,-9,299.1128379879348
7,-9,671.9257000187658
7,-9,77.2416997289505
7,-9,900.0
7,-9,50.0
6,-9,324.9326875704915
6,-9,411.90271713265656
6,-9,50.0
6,-9,225.48953428924608
6,-9,592.4530598288933
5,-9,201.7871819791023
5,-9,50.0
5,-9,50.0
5,-9,900.0
5,-9,131.22402490590258
5,-10,50.0
5,-10,50.0
5,-10,659.2291001442202
5,-10,553.9815561182891
5,-10,60.65530363846156
5,-11,50.0
5,-11,50.0
5,-11,167.9455182253503
5,-11,481.6811450188139
5,-11,123.34973931369048
5,-12,50.0
5,-12,229.38931724601878
5,-12,414.4349687901756
5,-12,50.0
5,-12,50.0
4,-12,483.7340287481453
4,-12,558.5468709474607
4,-12,251.29551748409145
4,-12,148.61984198332675
4,-12,672.8807914940744
3,-12,50.0
3,-12,265.14807733211074
3,-12,383.47950086126264
3,-12,284.2643987353434
3,-12,50.0
2,-12,260.0404521657065
2,-12,361.51284987680566
2,-12,223.11220434426463
2,-12,50.0
2,-12,606.9328283669893
1,-12,670.0370859460934
1,-12,162.5775026698958
1,-12,440.65164305266575
1,-12,870.1756897390534
1,-12,277.9091959369162
1,-13,891.4332745743818
1,-13,50.0
1,-13,526.3909697943504
1,-13,50.0
1,-13,50.0
2,-13,50.0
2,-13,144.61998459814396
2,-13,684.259426986388
2,-13,113.23908881997667
2,-13,699.8986479287578
1,-13,50.0
1,-13,50.0
1,-13,50.0
1,-13,492.865621159054
1,-13,50.0
1,-12,556.5548689109953
1,-12,796.5749417053942
1,-12,553.3559553222804
1,-12,678.4752868913312
1,-12,493.7199102692922
1,-13,50.0
1,-13,195.78422610506414
1,-13,554.430117940081
1,-13,50.0
1,-13,50.0
0,-13,747.9468702625563
0,-13,210.14258169477102
0,-13,50.0
0,-13,50.0
0,-13,50.0
-1,-13,50.0
-1,-13,50.0
-1,-13,50.0
-1,-13,693.646709321725
-1,-13,194.33024321820503
-2,-13,50.0
-2,-13,50.0
-2,-13,294.9959880945145
-2,-13,50.0
-2,-13,172.84872792536865
-1,-13,103.04300997885123
-1,-13,441.8344597067105
-1,-13,697.7212962924586
-1,-13,89.85445959463698
-1,-13,515.2454835212818
-1,-14,50.0
-1,-14,343.1861352427511
-1,-14,121.01806723974515
-1,-14,579.395836223476
-1,-14,550.481009437585
-2,-14,486.448337104002
-2,-14,50.0
-2,-14,50.0
-2,-14,311.6229321907649
-2,-14,218.79774866322248
-2,-15,50.0
-2,-15,619.3800893245002
-2,-15,50.0
-2,-15,363.3960414998935
-2,-15,231.4983288676147
-3,-15,146.13148519894818
-3,-15,50.0
-3,-15,153.2566814437456
-3,-15,131.10524522333827
-3,-15,836.9102788985017
-4,-15,50.0
-4,-15,50.0
-4,-15,50.0
-4,-15,499.75598383495856
-4,-15,50.0
-4,-16,199.87715950115384
-4,-16,270.58420687252493
-4,-16,50.0
-4,-16,50.0
-4,-16,50.0
-4,-17,50.0
-4,-17,50.0
-4,-17,438.7397443058678
-4,-17,50.0
-4,-17,50.0
-3,-17,50.0
-3,-17,50.0
-3,-17,50.0
-3,-17,273.3916110052659
-3,-17,50.0
-4,-17,50.0
-4,-17,50.0
-4,-17,120.87647372484236
-4,-17,900.0
-4,-17,125.69682042597323
-5,-17,50.0
-5,-17,50.0
-5,-17,50.0
-5,-17,50.0
-5,-17,50.0
-6,-17,148.16224055607344
-6,-17,50.0
-6,-17,50.0
-6,-17,50.0
-6,-17,194.7662599582103
-7,-17,50.0
-7,-17,50.0
-7,-17,215.96039106161538
-7,-17,770.3324364053415
-7,-17,50.0
-7,-18,50.0
-7,-18,50.0
-7,-18,50.0
-7,-18,50.0
-7,-18,107.22608996803575
-7,-19,50.0
-7,-19,50.0
-7,-19,50.0
-7,-19,50.0
-7,-19,50.0
-8,-19,50.0
-8,-19,50.0
-8,-19,50.0
-8,-19,50.0
-8,-19,50.0
-8,-18,50.0
-8,-18,125.57038674126443
-8,-18,50.0
-8,-18,50.0
-8,-18,50.0
-8,-19,50.0
-8,-19,50.0
-8,-19,50.0
-8,-19,50.0
-8,-19,50.0
-8,-20,50.0
-8,-20,616.9292850919795
-8,-20,50.0
-8,-20,50.0
-8,-20,50.0
-8,-19,50.0
-8,-19,50.0
-8,-19,176.48399587553354
-8,-19,50.0
-8,-19,50.0
-7,-19,438.83214843557676
-7,-19,50.0
-7,-19,50.0
-7,-19,482.1522052934216
-7,-19,306.0039859197883
-6,-19,50.0
-6,-19,242.6046543460784
-6,-19,50.0
-6,-19,50.0
-6,-19,50.0
-5,-19,50.0
-5,-19,50.0
-5,-19,50.0
-5,-19,50.0
-5,-19,50.0
-4,-19,50.0
-4,-19,50.0
-4,-19,50.0
-4,-19,50.0
-4,-19,50.0
-4,-20,50.0
-4,-20,64.49088486865384
-4,-20,50.0
-4,-20,50.0
-4,-20,175.252537920787
-4,-19,50.0
-4,-19,254.84924920642607
-4,-19,113.48111064790419
-4,-19,735.3524311183985
-4,-19,50.0
-4,-18,54.759794787962164
-4,-18,50.0
-4,-18,50.0
-4,-18,50.0
-4,-18,50.0
-3,-18,50.0
-3,-18,747.3709842169486
-3,-18,50.0
-3,-18,366.53811776597763
-3,-18,50.0
-2,-18,50.0
-2,-18,50.0
-2,-18,556.1277733964259
-2,-18,50.0
-2,-18,50.0
-1,-18,452.7487888514014
-1,-18,50.0
-1,-18,862.2523439083068
-1,-18,50.0
-1,-18,50.0
0,-18,50.0
0,-18,50.0
0,-18,50.0
0,-18,463.9748047974432
0,-18,50.0
0,-17,50.0
0,-17,50.0
0,-17,405.09947767950666
0,-17,50.0
0,-17,50.0
0,-16,50.0
0,-16,50.0
0,-16,50.0
0,-16,50.0
0,-16,50.0
1,-16,50.0
1,-16,50.0
1,-16,50.0
1,-16,504.0507156941216
1,-16,348.0228209020516
2,-16,50.0
2,-16,60.39514825031077
2,-16,50.0
2,-16,148.0552015160597
2,-16,50.0
2,-15,201.9022827551978
