12,-7,421.48287263890626
12,-7,538.0286258227261
12,-7,138.69814347361518
12,-7,50.0
12,-6,129.8042390563431
12,-6,234.06672908529572
12,-6,50.0
12,-6,50.0
12,-6,50.0
12,-5,221.36188847905984
12,-5,50.0
12,-5,738.7069363250657
12,-5,84.28644084517248
12,-5,50.0
12,-4,122.15857357788565
12,-4,55.54466292672628
12,-4,335.01445370380003
12,-4,50.0
12,-4,442.9824275758688
12,-5,217.07171812460174
12,-5,50.0
12,-5,481.000309876467
12,-5,50.0
12,-5,50.0
12,-4,50.0
12,-4,269.47558136787046
12,-4,298.50546173344827
12,-4,111.01319837131209
12,-4,50.0
12,-3,143.0451453431183
12,-3,102.94574418410717
12,-3,50.0
12,-3,50.0
12,-3,50.0
12,-2,228.96284754350515
12,-2,625.8231881144644
12,-2,220.8024885348672
12,-2,50.0
12,-2,454.2838294131706
12,-1,313.55746959761143
12,-1,50.0
12,-1,50.0
12,-1,50.0
12,-1,366.11498725440566
12,0,154.90311114704537
12,0,54.064511945938904
12,0,806.649781354261
12,0,161.41581301544963
12,0,761.1370365350092
12,-1,50.0
12,-1,542.6937084434845
12,-1,194.44739037841808
12,-1,50.0
12,-1,50.0
12,0,362.8272960883198
12,0,174.7196157361583
12,0,82.51897438545087
12,0,469.984793715578
12,0,510.02505649065716
12,-1,50.0
12,-1,142.85069737494976
12,-1,186.02368021894412
12,-1,325.0591320357902
12,-1,50.0
12,0,287.68638106191264
12,0,538.5288224852297
12,0,50.0
12,0,135.2716016283326
12,0,50.0
12,1,50.0
12,1,228.90214039397813
12,1,86.43110329879077
12,1,50.0
12,1,304.17455190471753
12,2,169.8844840594921
12,2,50.0
12,2,331.69113462590735
12,2,153.32434251699732
12,2,305.61774826456417
12,3,154.66157222580557
12,3,134.60535596181765
12,3,263.0606343042694
12,3,330.8458915781582
12,3,50.0
12,4,50.0
12,4,50.0
12,4,92.47280918437679
12,4,472.61522940624104
12,4,193.02055184826548
12,5,405.5744358167968
12,5,50.0
12,5,50.0
12,5,497.3947322512016
12,5,129.36708265987312
12,6,260.733057664056
12,6,228.5073751504039
12,6,183.15387609551746
12,6,50.0
12,6,50.0
12,5,239.68079712901798
12,5,252.77788949113048
12,5,50.0
12,5,496.44338707198955
12,5,50.0
12,4,50.0
12,4,67.61045037022888
12,4,518.8000454165457
12,4,145.42871907930436
12,4,105.39954691312482
12,3,559.4805675767715
12,3,415.99197285343524
12,3,107.29346033973471
12,3,93.61782345450689
12,3,761.8129871360162
12,4,50.0
12,4,50.0
12,4,50.0
12,4,50.0
12,4,50.0
12,5,197.37308878291537
12,5,460.56823814784366
12,5,370.0324438870755
12,5,865.6810834590465
12,5,50.0
12,6,362.90051650080477
12,6,50.0
12,6,227.52225438668495
12,6,88.4709956485515
12,6,50.0
12,7,50.0
12,7,50.10563958427879
12,7,465.8474405057549
12,7,50.0
12,7,120.57146270643051
12,6,78.65162634795513
12,6,50.0
12,6,99.76508505030746
12,6,57.46857063101723
12,6,50.0
12,7,221.2981682362683
12,7,50.0
12,7,50.0
12,7,50.0
12,7,50.0
12,8,109.39494902708984
12,8,50.0
12,8,50.0
12,8,99.80652590525794
12,8,50.0
12,9,267.7509384028277
12,9,249.32031036274307
12,9,50.0
12,9,56.13646991320486
12,9,236.38771703226166
12,10,50.0
12,10,50.0
12,10,99.55121231972592
12,10,50.0
12,10,50.4368165479289
12,11,231.4944515053373
12,11,50.0
12,11,50.0
12,11,50.0
12,11,212.17579650796063
12,12,253.21505043629298
12,12,372.9284291472861
12,12,493.8704157427884
12,12,50.0
12,12,204.6854018871068
11,12,268.16510957250136
11,12,50.0
11,12,50.0
11,12,50.0
11,12,232.23711561578182
10,12,50.0
10,12,133.19843841583983
10,12,62.551242805026654
10,12,457.5491824485681
10,12,371.235762277659
11,12,226.3166123324183
11,12,50.0
11,12,309.0466011998781
11,12,50.0
11,12,50.0
10,12,522.8503439272883
10,12,50.0
10,12,50.0
10,12,204.69041071716686
10,12,183.15064931518768
9,12,50.0
9,12,50.0
9,12,50.0
9,12,50.0
9,12,373.11230860380624
8,12,116.68573224899629
8,12,50.0
8,12,146.50695191068684
8,12,104.11351195036977
8,12,50.0
7,12,411.4427225097833
7,12,50.0
7,12,50.0
7,12,50.0
7,12,284.8258629111203
7,11,296.28977107248363
7,11,333.17239860135567
7,11,50.0
7,11,254.08820092880543
7,11,214.1357602684205
8,11,50.0
8,11,205.2706638444103
8,11,225.27118036426842
8,11,50.0
8,11,358.41428349125704
8,10,305.65912398187606
8,10,304.376429862118
8,10,50.0
8,10,50.0
8,10,372.70033924447716
8,9,86.58976117793942
8,9,285.1866284681797
8,9,236.12171263141198
8,9,251.01895755784224
8,9,279.49152624443286
7,9,629.5295436884973
7,9,551.5280500456611
7,9,50.0
7,9,243.87044938185196
7,9,134.8394269815676
7,8,406.92153783451033
7,8,167.6367665407575
7,8,164.49028068912995
7,8,364.2710945942927
7,8,165.2978191205275
6,8,167.4923060773788
6,8,359.3133951244469
6,8,155.3900236165734
6,8,52.21953060491256
6,8,268.1274624663313
6,7,50.0
6,7,50.0
6,7,585.9617113537317
6,7,574.1372840490615
6,7,443.4862154615277
6,6,50.0
6,6,508.63283927867167
6,6,310.71498329026196
6,6,352.4160067421266
6,6,128.10228380224072
5,6,471.9001969782924
5,6,537.2867696648213
5,6,225.4609649459041
5,6,197.1671165547679
5,6,760.9585028763706
5,5,613.4017795028984
5,5,422.53732904408207
5,5,545.8513251830882
5,5,245.9983632368656
5,5,50.0
5,4,306.0623152739164
5,4,445.91093130653434
5,4,571.7819126970246
5,4,418.78476695716887
5,4,182.23478573181447
5,3,413.7126429442483
5,3,194.67817517385595
5,3,513.2423018048288
5,3,50.0
5,3,459.9720234925308
5,2,246.21192666369308
5,2,503.38309181578586
5,2,677.8968612268613
5,2,900.0
5,2,577.3462041217085
5,1,50.0
5,1,422.8964679929539
5,1,307.3542906385743
5,1,415.70866716629615
5,1,160.0739666538901
5,2,658.3198533652325
5,2,419.9284035043207
5,2,173.41600241042886
5,2,575.193447093451
5,2,748.9332712131843
5,1,50.0
5,1,311.18637460847526
5,1,472.9991098750817
5,1,658.6045525388174
5,1,50.0
4,1,50.0
4,1,449.34231007967117
4,1,157.0541595831752
4,1,677.9833961038419
4,1,900.0
4,0,749.7547668874803
4,0,50.0
4,0,564.6685316390785
4,0,777.9050052120787
4,0,326.8703171006754
3,0,900.0
3,0,320.6552732325079
3,0,900.0
3,0,563.5830785661051
3,0,699.4462504391863
2,0,652.6944471448079
2,0,630.4228911313174
2,0,900.0
2,0,413.7746695210807
2,0,50.0
1,0,691.7862047523765
1,0,342.98819838566203
1,0,381.38838019920206
1,0,420.3635243711548
1,0,422.1206031174026
1,-1,394.0475020064199
1,-1,726.5803440151572
1,-1,900.0
1,-1,639.4453373400013
1,-1,900.0
1,-2,707.6338244287151
1,-2,516.8955993469283
1,-2,620.9773477438328
1,-2,165.25058649950444
1,-2,155.7183044352365
2,-2,427.5192683191267
2,-2,375.5131118456611
2,-2,205.31283381889233
2,-2,900.0
2,-2,829.5640981387635
2,-3,576.5196657697705
2,-3,336.87635815422675
2,-3,438.1011634397645
2,-3,626.8402912361943
2,-3,534.9911924786926
1,-3,310.94475156736866
1,-3,856.9310771182023
1,-3,900.0
1,-3,828.891578309152
1,-3,680.5025569473539
1,-4,361.83608703987085
1,-4,514.9499672364891
1,-4,654.6251206117809
1,-4,900.0
1,-4,480.1196017658412
1,-5,456.40534322614093
1,-5,548.9440165306411
1,-5,549.6028123908642
1,-5,674.6702048830898
1,-5,806.218543409527
1,-4,426.7060409803935
1,-4,359.26519831286544
1,-4,718.3163981273648
1,-4,900.0
1,-4,700.4441536962295
0,-4,600.3071990693649
0,-4,317.41706911096185
0,-4,526.3953136916973
0,-4,50.0
0,-4,474.1744758384904
0,-3,693.3026819873214
0,-3,336.8967787842654
0,-3,134.16439369106774
0,-3,804.4434994461506
0,-3,630.8086901902941
0,-4,637.9008635489295
0,-4,887.0488016916713
0,-4,565.739235202612
0,-4,763.9344141161404
0,-4,362.790423282723
0,-5,50.0
0,-5,261.7900380276274
0,-5,50.0
0,-5,339.9213960546207
0,-5,618.48895201692
0,-6,688.5248741255016
0,-6,58.72568454477914
0,-6,585.7616417518803
0,-6,337.7985869241271
0,-6,540.7922972440834
0,-7,170.75723440766888
0,-7,276.3756483338411
0,-7,151.31368137768885
0,-7,342.7469900589052
0,-7,190.37919068386972
0,-8,768.0223663164528
0,-8,567.8025114654707
0,-8,363.834813230354
0,-8,787.7762504436138
0,-8,454.855723234887
0,-7,651.3704359214612
0,-7,499.327852902592
0,-7,383.9600720613423
0,-7,845.2703124509239
0,-7,50.0
0,-8,152.29702336077753
0,-8,328.50521564311777
0,-8,509.5445100913307
0,-8,279.2742245798852
0,-8,50.0
0,-9,50.0
0,-9,339.5958032379974
0,-9,402.2292854455161
0,-9,359.7630828770136
0,-9,439.84156006675425
0,-10,149.21418515907106
0,-10,323.7647722661643
0,-10,77.62339284744891
0,-10,445.7750400081519
0,-10,53.6898943973967
0,-9,106.66359123453151
0,-9,50.0
0,-9,291.74204483694507
0,-9,405.47266856594905
0,-9,200.5988785269629
0,-10,120.56582771208579
0,-10,50.0
0,-10,50.0
0,-10,200.75760061796709
0,-10,50.0
0,-11,157.2732892808773
0,-11,865.2366678777289
0,-11,50.0
0,-11,253.1748360897865
0,-11,50.0
0,-12,50.0
0,-12,75.69835867877681
0,-12,716.4531451365842
0,-12,360.47697521211
0,-12,50.0
0,-11,50.0
0,-11,50.0
0,-11,56.78526118834968
0,-11,157.58221184305808
0,-11,808.0326336165004
0,-10,309.98280840929056
0,-10,50.0
0,-10,612.9119015709338
0,-10,349.0581308921662
0,-10,50.0
0,-9,341.16103748168723
0,-9,157.05180588413282
0,-9,50.0
0,-9,85.10356851276379
0,-9,742.6393988556512
0,-10,775.4815807886795
0,-10,756.8305916917776
0,-10,473.41762870455966
0,-10,678.9712948563829
0,-10,230.7168257341646
0,-9,352.9185548992012
0,-9,50.0
0,-9,549.5994058810618
0,-9,50.0
0,-9,288.3350157790937
0,-8,316.472850576362
0,-8,70.07071668891359
0,-8,50.0
0,-8,338.31864585619843
0,-8,273.2810115053811
0,-9,177.43896218546246
0,-9,50.0
0,-9,208.32644221109072
0,-9,78.09132735632377
0,-9,279.91636857938903
0,-10,328.8285244016082
0,-10,165.36350788239938
0,-10,843.6391887416802
0,-10,50.0
0,-10,400.90007845885987
0,-9,625.2389654075048
0,-9,158.71399320117212
0,-9,50.0
0,-9,414.3085497203789
0,-9,91.16316305440927
0,-8,381.84662327955056
0,-8,416.55691761196704
0,-8,603.2383971286743
0,-8,480.4774154784694
0,-8,116.54279389789392
0,-7,204.43981505814503
0,-7,180.2768955835141
0,-7,343.32178916516506
0,-7,271.4893624130104
0,-7,285.4887637018205
0,-6,268.3512588661045
0,-6,285.8309565807565
0,-6,546.0070619932334
0,-6,140.48548105538038
0,-6,63.8942306075341
0,-5,190.38816619175475
0,-5,141.0966389972291
0,-5,126.89149989227957
0,-5,447.61033494833185
0,-5,131.97668763956978
0,-4,602.1029307149802
0,-4,336.8931487975751
0,-4,552.6844922743509
0,-4,836.4052212650593
0,-4,255.07568172855397
0,-3,891.6996872551553
0,-3,900.0
0,-3,705.5014801848939
0,-3,574.7333758804765
0,-3,538.8534328032218
0,-2,900.0
0,-2,573.611376002494
0,-2,250.51507469292162
0,-2,277.8505263253251
0,-2,194.70055342770297
0,-1,636.8016369525919
0,-1,716.1558744721428
0,-1,332.0091204377205
0,-1,900.0
0,-1,836.0593828873864
0,0,618.3655880270803
0,0,372.53915938088915
0,0,446.08119245349735
0,0,900.0
0,0,527.273647368417
0,1,721.0641150897957
0,1,552.0400310976305
0,1,555.2246570257132
0,1,699.2212813801364
0,1,776.8985354320853
0,2,463.96766731398816
0,2,900.0
0,2,50.0
0,2,696.572481782384
0,2,542.3496233355044
0,3,381.4006849660719
0,3,900.0
0,3,545.699391800596
0,3,900.0
0,3,819.5927070530113
0,4,714.7965206167469
0,4,877.4204452688373
0,4,583.9624731126089
0,4,900.0
0,4,490.09840958304244
0,5,306.6549522448227
0,5,385.0861868890215
0,5,467.2245342885532
0,5,900.0
0,5,517.8899419347622
0,6,397.1059339364175
0,6,339.34883989168907
0,6,900.0
0,6,687.0293084867728
0,6,634.5504146482225
0,7,229.21745169927473
0,7,403.7007098960955
0,7,279.289157080107
0,7,50.0
0,7,228.35300511741013
0,8,316.4021668086318
0,8,50.0
0,8,744.2996796136953
0,8,254.3071843400355
0,8,174.58261348134099
0,9,466.4636694947579
0,9,50.0
0,9,334.08484253071185
0,9,67.50785436205948
0,9,840.066303553353
0,10,247.26338359009924
0,10,373.2033489586826
0,10,462.2444394904059
0,10,348.5053282894063
0,10,50.0
0,11,248.1025105428807
0,11,300.8985091772459
0,11,50.0
0,11,115.99902488804553
0,11,64.57470729276412
0,12,357.14917152077606
0,12,274.1339284786402
0,12,50.0
0,12,73.3179919224975
0,12,114.74292617399817
0,13,278.60535192197364
0,13,50.0
0,13,426.39291580064776
0,13,521.1208658360653
0,13,50.0
0,12,50.0
0,12,50.0
0,12,199.81785369357186
0,12,238.9021028922813
0,12,50.0
0,13,50.0
0,13,50.0
0,13,50.0
0,13,50.0
0,13,431.54336764618665
0,14,50.0
0,14,222.879329024111
0,14,310.43909488348254
0,14,175.8141794621186
0,14,204.86682701912997
0,15,50.0
0,15,50.0
0,15,50.0
0,15,50.0
0,15,50.0
0,16,59.64976930476867
0,16,50.0
0,16,354.61615454906905
0,16,50.0
0,16,185.51960885360748
0,17,50.0
0,17,50.0
0,17,50.0
0,17,172.17004700534184
0,17,77.93315101058712
0,16,366.8465058660085
0,16,50.0
0,16,215.84014590506152
0,16,101.40281367606333
0,16,51.62334617676221
0,17,58.57115748238065
0,17,50.0
0,17,50.0
0,17,50.0
0,17,176.49088919169196
0,18,50.0
0,18,50.0
0,18,117.15638525075428
0,18,50.0
0,18,98.151263824929
0,17,50.0
0,17,50.0
0,17,50.0
0,17,345.4621976281922
0,17,50.0
0,18,256.0558965012049
0,18,50.0
0,18,50.0
0,18,50.0
0,18,50.0
0,19,50.0
0,19,130.74261651604456
0,19,323.15924125462857
0,19,50.0
0,19,64.21694745980425
0,20,50.0
0,20,156.09095483990313
0,20,50.0
0,20,50.0
0,20,50.0
0,19,50.0
0,19,50.0
0,19,50.0
0,19,50.0
0,19,50.0
0,18,50.0
0,18,50.0
0,18,50.0
0,18,50.0
0,18,50.0
0,17,236.86907717219694
0,17,210.4911511015994
0,17,50.0
0,17,50.0
0,17,50.0
0,16,50.0
0,16,417.5865356246441
0,16,102.73299064468274
0,16,50.0
0,16,50.0
0,15,50.0
0,15,50.0
0,15,290.16513437106437
0,15,383.8797173151416
0,15,162.87699927353822
0,14,50.0
0,14,150.18871828644376
0,14,343.48222557379427
0,14,50.0
0,14,219.23421138849267
0,15,50.0
0,15,658.8999530009096
0,15,341.3264559806339
0,15,251.99619946754123
0,15,50.0
0,16,66.29391014942394
0,16,141.90350043534676
0,16,115.47496775390115
0,16,50.0
0,16,183.37364985638527
0,15,50.0
0,15,50.0
0,15,50.0
0,15,155.52989601731173
0,15,50.0
0,14,543.0050001522247
0,14,258.403068233736
0,14,465.0098420791591
0,14,472.99568212072785
0,14,209.33383478631518
0,13,50.0
0,13,405.20982369748486
0,13,120.10965789310056
0,13,50.0
0,13,50.0
0,12,278.61567645414823
0,12,252.90004987309953
0,12,50.0
0,12,50.0
0,12,480.8276190817194
0,13,163.9933227479337
0,13,290.4393077121998
0,13,170.96916583843586
0,13,323.97572996825915
0,13,335.73466118679744
-1,13,50.0
-1,13,50.0
-1,13,178.16399203672677
-1,13,495.394777870718
-1,13,50.0
-1,14,308.04851366470405
-1,14,50.0
-1,14,338.0216820815085
-1,14,50.0
-1,14,577.595576541298
-1,13,50.0
-1,13,50.0
-1,13,109.58537544990307
-1,13,50.0
-1,13,503.17750716168854
-1,12,138.12689208351284
-1,12,50.0
-1,12,185.9073841013819
-1,12,189.17152008783967
-1,12,50.0
-1,11,480.6239622097132
-1,11,218.1499690923936
-1,11,50.0
-1,11,454.6898321956577
-1,11,311.28368258976803
-1,10,670.8354062246462
-1,10,50.0
-1,10,266.7474476376092
-1,10,50.0
-1,10,65.9112217216259
-1,9,373.3073660830491
-1,9,495.5627707235674
-1,9,50.0
-1,9,161.299068804995
-1,9,520.5554511860257
-1,8,371.3740206619202
-1,8,50.0
-1,8,50.0
-1,8,464.7572427724963
-1,8,50.0
-2,8,201.79464664581383
-2,8,359.837825147954
-2,8,462.0145493307393
-2,8,700.5915417014569
-2,8,50.0
-2,7,460.225320906449
-2,7,346.6816215187773
-2,7,64.19358774488467
-2,7,579.1877929950974
-2,7,454.7080235935518
-2,6,565.7961893959709
-2,6,50.0
-2,6,658.4396784267652
-2,6,354.66155825795784
-2,6,633.4439985033766
-2,5,50.0
-2,5,142.90245684756562
-2,5,111.11050238081222
-2,5,596.9536811049888
-2,5,882.9723590655645
-3,5,535.3418489785295
-3,5,101.23395126774466
-3,5,468.23460597876675
-3,5,252.74341374502401
-3,5,658.2220149592857
-3,4,290.13632090277406
-3,4,199.01293913376736
-3,4,319.478387341414
-3,4,406.83335967790504
-3,4,836.6570066529296
-3,3,427.8537935775372
-3,3,735.1049984498859
-3,3,271.1371893260242
-3,3,50.0
-3,3,547.0113204934777
-3,2,290.0884396519998
-3,2,628.1780786898261
-3,2,129.61582390077476
-3,2,663.9323623664818
-3,2,521.0434242057684
-3,1,319.8193272898196
-3,1,591.198185114559
-3,1,571.7642733669227
-3,1,536.3704436135423
-3,1,378.7657946397549
-3,0,664.99209324614
-3,0,669.8284692210945
-3,0,787.7997516468797
-3,0,661.4810978055916
-3,0,356.8746669756606
-3,-1,482.23039663482996
-3,-1,484.85144026108276
-3,-1,900.0
-3,-1,385.9442691609439
-3,-1,228.2984780734108
-3,-2,300.9481456794431
-3,-2,829.1297676039277
-3,-2,728.0630394937019
-3,-2,463.2953018008636
-3,-2,461.3056025129722
-3,-1,531.8748181495569
-3,-1,454.10464297330975
-3,-1,516.5371432543919
-3,-1,263.5892977134425
-3,-1,444.21467199751623
-4,-1,604.8157302717434
-4,-1,348.62770153593925
-4,-1,451.9580647508879
-4,-1,81.86235672145824
-4,-1,401.4969450755757
-4,-2,316.21411664319845
-4,-2,872.6944713545978
-4,-2,593.9174406918106
-4,-2,430.91505293488353
-4,-2,362.5973832392895
-5,-2,329.0038232546568
-5,-2,50.0
-5,-2,555.0284571490434
-5,-2,425.05910914876034
-5,-2,327.1727455540142
-5,-1,50.0
-5,-1,338.9849762289476
-5,-1,792.9087286295451
-5,-1,314.57501300894046
-5,-1,427.20743980933764
-5,-2,50.0
-5,-2,237.21800028143818
-5,-2,309.28367630151894
-5,-2,876.4805002690046
-5,-2,451.90023810934827
-5,-3,779.5943031509642
-5,-3,749.3411873285859
-5,-3,213.25201881440938
-5,-3,600.3972543460382
-5,-3,290.5428537912132
-5,-4,390.81937278434265
-5,-4,310.7825823891634
-5,-4,380.1296607259675
-5,-4,495.8254056125583
-5,-4,782.4011149362568
-5,-5,574.2367426095561
-5,-5,375.25161419386995
-5,-5,330.37086348805855
-5,-5,50.0
-5,-5,173.86191121884758
-5,-6,298.67412742196757
-5,-6,289.69536956350953
-5,-6,132.14673086916434
-5,-6,394.7077352691954
-5,-6,50.0
-6,-6,576.3013965844793
-6,-6,269.72788521821303
-6,-6,360.0147729781475
-6,-6,377.5196536310965
-6,-6,467.2237749195855
-6,-7,608.3805860365474
-6,-7,50.0
-6,-7,50.0
-6,-7,53.090050010851485
-6,-7,50.0
-6,-8,346.26927046410697
-6,-8,588.6107506225646
-6,-8,209.06349308774247
-6,-8,396.0238092300933
-6,-8,335.6238617708024
-6,-9,50.0
-6,-9,176.39386258893148
-6,-9,421.28831526942815
-6,-9,249.08877313598828
-6,-9,296.8971889519027
-6,-10,550.1899199212965
-6,-10,50.0
-6,-10,50.0
-6,-10,235.0458401656815
-6,-10,567.2047026429832
-6,-11,236.13364085702008
-6,-11,50.0
-6,-11,50.0
-6,-11,414.7562866316964
-6,-11,50.0
-6,-12,311.5408932760565
-6,-12,50.0
-6,-12,50.0
-6,-12,217.615058442247
-6,-12,50.0
-6,-13,50.0
-6,-13,50.0
-6,-13,269.16453416346087
-6,-13,151.45727584133843
-6,-13,365.16657516411726
-6,-14,50.0
-6,-14,471.8070268159942
-6,-14,50.0
-6,-14,208.78345954969774
-6,-14,50.0
-7,-14,109.6993547357623
-7,-14,50.0
-7,-14,50.0
-7,-14,50.0
-7,-14,207.3841138622458
-7,-15,50.0
-7,-15,50.0
-7,-15,263.4212532849368
-7,-15,50.0
-7,-15,50.0
-7,-14,50.0
-7,-14,251.16754753194502
-7,-14,110.14895974485297
-7,-14,50.0
-7,-14,50.0
-7,-15,343.36382852496325
-7,-15,50.0
-7,-15,50.0
-7,-15,50.0
-7,-15,50.0
-7,-16,50.0
-7,-16,155.8846362875396
-7,-16,364.6947562048635
-7,-16,50.0
-7,-16,50.0
-7,-17,178.62150242059852
-7,-17,216.79445834404453
-7,-17,50.0
-7,-17,50.0
-7,-17,315.876260144082
-7,-18,50.0
-7,-18,50.0
-7,-18,50.0
-7,-18,176.85033674279111
-7,-18,50.0
-7,-17,50.0
-7,-17,402.6639020590873
-7,-17,50.0
-7,-17,50.0
-7,-17,50.0
-7,-16,108.71456826005979
-7,-16,50.0
-7,-16,50.0
-7,-16,50.0
-7,-16,50.0
-7,-17,109.32314594669947
-7,-17,50.0
-7,-17,50.0
-7,-17,50.0
-7,-17,50.0
-8,-17,50.0
-8,-17,50.0
-8,-17,50.0
-8,-17,112.87447081434496
-8,-17,50.0
-8,-18,50.0
-8,-18,50.0
-8,-18,254.88417308325603
-8,-18,131.82582593542116
-8,-18,50.0
-8,-19,50.0
-8,-19,50.0
-8,-19,50.0
-8,-19,50.0
-8,-19,50.0
-8,-20,50.0
-8,-20,50.0
-8,-20,50.0
-8,-20,50.0
-8,-20,50.0
-7,-20,50.0
-7,-20,50.0
-7,-20,50.0
-7,-20,50.0
-7,-20,50.0
-6,-20,50.0
-6,-20,50.0
-6,-20,204.39919043584536
-6,-20,50.0
-6,-20,50.0
-5,-20,50.0
-5,-20,50.0
-5,-20,50.0
-5,-20,50.0
-5,-20,50.0
-6,-20,50.0
-6,-20,50.0
-6,-20,50.0
-6,-20,97.40214488519032
-6,-20,50.0
-5,-20,50.0
