12,-7,50.0
12,-7,608.0444843767262
12,-7,125.94578370963688
12,-7,457.83557453630215
12,-6,900.0
12,-6,50.0
12,-6,154.81340419463828
12,-6,250.19536023057776
12,-6,50.0
12,-5,76.64118656020752
12,-5,50.0
12,-5,240.43112291431365
12,-5,900.0
12,-5,900.0
12,-4,50.0
12,-4,900.0
12,-4,50.0
12,-4,50.0
12,-4,50.0
12,-5,900.0
12,-5,339.3294359293835
12,-5,50.0
12,-5,350.8634221842933
12,-5,435.77021956174167
12,-4,187.16230266733194
12,-4,605.2185578940527
12,-4,675.0054941847702
12,-4,900.0
12,-4,900.0
12,-3,900.0
12,-3,707.2089202502586
12,-3,900.0
12,-3,900.0
12,-3,233.40527083319517
12,-2,254.41813714769359
12,-2,50.0
12,-2,335.2975814553606
12,-2,393.6799732081139
12,-2,76.09442184547692
12,-1,900.0
12,-1,367.59465261033705
12,-1,900.0
12,-1,304.6631071833785
12,-1,50.0
12,0,900.0
12,0,50.0
12,0,397.05334585747727
12,0,50.0
12,0,323.71583896256067
12,-1,146.5142699390795
12,-1,423.56436973289726
12,-1,586.2137434282922
12,-1,609.8251235849982
12,-1,648.4963319171164
12,0,50.0
12,0,463.3888072412325
12,0,50.0
12,0,50.0
12,0,50.0
12,-1,900.0
12,-1,50.0
12,-1,437.8387559914304
12,-1,784.9488515477278
12,-1,258.95869698228614
12,0,80.86759076473187
12,0,397.3935754259461
12,0,695.9302383021734
12,0,376.7582916330785
12,0,807.0215631098752
12,1,50.0
12,1,287.0745342253218
12,1,50.0
12,1,236.07988061039612
12,1,50.0
12,2,900.0
12,2,436.197315039391
12,2,272.49399073208565
12,2,258.8122615785467
12,2,50.0
12,3,449.8656901658918
12,3,294.201471830872
12,3,839.2309891956105
12,3,208.8568624176702
12,3,50.0
12,4,900.0
12,4,785.90925454729
12,4,526.9940175626791
12,4,577.4827006277136
12,4,541.7989427478926
12,5,166.6130033247267
12,5,327.72484942340503
12,5,50.0
12,5,900.0
12,5,900.0
12,6,900.0
12,6,50.0
12,6,50.0
12,6,552.8518618338888
12,6,50.0
12,5,612.2037797718015
12,5,247.51205589384432
12,5,333.9300570331845
12,5,358.44989472733585
12,5,50.0
12,4,737.0508460793872
12,4,50.0
12,4,50.0
12,4,50.0
12,4,50.0
12,3,169.9191246734374
12,3,50.0
12,3,108.4293118868056
12,3,52.53895791468604
12,3,900.0
12,4,436.8703800524649
12,4,50.0
12,4,50.0
12,4,407.39242040284745
12,4,771.9722393411189
12,5,136.96725272574864
12,5,50.0
12,5,363.6637542969641
12,5,240.92943539279662
12,5,169.4639034402985
12,6,50.93729500246482
12,6,378.5145467224953
12,6,106.20573924816892
12,6,725.1381692313826
12,6,50.0
12,7,50.0
12,7,715.4149627022384
12,7,582.0935948987963
12,7,50.0
12,7,295.7525923496521
12,6,50.0
12,6,765.4169919411587
12,6,50.0
12,6,336.53198948000374
12,6,873.8256065961704
12,7,204.3264611778544
12,7,446.64518448483204
12,7,534.3671415315063
12,7,50.0
12,7,50.0
12,8,299.3123539288788
12,8,50.0
12,8,50.0
12,8,50.0
12,8,242.67174881402153
12,9,110.94739001174271
12,9,817.3940251045908
12,9,179.22439410706573
12,9,50.0
12,9,50.0
12,10,184.40423443958554
12,10,123.66481287465405
12,10,202.3361381458912
12,10,481.4008148110741
12,10,50.0
12,11,50.0
12,11,350.292195358565
12,11,352.1418908502726
12,11,50.0
12,11,50.0
12,12,50.0
12,12,900.0
12,12,604.7208470101193
12,12,583.8970510570877
12,12,463.8833975458413
11,12,50.0
11,12,163.25374644561003
11,12,50.0
11,12,50.0
11,12,192.21660702185318
10,12,50.0
10,12,316.5229427765843
10,12,733.2594561120553
10,12,50.0
10,12,50.0
11,12,316.5360142283602
11,12,267.0371198104417
11,12,184.30150579438543
11,12,98.75461618571173
11,12,598.8637566288274
10,12,146.96151686418048
10,12,50.0
10,12,346.15613451564366
10,12,111.36262274587239
10,12,331.0805083073468
9,12,95.87012363368245
9,12,381.7599244906852
9,12,188.72512358550944
9,12,50.0
9,12,50.0
8,12,50.0
8,12,50.0
8,12,616.6788275344587
8,12,442.13796310268447
8,12,443.26177636195547
7,12,893.8911935933554
7,12,551.5452497633107
7,12,470.6215845940528
7,12,255.6442181608391
7,12,900.0
7,11,613.2941563734846
7,11,369.36843716995764
7,11,186.8665236278395
7,11,249.04908552839638
7,11,222.2471047700843
8,11,900.0
8,11,50.0
8,11,289.19291521132897
8,11,50.0
8,11,563.666194262621
8,10,485.3013831885834
8,10,364.91801957637705
8,10,331.0742925959683
8,10,50.0
8,10,240.94902291849368
8,9,50.0
8,9,50.0
8,9,50.0
8,9,677.912536745392
8,9,461.8574698667468
7,9,636.4660595098419
7,9,50.0
7,9,50.0
7,9,50.0
7,9,415.77122695418353
7,8,308.49521908360214
7,8,900.0
7,8,415.8345424714797
7,8,312.1579381647591
7,8,900.0
6,8,591.2144123823149
6,8,144.3129851696316
6,8,863.0258717455483
6,8,50.0
6,8,597.2353280658537
6,7,256.8297369145594
6,7,50.0
6,7,900.0
6,7,407.8826411388671
6,7,378.9754972436393
6,6,408.0644695552604
6,6,50.0
6,6,818.0691541016786
6,6,234.86664614407832
6,6,147.8968122287616
5,6,50.0
5,6,606.9966068643441
5,6,900.0
5,6,900.0
5,6,710.3753864812381
5,5,50.0
5,5,156.62069529203387
5,5,50.0
5,5,680.085409232972
5,5,401.4631720435904
5,4,50.0
5,4,299.55198816498216
5,4,524.4661384884956
5,4,900.0
5,4,50.0
5,3,900.0
5,3,856.3791686798279
5,3,50.0
5,3,900.0
5,3,50.0
5,2,130.87610171308518
5,2,605.0546678114011
5,2,425.1438059650049
5,2,394.79553356851534
5,2,523.3433828967969
5,1,158.5721592257314
5,1,121.75598268406623
5,1,713.3639658568064
5,1,608.7171446662395
5,1,900.0
5,2,50.0
5,2,141.2582023263837
5,2,575.9918355991852
5,2,900.0
5,2,857.4139198823364
5,1,668.0410519724497
5,1,900.0
5,1,582.7855192016991
5,1,900.0
5,1,130.72042292200018
4,1,75.7634665927061
4,1,697.9207706561081
4,1,900.0
4,1,180.31002914799672
4,1,347.08380491178747
4,0,451.8882781250529
4,0,900.0
4,0,50.0
4,0,715.0560999408317
4,0,900.0
3,0,808.8176733046042
3,0,50.0
3,0,861.3862332933772
3,0,863.1407505226972
3,0,823.7076980786726
2,0,368.9415477359676
2,0,900.0
2,0,900.0
2,0,900.0
2,0,421.93024741872944
1,0,625.2452180368564
1,0,900.0
1,0,900.0
1,0,900.0
1,0,292.93685010121186
1,-1,701.0251028535647
1,-1,900.0
1,-1,900.0
1,-1,900.0
1,-1,900.0
1,-2,701.2570691819915
1,-2,900.0
1,-2,348.10165483362584
1,-2,534.5259983422097
1,-2,567.077564352242
2,-2,563.942549711569
2,-2,432.4315351937147
2,-2,900.0
2,-2,591.4392516466464
2,-2,50.0
2,-3,87.49324960972478
2,-3,739.0481047378302
2,-3,900.0
2,-3,900.0
2,-3,812.719031713082
1,-3,900.0
1,-3,478.68844107402504
1,-3,900.0
1,-3,900.0
1,-3,51.3155497429392
1,-4,639.9834974989234
1,-4,900.0
1,-4,662.5907047127431
1,-4,900.0
1,-4,142.5265854742176
1,-5,163.69588914977203
1,-5,900.0
1,-5,561.4507710036498
1,-5,135.84274240745037
1,-5,900.0
1,-4,900.0
1,-4,900.0
1,-4,900.0
1,-4,718.2305477579853
1,-4,180.18098863772406
0,-4,362.0161415508204
0,-4,900.0
0,-4,900.0
0,-4,50.0
0,-4,900.0
0,-3,734.1215925228527
0,-3,50.0
0,-3,400.75481123591345
0,-3,900.0
0,-3,900.0
0,-4,648.6205903533873
0,-4,900.0
0,-4,391.4732846560222
0,-4,900.0
0,-4,178.38870683804294
0,-5,900.0
0,-5,721.6040664702492
0,-5,900.0
0,-5,302.78193986159977
0,-5,50.0
0,-6,791.756466009589
0,-6,120.81906871357643
0,-6,553.1107877014437
0,-6,50.0
0,-6,816.6811157532084
0,-7,712.4689711235366
0,-7,900.0
0,-7,702.615060474031
0,-7,696.7116136629894
0,-7,343.8810651166574
0,-8,900.0
0,-8,50.0
0,-8,765.7701397325795
0,-8,900.0
0,-8,560.0167234554565
0,-7,865.2451877125137
0,-7,900.0
0,-7,223.9489664471332
0,-7,432.01392568056815
0,-7,705.3405778855645
0,-8,50.0
0,-8,739.8046527576182
0,-8,900.0
0,-8,60.98257256018792
0,-8,900.0
0,-9,369.4640389744362
0,-9,900.0
0,-9,50.0
0,-9,784.2755499759062
0,-9,50.0
0,-10,832.9143654604438
0,-10,900.0
0,-10,508.85422441090384
0,-10,651.7553551720296
0,-10,350.0644651018332
0,-9,900.0
0,-9,101.84468267914616
0,-9,131.63463429070612
0,-9,559.0250066481166
0,-9,900.0
0,-10,248.14565616004296
0,-10,789.7702584217609
0,-10,900.0
0,-10,50.0
0,-10,352.7677801528237
0,-11,900.0
0,-11,50.0
0,-11,50.0
0,-11,50.0
0,-11,50.0
0,-12,50.0
0,-12,50.0
0,-12,50.0
0,-12,840.2253281068533
0,-12,900.0
0,-11,213.54926111459957
0,-11,900.0
0,-11,900.0
0,-11,50.0
0,-11,181.65679824763995
0,-10,346.80074577961665
0,-10,548.6844322099473
0,-10,900.0
0,-10,50.0
0,-10,186.06247543409066
0,-9,117.82061030210153
0,-9,768.8439663095712
0,-9,576.0869479466244
0,-9,501.2176120428793
0,-9,900.0
0,-10,900.0
0,-10,251.094863582678
0,-10,900.0
0,-10,596.3027856424902
0,-10,494.5866246101872
0,-9,50.0
0,-9,722.7704104129841
0,-9,50.0
0,-9,50.0
0,-9,50.0
0,-8,760.1853247306169
0,-8,50.0
0,-8,525.2207666849993
0,-8,835.4356683111967
0,-8,332.0710197834799
0,-9,296.08115249660034
0,-9,900.0
0,-9,298.4500118513209
0,-9,472.813871096978
0,-9,50.0
0,-10,50.0
0,-10,534.9106851416276
0,-10,159.18380300077706
0,-10,359.554638782274
0,-10,50.0
0,-9,50.0
0,-9,50.0
0,-9,549.1185716906753
0,-9,611.5172136634341
0,-9,50.0
0,-8,900.0
0,-8,580.6992077845116
0,-8,705.7470468045713
0,-8,407.5597211001881
0,-8,900.0
0,-7,50.0
0,-7,900.0
0,-7,759.6194786660401
0,-7,516.6633040223222
0,-7,438.32881623580323
0,-6,50.0
0,-6,536.1603106480813
0,-6,50.0
0,-6,200.6562999249063
0,-6,594.7506599838994
0,-5,256.23675075781074
0,-5,297.5649997004158
0,-5,900.0
0,-5,487.2592246799447
0,-5,50.0
0,-4,900.0
0,-4,402.9009910939533
0,-4,900.0
0,-4,453.3798095605599
0,-4,881.0938204416109
0,-3,689.0004953673628
0,-3,900.0
0,-3,900.0
0,-3,900.0
0,-3,900.0
0,-2,900.0
0,-2,900.0
0,-2,549.6489589224377
0,-2,753.0020152729052
0,-2,50.0
0,-1,900.0
0,-1,697.1581985244886
0,-1,900.0
0,-1,603.5653504421099
0,-1,726.0206737520211
0,0,900.0
0,0,875.025006493917
0,0,708.6503956256405
0,0,900.0
0,0,744.9077680308727
0,1,220.25823902273703
0,1,900.0
0,1,490.8445244736594
0,1,900.0
0,1,900.0
0,2,592.4510992136771
0,2,900.0
0,2,900.0
0,2,900.0
0,2,50.25603033898983
0,3,900.0
0,3,810.323087637018
0,3,50.0
0,3,50.0
0,3,275.3106764645068
0,4,597.3734915310196
0,4,50.0
0,4,900.0
0,4,700.4989278640238
0,4,504.4863714087664
0,5,219.48878824331467
0,5,369.4240609644148
0,5,900.0
0,5,50.0
0,5,460.51737909600797
0,6,900.0
0,6,485.9351493066024
0,6,462.6084689502917
0,6,767.3144031593902
0,6,596.7595634071079
0,7,900.0
0,7,50.0
0,7,566.6225643375816
0,7,900.0
0,7,248.56221751863427
0,8,133.42735228725581
0,8,863.0561913887362
0,8,900.0
0,8,154.15702899453777
0,8,900.0
0,9,764.0103770201512
0,9,577.1578971905998
0,9,363.2205037612331
0,9,496.4281292774034
0,9,528.5852672455504
0,10,50.0
0,10,50.0
0,10,555.6280311923563
0,10,900.0
0,10,50.0
0,11,882.8460133472562
0,11,50.0
0,11,50.0
0,11,213.30803868783084
0,11,900.0
0,12,316.3857108538512
0,12,900.0
0,12,54.425270734063986
0,12,595.7440893202029
0,12,875.0094499497507
0,13,900.0
0,13,50.0
0,13,900.0
0,13,330.2651578996964
0,13,225.60722082686726
0,12,50.0
0,12,645.5728169651254
0,12,300.02322127751876
0,12,149.42946702997722
0,12,900.0
0,13,50.0
0,13,132.38236578163884
0,13,653.9693068627047
0,13,50.0
0,13,900.0
0,14,900.0
0,14,413.5431950297244
0,14,900.0
0,14,555.6091634270242
0,14,50.0
0,15,384.5780378659261
0,15,50.0
0,15,50.0
0,15,334.35183350671355
0,15,50.0
0,16,683.0335032604896
0,16,50.0
0,16,900.0
0,16,50.0
0,16,50.0
0,17,50.0
0,17,50.0
0,17,50.0
0,17,99.88506975112068
0,17,50.0
0,16,355.6330813455791
0,16,402.06472504139185
0,16,850.8281252148448
0,16,50.0
0,16,782.386927595158
0,17,50.0
0,17,50.0
0,17,50.0
0,17,900.0
0,17,242.0710145938579
0,18,50.0
0,18,50.0
0,18,50.0
0,18,50.0
0,18,50.0
0,17,329.56523995883316
0,17,565.1262467342299
0,17,50.0
0,17,50.0
0,17,196.31029059277597
0,18,246.49456219351976
0,18,245.8987323538836
0,18,54.93269100833315
0,18,50.0
0,18,122.61584854894001
0,19,50.0
0,19,50.0
0,19,152.60138455860158
0,19,621.1665536639205
0,19,50.0
0,20,50.0
0,20,50.0
0,20,50.0
0,20,50.0
0,20,73.97954358106702
0,19,496.5199709429524
0,19,50.0
0,19,132.13176362603417
0,19,50.0
0,19,50.0
0,18,50.0
0,18,357.09421072445843
0,18,331.95777520273305
0,18,50.0
0,18,218.72392147833943
0,17,900.0
0,17,50.0
0,17,50.0
0,17,50.0
0,17,50.0
0,16,149.71242287520693
0,16,367.33181159531887
0,16,50.0
0,16,50.0
0,16,83.8646057613459
0,15,50.0
0,15,50.0
0,15,796.0245136848238
0,15,249.86450207461522
0,15,50.0
0,14,50.0
0,14,50.0
0,14,50.0
0,14,272.3769050637095
0,14,761.9246788016582
0,15,50.0
0,15,585.4415895979765
0,15,50.0
0,15,50.0
0,15,50.0
0,16,50.0
0,16,111.60712076573438
0,16,711.409878844451
0,16,317.4060652080171
0,16,50.457520285568876
0,15,50.0
0,15,900.0
0,15,50.0
0,15,303.8780151168669
0,15,59.927638195748756
0,14,50.0
0,14,323.4004045195227
0,14,138.40402508997443
0,14,50.0
0,14,50.0
0,13,56.006522459343046
0,13,50.0
0,13,268.11525918996836
0,13,265.0289763272164
0,13,575.2075673743848
0,12,282.867630818782
0,12,565.6982017170512
0,12,50.0
0,12,50.0
0,12,50.0
0,13,50.0
0,13,251.09693996923815
0,13,900.0
0,13,50.0
0,13,75.79790221808199
-1,13,350.82794477024953
-1,13,445.12333747648495
-1,13,288.24051515442534
-1,13,900.0
-1,13,50.0
-1,14,50.0
-1,14,50.0
-1,14,50.0
-1,14,50.0
-1,14,120.5613324461664
-1,13,287.0141960380438
-1,13,410.80741553991464
-1,13,900.0
-1,13,50.0
-1,13,54.55066290400785
-1,12,900.0
-1,12,900.0
-1,12,900.0
-1,12,641.0065046659811
-1,12,184.3632503980013
-1,11,51.701738156455065
-1,11,640.4304864275039
-1,11,733.6625409626446
-1,11,407.6780711020095
-1,11,50.0
-1,10,640.326623031766
-1,10,371.46971814502
-1,10,301.6322983236918
-1,10,237.31393080972455
-1,10,366.7803290632924
-1,9,515.786015103161
-1,9,165.64849113994035
-1,9,283.7731017780301
-1,9,50.0
-1,9,422.6536142819062
-1,8,50.0
-1,8,900.0
-1,8,900.0
-1,8,50.0
-1,8,445.7849743476487
-2,8,182.27426111425962
-2,8,113.68853439164383
-2,8,486.933753341795
-2,8,752.9926977373395
-2,8,752.3175614857018
-2,7,462.79914390167016
-2,7,50.0
-2,7,872.8659935234004
-2,7,50.0
-2,7,900.0
-2,6,244.72198269470903
-2,6,50.0
-2,6,440.3432611417069
-2,6,347.5707855966036
-2,6,900.0
-2,5,619.8063442148771
-2,5,900.0
-2,5,411.0174483957194
-2,5,214.49456504949956
-2,5,900.0
-3,5,449.19131332607367
-3,5,900.0
-3,5,50.0
-3,5,50.0
-3,5,563.6713641702345
-3,4,658.1693847601313
-3,4,471.43041408707916
-3,4,900.0
-3,4,900.0
-3,4,111.01055879752982
-3,3,50.0
-3,3,900.0
-3,3,750.3949825144698
-3,3,900.0
-3,3,50.0
-3,2,900.0
-3,2,716.9707162156415
-3,2,785.6904412808507
-3,2,859.1440215063793
-3,2,900.0
-3,1,900.0
-3,1,706.104279317188
-3,1,900.0
-3,1,666.3029279253597
-3,1,693.6723465283981
-3,0,900.0
-3,0,900.0
-3,0,900.0
-3,0,824.8587744190031
-3,0,900.0
-3,-1,676.6036864178706
-3,-1,451.8065032905448
-3,-1,659.1600344015137
-3,-1,852.4050642634356
-3,-1,763.104317967243
-3,-2,655.7241659288864
-3,-2,900.0
-3,-2,50.0
-3,-2,656.4456284394525
-3,-2,900.0
-3,-1,900.0
-3,-1,212.9511734579587
-3,-1,900.0
-3,-1,900.0
-3,-1,883.4885276524828
-4,-1,82.85940287153801
-4,-1,900.0
-4,-1,900.0
-4,-1,574.5021910923755
-4,-1,637.6671330580253
-4,-2,900.0
-4,-2,50.0
-4,-2,900.0
-4,-2,542.0952914731168
-4,-2,731.9461930941669
-5,-2,539.3330743184792
-5,-2,92.90202373491877
-5,-2,900.0
-5,-2,900.0
-5,-2,799.046843598354
-5,-1,408.36217707810545
-5,-1,900.0
-5,-1,900.0
-5,-1,561.5357200631079
-5,-1,242.19967132230917
-5,-2,900.0
-5,-2,566.8001018479844
-5,-2,538.7984235214469
-5,-2,50.0
-5,-2,900.0
-5,-3,136.5989190164106
-5,-3,187.36297244738188
-5,-3,879.6769655041112
-5,-3,900.0
-5,-3,50.0
-5,-4,229.50078974934118
-5,-4,900.0
-5,-4,900.0
-5,-4,454.8404372589778
-5,-4,432.39045825565387
-5,-5,585.7763061512103
-5,-5,105.07654027671225
-5,-5,900.0
-5,-5,900.0
-5,-5,238.98399471328054
-5,-6,50.0
-5,-6,671.4119667717326
-5,-6,262.4567890020275
-5,-6,900.0
-5,-6,900.0
-6,-6,570.8401919325469
-6,-6,900.0
-6,-6,209.13339157527105
-6,-6,166.4284141648083
-6,-6,50.0
-6,-7,50.0
-6,-7,896.0768337957293
-6,-7,900.0
-6,-7,775.4614385038287
-6,-7,332.1993931184303
-6,-8,86.75534568867613
-6,-8,612.6815059868542
-6,-8,621.4814957586962
-6,-8,900.0
-6,-8,364.971487421106
-6,-9,706.7466172990155
-6,-9,900.0
-6,-9,480.40594578846583
-6,-9,50.0
-6,-9,50.0
-6,-10,50.0
-6,-10,325.1876313068466
-6,-10,170.21973392282
-6,-10,50.0
-6,-10,278.354697825961
-6,-11,325.84249279363064
-6,-11,50.0
-6,-11,99.40260398676622
-6,-11,498.5125586864625
-6,-11,212.95409622296614
-6,-12,50.0
-6,-12,366.44344335337985
-6,-12,50.0
-6,-12,309.18915239083367
-6,-12,187.23215006409006
-6,-13,87.1108055116259
-6,-13,50.0
-6,-13,900.0
-6,-13,50.0
-6,-13,50.0
-6,-14,50.0
-6,-14,50.0
-6,-14,50.0
-6,-14,298.2976497455754
-6,-14,543.6697904522257
-7,-14,900.0
-7,-14,50.0
-7,-14,50.0
-7,-14,50.0
-7,-14,404.01258720556336
-7,-15,50.0
-7,-15,499.2335033609758
-7,-15,900.0
-7,-15,50.0
-7,-15,50.0
-7,-14,50.0
-7,-14,476.78436128789326
-7,-14,50.0
-7,-14,557.4453510841081
-7,-14,50.0
-7,-15,295.41369330501294
-7,-15,50.0
-7,-15,215.4953782622482
-7,-15,278.62116018692404
-7,-15,163.173470733857
-7,-16,900.0
-7,-16,164.40409885897867
-7,-16,50.0
-7,-16,50.0
-7,-16,92.65011914456355
-7,-17,50.0
-7,-17,153.04003492330907
-7,-17,301.97664749760327
-7,-17,743.1720294516183
-7,-17,50.0
-7,-18,50.0
-7,-18,900.0
-7,-18,402.18614349156616
-7,-18,50.0
-7,-18,50.0
-7,-17,50.0
-7,-17,50.0
-7,-17,50.0
-7,-17,50.0
-7,-17,50.0
-7,-16,125.92495568005432
-7,-16,50.0
-7,-16,835.5158242466586
-7,-16,50.0
-7,-16,317.83828098046473
-7,-17,50.0
-7,-17,50.0
-7,-17,50.0
-7,-17,249.53082727186904
-7,-17,50.0
-8,-17,50.0
-8,-17,50.0
-8,-17,355.26451432729186
-8,-17,50.0
-8,-17,50.0
-8,-18,303.1654636734357
-8,-18,50.0
-8,-18,50.0
-8,-18,50.0
-8,-18,50.0
-8,-19,596.8631921769836
-8,-19,50.0
-8,-19,277.9340676747563
-8,-19,50.0
-8,-19,50.0
-8,-20,60.14725713269877
-8,-20,50.0
-8,-20,50.0
-8,-20,50.0
-8,-20,551.9565153696697
-7,-20,50.0
-7,-20,50.0
-7,-20,268.64636531292376
-7,-20,50.0
-7,-20,50.0
-6,-20,302.1135458547182
-6,-20,50.0
-6,-20,375.3444723895648
-6,-20,50.0
-6,-20,126.96076044728085
-5,-20,50.0
-5,-20,707.1364931467576
-5,-20,812.5108218477096
-5,-20,157.9763698633064
-5,-20,50.0
-6,-20,567.8662631871289
-6,-20,50.0
-6,-20,50.0
-6,-20,265.4959071082881
-6,-20,50.0
-5,-20,63.10741523953678
