12,-7,50.0
12,-7,384.83063674827486
12,-7,50.0
12,-7,50.0
12,-6,52.735844703784494
12,-6,202.07254807772844
12,-6,292.3877817541468
12,-6,134.76933128709203
12,-6,50.0
12,-5,50.0
12,-5,556.9643579667702
12,-5,516.8803258666983
12,-5,900.0
12,-5,50.0
12,-4,50.0
12,-4,50.0
12,-4,97.7415618748085
12,-4,382.05469183363147
12,-4,273.211092047644
12,-5,50.0
12,-5,50.0
12,-5,50.0
12,-5,193.87033244532228
12,-5,50.0
12,-4,50.0
12,-4,244.39645033549021
12,-4,462.77409619066464
12,-4,359.29952176798145
12,-4,50.0
12,-3,50.0
12,-3,248.32345668879847
12,-3,50.0
12,-3,794.6538200659287
12,-3,344.3107801657459
12,-2,292.4045386754058
12,-2,69.55038235198522
12,-2,50.0
12,-2,402.11934453133864
12,-2,245.51137555764143
12,-1,378.78019832426895
12,-1,767.8219347345787
12,-1,372.9049557987898
12,-1,133.85636071323773
12,-1,133.51459674794597
12,0,275.6040312525808
12,0,182.39057420864054
12,0,107.55259712604183
12,0,50.0
12,0,257.44915213740444
12,-1,139.69189520681678
12,-1,206.99939749403273
12,-1,50.0
12,-1,50.0
12,-1,73.56943248105009
12,0,147.61462634592604
12,0,86.64192624947943
12,0,165.86252022354358
12,0,380.9628690358143
12,0,507.0028176778752
12,-1,60.495919331262826
12,-1,169.49589377051274
12,-1,50.0
12,-1,50.0
12,-1,383.94321688234936
12,0,807.1137846473476
12,0,247.18930417646547
12,0,548.865814668956
12,0,84.90833783303268
12,0,210.60455924265517
12,1,312.17017859487396
12,1,107.21064158132272
12,1,260.5125905284777
12,1,218.6320759188082
12,1,50.0
12,2,50.0
12,2,357.3495296976594
12,2,479.1453202610096
12,2,281.9644768105808
12,2,535.5159863347022
12,3,50.0
12,3,467.0235594450158
12,3,50.0
12,3,315.1288925789422
12,3,50.0
12,4,300.5422471083933
12,4,433.52206856468115
12,4,409.6409707670109
12,4,168.90392478300288
12,4,322.9963554289491
12,5,50.0
12,5,50.0
12,5,485.21884633232673
12,5,299.29284308169804
12,5,127.97214446740206
12,6,50.0
12,6,50.0
12,6,69.91066563988028
12,6,50.0
12,6,481.5191692534248
12,5,172.443945871876
12,5,404.67681844700684
12,5,50.0
12,5,50.0
12,5,358.1805377925491
12,4,109.77637011965508
12,4,50.0
12,4,414.7022296415115
12,4,50.0
12,4,71.6150799617581
12,3,65.47849743430875
12,3,226.60146141265693
12,3,50.0
12,3,223.2075829366804
12,3,434.9784254954485
12,4,188.15661708363052
12,4,205.70038694825607
12,4,50.0
12,4,50.0
12,4,206.61874110954685
12,5,50.0
12,5,50.0
12,5,456.5565914599745
12,5,50.0
12,5,50.0
12,6,50.0
12,6,55.93458798391595
12,6,50.0
12,6,50.0
12,6,50.0
12,7,339.6130247355814
12,7,382.33087540580186
12,7,97.0520177604671
12,7,50.0
12,7,50.0
12,6,50.0
12,6,50.0
12,6,162.36250365432568
12,6,652.0939907701766
12,6,77.38764985487606
12,7,50.0
12,7,99.01447002711856
12,7,396.6090753832785
12,7,142.37158116549753
12,7,50.0
12,8,50.0
12,8,50.0
12,8,50.0
12,8,50.0
12,8,50.0
12,9,245.16301092278331
12,9,321.6998139087458
12,9,50.0
12,9,121.25325766046188
12,9,581.7281158745043
12,10,50.0
12,10,50.0
12,10,50.0
12,10,50.0
12,10,50.0
12,11,50.0
12,11,50.0
12,11,196.75220894942277
12,11,50.0
12,11,50.0
12,12,275.96456197045
12,12,88.53616967576396
12,12,50.0
12,12,50.0
12,12,50.0
11,12,50.0
11,12,50.0
11,12,50.0
11,12,50.0
11,12,304.57685656386496
10,12,490.68740793328305
10,12,449.7083010111262
10,12,50.0
10,12,50.0
10,12,105.64189796554814
11,12,50.0
11,12,99.7435614741849
11,12,79.84109286378428
11,12,421.5320815654161
11,12,50.0
10,12,229.74704836211083
10,12,309.07104790633974
10,12,50.0
10,12,50.0
10,12,147.1800066072095
9,12,50.0
9,12,57.291618130895465
9,12,333.5564942731204
9,12,50.0
9,12,50.0
8,12,73.4082215008296
8,12,50.0
8,12,88.45850500750923
8,12,50.0
8,12,50.0
7,12,205.29014809222195
7,12,50.0
7,12,214.0869823164217
7,12,50.0
7,12,405.0595151524538
7,11,196.10436766967743
7,11,50.0
7,11,50.0
7,11,467.09239457101813
7,11,177.92528262585938
8,11,222.05623892521777
8,11,523.3089604590424
8,11,50.0
8,11,50.0
8,11,392.51653191272953
8,10,72.3438664913375
8,10,299.4861158683242
8,10,50.0
8,10,50.0
8,10,626.048748485681
8,9,50.0
8,9,50.0
8,9,50.0
8,9,50.0
8,9,209.70900967768375
7,9,400.4583272006846
7,9,345.3692894278962
7,9,78.54668938312642
7,9,50.0
7,9,50.0
7,8,326.59295613665313
7,8,50.0
7,8,764.4607474772063
7,8,489.09448154241664
7,8,50.0
6,8,314.5690893630813
6,8,404.49848069094674
6,8,404.9310619067629
6,8,438.4107943144593
6,8,900.0
6,7,50.0
6,7,309.3179361168679
6,7,179.8163594814933
6,7,305.69105937037614
6,7,77.64370927006786
6,6,808.7299578097502
6,6,50.0
6,6,155.35369816720205
6,6,61.31349401304385
6,6,846.9408102431947
5,6,356.47505603888453
5,6,605.9915061322984
5,6,114.00989149843565
5,6,688.7540827389533
5,6,535.3335705034285
5,5,264.3258785169861
5,5,900.0
5,5,352.9131912724334
5,5,850.2518555730301
5,5,628.0111902197712
5,4,385.89622805546657
5,4,423.60770928639243
5,4,676.7454764830723
5,4,748.2317471827776
5,4,310.1099969971956
5,3,50.0
5,3,217.67487849588161
5,3,664.1763915247745
5,3,145.73918725889536
5,3,621.999435332595
5,2,900.0
5,2,60.81382431193447
5,2,359.665923622292
5,2,516.4448680162636
5,2,50.0
5,1,900.0
5,1,391.75740865663806
5,1,690.9023390848413
5,1,402.30100709773296
5,1,50.0
5,2,900.0
5,2,96.33444152749158
5,2,50.0
5,2,529.6640227209706
5,2,164.9850913066723
5,1,500.69479512633825
5,1,406.29021822086986
5,1,432.0332022694118
5,1,219.07774768238164
5,1,329.8346482196472
4,1,474.01796719143186
4,1,900.0
4,1,119.82816737569101
4,1,900.0
4,1,513.1038822644638
4,0,261.68031790647626
4,0,50.0
4,0,218.36992765674495
4,0,592.8639325524927
4,0,647.0663161373644
3,0,544.0263269425457
3,0,274.90890001153616
3,0,557.2141246279826
3,0,239.08846853182735
3,0,900.0
2,0,493.5977866658801
2,0,214.18826314054513
2,0,498.395152458432
2,0,565.8863282931889
2,0,684.1181879030203
1,0,900.0
1,0,846.0943217486179
1,0,485.1489172853284
1,0,330.27350318349585
1,0,900.0
1,-1,329.8359835258401
1,-1,623.9670386033146
1,-1,314.566822312802
1,-1,408.1835200903893
1,-1,460.5309721406924
1,-2,900.0
1,-2,421.36703556989994
1,-2,763.4829985388462
1,-2,726.2861536485377
1,-2,451.0796732894141
2,-2,802.3114089725055
2,-2,699.4364267112882
2,-2,50.0
2,-2,817.7278146888525
2,-2,379.7642120433536
2,-3,405.3045700811244
2,-3,257.42724145576983
2,-3,584.0052787409463
2,-3,401.66502661811023
2,-3,624.1634448608092
1,-3,493.8674206509513
1,-3,248.29301181241914
1,-3,227.6071241288268
1,-3,900.0
1,-3,589.042881565158
1,-4,138.83837747093895
1,-4,592.2626903017746
1,-4,169.89871685357787
1,-4,900.0
1,-4,75.85640205090158
1,-5,514.2584188531714
1,-5,71.71187118682147
1,-5,278.2281018875287
1,-5,405.14544502878994
1,-5,869.4471586646348
1,-4,513.3002046241081
1,-4,50.0
1,-4,462.07338652033343
1,-4,60.39807510313551
1,-4,900.0
0,-4,244.68684197369328
0,-4,749.673091698332
0,-4,263.56347393486027
0,-4,158.10831991055392
0,-4,644.1840915182521
0,-3,526.9962008425379
0,-3,228.97685769614685
0,-3,488.83611393046516
0,-3,636.5949401223028
0,-3,520.8857401450846
0,-4,115.04784257179125
0,-4,642.9807567236738
0,-4,415.6807085844834
0,-4,162.46822983237593
0,-4,434.85123326015923
0,-5,346.0587992122724
0,-5,739.933364270272
0,-5,837.7535088646957
0,-5,325.5474151664404
0,-5,121.79208605355831
0,-6,667.7660906675503
0,-6,686.8156937374144
0,-6,389.2483781693791
0,-6,266.0789838283713
0,-6,316.780249862817
0,-7,378.66356380912225
0,-7,128.01457547765108
0,-7,587.5528735413814
0,-7,414.03817782763576
0,-7,260.94665986126927
0,-8,359.43272891010264
0,-8,861.1245791050694
0,-8,138.95594576148255
0,-8,291.6232365506489
0,-8,383.7420316952804
0,-7,269.90188459732633
0,-7,50.0
0,-7,342.973383824719
0,-7,410.50649239890527
0,-7,710.7341385828342
0,-8,144.4050665997816
0,-8,213.98784357419015
0,-8,50.0
0,-8,813.970982287135
0,-8,281.70313547245354
0,-9,50.0
0,-9,453.9741633528099
0,-9,315.6612335620382
0,-9,533.0574320004285
0,-9,386.5338686435815
0,-10,431.47987505201
0,-10,50.0
0,-10,261.73579097693255
0,-10,462.3059992771621
0,-10,475.7678601158738
0,-9,137.0652081154214
0,-9,50.0
0,-9,244.46919607130044
0,-9,536.1569979908903
0,-9,211.5215702393775
0,-10,395.0912841798872
0,-10,109.53240444161418
0,-10,50.0
0,-10,50.0
0,-10,179.3699042775202
0,-11,658.9635147483627
0,-11,50.0
0,-11,50.0
0,-11,140.89417512575284
0,-11,236.7984492754569
0,-12,50.0
0,-12,177.9132500943656
0,-12,490.564270707099
0,-12,462.27256902225315
0,-12,186.40191305795148
0,-11,50.0
0,-11,314.630578895965
0,-11,50.0
0,-11,900.0
0,-11,261.76161114986706
0,-10,221.90913627201633
0,-10,289.6395753962697
0,-10,50.0
0,-10,425.2115545308357
0,-10,50.0
0,-9,582.2841247438688
0,-9,661.8902959688417
0,-9,215.66019041110593
0,-9,277.2586086645493
0,-9,601.7858102425124
0,-10,664.6858276327538
0,-10,548.4942802854522
0,-10,50.0
0,-10,304.6022348308573
0,-10,274.64775014143106
0,-9,50.0
0,-9,215.78629288166778
0,-9,50.0
0,-9,356.65236186848335
0,-9,327.00356824370385
0,-8,734.3342757606924
0,-8,412.15260966818096
0,-8,238.99366350026705
0,-8,273.97952554131797
0,-8,325.1178588426722
0,-9,461.36408733204036
0,-9,334.56531808367475
0,-9,50.0
0,-9,50.0
0,-9,50.0
0,-10,153.39745059764604
0,-10,290.79591449570273
0,-10,185.74700339995957
0,-10,161.84815880536868
0,-10,50.0
0,-9,610.1146899532521
0,-9,378.50126492047184
0,-9,217.33969382400562
0,-9,723.6232613178877
0,-9,595.6349316018457
0,-8,403.7516628428393
0,-8,275.8442598059772
0,-8,492.93099699367735
0,-8,430.9654349699342
0,-8,89.0939853562287
0,-7,115.11174103201019
0,-7,50.0
0,-7,50.0
0,-7,103.46327016679038
0,-7,900.0
0,-6,583.4675291193637
0,-6,300.41129400618235
0,-6,458.84612037444265
0,-6,475.6283801459445
0,-6,900.0
0,-5,900.0
0,-5,318.71869238643035
0,-5,413.43484074488754
0,-5,183.34964124814417
0,-5,101.58768665193534
0,-4,900.0
0,-4,808.5423872877984
0,-4,528.6831229196313
0,-4,437.0502517537586
0,-4,498.43841891652147
0,-3,538.9676128696838
0,-3,487.6488259446806
0,-3,603.1347722927093
0,-3,142.4715637879022
0,-3,362.0374192897083
0,-2,363.75891995788413
0,-2,546.7405582128039
0,-2,163.41594587440923
0,-2,900.0
0,-2,606.3623919905795
0,-1,398.26494832395366
0,-1,900.0
0,-1,755.0043830990521
0,-1,233.6068411479785
0,-1,900.0
0,0,726.8644805459626
0,0,691.6980921358878
0,0,272.80674309782086
0,0,717.7310018820693
0,0,650.3089987342837
0,1,446.28084488498376
0,1,272.70340226116673
0,1,380.98939855383026
0,1,586.1030352593459
0,1,775.7874785669045
0,2,820.7414527911295
0,2,489.23701177968354
0,2,159.72090801420768
0,2,900.0
0,2,609.3562960568479
0,3,785.8090602694535
0,3,221.43063548055738
0,3,511.1708170129028
0,3,814.9440857725855
0,3,442.24795096015526
0,4,370.1754131022581
0,4,887.6682015761493
0,4,640.090158672389
0,4,77.52179946755359
0,4,341.59973377406294
0,5,50.0
0,5,520.8853631789982
0,5,900.0
0,5,604.3702862952384
0,5,187.23082272301124
0,6,820.6759782722461
0,6,124.45436164429134
0,6,249.18302013670964
0,6,664.3297320558803
0,6,451.58674928468054
0,7,330.36915468053496
0,7,292.49438616416245
0,7,537.6960762192724
0,7,142.01888622651873
0,7,461.8666142050662
0,8,50.0
0,8,833.4911188009182
0,8,92.5389820691729
0,8,50.0
0,8,324.6475207245649
0,9,274.29621887560165
0,9,458.4035615167616
0,9,50.0
0,9,246.28479612779898
0,9,669.0587392767571
0,10,224.36008054787806
0,10,770.7960850406789
0,10,50.0
0,10,442.1129699623278
0,10,147.73693231941144
0,11,105.16096021209779
0,11,166.74484360867223
0,11,509.9629677676226
0,11,50.0
0,11,144.55515825450476
0,12,50.0
0,12,287.0357289052158
0,12,99.03804095669253
0,12,195.13376201447718
0,12,419.6128997739363
0,13,50.0
0,13,50.0
0,13,50.0
0,13,85.66105048957998
0,13,314.91653237918564
0,12,149.6643971630408
0,12,309.52208706511317
0,12,188.01647390339213
0,12,50.0
0,12,123.95951687007364
0,13,50.0
0,13,409.5318110868691
0,13,373.64972102738795
0,13,384.838750822325
0,13,156.83144465348377
0,14,238.46725402465125
0,14,50.0
0,14,127.8048915303967
0,14,641.9895600752086
0,14,50.0
0,15,50.0
0,15,50.0
0,15,50.0
0,15,121.97468956264484
0,15,503.72360744671687
0,16,512.9421055562423
0,16,50.0
0,16,407.1267858299777
0,16,50.0
0,16,50.0
0,17,50.0
0,17,83.25183918538912
0,17,204.80881800472457
0,17,315.79770046347994
0,17,50.0
0,16,50.0
0,16,50.0
0,16,50.0
0,16,144.77035389101786
0,16,50.0
0,17,534.5897664614374
0,17,50.0
0,17,244.96033109830714
0,17,50.0
0,17,50.0
0,18,50.0
0,18,50.0
0,18,50.0
0,18,197.59371799005203
0,18,50.0
0,17,264.27542665313996
0,17,187.8592683654924
0,17,50.0
0,17,167.36109349389363
0,17,50.0
0,18,387.5703819185529
0,18,50.0
0,18,50.0
0,18,50.0
0,18,56.00229245808666
0,19,50.0
0,19,50.0
0,19,50.0
0,19,50.0
0,19,50.0
0,20,131.76193461836073
0,20,149.16792378091674
0,20,50.0
0,20,50.0
0,20,50.0
0,19,50.0
0,19,50.0
0,19,151.14078939053329
0,19,50.0
0,19,50.0
0,18,50.0
0,18,50.0
0,18,227.76806492835922
0,18,50.0
0,18,142.15666086995668
0,17,110.46632147422922
0,17,50.0
0,17,57.17756280718187
0,17,50.0
0,17,161.49062359409226
0,16,622.531609577705
0,16,50.0
0,16,50.0
0,16,60.89067979195002
0,16,81.64040441501399
0,15,50.0
0,15,50.0
0,15,207.4214286266287
0,15,264.92354531346695
0,15,50.0
0,14,50.0
0,14,500.03731771077287
0,14,50.0
0,14,159.62037708547626
0,14,360.9898704849384
0,15,50.0
0,15,451.5629148400039
0,15,337.76675846841056
0,15,333.52443226544904
0,15,50.0
0,16,50.0
0,16,138.70007654944843
0,16,429.35176689435286
0,16,50.0
0,16,50.0
0,15,50.0
0,15,315.8277928770573
0,15,50.0
0,15,316.624603730964
0,15,50.0
0,14,158.56543893011315
0,14,50.0
0,14,50.0
0,14,50.0
0,14,249.20013677340378
0,13,572.3596254094427
0,13,139.41258771924075
0,13,328.0499699745387
0,13,347.6467611738621
0,13,50.0
0,12,73.65041311718338
0,12,151.95593994425326
0,12,177.2216108180919
0,12,409.16963645316196
0,12,253.8663248172848
0,13,50.0
0,13,453.783139266968
0,13,50.0
0,13,102.08805707177308
0,13,261.44239491043675
-1,13,81.54880700385905
-1,13,50.0
-1,13,164.26164512410602
-1,13,208.86282445191213
-1,13,604.5716476332888
-1,14,149.10320032472708
-1,14,392.85750360331247
-1,14,96.18628892964233
-1,14,50.0
-1,14,50.0
-1,13,328.5022169133632
-1,13,50.0
-1,13,177.72993397487386
-1,13,50.0
-1,13,238.84381799724662
-1,12,145.0176879275724
-1,12,50.0
-1,12,187.9411578983891
-1,12,50.0
-1,12,112.4220461114564
-1,11,223.47328474585933
-1,11,50.0
-1,11,50.0
-1,11,50.0
-1,11,316.61207708951025
-1,10,164.67659481331668
-1,10,50.0
-1,10,418.8935165532745
-1,10,349.7742304893015
-1,10,302.2943466554507
-1,9,595.8515236375051
-1,9,412.2308611776162
-1,9,370.3188626305306
-1,9,439.3851404668647
-1,9,393.52507854105136
-1,8,199.86089831675122
-1,8,547.8982768897918
-1,8,108.4384097685122
-1,8,487.2696516596436
-1,8,393.4806526693019
-2,8,391.6325165837749
-2,8,824.5912114353263
-2,8,727.5200661471083
-2,8,395.743054317913
-2,8,184.63828418715332
-2,7,531.4268306379727
-2,7,232.41113523289482
-2,7,50.0
-2,7,442.49594947944155
-2,7,718.636791055653
-2,6,174.0877168067411
-2,6,149.4988798123112
-2,6,50.0
-2,6,581.4457124760204
-2,6,313.7985580096385
-2,5,408.77076145223657
-2,5,665.7122222864463
-2,5,564.3665201957543
-2,5,797.2267719414419
-2,5,163.23387367584962
-3,5,351.36717973739553
-3,5,489.6780662512302
-3,5,624.998850630234
-3,5,275.0277878726301
-3,5,343.17944899203746
-3,4,488.10395398241616
-3,4,871.9649483741501
-3,4,202.3748543928684
-3,4,93.17736355897733
-3,4,756.6978928478275
-3,3,505.2547650599433
-3,3,258.08997251453565
-3,3,827.6492348154329
-3,3,803.25596388705
-3,3,390.49898769298863
-3,2,692.6044308078423
-3,2,272.0337738547797
-3,2,691.3544245031244
-3,2,900.0
-3,2,900.0
-3,1,654.0788043043648
-3,1,155.30508411090227
-3,1,900.0
-3,1,563.6727707647135
-3,1,498.5595387422546
-3,0,233.34221061549357
-3,0,736.5623176041885
-3,0,627.3702010053025
-3,0,598.0374600438776
-3,0,763.3676578192111
-3,-1,321.09933587560494
-3,-1,109.20882642962829
-3,-1,110.06046401868775
-3,-1,761.8147474587753
-3,-1,495.42540380583034
-3,-2,489.61557542984286
-3,-2,778.9631661208855
-3,-2,838.1107552096082
-3,-2,867.2186841772328
-3,-2,421.77419211213925
-3,-1,159.56290157006063
-3,-1,355.07603575740086
-3,-1,900.0
-3,-1,50.0
-3,-1,696.206732831005
-4,-1,771.5987542086841
-4,-1,353.9373010350387
-4,-1,50.0
-4,-1,93.0070606409956
-4,-1,657.1932968888746
-4,-2,542.058939440206
-4,-2,579.1390643035489
-4,-2,50.0
-4,-2,816.4770673365251
-4,-2,497.18152428843564
-5,-2,809.7622816240413
-5,-2,311.7349748407931
-5,-2,522.9458740246824
-5,-2,386.79262395754597
-5,-2,192.88416621361148
-5,-1,538.9110771043797
-5,-1,50.0
-5,-1,610.5951119397096
-5,-1,114.10372027724992
-5,-1,807.3401196034042
-5,-2,50.0
-5,-2,344.1799491440534
-5,-2,262.8163683743195
-5,-2,894.7073238192481
-5,-2,128.65020430678464
-5,-3,368.87509780168756
-5,-3,319.88177130595466
-5,-3,900.0
-5,-3,391.92096656311014
-5,-3,182.65214584266857
-5,-4,793.8127937187849
-5,-4,401.856625322087
-5,-4,366.5037064233283
-5,-4,487.17475171463235
-5,-4,308.84957694219554
-5,-5,399.0316629337578
-5,-5,275.33395154741686
-5,-5,428.79609689957647
-5,-5,711.0298489978935
-5,-5,101.30537469711487
-5,-6,701.0396502848089
-5,-6,443.5430462319179
-5,-6,50.0
-5,-6,350.89244293352726
-5,-6,800.5502334958119
-6,-6,503.73201957479256
-6,-6,658.4971871753039
-6,-6,50.0
-6,-6,395.8551825387308
-6,-6,476.73480498287904
-6,-7,50.0
-6,-7,286.8877802258895
-6,-7,567.4277978779164
-6,-7,173.47721428507927
-6,-7,461.90222914498725
-6,-8,583.2632547727969
-6,-8,50.0
-6,-8,359.97936934431937
-6,-8,50.0
-6,-8,178.45924137688985
-6,-9,262.89159124184846
-6,-9,50.0
-6,-9,393.63287150731486
-6,-9,50.0
-6,-9,50.0
-6,-10,335.0680186479015
-6,-10,234.76612880093145
-6,-10,346.672986968234
-6,-10,238.01959618517745
-6,-10,50.0
-6,-11,311.8945272129609
-6,-11,305.2595821590444
-6,-11,50.0
-6,-11,50.0
-6,-11,345.0944943791368
-6,-12,194.28816756020893
-6,-12,50.0
-6,-12,50.0
-6,-12,50.0
-6,-12,50.0
-6,-13,324.67425450056817
-6,-13,50.0
-6,-13,50.0
-6,-13,50.0
-6,-13,50.0
-6,-14,623.297104731163
-6,-14,50.0
-6,-14,50.0
-6,-14,517.4565897111438
-6,-14,72.05884930345029
-7,-14,139.0850691943801
-7,-14,50.0
-7,-14,50.0
-7,-14,50.0
-7,-14,423.2337845129529
-7,-15,50.0
-7,-15,303.0833492196768
-7,-15,50.0
-7,-15,50.0
-7,-15,473.4283743726185
-7,-14,50.0
-7,-14,50.0
-7,-14,50.0
-7,-14,178.8492809207837
-7,-14,50.0
-7,-15,50.0
-7,-15,187.05909779679064
-7,-15,50.0
-7,-15,50.0
-7,-15,50.0
-7,-16,152.50323195594697
-7,-16,50.0
-7,-16,50.0
-7,-16,50.0
-7,-16,50.0
-7,-17,50.0
-7,-17,50.0
-7,-17,149.4305452129863
-7,-17,235.41293570036106
-7,-17,52.19034653961393
-7,-18,73.97967511256522
-7,-18,50.0
-7,-18,50.0
-7,-18,50.0
-7,-18,50.0
-7,-17,50.0
-7,-17,50.0
-7,-17,50.0
-7,-17,50.0
-7,-17,50.0
-7,-16,50.0
-7,-16,50.0
-7,-16,50.0
-7,-16,50.0
-7,-16,205.65728369401597
-7,-17,50.0
-7,-17,50.0
-7,-17,176.0383221270805
-7,-17,157.64014349688117
-7,-17,50.0
-8,-17,273.1899039780339
-8,-17,50.0
-8,-17,193.23105828130798
-8,-17,50.0
-8,-17,50.0
-8,-18,50.0
-8,-18,50.0
-8,-18,50.0
-8,-18,50.0
-8,-18,141.57122400455108
-8,-19,50.0
-8,-19,50.0
-8,-19,50.0
-8,-19,50.0
-8,-19,50.0
-8,-20,50.0
-8,-20,50.0
-8,-20,50.0
-8,-20,50.0
-8,-20,50.0
-7,-20,50.0
-7,-20,50.0
-7,-20,50.0
-7,-20,50.0
-7,-20,50.0
-6,-20,50.0
-6,-20,50.0
-6,-20,50.0
-6,-20,50.0
-6,-20,50.0
-5,-20,50.0
-5,-20,50.0
-5,-20,50.0
-5,-20,50.0
-5,-20,50.0
-6,-20,50.0
-6,-20,50.0
-6,-20,50.0
-6,-20,50.0
-6,-20,50.0
-5,-20,131.72562381111794
