-8,-19,200.0
-8,-18,477.32862223414224
-8,-18,200.0
-8,-19,200.0
-8,-19,842.4646630709183
-8,-18,200.0
-8,-18,200.0
-8,-17,200.0
-8,-17,200.0
-8,-16,1120.0102271174917
-8,-16,200.0
-7,-16,200.0
-7,-16,1247.7902521727747
-7,-15,200.0
-7,-15,1024.0384621037867
-7,-14,1272.4850314744215
-7,-14,200.0
-7,-13,200.0
-7,-13,200.0
-7,-14,200.0
-7,-14,200.0
-7,-13,365.9545923485234
-7,-13,245.9711693014109
-7,-12,200.0
-7,-12,1602.1363538294972
-6,-12,1723.031510707073
-6,-12,456.0771738888583
-5,-12,432.72204787040033
-5,-12,1865.4692393848825
-4,-12,200.0
-4,-12,905.959348015102
-3,-12,1402.9824673533312
-3,-12,2144.057277866237
-3,-11,200.0
-3,-11,200.0
-3,-12,971.8259897549622
-3,-12,200.0
-2,-12,283.10611060405813
-2,-12,1962.5402611160027
-2,-11,1018.4043971011585
-2,-11,1189.8632971815082
-1,-11,1093.722300346201
-1,-11,3600.0
-1,-12,200.0
-1,-12,3600.0
-1,-11,464.6475837468479
-1,-11,221.76081825381118
-1,-10,2865.898071850531
-1,-10,773.6025025557635
0,-10,1219.133067183501
0,-10,200.0
0,-9,1099.7843021579392
0,-9,200.0
0,-8,3600.0
0,-8,997.4487734033928
0,-7,769.9702803215363
0,-7,2862.140126624913
1,-7,1405.2897502771323
1,-7,486.5393045407345
2,-7,836.2316529188394
2,-7,3330.864268940556
3,-7,1416.3459038912931
3,-7,1074.5463256331848
3,-6,1863.4944083534126
3,-6,1431.7770717985663
3,-7,1948.1790443045413
3,-7,3053.4004602175255
4,-7,863.6177222206427
4,-7,1250.8776411078734
4,-6,673.649217197265
4,-6,2470.2955518140166
4,-5,3600.0
4,-5,478.74702530077116
4,-6,200.0
4,-6,200.0
4,-5,1712.1881955751105
4,-5,978.7979011299174
4,-4,2524.612829272325
4,-4,3214.6234489822727
3,-4,3587.431350459314
3,-4,2750.1597129454003
3,-3,2237.209389164992
3,-3,3600.0
4,-3,877.5908514633918
4,-3,3600.0
4,-2,3600.0
4,-2,905.1865328799388
4,-1,1003.9128088662678
4,-1,1292.8223165591126
4,0,3600.0
4,0,2040.6878007193582
4,1,1420.0997639772327
4,1,3042.5086893441016
4,2,3600.0
4,2,3600.0
5,2,617.18587199321
5,2,292.8956034848246
6,2,1057.5722087390031
6,2,1120.646886631264
5,2,1162.354832589209
5,2,2211.2323556349174
4,2,200.0
4,2,200.0
4,3,1925.3357793790951
4,3,1809.7634336374342
5,3,1475.8480460495623
5,3,2005.7366156767112
4,3,2216.889932976645
4,3,3600.0
4,2,1188.1123702726723
4,2,3600.0
5,2,1894.0019442585635
5,2,200.0
6,2,3066.792682205144
6,2,1864.270580313183
6,3,1773.9330109521352
6,3,1135.29319951484
6,4,456.5950799868863
6,4,1949.1450597412538
7,4,1134.1913200215388
7,4,1198.0047607397496
7,5,2034.2141494370212
7,5,931.6752767623581
8,5,941.7112604098587
8,5,200.0
8,4,2205.0300755267413
8,4,3600.0
9,4,1700.675172399884
9,4,1075.9875489697479
10,4,458.7495264441006
10,4,1894.3220638034995
10,5,591.1882006718649
10,5,1472.7918021048336
10,6,1947.822915168163
10,6,3522.3821513404328
10,7,2770.828933342875
10,7,3600.0
10,8,200.0
10,8,309.63615927004764
11,8,200.0
11,8,333.3814269403121
10,8,272.0088642940391
10,8,200.0
10,9,200.0
10,9,1245.215302521865
9,9,531.7945728644578
9,9,200.0
10,9,200.0
10,9,200.0
11,9,200.0
11,9,200.0
11,10,200.0
11,10,3600.0
12,10,200.0
12,10,279.4648721273769
11,10,774.1494220434257
11,10,200.0
10,10,200.0
10,10,833.0952199905967
11,10,3176.8905681777933
11,10,2121.788781193291
12,10,3600.0
12,10,200.0
13,10,200.0
13,10,322.59679155888847
13,11,200.0
13,11,200.0
14,11,200.0
14,11,200.0
14,12,200.0
14,12,200.0
15,12,200.0
15,12,200.0
16,12,200.0
16,12,200.0
16,11,200.0
16,11,200.0
16,10,2777.450097081947
16,10,200.0
16,9,200.0
16,9,2446.46260884373
15,9,200.0
15,9,742.1992673501022
14,9,200.0
14,9,200.0
14,10,680.4658902121404
14,10,200.0
14,9,942.7899111849478
14,9,810.4743903428333
14,8,1467.6952425731422
14,8,513.1486720312151
15,8,707.7533807410405
15,8,1539.3663838184375
15,7,200.0
15,7,200.0
14,7,2027.403120262786
14,7,200.0
14,6,200.0
14,6,200.0
14,5,1793.254334116572
14,5,1020.0967407826588
14,4,200.0
14,4,1458.8528398155017
14,3,200.0
14,3,1597.1164894750136
13,3,2496.8551995999287
13,3,360.22467017354904
13,2,200.0
13,2,601.237685809263
13,1,1729.8621854519793
13,1,200.0
14,1,200.0
14,1,200.0
14,0,200.0
14,0,200.0
14,-1,497.2730237806652
14,-1,1287.2076280711044
13,-1,946.060486690375
13,-1,200.0
13,0,1259.849814138293
13,0,1486.2621728155136
13,-1,304.37534309303015
13,-1,1902.0946380101325
12,-1,572.7108883715354
12,-1,799.202269553221
11,-1,200.0
11,-1,2116.51093980285
11,-2,405.78090567131596
11,-2,3600.0
10,-2,1267.525182744383
10,-2,200.0
9,-2,622.7209026224119
9,-2,692.6282569795061
10,-2,917.3223675884358
10,-2,2133.4369995786683
9,-2,200.0
9,-2,1724.6129557044533
9,-1,200.0
9,-1,294.07770952889655
9,-2,200.0
9,-2,1226.658221947331
9,-3,650.5929801836676
9,-3,1275.6791221145058
9,-4,1868.0924772519152
9,-4,1286.5338202423466
9,-5,995.6537656821799
9,-5,1562.8578257526951
8,-5,200.0
8,-5,560.1866996828434
7,-5,2154.755521932207
