-8,-19,50.0
-8,-19,800.5290137440327
-8,-19,50.0
-8,-19,50.0
-8,-18,50.0
-8,-18,50.0
-8,-18,180.92007798703276
-8,-18,50.0
-8,-18,326.04625271656636
-8,-19,50.0
-8,-19,309.2198746507831
-8,-19,541.7793984071513
-8,-19,50.0
-8,-19,469.6075335304861
-8,-18,50.0
-8,-18,50.0
-8,-18,50.0
-8,-18,62.55340134630353
-8,-18,50.0
-8,-17,50.0
-8,-17,50.0
-8,-17,50.0
-8,-17,524.2582608092885
-8,-17,123.53562717375999
-8,-16,50.0
-8,-16,50.0
-8,-16,50.0
-8,-16,568.5867750153658
-8,-16,109.61046809235216
-7,-16,50.0
-7,-16,77.31074335122766
-7,-16,50.0
-7,-16,653.2950702746247
-7,-16,465.3117836199944
-7,-15,50.0
-7,-15,50.0
-7,-15,365.6126937141615
-7,-15,173.70159131061865
-7,-15,50.0
-7,-14,50.0
-7,-14,58.55191998996503
-7,-14,333.25026803837443
-7,-14,50.0
-7,-14,98.3724600535275
-7,-13,50.0
-7,-13,161.03018760882176
-7,-13,900.0
-7,-13,50.0
-7,-13,57.2225455744765
-7,-14,50.0
-7,-14,86.8917665845756
-7,-14,50.0
-7,-14,50.0
-7,-14,50.0
-7,-13,50.0
-7,-13,60.366941637401496
-7,-13,332.52567044088113
-7,-13,390.0590569059174
-7,-13,50.0
-7,-12,79.45743433745999
-7,-12,900.0
-7,-12,138.48467374419928
-7,-12,737.981322714818
-7,-12,52.927843622555955
-6,-12,144.34277665182117
-6,-12,494.9509603296861
-6,-12,642.4146609240292
-6,-12,50.0
-6,-12,900.0
-5,-12,50.0
-5,-12,50.0
-5,-12,50.0
-5,-12,701.8222845296054
-5,-12,900.0
-4,-12,124.89668430489493
-4,-12,271.73412606446743
-4,-12,50.0
-4,-12,50.0
-4,-12,50.0
-3,-12,50.0
-3,-12,624.1859882133458
-3,-12,50.0
-3,-12,50.0
-3,-12,50.0
-3,-11,80.22411286814045
-3,-11,287.7526651732104
-3,-11,900.0
-3,-11,649.1668201101265
-3,-11,819.4367580724072
-3,-12,307.83578317601473
-3,-12,184.38771260746324
-3,-12,307.63938795580583
-3,-12,50.0
-3,-12,50.0
-2,-12,50.0
-2,-12,117.517652522867
-2,-12,139.10347236350657
-2,-12,652.2936629304355
-2,-12,145.94095386293125
-2,-11,479.4551908544068
-2,-11,597.4832978023956
-2,-11,900.0
-2,-11,265.58030952413924
-2,-11,638.064977482823
-1,-11,469.4977075527252
-1,-11,900.0
-1,-11,325.2391921893268
-1,-11,157.51931467738868
-1,-11,153.05781088040766
-1,-12,50.0
-1,-12,612.3734942730016
-1,-12,590.43365445677
-1,-12,900.0
-1,-12,50.0
-1,-11,353.7366948151431
-1,-11,900.0
-1,-11,50.0
-1,-11,50.0
-1,-11,50.0
-1,-10,328.3865908107319
-1,-10,659.262974431068
-1,-10,362.0895373589901
-1,-10,50.0
-1,-10,373.1362395801261
0,-10,50.0
0,-10,50.0
0,-10,427.4082620996158
0,-10,450.488855915361
0,-10,792.9743544843782
0,-9,50.0
0,-9,50.0
0,-9,900.0
0,-9,728.9912737852883
0,-9,900.0
0,-8,101.19865271233328
0,-8,50.0
0,-8,661.4440288225326
0,-8,50.0
0,-8,900.0
0,-7,900.0
0,-7,50.0
0,-7,470.67586773179426
0,-7,630.1042459221733
0,-7,468.2912248094232
1,-7,900.0
1,-7,623.0698030940845
1,-7,544.0497610794758
1,-7,900.0
1,-7,900.0
2,-7,50.0
2,-7,900.0
2,-7,662.6140193916318
2,-7,773.6141786174563
2,-7,900.0
3,-7,749.7613509334831
3,-7,832.3605003107557
3,-7,637.7094411423933
3,-7,900.0
3,-7,900.0
3,-6,485.8474408393731
3,-6,900.0
3,-6,900.0
3,-6,708.0860178211381
3,-6,295.55965714999166
3,-7,900.0
3,-7,470.3374218725783
3,-7,50.0
3,-7,900.0
3,-7,202.19444537260782
4,-7,900.0
4,-7,191.21200973567068
4,-7,900.0
4,-7,108.5833552030798
4,-7,255.60528289037507
4,-6,888.5786180847496
4,-6,836.6947675267875
4,-6,171.69283857362518
4,-6,900.0
4,-6,252.0795765797837
4,-5,900.0
4,-5,900.0
4,-5,900.0
4,-5,441.50490291608986
4,-5,155.78133381110524
4,-6,360.9647847362545
4,-6,440.46903024519474
4,-6,753.9862192022435
4,-6,273.5923622798284
4,-6,900.0
4,-5,860.4058542899855
4,-5,300.88686592398454
4,-5,672.6281164093657
4,-5,900.0
4,-5,679.3850349136356
4,-4,867.3872357154916
4,-4,693.5606224376058
4,-4,665.4415147112384
4,-4,573.9401258639468
4,-4,640.2250702675452
3,-4,491.31396416574296
3,-4,474.63443918556163
3,-4,323.4874674242604
3,-4,347.52975170550314
3,-4,900.0
3,-3,900.0
3,-3,900.0
3,-3,84.58718343027482
3,-3,601.4821526795087
3,-3,124.01305574333605
4,-3,165.8697041657855
4,-3,900.0
4,-3,559.5322118881661
4,-3,663.4636756120724
4,-3,782.3825668080983
4,-2,706.6882152842362
4,-2,900.0
4,-2,50.0
4,-2,394.8281057335779
4,-2,900.0
4,-1,900.0
4,-1,900.0
4,-1,746.2116028162909
4,-1,900.0
4,-1,465.8325120518207
4,0,892.3906160779848
4,0,774.7857992942934
4,0,89.81470893883045
4,0,478.91419838831376
4,0,563.4132394245909
4,1,50.0
4,1,743.9974024482656
4,1,129.98386583596346
4,1,593.4395861546896
4,1,272.67622279063255
4,2,900.0
4,2,241.71720329095524
4,2,900.0
4,2,582.9980059193414
4,2,900.0
5,2,424.2000402972257
5,2,706.6823079767204
5,2,50.0
5,2,640.7095419734717
5,2,900.0
6,2,482.3460580596747
6,2,748.5032991422728
6,2,773.6434034458969
6,2,95.7631128029704
6,2,684.932638341981
5,2,50.0
5,2,858.4998551857036
5,2,181.41560110309229
5,2,445.7117194520343
5,2,50.0
4,2,900.0
4,2,448.37843507821754
4,2,248.03943634183997
4,2,824.9977330683112
4,2,81.83629678875485
4,3,796.3251260814648
4,3,50.0
4,3,50.0
4,3,603.3000118083041
4,3,786.1084819406691
5,3,900.0
5,3,900.0
5,3,900.0
5,3,50.0
5,3,483.0683107892837
4,3,900.0
4,3,386.28675045809894
4,3,900.0
4,3,900.0
4,3,50.0
4,2,655.4197256408909
4,2,900.0
4,2,50.0
4,2,325.9348033285624
4,2,814.9353375449749
5,2,900.0
5,2,617.3749443449964
5,2,464.6312146741017
5,2,50.0
5,2,413.8603064035334
6,2,460.8163524360046
6,2,900.0
6,2,585.9867778026403
6,2,205.96196724961266
6,2,356.9613786511969
6,3,368.1351790365744
6,3,50.0
6,3,50.0
6,3,50.0
6,3,900.0
6,4,732.2156276852793
6,4,900.0
6,4,85.05719256425368
6,4,324.1675540914331
6,4,295.09034009013897
7,4,50.0
7,4,143.5432803594867
7,4,593.0383195325885
7,4,254.53651199567452
7,4,607.7514750895298
7,5,50.0
7,5,203.01170811998776
7,5,647.3711100086423
7,5,475.8181154678843
7,5,881.7980953135797
8,5,160.49421065860662
8,5,525.4932300036731
8,5,50.0
8,5,50.0
8,5,418.46349863481726
8,4,618.183184878649
8,4,566.598821947537
8,4,900.0
8,4,50.0
8,4,710.25024783124
9,4,611.695510666717
9,4,900.0
9,4,291.2668642099175
9,4,50.0
9,4,50.0
10,4,240.27567139366255
10,4,597.584604941137
10,4,817.7094964933762
10,4,50.0
10,4,391.22549314080754
10,5,900.0
10,5,50.0
10,5,50.0
10,5,862.1470697660117
10,5,50.0
10,6,106.82436406522842
10,6,173.6605992393564
10,6,752.3031301447334
10,6,50.0
10,6,657.9151394661606
10,7,900.0
10,7,282.8604092820194
10,7,50.0
10,7,50.0
10,7,71.037811206888
10,8,335.58615009241635
10,8,598.7329860674689
10,8,847.8881526293237
10,8,50.0
10,8,632.9956276183627
11,8,50.0
11,8,50.0
11,8,123.0234136100976
11,8,103.96342101284466
11,8,900.0
10,8,50.0
10,8,849.9101322918134
10,8,656.4311854846129
10,8,50.0
10,8,50.0
10,9,900.0
10,9,296.44871734435924
10,9,456.931362210717
10,9,661.8950624456729
10,9,50.0
9,9,116.57094495721498
9,9,66.43746355309932
9,9,50.0
9,9,50.0
9,9,327.15660013452623
10,9,50.0
10,9,50.0
10,9,90.17733096121773
10,9,50.0
10,9,50.0
11,9,203.84088690833772
11,9,50.0
11,9,531.6712399917285
11,9,50.0
11,9,50.0
11,10,50.0
11,10,244.24643061877873
11,10,900.0
11,10,708.9368684025096
11,10,50.0
12,10,50.0
12,10,313.67552575125785
12,10,50.0
12,10,50.0
12,10,50.0
11,10,430.13483968522394
11,10,469.26844074262544
11,10,261.7876485156374
11,10,108.34219531928369
11,10,50.0
10,10,50.0
10,10,50.0
10,10,290.1607939992576
10,10,754.2564975118033
10,10,362.3154173227822
11,10,50.0
11,10,518.9834334918829
11,10,139.3241891542828
11,10,633.7155256173683
11,10,740.9892771467469
12,10,50.0
12,10,638.65433776922
12,10,50.0
12,10,50.0
12,10,146.6841862248942
13,10,50.0
13,10,586.1421475121857
13,10,385.66578040082544
13,10,50.0
13,10,50.0
13,11,219.86513503697856
13,11,50.0
13,11,50.0
13,11,233.9836233267822
13,11,50.0
14,11,50.0
14,11,50.0
14,11,900.0
14,11,50.0
14,11,51.17118905639603
14,12,432.6414566462489
14,12,50.0
14,12,345.73268602102644
14,12,900.0
14,12,50.0
15,12,50.0
15,12,139.23928529033878
15,12,468.8149238768703
15,12,831.7355940735468
15,12,50.0
16,12,380.5151393591352
16,12,50.0
16,12,240.538875530739
16,12,50.0
16,12,133.4229516270844
16,11,50.0
16,11,647.121851224382
16,11,393.2953881453434
16,11,50.0
16,11,50.0
16,10,50.0
16,10,50.0
16,10,50.0
16,10,50.0
16,10,182.97816223762425
16,9,420.10251681033924
16,9,400.9358042878523
16,9,169.00412636551664
16,9,50.0
16,9,50.0
15,9,162.7351432396873
15,9,115.53015490571858
15,9,900.0
15,9,50.0
15,9,398.03589164128624
14,9,50.0
14,9,50.0
14,9,201.7817895337189
14,9,50.0
14,9,50.0
14,10,50.0
14,10,50.0
14,10,275.5544926072588
14,10,50.0
14,10,50.0
14,9,174.042631424076
14,9,790.1154208447624
14,9,50.0
14,9,487.24586542746613
14,9,50.0
14,8,194.76379865105872
14,8,50.0
14,8,840.3143051350723
14,8,50.0
14,8,50.0
15,8,50.0
15,8,460.5813199190306
15,8,98.29738959266564
15,8,50.0
15,8,50.0
15,7,50.0
15,7,669.4992306443886
15,7,50.0
15,7,691.73558902353
15,7,305.41673738519603
14,7,141.5171713456557
14,7,823.7127655424493
14,7,268.40473037557973
14,7,142.61914379247133
14,7,50.0
14,6,122.88266818169544
14,6,209.86559171122502
14,6,50.0
14,6,50.0
14,6,50.0
14,5,286.7444439065723
14,5,721.0744467885522
14,5,50.0
14,5,50.0
14,5,50.0
14,4,50.0
14,4,50.0
14,4,50.0
14,4,310.64972216569595
14,4,50.0
14,3,50.0
14,3,557.0630485979584
14,3,50.0
14,3,147.88067257887892
14,3,481.6597498442315
13,3,215.33133043430013
13,3,645.384071061549
13,3,589.2350807612073
13,3,735.0826390035639
13,3,900.0
13,2,645.3226408187627
13,2,50.0
13,2,479.89994087730423
13,2,836.3768072231559
13,2,50.0
13,1,50.0
13,1,50.0
13,1,410.24948274624626
13,1,360.2852290274855
13,1,50.0
14,1,50.0
14,1,232.14210503554995
14,1,50.0
14,1,122.43820096267157
14,1,50.0
14,0,900.0
14,0,50.0
14,0,50.0
14,0,50.0
14,0,900.0
14,-1,50.0
14,-1,155.19851400858607
14,-1,50.0
14,-1,50.0
14,-1,384.6151911650261
13,-1,900.0
13,-1,268.1049697087575
13,-1,216.56198526918513
13,-1,50.0
13,-1,432.74290326033804
13,0,561.7574971304232
13,0,50.0
13,0,530.6764167749245
13,0,808.4708313102849
13,0,161.9773038168193
13,-1,50.0
13,-1,50.0
13,-1,861.2017506518306
13,-1,900.0
13,-1,506.31715650387196
12,-1,170.13178807483996
12,-1,50.0
12,-1,900.0
12,-1,50.0
12,-1,55.339366377801696
11,-1,564.6991519820641
11,-1,531.8116598756878
11,-1,119.2014960043648
11,-1,50.0
11,-1,50.0
11,-2,292.52288360429566
11,-2,50.0
11,-2,50.0
11,-2,428.9021357361656
11,-2,221.2275088812485
10,-2,758.5627320826214
10,-2,50.0
10,-2,900.0
10,-2,900.0
10,-2,50.0
9,-2,53.13550219277528
9,-2,50.0
9,-2,50.0
9,-2,746.4862788197356
9,-2,50.0
10,-2,729.7355997465205
10,-2,900.0
10,-2,900.0
10,-2,838.6906719930234
10,-2,815.1409278665549
9,-2,50.0
9,-2,221.6664585475542
9,-2,115.16219569225183
9,-2,900.0
9,-2,645.8251370050804
9,-1,525.5526835593482
9,-1,614.658676780847
9,-1,788.7320769568278
9,-1,361.6250857214383
9,-1,900.0
9,-2,853.4767828425026
9,-2,256.8028234678904
9,-2,228.7150417764729
9,-2,596.1428934824175
9,-2,50.0
9,-3,508.1790899532922
9,-3,900.0
9,-3,50.0
9,-3,900.0
9,-3,50.0
9,-4,129.64032420974672
9,-4,699.485022666879
9,-4,358.3809087585645
9,-4,900.0
9,-4,50.0
9,-5,428.56091995485565
9,-5,724.6834641995856
9,-5,900.0
9,-5,407.46377054614953
9,-5,523.6364063862259
8,-5,154.01709790580742
8,-5,900.0
8,-5,666.3114978113096
8,-5,812.3699303802225
8,-5,900.0
7,-5,571.5930072399087
7,-5,50.0
7,-5,50.0
7,-5,289.6324634364319
7,-5,195.5536092251823
7,-6,274.55430639373634
7,-6,900.0
7,-6,76.13000341552049
7,-6,334.06849101375093
7,-6,540.354144267437
7,-7,900.0
7,-7,499.8157240441141
7,-7,900.0
7,-7,180.07493222682547
7,-7,663.9655130184564
7,-8,900.0
7,-8,123.84978569111883
7,-8,227.03389048426396
7,-8,487.5708920916221
7,-8,900.0
6,-8,50.0
6,-8,456.3356315582938
6,-8,50.0
6,-8,394.3866333650962
6,-8,177.0822643996728
6,-9,900.0
6,-9,501.2587714804846
6,-9,885.1792980595878
6,-9,63.37821142853787
6,-9,182.75039620839246
5,-9,900.0
5,-9,669.7255648135753
5,-9,50.0
5,-9,900.0
5,-9,374.4339530850463
6,-9,900.0
6,-9,803.5353220817794
6,-9,50.0
6,-9,525.6532971954067
6,-9,900.0
5,-9,165.91425941109011
5,-9,752.4637745453165
5,-9,547.6350489467269
5,-9,50.0
5,-9,492.8890853452216
5,-8,50.0
5,-8,388.466116360202
5,-8,846.4840845195923
5,-8,280.65057925672636
5,-8,161.90295519852327
5,-9,357.8562741743443
5,-9,50.0
5,-9,900.0
5,-9,50.0
5,-9,742.3209538765096
5,-10,442.82351528159734
5,-10,900.0
5,-10,331.05251301925506
5,-10,334.74750480756455
5,-10,463.2262686279087
4,-10,435.22492920195725
4,-10,50.0
4,-10,269.02436239158413
4,-10,450.2744867896666
4,-10,50.0
4,-11,50.0
4,-11,412.47049073603426
4,-11,900.0
4,-11,50.0
4,-11,549.4505039924817
4,-12,50.0
4,-12,713.3494436070687
4,-12,349.2469934060756
4,-12,50.0
4,-12,118.99619895594157
5,-12,50.0
5,-12,50.0
5,-12,50.0
5,-12,900.0
5,-12,243.78060889906348
6,-12,346.15855372294925
6,-12,94.8114440679302
6,-12,900.0
6,-12,218.05017735849634
6,-12,368.0385894410805
7,-12,402.5445063661471
7,-12,211.58172525188337
7,-12,50.0
7,-12,50.0
7,-12,389.34248441353486
8,-12,287.8255159663301
8,-12,50.0
8,-12,69.03290445191365
8,-12,507.7579011917131
8,-12,50.0
9,-12,131.92758911161195
9,-12,900.0
9,-12,50.0
9,-12,50.0
9,-12,900.0
9,-11,161.9095298392677
9,-11,67.96967504677194
9,-11,50.0
9,-11,468.57402417995127
9,-11,221.96012406886183
8,-11,721.9741303185012
8,-11,50.0
8,-11,50.0
8,-11,50.0
8,-11,50.0
9,-11,547.443654073463
9,-11,50.0
9,-11,50.0
9,-11,97.84399701327456
9,-11,293.7947093850326
9,-10,164.40331923118163
9,-10,191.52430791982846
9,-10,50.0
9,-10,50.0
9,-10,50.0
9,-9,900.0
9,-9,227.02235918445774
9,-9,50.0
9,-9,543.4047119241775
9,-9,896.4980590299648
10,-9,883.9893801847509
10,-9,50.0
10,-9,50.0
10,-9,137.82085202904264
10,-9,468.37930183031983
11,-9,207.68747666558875
11,-9,898.7988448223734
11,-9,65.37096680486917
11,-9,495.37775569570795
11,-9,50.0
10,-9,50.0
10,-9,50.0
10,-9,50.0
10,-9,224.36900547603472
10,-9,50.0
10,-8,50.0
10,-8,220.25261431411704
10,-8,107.74044486650793
10,-8,50.0
10,-8,50.0
10,-7,355.79688994509695
10,-7,50.0
10,-7,397.8518158463267
10,-7,427.07994284950803
10,-7,50.0
11,-7,50.0
11,-7,287.70352553852774
11,-7,50.0
11,-7,578.8747824355368
11,-7,80.95311958029448
12,-7,87.54330020950086
12,-7,50.0
12,-7,50.0
12,-7,50.0
12,-7,390.11260308263354
11,-7,172.26541914287876
11,-7,387.4755350479058
11,-7,50.0
11,-7,514.6448933584616
11,-7,323.8687689563764
11,-6,900.0
11,-6,900.0
11,-6,762.0716888016157
11,-6,900.0
11,-6,159.2157409542449
12,-6,50.0
12,-6,421.8790572445827
12,-6,900.0
12,-6,50.0
12,-6,50.0
13,-6,834.0424190659483
13,-6,50.0
13,-6,50.0
13,-6,84.14823184777879
13,-6,900.0
13,-5,50.0
13,-5,221.99063152073958
13,-5,837.3851715684095
13,-5,50.0
13,-5,206.7487753162289
13,-4,238.58394932782676
13,-4,900.0
13,-4,184.2270067383014
13,-4,411.30238801702126
13,-4,900.0
14,-4,50.0
14,-4,755.0692956392701
14,-4,900.0
14,-4,256.9337708277232
14,-4,680.7913030233508
15,-4,612.6183366459633
15,-4,50.0
15,-4,398.40121298760425
15,-4,50.0
15,-4,99.05077387024579
16,-4,622.1574148920356
16,-4,50.0
16,-4,220.83260795558823
16,-4,202.7510263166589
16,-4,50.0
15,-4,900.0
15,-4,487.66525780914657
15,-4,900.0
15,-4,50.0
15,-4,50.0
15,-5,50.0
15,-5,50.0
15,-5,50.0
15,-5,152.83853369179405
15,-5,111.08720791136524
14,-5,454.4669638577036
14,-5,250.98949687628172
14,-5,382.19383518123004
14,-5,431.68240864964383
14,-5,900.0
13,-5,900.0
13,-5,788.6722608159878
13,-5,840.9820552952128
13,-5,340.6914523656915
13,-5,50.0
12,-5,545.6676725338389
12,-5,162.110034125185
12,-5,711.9505834545778
12,-5,654.7670395419294
12,-5,601.3733453817925
12,-6,50.0
12,-6,168.47020633007264
12,-6,584.4798819161367
12,-6,200.20894822387996
12,-6,525.2639894776703
11,-6,50.0
11,-6,50.0
11,-6,50.0
11,-6,50.0
11,-6,50.0
10,-6,486.62253406817183
10,-6,50.0
10,-6,247.61799286224192
10,-6,238.602585019974
10,-6,714.1412720421515
9,-6,331.8547033671586
9,-6,900.0
9,-6,50.0
9,-6,506.52970485500595
9,-6,400.0884775996493
8,-6,304.914601302738
8,-6,900.0
8,-6,900.0
8,-6,900.0
8,-6,900.0
7,-6,783.6639140370658
7,-6,50.0
7,-6,865.0744544836862
7,-6,95.90589734021631
7,-6,900.0
6,-6,530.6883273095942
6,-6,468.3596962938093
6,-6,86.24022848466075
6,-6,50.0
6,-6,269.492701098073
5,-6,900.0
5,-6,900.0
5,-6,770.395873227189
5,-6,900.0
5,-6,50.0
4,-6,438.4780059526255
4,-6,50.0
4,-6,572.7038393472185
4,-6,900.0
4,-6,863.405648830965
5,-6,197.0463820591387
5,-6,900.0
5,-6,900.0
5,-6,770.8945809514211
5,-6,329.2281501395274
4,-6,655.6581708236187
4,-6,900.0
4,-6,900.0
4,-6,900.0
4,-6,641.4497112206948
3,-6,900.0
3,-6,900.0
3,-6,681.0903609157147
3,-6,793.4098939558385
3,-6,724.6377887800581
4,-6,210.0881915540391
4,-6,900.0
4,-6,54.8557991922666
4,-6,393.0545634202907
4,-6,586.7010552401377
3,-6,233.53409521783715
3,-6,264.9137157578547
3,-6,683.5854872949224
3,-6,888.8652419410071
3,-6,900.0
2,-6,729.9745333266652
2,-6,83.04116397360065
2,-6,429.2413008913459
2,-6,50.0
2,-6,900.0
2,-7,691.9355492702748
2,-7,900.0
2,-7,131.24844141562383
2,-7,136.07686180315682
2,-7,535.412055619727
1,-7,773.1641416906692
1,-7,527.3128503132085
1,-7,900.0
1,-7,228.82010368096178
1,-7,900.0
0,-7,191.51679406979645
0,-7,384.8313748973576
0,-7,900.0
0,-7,900.0
0,-7,640.0446212600664
-1,-7,900.0
-1,-7,585.9653546932141
-1,-7,798.516498207475
-1,-7,767.4962560702158
-1,-7,888.070839684065
-2,-7,900.0
-2,-7,900.0
-2,-7,50.0
-2,-7,855.462501866928
-2,-7,50.0
-3,-7,900.0
-3,-7,556.7426066081645
-3,-7,608.8910779734441
-3,-7,354.3095063166153
-3,-7,119.77259926397443
-4,-7,715.7810405902701
-4,-7,710.8753069941497
-4,-7,414.2436544206974
-4,-7,50.0
-4,-7,50.0
-5,-7,744.0563162241933
-5,-7,900.0
-5,-7,898.7177930367777
-5,-7,900.0
-5,-7,886.1616455928945
-6,-7,626.2160074782955
-6,-7,207.7757578466301
-6,-7,601.856106354577
-6,-7,50.0
-6,-7,900.0
-7,-7,900.0
-7,-7,380.6364483059672
-7,-7,53.71550725082537
-7,-7,550.314393546603
-7,-7,623.0751248948985
-7,-6,900.0
-7,-6,320.6786934834884
-7,-6,900.0
-7,-6,642.8746403285509
-7,-6,106.08972583439385
-7,-7,211.95065755359803
-7,-7,210.32844769434072
-7,-7,900.0
-7,-7,888.6761584363446
-7,-7,50.0
-8,-7,50.0
-8,-7,50.0
-8,-7,900.0
-8,-7,855.6052568161133
-8,-7,50.0
-9,-7,900.0
-9,-7,50.0
-9,-7,69.64471839675883
-9,-7,552.2318652045649
-9,-7,50.0
-9,-8,900.0
