15,8,170.18563236344687
15,8,50.0
15,8,235.66255719198256
15,8,368.9193359475364
16,8,53.14543937537411
16,8,122.9936146667387
16,8,50.0
16,8,50.0
16,8,51.14537130366167
15,8,62.55076389709974
15,8,50.0
15,8,50.0
15,8,50.0
15,8,50.0
16,8,50.0
16,8,50.0
16,8,146.77952600645938
16,8,50.0
16,8,50.0
17,8,50.0
17,8,50.0
17,8,50.0
17,8,50.0
17,8,163.04621606107958
18,8,346.4446278782708
18,8,126.72604112233046
18,8,50.0
18,8,50.0
18,8,50.0
19,8,50.0
19,8,50.0
19,8,392.949226568264
19,8,215.29851627370897
19,8,307.17416293653577
20,8,50.0
20,8,50.0
20,8,50.0
20,8,50.0
20,8,50.0
20,7,50.992950000334815
20,7,50.0
20,7,54.92027026670314
20,7,50.0
20,7,50.0
20,6,108.95504589555932
20,6,50.0
20,6,50.0
20,6,254.68439805492812
20,6,50.0
19,6,50.0
19,6,50.0
19,6,50.0
19,6,50.0
19,6,91.30785822538331
19,5,50.0
19,5,140.14041520383034
19,5,50.0
19,5,205.15327142716194
19,5,50.0
18,5,153.90259565979818
18,5,50.0
18,5,63.55731320652511
18,5,50.0
18,5,291.2206479940075
18,4,50.0
18,4,50.0
18,4,296.9630918034693
18,4,572.264705408834
18,4,50.0
17,4,128.1068954995451
17,4,50.0
17,4,50.0
17,4,50.0
17,4,50.0
17,3,167.94943441831853
17,3,50.0
17,3,50.0
17,3,145.94014973185685
17,3,50.0
16,3,61.561613213538045
16,3,50.0
16,3,50.0
16,3,50.0
16,3,53.40057299925729
17,3,50.0
17,3,120.01307335175372
17,3,50.0
17,3,50.0
17,3,260.8397003524351
17,4,495.37919654981243
17,4,50.0
17,4,50.0
17,4,201.51763918476956
17,4,359.54185171925866
17,3,50.0
17,3,95.50330140029702
17,3,50.0
17,3,93.80127508779114
17,3,50.0
17,2,50.0
17,2,50.0
17,2,50.0
17,2,50.0
17,2,123.59833434673156
17,1,202.75406537268304
17,1,50.0
17,1,50.0
17,1,50.0
17,1,50.0
16,1,50.0
16,1,50.0
16,1,50.0
16,1,50.0
16,1,50.0
15,1,558.6344903955611
15,1,257.37793730526664
15,1,50.0
15,1,87.90531994710148
15,1,50.0
14,1,50.0
14,1,50.0
14,1,164.24216269547853
14,1,162.40241895404796
14,1,50.0
13,1,173.77662770586662
13,1,94.06191904520918
13,1,50.0
13,1,50.0
13,1,259.1217082277725
13,0,50.0
13,0,50.0
13,0,465.8134327403753
13,0,50.0
13,0,50.0
12,0,219.23044484328256
12,0,408.13555243246964
12,0,353.31613115341895
12,0,50.0
12,0,394.47506011818245
11,0,50.0
11,0,180.36284358514524
11,0,241.81443959707136
11,0,536.4742584847223
11,0,420.8825683135799
11,-1,199.6145931315561
11,-1,586.2839602493129
11,-1,50.0
11,-1,380.93795906006545
11,-1,50.0
10,-1,102.5771145208274
10,-1,329.2708757384945
10,-1,50.0
10,-1,635.245963389012
10,-1,900.0
10,-2,321.67903333865223
10,-2,50.0
10,-2,545.0257823738498
10,-2,223.29393369490523
10,-2,333.33623731225373
10,-3,107.5449982087371
10,-3,379.77952819014
10,-3,415.1269665869306
10,-3,80.97090692985282
10,-3,50.0
11,-3,148.51471397253982
11,-3,335.3569593497201
11,-3,50.0
11,-3,630.0358773568973
11,-3,210.94213491742804
10,-3,50.0
10,-3,50.0
10,-3,50.0
10,-3,50.0
10,-3,372.914758896956
10,-4,157.83547765248747
10,-4,253.31573244089228
10,-4,900.0
10,-4,68.41058933630615
10,-4,100.96420062370575
11,-4,120.53329019034699
11,-4,243.05023663541155
11,-4,536.2735091109837
11,-4,285.2821776452964
11,-4,50.0
11,-5,485.03976306006075
11,-5,50.0
11,-5,104.97422128175941
11,-5,530.4615636088466
11,-5,50.0
11,-6,50.0
11,-6,50.0
11,-6,76.04024377091918
11,-6,50.0
11,-6,98.91333960263952
11,-7,318.0356256025177
11,-7,50.0
11,-7,50.0
11,-7,306.99954457105923
11,-7,269.57007706136136
11,-8,357.0925210018021
11,-8,226.53151586556274
11,-8,236.74786111353035
11,-8,599.1345614639786
11,-8,50.0
10,-8,315.5603219238534
10,-8,50.0
10,-8,396.9509385580912
10,-8,50.0
10,-8,50.0
9,-8,401.8718325400408
9,-8,309.28102521977473
9,-8,50.0
9,-8,50.0
9,-8,121.46536355693436
8,-8,201.67497549987965
8,-8,362.5623858232839
8,-8,50.0
8,-8,741.8830214011522
8,-8,275.4799952356164
8,-9,50.0
8,-9,50.0
8,-9,50.0
8,-9,157.92177091491175
8,-9,50.0
8,-8,505.6253339229679
8,-8,266.609222960313
8,-8,50.0
8,-8,391.5959443259495
8,-8,149.18614310147936
7,-8,815.3484847972884
7,-8,268.21718704902287
7,-8,82.99634171178764
7,-8,105.46395581360923
7,-8,873.8399251086458
6,-8,206.937865211142
6,-8,253.17719308802964
6,-8,225.48201265585385
6,-8,77.11623997128203
6,-8,50.0
6,-9,50.0
6,-9,50.0
6,-9,50.0
6,-9,55.27361796137613
6,-9,193.70317988408468
6,-10,289.4933316199957
6,-10,50.0
6,-10,50.0
6,-10,50.0
6,-10,50.0
6,-11,658.4199809828286
6,-11,488.4243784395166
6,-11,50.0
6,-11,50.0
6,-11,50.0
6,-12,50.0
6,-12,50.0
6,-12,313.98421024394696
6,-12,55.73453168254384
6,-12,413.55066800001435
6,-13,50.0
6,-13,140.67572696437782
6,-13,77.52694907036205
6,-13,50.0
6,-13,320.76267727547327
6,-14,50.0
6,-14,376.7668832500063
6,-14,50.0
6,-14,120.79292782447146
6,-14,270.9897206051501
5,-14,50.0
5,-14,50.0
5,-14,50.0
5,-14,50.0
5,-14,219.2125442572835
5,-15,50.0
5,-15,50.0
5,-15,50.0
5,-15,50.0
5,-15,50.0
4,-15,50.0
4,-15,50.0
4,-15,50.0
4,-15,571.1937046556384
4,-15,50.0
5,-15,50.0
5,-15,308.24651011896185
5,-15,431.2238662448974
5,-15,60.05525594647389
5,-15,129.25832354964768
4,-15,50.0
4,-15,278.8781225650219
4,-15,50.0
4,-15,50.0
4,-15,50.0
5,-15,185.6634802839666
5,-15,107.86181063083487
5,-15,50.0
5,-15,50.0
5,-15,146.4104891230401
4,-15,50.0
4,-15,50.0
4,-15,153.84871813746165
4,-15,119.02584188754426
4,-15,282.40338323647813
3,-15,50.0
3,-15,79.28094527142584
3,-15,362.0947496573428
3,-15,237.02546213723903
3,-15,50.0
3,-16,50.0
3,-16,50.0
3,-16,50.0
3,-16,50.0
3,-16,50.0
4,-16,50.0
4,-16,69.34032657785733
4,-16,50.0
4,-16,50.0
4,-16,67.22284336358749
4,-17,50.0
4,-17,50.0
4,-17,62.431985902741275
4,-17,50.0
4,-17,540.4017227484608
5,-17,136.0999738481178
5,-17,187.4814512604679
5,-17,50.0
5,-17,50.0
5,-17,50.0
4,-17,104.85574494902158
4,-17,50.0
4,-17,50.0
4,-17,489.6830557444024
4,-17,50.0
3,-17,50.0
3,-17,54.75820796251418
3,-17,50.0
3,-17,50.0
3,-17,50.0
2,-17,50.0
2,-17,50.0
2,-17,50.0
2,-17,345.57661941214434
2,-17,50.0
2,-18,50.0
2,-18,50.0
2,-18,50.0
2,-18,409.40513628137
2,-18,50.0
2,-19,50.0
2,-19,50.0
2,-19,181.2691449772883
2,-19,50.0
2,-19,50.0
2,-20,50.0
2,-20,50.0
2,-20,50.0
2,-20,50.0
2,-20,50.0
1,-20,50.0
1,-20,50.0
1,-20,50.0
1,-20,155.26664386147672
1,-20,50.0
2,-20,50.0
2,-20,50.0
2,-20,50.0
2,-20,50.0
2,-20,50.0
1,-20,50.0
1,-20,50.0
1,-20,50.0
1,-20,50.0
1,-20,50.0
0,-20,50.0
0,-20,50.0
0,-20,50.0
0,-20,50.0
0,-20,50.0
-1,-20,62.45287825281952
-1,-20,50.0
-1,-20,118.13178723972754
-1,-20,50.0
-1,-20,136.20218613999668
-1,-19,50.0
-1,-19,71.01530073820223
-1,-19,50.0
-1,-19,50.0
-1,-19,50.0
0,-19,66.19195323934554
0,-19,50.0
0,-19,342.379181740204
0,-19,50.0
0,-19,50.0
0,-20,368.9509452861463
0,-20,50.0
0,-20,50.0
0,-20,50.0
0,-20,50.0
0,-19,65.49396877505004
0,-19,197.0423945260792
0,-19,50.0
0,-19,85.49320012270334
0,-19,112.32274065861333
1,-19,50.0
1,-19,152.58456852666757
1,-19,50.0
1,-19,50.0
1,-19,50.0
2,-19,50.0
2,-19,50.0
2,-19,50.0
2,-19,50.0
2,-19,50.0
2,-18,50.0
2,-18,50.0
2,-18,50.0
2,-18,50.0
2,-18,50.0
2,-19,315.3628834170449
2,-19,50.0
2,-19,50.0
2,-19,50.0
2,-19,310.85947846823456
2,-18,50.0
2,-18,50.0
2,-18,56.77191894345083
2,-18,95.2220983000839
2,-18,50.0
2,-17,50.0
2,-17,50.0
2,-17,262.1307337674818
2,-17,50.0
2,-17,50.0
2,-16,50.0
2,-16,50.0
2,-16,201.374939404497
2,-16,50.0
2,-16,95.66242254155068
2,-15,50.0
2,-15,50.0
2,-15,115.60694182937095
2,-15,50.0
2,-15,50.0
2,-14,60.10197002447906
2,-14,50.0
2,-14,220.7437084318485
2,-14,267.7333448498923
2,-14,50.0
2,-13,317.65233188379693
2,-13,50.0
2,-13,356.19812440797926
2,-13,446.8708319849217
2,-13,50.0
2,-12,542.4684206046711
2,-12,196.97576060574627
2,-12,50.0
2,-12,248.15855483022324
2,-12,51.65997732472119
2,-11,50.0
2,-11,302.9107788766168
2,-11,261.3747494165401
2,-11,50.0
2,-11,599.7945486349624
3,-11,424.9798968032865
3,-11,187.38187991492373
3,-11,109.50487519874564
3,-11,239.29815388356718
3,-11,57.04678086513122
4,-11,214.1291849548487
4,-11,50.0
4,-11,300.17876813455615
4,-11,50.0
4,-11,50.0
4,-10,270.6952268571191
4,-10,50.0
4,-10,50.0
4,-10,66.72177886600679
4,-10,417.3509771701198
4,-11,247.29253271218312
4,-11,224.1013251212894
4,-11,424.2408316415971
4,-11,50.0
4,-11,410.85559698732754
4,-10,270.7187487113233
4,-10,536.0063382961928
4,-10,441.44581455748323
4,-10,50.0
4,-10,332.53614231376565
4,-9,50.0
4,-9,306.50085242298167
4,-9,322.71016424209637
4,-9,77.57243618245204
4,-9,258.8994120968563
5,-9,50.0
5,-9,427.7164481327288
5,-9,398.12169956140286
5,-9,50.0
5,-9,349.11269833041877
5,-8,840.2173426874439
5,-8,392.9175902172276
5,-8,264.52469665993317
5,-8,744.0396747216399
5,-8,334.8270340175114
5,-7,219.77267554493966
5,-7,540.5326645016042
5,-7,761.6613581358513
5,-7,50.0
5,-7,534.1525986803762
6,-7,246.66496160927207
6,-7,245.6552052379032
6,-7,461.3947546727091
6,-7,59.464157320575964
6,-7,166.93086806931643
7,-7,156.70540295366928
7,-7,50.0
7,-7,733.6456771112862
7,-7,217.1626696336057
7,-7,238.10703341443948
8,-7,50.0
8,-7,513.8503536108262
8,-7,726.4188492450974
8,-7,50.0
8,-7,699.8670191397346
9,-7,228.89272772285494
9,-7,208.64271208070642
9,-7,50.0
9,-7,410.5596425283684
9,-7,230.65159809168705
9,-6,331.3281405353266
9,-6,330.5606965707786
9,-6,83.19339975951401
9,-6,50.0
9,-6,50.0
9,-5,163.49999810356593
9,-5,450.22443160266215
9,-5,321.76092170170307
9,-5,412.1020922284536
9,-5,211.97653605422227
9,-4,554.9659558791723
9,-4,116.09231843391875
9,-4,174.22302937161768
9,-4,182.6518097675699
9,-4,50.0
9,-3,50.0
9,-3,259.7688043369724
9,-3,651.6439715225199
9,-3,636.5692749892594
9,-3,390.35970369234315
10,-3,50.0
10,-3,733.3316093683391
10,-3,50.0
10,-3,83.50758916854431
10,-3,50.0
10,-2,50.0
10,-2,67.79598980218424
10,-2,180.0714826587442
10,-2,50.0
10,-2,270.1182104572308
10,-1,50.0
10,-1,50.0
10,-1,111.3280678723802
10,-1,900.0
10,-1,296.3501183480159
10,-2,195.7629038931543
10,-2,420.15927540351595
10,-2,50.0
10,-2,244.8083762166815
10,-2,375.65218944058716
10,-1,50.0
10,-1,82.66599630209977
10,-1,900.0
10,-1,244.8843073963764
10,-1,212.78127005775517
10,-2,168.14775891324274
10,-2,50.0
10,-2,187.3611562061231
10,-2,50.0
10,-2,287.0406618257903
11,-2,50.0
11,-2,50.0
11,-2,50.0
11,-2,50.0
11,-2,390.5555956589729
11,-1,50.0
11,-1,255.55721155488226
11,-1,143.85369460599202
11,-1,344.0437209750288
11,-1,396.14235118982447
11,0,50.0
11,0,464.2488837153394
11,0,281.12318516943594
11,0,52.92080082685217
11,0,50.0
11,1,215.1550410437248
11,1,50.0
11,1,126.73865680542679
11,1,50.0
11,1,50.0
11,2,405.28315088502495
11,2,81.85177703639744
11,2,424.3190940478164
11,2,717.5050798170591
11,2,50.0
11,3,50.0
11,3,135.435321114536
11,3,695.5959047988503
11,3,298.56579264589345
11,3,50.0
11,4,119.8318454720056
11,4,253.26231437320178
11,4,50.0
11,4,50.0
11,4,50.0
12,4,381.3152048308847
12,4,50.0
12,4,258.5733597878064
12,4,50.0
12,4,294.0234340022659
13,4,414.00185808906616
13,4,50.0
13,4,200.86921025741177
13,4,50.0
13,4,428.0520899108425
12,4,401.7568281901304
12,4,50.0
12,4,50.0
12,4,202.62526192359235
12,4,50.0
12,3,412.0409064590965
12,3,50.0
12,3,50.0
12,3,50.0
12,3,170.28573610963053
12,2,543.1081155926863
12,2,50.0
12,2,61.30456302590119
12,2,384.0775632285448
12,2,531.3207165535788
12,1,50.0
12,1,317.06723501488244
12,1,50.0
12,1,515.5946884972063
12,1,50.0
11,1,103.57697340981298
11,1,459.01367797625323
11,1,50.0
11,1,693.7165162925344
11,1,362.1772361185108
11,0,391.1238894847799
11,0,261.74153925282656
11,0,657.3903681748351
11,0,77.79685840740005
11,0,50.0
11,-1,157.06016734450392
11,-1,134.71301408032394
11,-1,176.791538520025
11,-1,50.0
11,-1,165.4722626500457
11,-2,410.1614073063203
11,-2,136.6206149253235
11,-2,657.9935854334069
11,-2,50.0
11,-2,50.0
11,-3,409.4391550804682
11,-3,745.9786511413624
11,-3,50.0
11,-3,694.522574734202
11,-3,583.7627355023857
10,-3,50.0
10,-3,50.0
10,-3,743.6407113293465
10,-3,120.33776359677813
10,-3,380.41453193071766
10,-4,153.49834541452884
10,-4,655.9457865931896
10,-4,50.0
10,-4,429.6659454578946
10,-4,50.0
9,-4,50.0
9,-4,295.88699025009396
9,-4,339.80303038122304
9,-4,139.97746393773082
9,-4,242.5742138073227
9,-5,453.89754166003775
9,-5,50.0
9,-5,50.0
9,-5,149.27018983935218
9,-5,50.0
9,-6,68.50870738335053
9,-6,248.74209141958448
9,-6,50.0
9,-6,50.0
9,-6,427.2075852327752
9,-5,143.98114120814637
9,-5,144.11214655252823
9,-5,229.97231540034872
9,-5,545.8359896201941
9,-5,208.79340699274087
10,-5,259.53746506461385
10,-5,319.9916258288218
10,-5,418.9633964563815
10,-5,50.0
10,-5,157.63318989564013
10,-6,179.84531297269012
10,-6,410.61560039424296
10,-6,433.4273465564568
10,-6,414.2977560826147
10,-6,145.73787018344842
10,-7,222.51706198930083
10,-7,270.772685188485
10,-7,332.2418637385006
10,-7,50.0
10,-7,50.0
9,-7,429.0893683231873
9,-7,50.0
9,-7,390.9883473345433
9,-7,739.6306320534275
9,-7,50.0
8,-7,272.98814297393875
8,-7,575.1292601979142
8,-7,50.0
8,-7,67.08729924644996
8,-7,81.78874332714281
7,-7,50.0
7,-7,142.99733606533175
7,-7,175.59268778394446
7,-7,341.37954807149765
7,-7,895.1526966372273
7,-8,50.0
7,-8,50.0
7,-8,50.0
7,-8,50.0
7,-8,50.0
7,-9,61.83370126574219
7,-9,50.0
7,-9,50.0
7,-9,221.3862834805133
7,-9,50.0
6,-9,695.9853686294284
6,-9,188.47309952511839
6,-9,304.2769698358215
6,-9,374.49404365959396
6,-9,50.0
5,-9,213.26149486689084
5,-9,250.47232746020103
5,-9,50.0
5,-9,50.0
5,-9,399.8376400845936
5,-10,448.5317435597564
5,-10,139.45111004172543
5,-10,559.8068873046641
5,-10,50.0
5,-10,428.1257825401366
5,-11,773.3200110025166
5,-11,293.9639711518889
5,-11,119.59682875686215
5,-11,63.87370723828593
5,-11,383.63055971055354
5,-12,135.50971708018386
5,-12,244.6339965172002
5,-12,209.19768599905157
5,-12,50.0
5,-12,507.2014448850085
4,-12,50.0
4,-12,50.0
4,-12,50.0
4,-12,50.0
4,-12,308.9538887698595
3,-12,456.36868966401755
3,-12,50.0
3,-12,456.98543106285064
3,-12,408.3046104202639
3,-12,50.0
2,-12,753.854802670412
2,-12,187.40083307336846
2,-12,50.0
2,-12,50.0
2,-12,611.282921473515
1,-12,539.9810735505885
1,-12,274.8082535571669
1,-12,50.0
1,-12,529.3659503871384
1,-12,226.42549133767625
1,-13,50.0
1,-13,50.0
1,-13,251.83810925676684
1,-13,421.16293075470423
1,-13,482.0190358187031
2,-13,162.32955671359562
2,-13,50.0
2,-13,50.0
2,-13,50.0
2,-13,50.0
1,-13,50.0
1,-13,74.95123467229159
1,-13,186.01787723670722
1,-13,50.0
1,-13,53.63552099610641
1,-12,459.4663997346845
1,-12,279.42934087939045
1,-12,900.0
1,-12,50.0
1,-12,567.5672186254005
1,-13,50.0
1,-13,50.0
1,-13,61.344354665556864
1,-13,99.29076305445655
1,-13,50.0
0,-13,311.3910571766802
0,-13,661.0592632900449
0,-13,50.0
0,-13,784.4281343160231
0,-13,50.0
-1,-13,271.82695734610445
-1,-13,50.0
-1,-13,50.0
-1,-13,50.0
-1,-13,51.6336000104381
-2,-13,117.83505997935063
-2,-13,191.69275795378263
-2,-13,229.66914800587028
-2,-13,50.0
-2,-13,50.0
-1,-13,50.0
-1,-13,56.18650995096439
-1,-13,50.0
-1,-13,350.76491371153605
-1,-13,50.0
-1,-14,50.0
-1,-14,150.7959604436339
-1,-14,69.41365191470716
-1,-14,50.0
-1,-14,50.0
-2,-14,276.8911894186748
-2,-14,50.0
-2,-14,337.48929952680203
-2,-14,50.0
-2,-14,144.96813157994677
-2,-15,543.413204232716
-2,-15,50.0
-2,-15,50.0
-2,-15,63.13271336191601
-2,-15,50.0
-3,-15,50.0
-3,-15,50.0
-3,-15,50.0
-3,-15,422.91550751686674
-3,-15,50.0
-4,-15,464.81635402149226
-4,-15,50.0
-4,-15,165.60604513692985
-4,-15,410.57824760288395
-4,-15,269.2993998633229
-4,-16,50.0
-4,-16,50.0
-4,-16,50.0
-4,-16,50.0
-4,-16,50.0
-4,-17,192.3083954877944
-4,-17,50.0
-4,-17,50.0
-4,-17,50.0
-4,-17,208.71364493454234
-3,-17,339.4637536540208
-3,-17,50.0
-3,-17,50.0
-3,-17,50.0
-3,-17,50.0
-4,-17,50.0
-4,-17,50.0
-4,-17,130.0581111437954
-4,-17,50.0
-4,-17,50.0
-5,-17,50.0
-5,-17,225.02663269303514
-5,-17,50.0
-5,-17,50.0
-5,-17,676.4862936592326
-6,-17,195.23534914578505
-6,-17,50.0
-6,-17,50.0
-6,-17,50.0
-6,-17,137.4991619310233
-7,-17,50.0
-7,-17,91.32603280055991
-7,-17,50.0
-7,-17,358.10297995318194
-7,-17,50.0
-7,-18,50.0
-7,-18,140.35542625011274
-7,-18,50.0
-7,-18,300.2529758804039
-7,-18,50.0
-7,-19,50.0
-7,-19,50.0
-7,-19,50.0
-7,-19,50.0
-7,-19,50.0
-8,-19,336.5611195846935
-8,-19,118.4355520503749
-8,-19,50.0
-8,-19,50.0
-8,-19,50.0
-8,-18,255.19389608583185
-8,-18,296.2413254105623
-8,-18,50.0
-8,-18,330.00355470963194
-8,-18,50.0
-8,-19,50.0
-8,-19,218.74766001385814
-8,-19,50.0
-8,-19,79.08739761814928
-8,-19,145.83318210494684
-8,-20,50.0
-8,-20,50.0
-8,-20,50.0
-8,-20,50.0
-8,-20,50.0
-8,-19,50.0
-8,-19,50.0
-8,-19,167.28885233554234
-8,-19,264.51639103688984
-8,-19,56.40361910050234
-7,-19,50.0
-7,-19,50.0
-7,-19,50.0
-7,-19,50.0
-7,-19,50.0
-6,-19,50.0
-6,-19,50.0
-6,-19,50.0
-6,-19,50.0
-6,-19,50.0
-5,-19,367.1325259394474
-5,-19,50.0
-5,-19,50.0
-5,-19,50.0
-5,-19,50.0
-4,-19,50.0
-4,-19,50.0
-4,-19,50.0
-4,-19,50.0
-4,-19,502.16919256535346
-4,-20,50.0
-4,-20,50.0
-4,-20,50.0
-4,-20,50.0
-4,-20,50.0
-4,-19,76.96280055527865
-4,-19,67.45058018026262
-4,-19,50.0
-4,-19,50.0
-4,-19,50.0
-4,-18,50.0
-4,-18,50.0
-4,-18,50.0
-4,-18,50.0
-4,-18,50.0
-3,-18,50.0
-3,-18,50.0
-3,-18,50.0
-3,-18,50.0
-3,-18,50.0
-2,-18,50.0
-2,-18,50.0
-2,-18,50.0
-2,-18,50.0
-2,-18,50.0
-1,-18,50.0
-1,-18,341.63855210245106
-1,-18,50.0
-1,-18,50.0
-1,-18,522.1126213174848
0,-18,66.29235959715518
0,-18,50.0
0,-18,50.0
0,-18,50.0
0,-18,165.4888081337659
0,-17,50.0
0,-17,50.0
0,-17,50.0
0,-17,50.0
0,-17,50.0
0,-16,50.0
0,-16,309.27616417993374
0,-16,90.89090602254302
0,-16,50.0
0,-16,50.0
1,-16,50.0
1,-16,50.0
1,-16,50.0
1,-16,50.0
1,-16,50.0
2,-16,212.83572549494832
2,-16,107.96480449766501
2,-16,50.0
2,-16,50.0
2,-16,65.62263519691335
2,-15,50.0
