12,-7,538.7643221354459
12,-7,50.0
12,-7,150.9886194010605
12,-7,50.0
12,-6,221.4230430947635
12,-6,198.0670299510904
12,-6,159.32529963132475
12,-6,50.0
12,-6,164.53680423495862
12,-5,50.0
12,-5,177.40226396516957
12,-5,255.48072371751172
12,-5,54.76744480101681
12,-5,50.0
12,-4,50.0
12,-4,88.01226290185252
12,-4,103.75154384935135
12,-4,50.0
12,-4,50.0
12,-5,50.0
12,-5,900.0
12,-5,305.2157698396523
12,-5,50.0
12,-5,50.0
12,-4,50.0
12,-4,50.0
12,-4,102.98446189882938
12,-4,230.32955246494424
12,-4,50.0
12,-3,50.0
12,-3,50.0
12,-3,695.809586145627
12,-3,421.3439972165806
12,-3,403.9465284734549
12,-2,50.0
12,-2,124.99952262411841
12,-2,50.0
12,-2,50.0
12,-2,50.0
12,-1,236.56253363891145
12,-1,50.0
12,-1,54.64145512059688
12,-1,326.5774983402057
12,-1,50.0
12,0,186.11422437950142
12,0,458.30144217402415
12,0,62.9059146701281
12,0,539.3918491521717
12,0,499.0282456299755
12,-1,50.0
12,-1,551.3913884568992
12,-1,383.61786767913964
12,-1,545.2069901787659
12,-1,50.0
12,0,343.1640741067949
12,0,50.0
12,0,306.12756419943975
12,0,50.0
12,0,435.1886405229711
12,-1,523.1035809197022
12,-1,717.7311101858103
12,-1,727.5427808195147
12,-1,328.68970801586477
12,-1,50.0
12,0,50.0
12,0,50.0
12,0,50.0
12,0,88.07758090651058
12,0,367.55915021068665
12,1,185.10148585514807
12,1,50.0
12,1,50.0
12,1,379.0257107482758
12,1,287.08177559928276
12,2,50.0
12,2,50.0
12,2,246.92186083237453
12,2,50.0
12,2,50.0
12,3,50.0
12,3,50.0
12,3,365.2600762169106
12,3,333.0855059656924
12,3,367.7081122698663
12,4,402.6961282450756
12,4,423.5954671078816
12,4,377.02168055468144
12,4,50.0
12,4,182.27090131161282
12,5,214.25802414625554
12,5,50.0
12,5,50.0
12,5,50.0
12,5,437.305524635684
12,6,50.0
12,6,419.56793691334013
12,6,50.0
12,6,50.0
12,6,84.97669906288593
12,5,274.7121897226332
12,5,585.0829055814968
12,5,50.0
12,5,50.0
12,5,396.3211736933822
12,4,468.32994790453847
12,4,686.2681909717115
12,4,406.2646866509871
12,4,183.49191598172862
12,4,138.31401172919254
12,3,336.50822697342335
12,3,242.4601649664162
12,3,98.87676827319851
12,3,50.0
12,3,174.52261655247014
12,4,220.6368075562526
12,4,164.72714830545206
12,4,497.6981647012633
12,4,50.0
12,4,50.0
12,5,589.468829647013
12,5,192.76661640641754
12,5,137.38797885164962
12,5,116.14672599571817
12,5,115.43146002496391
12,6,50.0
12,6,151.60271302870626
12,6,297.6763960483439
12,6,203.23654517048828
12,6,50.0
12,7,50.0
12,7,172.60211618034555
12,7,50.0
12,7,195.04375576230143
12,7,121.37923967038711
12,6,296.2639862766546
12,6,50.0
12,6,50.0
12,6,50.0
12,6,50.0
12,7,385.9286189203748
12,7,50.0
12,7,120.66988876230758
12,7,50.0
12,7,50.0
12,8,293.0305766128391
12,8,50.0
12,8,50.0
12,8,50.0
12,8,50.0
12,9,50.0
12,9,376.2680583803603
12,9,463.9109608646629
12,9,50.0
12,9,50.0
12,10,50.0
12,10,264.0661403806574
12,10,502.0506986109126
12,10,376.2013598689064
12,10,50.0
12,11,219.49954302961294
12,11,50.0
12,11,157.05232706723302
12,11,50.0
12,11,63.38232827129468
12,12,50.0
12,12,50.0
12,12,304.5673174082492
12,12,50.0
12,12,50.0
11,12,96.7838006777674
11,12,331.89236633921485
11,12,50.0
11,12,50.0
11,12,50.0
10,12,277.3615207847014
10,12,54.91644750376512
10,12,50.0
10,12,653.3446480641863
10,12,50.0
11,12,50.0
11,12,50.0
11,12,50.0
11,12,348.7810564669645
11,12,115.61529662727054
10,12,50.0
10,12,50.0
10,12,50.0
10,12,99.95234020114466
10,12,50.0
9,12,50.0
9,12,116.12909341917626
9,12,50.0
9,12,50.0
9,12,166.01683675004654
8,12,91.79265427737691
8,12,302.40138074738263
8,12,50.0
8,12,50.0
8,12,387.2106751461545
7,12,50.0
7,12,50.0
7,12,50.0
7,12,111.55175836019936
7,12,50.0
7,11,50.0
7,11,246.22854750274928
7,11,400.56283611238916
7,11,50.0
7,11,50.0
8,11,383.3731055270685
8,11,342.93995097327695
8,11,72.98163820196532
8,11,50.0
8,11,237.99811804028283
8,10,331.5764958982853
8,10,842.9649699961286
8,10,154.6547392205997
8,10,50.0
8,10,103.40195477853753
8,9,418.46720585018
8,9,50.0
8,9,50.0
8,9,50.0
8,9,50.0
7,9,50.0
7,9,224.78661971926738
7,9,50.0
7,9,429.5232876163241
7,9,50.0
7,8,192.8640035170823
7,8,104.49054251188818
7,8,410.301967004999
7,8,114.93062102396975
7,8,50.0
6,8,387.0631093298888
6,8,642.026374570457
6,8,50.0
6,8,472.28280081185994
6,8,50.0
6,7,50.0
6,7,167.9943220835993
6,7,271.2126353447365
6,7,50.0
6,7,263.2489967647059
6,6,391.80417522098253
6,6,50.0
6,6,366.35666359498265
6,6,50.0
6,6,554.9125588125546
5,6,96.58199637391215
5,6,93.60359928925106
5,6,50.0
5,6,470.7062581178134
5,6,834.342055599502
5,5,313.82203200207624
5,5,309.0860871193814
5,5,732.4181041777902
5,5,603.4055443183806
5,5,50.0
5,4,639.0909626700077
5,4,352.19254289107977
5,4,380.0434184715018
5,4,900.0
5,4,50.0
5,3,660.3779534112575
5,3,589.5052355091021
5,3,90.83409569371702
5,3,568.9812534170699
5,3,82.15973389068998
5,2,593.0446303576465
5,2,596.0746327480341
5,2,300.28401813371545
5,2,251.08392856616777
5,2,302.0859217627653
5,1,546.3227989644079
5,1,728.1630766956678
5,1,389.62254123361186
5,1,747.5355108464853
5,1,214.1371097793501
5,2,148.31110135517116
5,2,900.0
5,2,900.0
5,2,708.6567628234601
5,2,900.0
5,1,622.5759279451809
5,1,161.53538041577792
5,1,817.8695213393705
5,1,266.1262643796515
5,1,393.43906829194725
4,1,727.7376238838781
4,1,196.8924824941464
4,1,122.00073191648966
4,1,375.524783503824
4,1,503.3424999526808
4,0,302.2815733686725
4,0,690.9414429175815
4,0,278.59803046281473
4,0,577.0524923119707
4,0,540.2207947622749
3,0,267.3495779945042
3,0,546.1370273912662
3,0,305.73860925355496
3,0,301.88492547948215
3,0,729.9946705193759
2,0,765.8876153852416
2,0,691.5976284988893
2,0,657.6559012098749
2,0,467.4790108742984
2,0,333.757574399609
1,0,900.0
1,0,846.1085979434583
1,0,757.1130609423788
1,0,786.5704226880965
1,0,900.0
1,-1,805.4708589034011
1,-1,486.8983100401573
1,-1,883.6534429431205
1,-1,587.5738791139154
1,-1,607.5405442927756
1,-2,833.6632688178033
1,-2,468.369640710397
1,-2,900.0
1,-2,900.0
1,-2,900.0
2,-2,291.92804639028907
2,-2,760.7226637932768
2,-2,615.1994486148515
2,-2,472.0712488452884
2,-2,886.4308548552648
2,-3,83.31474570531543
2,-3,487.01406326458175
2,-3,204.73528750901215
2,-3,225.43723643276013
2,-3,462.64098576647507
1,-3,303.2749753816084
1,-3,318.1706501984772
1,-3,267.2879294330455
1,-3,333.56363354624085
1,-3,479.6580749808584
1,-4,248.07313717615514
1,-4,519.5719820057946
1,-4,900.0
1,-4,158.6230508380259
1,-4,51.39598914912767
1,-5,351.1707888380632
1,-5,151.29473546321765
1,-5,524.7905557884659
1,-5,529.0934447671599
1,-5,900.0
1,-4,419.9323663786577
1,-4,50.0
1,-4,643.3845307688716
1,-4,292.72189911392627
1,-4,316.30777101821735
0,-4,50.0
0,-4,50.0
0,-4,797.5340151378798
0,-4,350.08793897503045
0,-4,525.7712711547559
0,-3,96.02440657207686
0,-3,439.95575859430824
0,-3,721.3701288022044
0,-3,240.20006457796
0,-3,213.1841677623526
0,-4,878.5793869415597
0,-4,504.13595610321295
0,-4,639.6034123974702
0,-4,900.0
0,-4,795.2416246619755
0,-5,493.69252085801674
0,-5,313.26017535335615
0,-5,51.567364182109685
0,-5,69.37931892193618
0,-5,727.9840014244068
0,-6,900.0
0,-6,339.01039353059923
0,-6,147.83976615686302
0,-6,474.26042399083275
0,-6,900.0
0,-7,339.0111585776814
0,-7,244.14632335513838
0,-7,900.0
0,-7,363.17644728276287
0,-7,735.8139137908
0,-8,172.5010860510973
0,-8,77.08703121980278
0,-8,334.8814323886559
0,-8,120.74653148072626
0,-8,377.77637190838294
0,-7,420.02119764403756
0,-7,396.70901969818544
0,-7,99.01880703619133
0,-7,86.60663238805873
0,-7,301.63970168698273
0,-8,50.0
0,-8,248.27028466773555
0,-8,654.6238429704432
0,-8,50.0
0,-8,767.1483788835236
0,-9,50.0
0,-9,646.2018585805097
0,-9,81.88436703621161
0,-9,167.87042544525252
0,-9,194.92795274679978
0,-10,101.2272425733221
0,-10,210.79264801409522
0,-10,50.0
0,-10,129.00246948961404
0,-10,351.56815134740395
0,-9,208.6062411793684
0,-9,412.33972939751163
0,-9,423.8711344695375
0,-9,805.415411894242
0,-9,50.0
0,-10,504.6434265283195
0,-10,900.0
0,-10,486.7737077218559
0,-10,255.16190134902075
0,-10,677.2485611816896
0,-11,383.732581917581
0,-11,115.0080461384592
0,-11,50.0
0,-11,50.0
0,-11,50.0
0,-12,174.6923818485768
0,-12,50.0
0,-12,50.0
0,-12,218.0539559756406
0,-12,73.47468221451001
0,-11,121.82334492427785
0,-11,95.779161028649
0,-11,61.10260858066748
0,-11,63.48564218095092
0,-11,174.59179365431422
0,-10,78.3599454671106
0,-10,209.9029537309907
0,-10,50.0
0,-10,97.7443052029005
0,-10,173.30648614830852
0,-9,653.3640994408411
0,-9,50.0
0,-9,238.6230589826723
0,-9,533.5011021073459
0,-9,428.0758553635027
0,-10,50.0
0,-10,300.8736542802975
0,-10,575.7307163702883
0,-10,839.6247892094996
0,-10,383.8028141138732
0,-9,900.0
0,-9,386.38309167603
0,-9,50.0
0,-9,217.3321865052382
0,-9,326.2803269738405
0,-8,211.42438267921275
0,-8,246.1928134023378
0,-8,50.0
0,-8,473.8763095360024
0,-8,900.0
0,-9,50.0
0,-9,142.2888014075166
0,-9,50.0
0,-9,791.6909810718721
0,-9,349.99026476193313
0,-10,346.6359820585534
0,-10,153.17834058613636
0,-10,50.0
0,-10,251.1244024795247
0,-10,64.8522549447456
0,-9,50.0
0,-9,335.8180793689161
0,-9,67.16690131450821
0,-9,526.671991932562
0,-9,351.01923965746323
0,-8,50.0
0,-8,632.7628223094225
0,-8,503.74537075385786
0,-8,77.30560159911596
0,-8,245.25297002179224
0,-7,275.63114460724006
0,-7,439.70526617522967
0,-7,439.6998716584807
0,-7,900.0
0,-7,405.54024748000563
0,-6,255.5722256773387
0,-6,484.4966537013902
0,-6,442.5738486973194
0,-6,289.86925261632814
0,-6,50.0
0,-5,508.0000847814959
0,-5,205.77198179877502
0,-5,468.75270642258715
0,-5,326.96472592489204
0,-5,536.3259102067202
0,-4,497.05504789573234
0,-4,607.6585870822503
0,-4,320.5084656331271
0,-4,554.1614058081556
0,-4,760.1249070849469
0,-3,50.0
0,-3,838.6450907288548
0,-3,658.0541278734793
0,-3,357.38580544833246
0,-3,706.3218883569348
0,-2,653.6070140752279
0,-2,408.84239236928545
0,-2,735.4813587759074
0,-2,196.65562559562994
0,-2,572.1372757393151
0,-1,619.8643457914244
0,-1,866.056414713137
0,-1,762.196515796206
0,-1,605.7219377520018
0,-1,799.3322932424356
0,0,808.8925119322275
0,0,291.81817293858876
0,0,605.6699503169992
0,0,642.5582607084311
0,0,781.8182290460231
0,1,363.0875149363758
0,1,900.0
0,1,900.0
0,1,645.2810313522964
0,1,540.9459114838179
0,2,427.70079968511317
0,2,95.27713287454583
0,2,900.0
0,2,625.5758278929987
0,2,900.0
0,3,137.5930906667653
0,3,803.8849922205438
0,3,701.7177436931323
0,3,629.2839008047068
0,3,50.0
0,4,865.3063461660295
0,4,525.935691667727
0,4,900.0
0,4,871.668470745637
0,4,572.0961860526177
0,5,545.6512716092698
0,5,50.0
0,5,198.26309822751085
0,5,301.66881949185415
0,5,432.1705571805101
0,6,285.0616240972827
0,6,765.0871285825837
0,6,50.0
0,6,465.9524218035677
0,6,192.8535045370743
0,7,588.0127083602847
0,7,157.67459151901932
0,7,615.9169476019113
0,7,50.0
0,7,334.0127313250782
0,8,290.14106910450613
0,8,301.82913649655984
0,8,155.59556136045634
0,8,50.0
0,8,459.6400227064275
0,9,712.7421023795208
0,9,282.10281256189995
0,9,734.8964372508785
0,9,158.5115819368928
0,9,458.4125238778888
0,10,50.0
0,10,473.736579418484
0,10,336.48923786955237
0,10,112.08606104041559
0,10,50.0
0,11,537.719124440087
0,11,559.6118759290038
0,11,152.81322282651536
0,11,171.2719399707747
0,11,317.4912411440671
0,12,139.41295341979006
0,12,289.7921133178263
0,12,91.25033698746729
0,12,465.82610926180246
0,12,84.00878854103044
0,13,50.0
0,13,266.5924813988564
0,13,50.0
0,13,622.7405988067146
0,13,50.0
0,12,50.0
0,12,497.70121228614187
0,12,50.0
0,12,50.0
0,12,142.50885324102376
0,13,390.2776089335672
0,13,50.0
0,13,95.02109364543672
0,13,50.0
0,13,420.81574709197434
0,14,50.0
0,14,113.57279591807202
0,14,163.08910597042257
0,14,50.0
0,14,351.75777290457523
0,15,432.6261946453015
0,15,50.0
0,15,50.0
0,15,50.0
0,15,50.0
0,16,212.7099753803948
0,16,50.0
0,16,50.0
0,16,199.9352549087326
0,16,163.79768406007344
0,17,50.0
0,17,537.8120242297202
0,17,50.0
0,17,200.05709685874857
0,17,103.84049264041921
0,16,50.0
0,16,50.0
0,16,50.0
0,16,81.77703191689446
0,16,50.0
0,17,176.49028790234394
0,17,256.4502324538202
0,17,50.0
0,17,50.0
0,17,186.832408470232
0,18,50.0
0,18,154.4244988669297
0,18,50.0
0,18,50.0
0,18,128.09574401898172
0,17,59.77696507238993
0,17,83.58113335121523
0,17,513.0544047924378
0,17,50.0
0,17,50.0
0,18,144.95347269790167
0,18,472.49023765236194
0,18,50.0
0,18,50.0
0,18,50.0
0,19,50.0
0,19,138.98248241546372
0,19,50.0
0,19,50.0
0,19,50.0
0,20,50.0
0,20,50.0
0,20,50.0
0,20,50.0
0,20,50.0
0,19,50.0
0,19,164.69956588995748
0,19,50.0
0,19,218.3806713226076
0,19,50.0
0,18,344.81872466137776
0,18,50.0
0,18,50.0
0,18,50.0
0,18,50.0
0,17,50.0
0,17,115.22470964011933
0,17,209.5226624793473
0,17,158.85302027015473
0,17,143.48177784914589
0,16,181.57488832314553
0,16,127.28633498613249
0,16,50.0
0,16,248.4271304610955
0,16,445.36840929707245
0,15,153.8874649801822
0,15,50.0
0,15,149.09565769766382
0,15,50.0
0,15,156.02639369620286
0,14,50.0
0,14,168.223174314747
0,14,50.0
0,14,50.0
0,14,50.0
0,15,314.729127112641
0,15,130.6779589965773
0,15,481.38320609238076
0,15,447.91147019988017
0,15,50.0
0,16,293.14374527188136
0,16,194.0180972078578
0,16,497.3315845430675
0,16,50.0
0,16,350.90678273410253
0,15,50.0
0,15,571.5583554389218
0,15,563.6740781255302
0,15,50.0
0,15,65.98810044904046
0,14,106.62634106584724
0,14,50.0
0,14,458.872088342852
0,14,313.5627478042964
0,14,50.0
0,13,68.69843946661469
0,13,117.48627172889472
0,13,50.0
0,13,50.0
0,13,461.90838523670925
0,12,212.90585635452544
0,12,367.8566670781478
0,12,118.27864835653915
0,12,238.5949207555724
0,12,219.98172822731922
0,13,50.0
0,13,106.68422494208224
0,13,405.56617245974275
0,13,677.3375438199356
0,13,50.0
-1,13,164.54276222910477
-1,13,50.0
-1,13,50.0
-1,13,277.9999551072645
-1,13,97.8064450212435
-1,14,538.280230786139
-1,14,50.0
-1,14,50.0
-1,14,73.070802097472
-1,14,251.84985826267084
-1,13,50.0
-1,13,467.3600978098186
-1,13,134.2590162488917
-1,13,157.1618262534095
-1,13,301.2862089205331
-1,12,330.8951134468585
-1,12,409.0557112775832
-1,12,174.7712784464805
-1,12,50.0
-1,12,50.0
-1,11,216.33640645288904
-1,11,50.0
-1,11,188.06758507984202
-1,11,203.9194200454365
-1,11,307.9335536970982
-1,10,642.7565320421595
-1,10,413.8326721057176
-1,10,284.94985039581354
-1,10,156.80738069904666
-1,10,521.5465566786272
-1,9,50.0
-1,9,738.1499267707505
-1,9,268.5225253531288
-1,9,67.0880433721967
-1,9,156.451931837483
-1,8,136.27878660653536
-1,8,658.0461894026087
-1,8,468.5416353719388
-1,8,417.14702853807023
-1,8,50.0
-2,8,72.9481996328148
-2,8,100.46866409559533
-2,8,528.0508265292483
-2,8,254.61611479058632
-2,8,468.8017945497958
-2,7,496.1499424815492
-2,7,50.0
-2,7,331.4507909095681
-2,7,515.4751225521142
-2,7,450.87256059536037
-2,6,631.5125857191823
-2,6,50.0
-2,6,50.0
-2,6,198.3649813393047
-2,6,651.2841684520047
-2,5,278.1773495267844
-2,5,719.0999938920277
-2,5,50.0
-2,5,229.1225830723754
-2,5,604.9839646757547
-3,5,277.6452583382702
-3,5,261.1983205158743
-3,5,260.49011871619746
-3,5,444.5532803002827
-3,5,50.0
-3,4,482.90090287710075
-3,4,476.6808713844513
-3,4,496.2725875971926
-3,4,864.5825371258684
-3,4,383.2079669731546
-3,3,812.9033476981049
-3,3,594.9288354238452
-3,3,531.7126911813793
-3,3,584.3766609537794
-3,3,50.0
-3,2,260.56428729970696
-3,2,412.9344353417173
-3,2,767.1508380991195
-3,2,706.9726010901959
-3,2,650.7512385919176
-3,1,615.825688750534
-3,1,399.469497732398
-3,1,50.0
-3,1,753.6919514640227
-3,1,554.7634817041572
-3,0,695.9713386541498
-3,0,900.0
-3,0,585.6111914741501
-3,0,629.1209989215063
-3,0,405.7056541132605
-3,-1,54.64356168127074
-3,-1,675.768806897536
-3,-1,433.0212778518868
-3,-1,900.0
-3,-1,523.013047833264
-3,-2,50.0
-3,-2,835.9235032140441
-3,-2,101.82347885681304
-3,-2,623.4748503202806
-3,-2,231.29552940208606
-3,-1,706.6893013766799
-3,-1,183.74840969268428
-3,-1,586.7417176727004
-3,-1,509.13353213563107
-3,-1,572.9985718252477
-4,-1,484.2043212408011
-4,-1,646.2227097887144
-4,-1,360.3552077879757
-4,-1,543.549821347837
-4,-1,900.0
-4,-2,502.23269586217407
-4,-2,50.0
-4,-2,635.5340086572469
-4,-2,607.3717389376086
-4,-2,310.740763959946
-5,-2,534.0831537613859
-5,-2,245.38133346766318
-5,-2,218.0820264597935
-5,-2,84.71506448986418
-5,-2,463.11338894872307
-5,-1,888.2702632025523
-5,-1,236.21969429665828
-5,-1,483.1877043637826
-5,-1,142.37046088579356
-5,-1,318.1520105135401
-5,-2,522.5351892211881
-5,-2,389.97765427473416
-5,-2,291.6253328924396
-5,-2,431.1687648124774
-5,-2,358.81300808568307
-5,-3,872.8912920767596
-5,-3,604.4475309923714
-5,-3,386.7316110759442
-5,-3,666.7484665501861
-5,-3,521.447312089774
-5,-4,590.1117062635925
-5,-4,348.4972909570454
-5,-4,689.5760996818237
-5,-4,50.0
-5,-4,324.73798825596623
-5,-5,382.39104660218527
-5,-5,615.8152943154056
-5,-5,50.0
-5,-5,806.0264072075717
-5,-5,303.36216995833536
-5,-6,50.0
-5,-6,805.5483496536203
-5,-6,473.6394272597471
-5,-6,452.35410295789325
-5,-6,50.0
-6,-6,91.85180911924385
-6,-6,95.43975002763432
-6,-6,201.01276193032086
-6,-6,404.9985117659591
-6,-6,50.0
-6,-7,50.0
-6,-7,50.0
-6,-7,900.0
-6,-7,272.3504454435043
-6,-7,371.736841106653
-6,-8,426.60269457540437
-6,-8,50.0
-6,-8,150.62444672577183
-6,-8,151.67332052036647
-6,-8,112.23427459786407
-6,-9,479.5321016038294
-6,-9,381.25031647825983
-6,-9,69.40521793864829
-6,-9,244.1020232344099
-6,-9,50.0
-6,-10,627.9746044228306
-6,-10,648.6852823069887
-6,-10,238.3432415885972
-6,-10,302.9327907472307
-6,-10,157.59383538535894
-6,-11,50.0
-6,-11,50.0
-6,-11,50.0
-6,-11,619.2948746803202
-6,-11,106.55582109082053
-6,-12,186.75442801549337
-6,-12,89.95424283636939
-6,-12,50.0
-6,-12,103.12539823141122
-6,-12,341.08161266986093
-6,-13,593.3060394724496
-6,-13,50.0
-6,-13,294.32680748899384
-6,-13,50.0
-6,-13,607.9280383581373
-6,-14,50.0
-6,-14,50.0
-6,-14,343.2836047546821
-6,-14,158.1097328150596
-6,-14,503.4284258274794
-7,-14,239.0377691857987
-7,-14,50.0
-7,-14,50.0
-7,-14,50.0
-7,-14,50.0
-7,-15,50.0
-7,-15,269.0437935034334
-7,-15,50.0
-7,-15,50.0
-7,-15,546.2171479132139
-7,-14,181.89689383873184
-7,-14,50.0
-7,-14,70.71396054447507
-7,-14,157.70997163154254
-7,-14,50.0
-7,-15,109.7868073796416
-7,-15,50.0
-7,-15,579.3888823411518
-7,-15,50.0
-7,-15,50.0
-7,-16,50.0
-7,-16,50.0
-7,-16,50.0
-7,-16,50.0
-7,-16,264.4204554585331
-7,-17,519.3471263445878
-7,-17,50.0
-7,-17,50.0
-7,-17,50.0
-7,-17,139.69843288024688
-7,-18,50.0
-7,-18,50.0
-7,-18,114.36395907194952
-7,-18,50.0
-7,-18,50.0
-7,-17,50.0
-7,-17,195.6281745424082
-7,-17,81.84735800284068
-7,-17,50.0
-7,-17,169.60616332521386
-7,-16,50.0
-7,-16,50.0
-7,-16,313.0468032029574
-7,-16,50.0
-7,-16,50.0
-7,-17,287.222137908766
-7,-17,50.0
-7,-17,50.0
-7,-17,50.255649732203636
-7,-17,50.0
-8,-17,50.0
-8,-17,50.0
-8,-17,50.0
-8,-17,50.0
-8,-17,356.09653398551853
-8,-18,50.0
-8,-18,50.0
-8,-18,50.0
-8,-18,50.0
-8,-18,50.0
-8,-19,50.0
-8,-19,50.0
-8,-19,50.0
-8,-19,50.0
-8,-19,50.0
-8,-20,50.0
-8,-20,50.0
-8,-20,50.0
-8,-20,50.0
-8,-20,220.16479928127814
-7,-20,50.0
-7,-20,50.0
-7,-20,50.0
-7,-20,50.0
-7,-20,50.0
-6,-20,50.0
-6,-20,50.0
-6,-20,50.0
-6,-20,50.0
-6,-20,502.45538273299167
-5,-20,50.0
-5,-20,50.0
-5,-20,50.0
-5,-20,50.0
-5,-20,82.45262397707504
-6,-20,50.0
-6,-20,50.0
-6,-20,50.0
-6,-20,236.97724578815377
-6,-20,50.0
-5,-20,367.27207312814426
