15,8,179.04908914963661
15,8,192.13111083470994
15,8,50.0
15,8,128.94031223770583
16,8,50.0
16,8,72.01162143855335
16,8,50.0
16,8,50.0
16,8,120.25686205156933
15,8,717.8413734323739
15,8,50.0
15,8,50.0
15,8,70.8741194353498
15,8,50.0
16,8,358.4580374508306
16,8,50.0
16,8,50.0
16,8,50.0
16,8,50.0
17,8,50.0
17,8,198.48582408833232
17,8,50.0
17,8,50.0
17,8,284.3512004582468
18,8,74.98560967857989
18,8,50.0
18,8,55.093311963625425
18,8,50.0
18,8,50.0
19,8,50.0
19,8,50.0
19,8,50.0
19,8,50.0
19,8,50.0
20,8,50.0
20,8,125.25881628161113
20,8,50.0
20,8,50.0
20,8,50.0
20,7,188.73188704443578
20,7,50.0
20,7,320.4371820776521
20,7,50.0
20,7,50.0
20,6,50.0
20,6,50.0
20,6,132.52357377062032
20,6,71.06901822886459
20,6,50.0
19,6,50.0
19,6,50.0
19,6,50.0
19,6,283.97795213536824
19,6,50.0
19,5,50.0
19,5,363.5867217280022
19,5,252.64856726950813
19,5,140.57628643895302
19,5,50.0
18,5,50.0
18,5,50.0
18,5,256.02637956878544
18,5,61.74901007365912
18,5,50.0
18,4,50.0
18,4,50.0
18,4,50.0
18,4,50.0
18,4,50.0
17,4,492.74537634963616
17,4,50.0
17,4,50.0
17,4,50.0
17,4,60.99777417967138
17,3,62.21415679001399
17,3,50.0
17,3,50.0
17,3,89.2151421810234
17,3,122.90984471694136
16,3,374.33485106229637
16,3,166.35690609196035
16,3,50.0
16,3,86.24174804705044
16,3,50.0
17,3,50.0
17,3,50.0
17,3,221.96987717009648
17,3,50.0
17,3,50.0
17,4,271.475039841312
17,4,138.8548919830712
17,4,50.0
17,4,50.0
17,4,50.0
17,3,50.0
17,3,74.19293161138724
17,3,281.7198997038177
17,3,109.89056006762216
17,3,217.78279355953092
17,2,50.0
17,2,50.0
17,2,50.0
17,2,50.0
17,2,50.0
17,1,50.0
17,1,146.7385199973201
17,1,81.25111035979012
17,1,50.0
17,1,50.0
16,1,50.0
16,1,50.0
16,1,84.7973240436227
16,1,72.84651622298998
16,1,486.9252644332263
15,1,356.7559795698277
15,1,68.0805631316301
15,1,50.0
15,1,50.0
15,1,136.1298513427089
14,1,368.24141988915574
14,1,260.83462592210674
14,1,316.5205476029811
14,1,50.0
14,1,50.0
13,1,553.2253267885424
13,1,67.52689683623183
13,1,245.5831646656936
13,1,81.8906806944573
13,1,50.0
13,0,343.56226494198347
13,0,50.0
13,0,274.7539774194986
13,0,429.1621204871288
13,0,262.5015186076838
12,0,345.7175477706076
12,0,400.7559160308422
12,0,337.19752003431915
12,0,436.4212739996735
12,0,606.237291086677
11,0,195.75309787267832
11,0,658.2672181312705
11,0,123.65530461750788
11,0,50.0
11,0,236.94893435368758
11,-1,104.42252774455295
11,-1,360.1467855604579
11,-1,183.92927004003775
11,-1,58.60293984595552
11,-1,50.0
10,-1,497.043496494721
10,-1,50.0
10,-1,511.2286510103969
10,-1,639.3321174149604
10,-1,444.9806654302223
10,-2,50.0
10,-2,50.0
10,-2,258.8346322747338
10,-2,50.0
10,-2,50.0
10,-3,613.6373235434983
10,-3,50.0
10,-3,724.8196132190288
10,-3,244.03915893604574
10,-3,832.0665982654167
11,-3,287.08450094183456
11,-3,536.1325779139579
11,-3,551.0301194754743
11,-3,50.0
11,-3,50.0
10,-3,508.5253373871979
10,-3,900.0
10,-3,50.0
10,-3,322.6809225014617
10,-3,50.0
10,-4,253.59328467953858
10,-4,347.87993502603035
10,-4,50.0
10,-4,203.74480778057446
10,-4,366.62288858438916
11,-4,440.7559188019994
11,-4,782.2727052668024
11,-4,50.0
11,-4,304.25843102251923
11,-4,50.0
11,-5,648.8392245979076
11,-5,205.14351361894055
11,-5,392.5501265267601
11,-5,50.0
11,-5,50.0
11,-6,50.0
11,-6,50.0
11,-6,218.02542734535237
11,-6,85.36666051324903
11,-6,208.33382965729413
11,-7,635.9884060636822
11,-7,306.5453788814374
11,-7,50.0
11,-7,50.0
11,-7,394.7346019273995
11,-8,396.70703556128876
11,-8,310.93794375245847
11,-8,232.85958794789676
11,-8,176.95965277383777
11,-8,135.04067148932253
10,-8,454.99164432195244
10,-8,50.0
10,-8,205.02242380580242
10,-8,50.0
10,-8,478.96618334852724
9,-8,174.26002909905756
9,-8,50.0
9,-8,305.7059022200288
9,-8,323.01790242667096
9,-8,50.0
8,-8,50.0
8,-8,496.80211357649375
8,-8,498.15496293397825
8,-8,50.0
8,-8,272.77093509333
8,-9,140.69891990096542
8,-9,453.62410343633684
8,-9,123.25106290451319
8,-9,50.0
8,-9,156.95295035399226
8,-8,409.9292827001757
8,-8,65.00637467880438
8,-8,404.64484270102207
8,-8,291.2948926336277
8,-8,564.4607598146133
7,-8,661.2094038110592
7,-8,274.16638483427624
7,-8,50.0
7,-8,258.44705236076845
7,-8,50.0
6,-8,50.0
6,-8,364.3278128696467
6,-8,407.92925503095705
6,-8,350.9763747465119
6,-8,214.84485751335743
6,-9,254.39544790179917
6,-9,372.26136328334917
6,-9,408.3262426164607
6,-9,50.0
6,-9,263.6662755229148
6,-10,314.89711725721986
6,-10,533.4112087666551
6,-10,50.0
6,-10,370.3616401855776
6,-10,667.7621025549812
6,-11,801.7797837435743
6,-11,50.0
6,-11,50.0
6,-11,50.0
6,-11,53.472432483365104
6,-12,94.98706534441885
6,-12,50.0
6,-12,50.0
6,-12,50.0
6,-12,50.0
6,-13,374.8000133748865
6,-13,50.0
6,-13,77.57599353380417
6,-13,602.2793783644242
6,-13,50.0
6,-14,50.0
6,-14,172.9580826285147
6,-14,50.0
6,-14,50.0
6,-14,50.0
5,-14,77.18987975048216
5,-14,50.0
5,-14,63.73911955961474
5,-14,50.0
5,-14,128.90435537100436
5,-15,296.87082457713393
5,-15,50.0
5,-15,50.0
5,-15,50.0
5,-15,50.0
4,-15,132.99099451727295
4,-15,50.0
4,-15,50.0
4,-15,171.83980004743748
4,-15,703.8201338920256
5,-15,50.0
5,-15,113.89004800408546
5,-15,517.5110532911492
5,-15,50.0
5,-15,184.60913530726882
4,-15,50.0
4,-15,69.7161322222085
4,-15,282.5929028090909
4,-15,50.0
4,-15,676.5150499287926
5,-15,50.0
5,-15,50.0
5,-15,50.0
5,-15,84.12464079026412
5,-15,150.96238526558832
4,-15,50.0
4,-15,128.30791258004567
4,-15,50.0
4,-15,50.0
4,-15,259.67445553911097
3,-15,261.0472964949747
3,-15,193.79633830304843
3,-15,162.22973238787156
3,-15,397.1226322251979
3,-15,900.0
3,-16,50.0
3,-16,50.0
3,-16,242.61933391536098
3,-16,50.0
3,-16,231.92067306083857
4,-16,50.0
4,-16,50.0
4,-16,50.0
4,-16,50.0
4,-16,174.65307572413374
4,-17,50.0
4,-17,51.280202445628504
4,-17,50.0
4,-17,50.0
4,-17,50.0
5,-17,50.0
5,-17,145.4220060106275
5,-17,400.48985162455455
5,-17,50.0
5,-17,50.0
4,-17,50.0
4,-17,209.20433522098995
4,-17,50.0
4,-17,50.0
4,-17,50.0
3,-17,50.0
3,-17,57.691470513918716
3,-17,323.028004931117
3,-17,78.8147285938211
3,-17,139.56026358201245
2,-17,196.20015731078072
2,-17,50.0
2,-17,50.0
2,-17,472.2101763908124
2,-17,283.6238132796747
2,-18,50.0
2,-18,50.0
2,-18,171.4298514720738
2,-18,50.0
2,-18,212.1745617262335
2,-19,50.0
2,-19,50.0
2,-19,50.0
2,-19,50.0
2,-19,70.69557266291488
2,-20,50.0
2,-20,50.0
2,-20,50.0
2,-20,50.0
2,-20,50.0
1,-20,50.0
1,-20,50.0
1,-20,50.0
1,-20,50.0
1,-20,50.0
2,-20,50.0
2,-20,50.0
2,-20,50.0
2,-20,50.0
2,-20,50.0
1,-20,316.6258666119819
1,-20,50.0
1,-20,50.0
1,-20,50.0
1,-20,306.5396900639635
0,-20,82.88014943150284
0,-20,50.0
0,-20,50.0
0,-20,100.3234700228495
0,-20,50.0
-1,-20,50.0
-1,-20,50.0
-1,-20,165.3759493437825
-1,-20,50.0
-1,-20,50.0
-1,-19,283.03516736039575
-1,-19,170.90872484518235
-1,-19,50.0
-1,-19,50.0
-1,-19,94.68835368482897
0,-19,50.0
0,-19,51.75388265481877
0,-19,217.4163095725831
0,-19,50.0
0,-19,50.0
0,-20,50.0
0,-20,50.0
0,-20,50.0
0,-20,50.0
0,-20,50.0
0,-19,50.0
0,-19,50.0
0,-19,72.44846732550431
0,-19,50.0
0,-19,50.0
1,-19,377.94024593100283
1,-19,50.0
1,-19,50.0
1,-19,50.0
1,-19,450.7557078809988
2,-19,50.0
2,-19,50.0
2,-19,50.0
2,-19,50.0
2,-19,50.0
2,-18,50.0
2,-18,50.0
2,-18,371.6532623664282
2,-18,50.0
2,-18,50.0
2,-19,129.8783870507719
2,-19,50.0
2,-19,162.69731248655
2,-19,50.0
2,-19,50.0
2,-18,263.1453138081557
2,-18,50.0
2,-18,50.0
2,-18,50.0
2,-18,50.0
2,-17,50.0
2,-17,50.0
2,-17,147.14724618894937
2,-17,299.2432538441217
2,-17,155.03782382216036
2,-16,50.0
2,-16,87.99417678814652
2,-16,50.0
2,-16,385.69278907686555
2,-16,50.0
2,-15,50.0
2,-15,50.0
2,-15,50.0
2,-15,78.7583159831415
2,-15,50.0
2,-14,50.0
2,-14,264.70402424700865
2,-14,165.07926028182987
2,-14,157.22709211472164
2,-14,66.59451450400763
2,-13,50.0
2,-13,71.71837362913797
2,-13,279.7912185484465
2,-13,50.0
2,-13,50.0
2,-12,376.89825185346564
2,-12,523.863987717701
2,-12,203.8556618816306
2,-12,50.0
2,-12,50.0
2,-11,318.12824909824934
2,-11,50.0
2,-11,567.7601683285011
2,-11,275.51134467921224
2,-11,99.05566422796944
3,-11,113.49007717892256
3,-11,267.38209305180965
3,-11,466.4641944638913
3,-11,900.0
3,-11,65.5697845824718
4,-11,50.0
4,-11,148.81122559472612
4,-11,237.37967763029073
4,-11,66.15745100035343
4,-11,50.0
4,-10,553.7117142652297
4,-10,312.85438388880254
4,-10,790.8035991511765
4,-10,145.3209262323415
4,-10,50.0
4,-11,50.0
4,-11,50.0
4,-11,57.468557089269304
4,-11,95.79219170833828
4,-11,651.2676362550424
4,-10,339.99656194302594
4,-10,168.87698318403847
4,-10,735.972332647187
4,-10,50.0
4,-10,50.0
4,-9,161.7094666622361
4,-9,50.0
4,-9,133.60086809588694
4,-9,670.6351537842179
4,-9,240.8306204588822
5,-9,291.20903206803746
5,-9,640.8737999116877
5,-9,68.48741015073334
5,-9,51.70214730867832
5,-9,50.0
5,-8,50.0
5,-8,467.5200022973832
5,-8,777.8882210600788
5,-8,900.0
5,-8,569.356183924604
5,-7,420.0443948169838
5,-7,284.50964429093096
5,-7,342.6796026357276
5,-7,302.3444913248571
5,-7,324.2917317720912
6,-7,818.1369782360438
6,-7,50.0
6,-7,184.28982438200686
6,-7,50.0
6,-7,725.3405319590315
7,-7,50.0
7,-7,50.0
7,-7,50.0
7,-7,50.0
7,-7,85.31304261974027
8,-7,50.0
8,-7,217.97794432449362
8,-7,479.74379666102897
8,-7,75.75952910920405
8,-7,117.84432604595857
9,-7,191.3841436047739
9,-7,79.18180850842806
9,-7,172.80222430064242
9,-7,587.7122269379738
9,-7,50.0
9,-6,803.8071147121315
9,-6,503.2569004967188
9,-6,258.74280576225925
9,-6,467.9850805194405
9,-6,50.0
9,-5,217.14456253532188
9,-5,740.165995576975
9,-5,472.3215759783717
9,-5,406.05889669042415
9,-5,483.4359658610276
9,-4,338.63158712736004
9,-4,74.25230693561537
9,-4,50.0
9,-4,50.0
9,-4,50.0
9,-3,578.0483030916301
9,-3,704.6310940001276
9,-3,110.36805085980467
9,-3,416.72685523362935
9,-3,789.7516160671128
10,-3,50.0
10,-3,50.0
10,-3,304.7369449696416
10,-3,391.2730113634978
10,-3,385.6193288731439
10,-2,50.0
10,-2,259.45945542994446
10,-2,215.92943574443333
10,-2,170.12336197554032
10,-2,50.0
10,-1,50.0
10,-1,50.0
10,-1,50.0
10,-1,397.76602389288
10,-1,76.71224187038048
10,-2,50.0
10,-2,488.68841090137255
10,-2,50.0
10,-2,145.31080916784168
10,-2,379.6722168744395
10,-1,235.87912463302308
10,-1,175.7814519607923
10,-1,383.21955110038397
10,-1,50.0
10,-1,323.2354724652323
10,-2,50.0
10,-2,112.58268521787983
10,-2,50.0
10,-2,230.60233647290147
10,-2,487.8698482266689
11,-2,86.25252597599734
11,-2,50.0
11,-2,460.2990084065807
11,-2,50.0
11,-2,351.6696193854759
11,-1,711.9082282008872
11,-1,74.72381734248677
11,-1,411.97725237999487
11,-1,50.0
11,-1,50.0
11,0,89.94050085972137
11,0,323.984153956287
11,0,50.0
11,0,361.0540919866677
11,0,365.1242956157273
11,1,523.5429944908344
11,1,50.0
11,1,50.0
11,1,280.3141002512392
11,1,109.1295123617333
11,2,107.99988013237142
11,2,50.0
11,2,50.0
11,2,841.439752959956
11,2,50.0
11,3,825.2461272765024
11,3,251.2380090470064
11,3,274.08495990183064
11,3,76.38211248274618
11,3,50.0
11,4,141.89933996944106
11,4,50.0
11,4,454.8728283191343
11,4,50.0
11,4,50.0
12,4,50.0
12,4,81.23216282655801
12,4,50.0
12,4,407.23204240559426
12,4,679.8363298281862
13,4,50.0
13,4,50.0
13,4,50.0
13,4,118.57528844613437
13,4,50.0
12,4,322.8713360327374
12,4,50.0
12,4,50.0
12,4,122.37557305667893
12,4,370.6500031359433
12,3,311.2146057819118
12,3,50.0
12,3,274.5014181489871
12,3,50.0
12,3,50.0
12,2,50.0
12,2,446.2249564832037
12,2,50.0
12,2,253.11210677713598
12,2,172.18276702149015
12,1,50.0
12,1,457.22132064150594
12,1,538.6482213308054
12,1,209.95136483699125
12,1,101.69133811945017
11,1,50.0
11,1,50.0
11,1,227.0888521749183
11,1,609.2994766781878
11,1,165.42142697703943
11,0,518.0614518891091
11,0,272.03848605290545
11,0,50.0
11,0,50.0
11,0,342.11526603170046
11,-1,692.7046712079036
11,-1,50.0
11,-1,50.0
11,-1,379.7585550124794
11,-1,163.09216356390004
11,-2,567.3999496469623
11,-2,166.69544049268694
11,-2,52.68620515524205
11,-2,50.0
11,-2,298.3103862812141
11,-3,179.3426546762698
11,-3,312.13053394905876
11,-3,50.0
11,-3,676.0957404497346
11,-3,50.0
10,-3,50.0
10,-3,50.0
10,-3,246.2700214780082
10,-3,50.0
10,-3,50.0
10,-4,50.0
10,-4,50.0
10,-4,263.1292220816726
10,-4,348.86146765903413
10,-4,240.9613614537064
9,-4,139.85772901348443
9,-4,155.0764761723649
9,-4,50.0
9,-4,98.4598733201702
9,-4,566.6565740584604
9,-5,157.24337382411179
9,-5,50.0
9,-5,421.5046648293829
9,-5,145.77974295995358
9,-5,418.2206855612577
9,-6,362.61599957531257
9,-6,721.0089389454436
9,-6,50.0
9,-6,523.0557252967486
9,-6,264.91889006150745
9,-5,79.50397401747504
9,-5,50.0
9,-5,50.0
9,-5,194.09886445986186
9,-5,249.1213568205102
10,-5,50.0
10,-5,564.1075218902301
10,-5,80.7745853247325
10,-5,162.48913037581715
10,-5,540.6133015873836
10,-6,173.7474957309471
10,-6,50.0
10,-6,50.0
10,-6,429.4694719846068
10,-6,86.65978854395084
10,-7,50.0
10,-7,274.0850602524316
10,-7,50.0
10,-7,50.0
10,-7,50.0
9,-7,94.3488617979369
9,-7,113.1282742335651
9,-7,517.6945046328508
9,-7,477.0884160068033
9,-7,321.96670361750984
8,-7,50.0
8,-7,900.0
8,-7,50.0
8,-7,50.0
8,-7,469.47056732395424
7,-7,449.85029614425315
7,-7,151.1243307388639
7,-7,50.0
7,-7,50.0
7,-7,524.7134475702734
7,-8,278.49627559259693
7,-8,900.0
7,-8,50.0
7,-8,104.23157796770889
7,-8,810.7763282736753
7,-9,304.76822407153315
7,-9,383.6932020461568
7,-9,50.0
7,-9,50.0
7,-9,50.0
6,-9,50.0
6,-9,96.61677727077009
6,-9,900.0
6,-9,50.0
6,-9,74.02097112590151
5,-9,59.05261118377197
5,-9,462.4586746416861
5,-9,433.26327099855837
5,-9,504.0251315977166
5,-9,50.0
5,-10,435.07781419363596
5,-10,829.7249422891508
5,-10,64.6363873103036
5,-10,403.6198350122303
5,-10,152.33371591314585
5,-11,675.6727676845163
5,-11,114.54120350277168
5,-11,266.96766584072964
5,-11,50.0
5,-11,50.0
5,-12,347.16212831801437
5,-12,313.443440840692
5,-12,50.0
5,-12,50.0
5,-12,50.0
4,-12,266.39253543298696
4,-12,360.13861915718974
4,-12,146.9288636119194
4,-12,60.53783279889507
4,-12,183.41485277952185
3,-12,50.0
3,-12,281.8223524410344
3,-12,50.0
3,-12,50.0
3,-12,291.6004279080401
2,-12,450.9746942893545
2,-12,50.0
2,-12,305.9347036560696
2,-12,50.0
2,-12,830.557591157262
1,-12,900.0
1,-12,711.3871569064219
1,-12,683.5912775045269
1,-12,50.0
1,-12,170.89740607279663
1,-13,167.96855152777658
1,-13,161.885703821944
1,-13,50.0
1,-13,326.7423006728451
1,-13,50.0
2,-13,50.0
2,-13,303.4787051843327
2,-13,247.81148056942294
2,-13,172.70398721496053
2,-13,125.18633213483699
1,-13,317.55275308988985
1,-13,124.08324247115226
1,-13,50.0
1,-13,50.0
1,-13,50.0
1,-12,366.68613238102853
1,-12,50.0
1,-12,238.30263884872528
1,-12,50.0
1,-12,50.0
1,-13,246.71545812111728
1,-13,736.3413493284016
1,-13,50.0
1,-13,503.0781836710719
1,-13,50.0
0,-13,50.0
0,-13,125.15826281302492
0,-13,50.0
0,-13,50.0
0,-13,50.0
-1,-13,50.0
-1,-13,50.0
-1,-13,139.5156787991857
-1,-13,667.0595250816398
-1,-13,50.0
-2,-13,77.73722270616932
-2,-13,389.09501435857425
-2,-13,65.72421961910783
-2,-13,152.0069206074538
-2,-13,213.20534092994293
-1,-13,131.97386263459578
-1,-13,127.91820952427102
-1,-13,254.04989948884918
-1,-13,85.05214483447409
-1,-13,68.79339953203363
-1,-14,486.12288982336224
-1,-14,50.0
-1,-14,53.971913133195834
-1,-14,232.35716751785992
-1,-14,50.0
-2,-14,50.0
-2,-14,50.0
-2,-14,269.7624482480629
-2,-14,50.0
-2,-14,50.0
-2,-15,490.1028763796918
-2,-15,50.0
-2,-15,50.0
-2,-15,50.0
-2,-15,352.151513273227
-3,-15,50.0
-3,-15,50.0
-3,-15,50.0
-3,-15,50.0
-3,-15,163.7964011630982
-4,-15,256.5541223597493
-4,-15,50.0
-4,-15,50.0
-4,-15,98.00966516800314
-4,-15,50.0
-4,-16,756.024910900842
-4,-16,50.0
-4,-16,389.2340600330619
-4,-16,50.0
-4,-16,50.0
-4,-17,50.0
-4,-17,50.0
-4,-17,262.7119112841546
-4,-17,457.32488282523553
-4,-17,50.0
-3,-17,50.0
-3,-17,363.2412707155111
-3,-17,317.1136872953677
-3,-17,50.0
-3,-17,50.0
-4,-17,50.0
-4,-17,50.0
-4,-17,50.0
-4,-17,50.0
-4,-17,50.0
-5,-17,52.449822759692495
-5,-17,50.0
-5,-17,104.22220348293345
-5,-17,50.0
-5,-17,138.58311327127484
-6,-17,50.0
-6,-17,205.1517830643416
-6,-17,50.0
-6,-17,50.0
-6,-17,50.0
-7,-17,50.0
-7,-17,50.0
-7,-17,50.0
-7,-17,50.0
-7,-17,50.0
-7,-18,50.0
-7,-18,50.0
-7,-18,50.0
-7,-18,50.0
-7,-18,50.0
-7,-19,50.0
-7,-19,50.0
-7,-19,50.0
-7,-19,268.7938248781142
-7,-19,50.0
-8,-19,50.0
-8,-19,50.0
-8,-19,62.80253925201745
-8,-19,162.86741999767804
-8,-19,50.0
-8,-18,50.0
-8,-18,50.0
-8,-18,324.07350355792835
-8,-18,151.17605740474744
-8,-18,50.0
-8,-19,79.29860742673145
-8,-19,50.0
-8,-19,50.0
-8,-19,50.0
-8,-19,50.0
-8,-20,108.48366349557313
-8,-20,50.0
-8,-20,50.0
-8,-20,50.0
-8,-20,50.0
-8,-19,50.0
-8,-19,50.0
-8,-19,50.0
-8,-19,50.0
-8,-19,50.0
-7,-19,50.0
-7,-19,50.0
-7,-19,50.0
-7,-19,50.0
-7,-19,50.0
-6,-19,50.0
-6,-19,381.2921709679905
-6,-19,50.0
-6,-19,50.0
-6,-19,136.7240993908785
-5,-19,50.0
-5,-19,50.0
-5,-19,50.0
-5,-19,50.0
-5,-19,50.0
-4,-19,79.7085947920265
-4,-19,50.0
-4,-19,50.0
-4,-19,241.05246148439699
-4,-19,50.0
-4,-20,50.0
-4,-20,50.0
-4,-20,50.0
-4,-20,50.0
-4,-20,50.0
-4,-19,69.52161843451677
-4,-19,50.0
-4,-19,50.0
-4,-19,50.0
-4,-19,50.0
-4,-18,50.0
-4,-18,176.12581546758042
-4,-18,50.0
-4,-18,50.0
-4,-18,254.01911895977167
-3,-18,50.0
-3,-18,50.0
-3,-18,278.17686400805576
-3,-18,50.0
-3,-18,50.0
-2,-18,50.0
-2,-18,50.0
-2,-18,50.0
-2,-18,50.0
-2,-18,50.0
-1,-18,164.90757938275124
-1,-18,50.0
-1,-18,50.0
-1,-18,50.0
-1,-18,50.0
0,-18,50.0
0,-18,50.0
0,-18,50.0
0,-18,50.0
0,-18,264.95260649499073
0,-17,556.7318885721417
0,-17,50.0
0,-17,50.0
0,-17,50.0
0,-17,282.26951512125925
0,-16,50.0
0,-16,50.0
0,-16,247.52261985631975
0,-16,185.41058073613283
0,-16,50.0
1,-16,352.3612357677913
1,-16,526.2805647015056
1,-16,50.0
1,-16,258.8542566783716
1,-16,50.0
2,-16,135.78784129284773
2,-16,632.586062342769
2,-16,108.3214594496551
2,-16,50.0
2,-16,50.0
2,-15,50.0
