12,-7,105.78009755739299
12,-7,100.0
12,-6,100.0
12,-6,100.0
12,-6,845.7941981664625
12,-5,100.0
12,-5,1184.3029518866288
12,-5,100.0
12,-4,100.0
12,-4,249.11839792731269
12,-4,100.0
12,-5,977.2452015283262
12,-5,514.3687039527285
12,-5,100.0
12,-4,1081.417644810571
12,-4,948.7884418548292
12,-4,100.0
12,-3,274.2619161722429
12,-3,362.7453042171675
12,-3,569.2261524792243
12,-2,151.8173748282438
12,-2,224.17472163439965
12,-2,679.3192893197556
12,-1,100.0
12,-1,114.96207044454144
12,-1,181.36007107400607
12,0,100.0
12,0,100.0
12,0,100.0
12,-1,100.0
12,-1,474.4106306183288
12,-1,555.9489613402388
12,0,495.9257034009386
12,0,100.0
12,0,520.9652110332141
12,-1,485.2300095984801
12,-1,1585.7821663150607
12,-1,100.0
12,0,656.0952940611044
12,0,100.0
12,0,100.0
12,1,965.6304677049067
12,1,116.16483349645324
12,1,212.19421925425712
12,2,801.312723112088
12,2,100.0
12,2,1270.848552184349
12,3,1800.0
12,3,1377.5358320238338
12,3,100.0
12,4,959.5592468648018
12,4,100.0
12,4,492.54356261736405
12,5,623.8558776225432
12,5,100.0
12,5,1058.900650555528
12,6,500.6813811021108
12,6,100.0
12,6,751.8585695162315
12,5,1055.4122291176786
12,5,100.0
12,5,100.0
12,4,227.38265311468547
12,4,1080.9584160544596
12,4,100.0
12,3,100.0
12,3,964.4124559348056
12,3,461.87358308594526
12,4,100.0
12,4,100.0
12,4,819.2825539751086
12,5,100.0
12,5,100.0
12,5,100.0
12,6,573.8469035233525
12,6,100.0
12,6,319.80986055040194
12,7,259.41222346883546
12,7,934.6533837390873
12,7,1755.8743570313286
12,6,214.07881276577274
12,6,972.4756770343056
12,6,1185.5135024299743
12,7,100.0
12,7,100.0
12,7,100.0
12,8,840.2204057025311
12,8,541.1819645817873
12,8,100.0
12,9,100.0
12,9,1118.8630556293874
12,9,100.0
12,10,901.082574303733
12,10,662.2209411642579
12,10,393.1878716944612
12,11,753.9968758609834
12,11,100.0
12,11,100.0
12,12,100.0
12,12,100.0
12,12,100.0
11,12,1016.8714356229323
11,12,100.0
11,12,100.0
10,12,100.0
10,12,100.0
10,12,303.5731364791232
11,12,1331.8978790897604
11,12,100.0
11,12,343.23301182145417
10,12,100.0
10,12,680.0661837586373
10,12,500.1972813155416
9,12,1800.0
9,12,831.1757262615873
9,12,100.0
8,12,622.7102724691385
8,12,330.3504492757189
8,12,185.63225395208497
7,12,237.02684672317937
7,12,511.91784692829765
7,12,125.09006651564255
7,11,640.1305916672145
7,11,100.0
7,11,541.5062149369359
8,11,231.73369530118183
8,11,100.0
8,11,100.0
8,10,1387.7322628928266
8,10,100.0
8,10,845.6436549477344
8,9,562.3137373144837
8,9,914.9710010000073
8,9,100.0
7,9,1294.3837070477311
7,9,1171.7075766375235
7,9,620.6993491359505
7,8,100.0
7,8,100.0
7,8,552.1675257758291
6,8,342.53116807090197
6,8,100.0
6,8,962.1355116092408
6,7,1012.3053471988592
6,7,712.4922029399165
6,7,422.99905418154617
6,6,959.3708954519493
6,6,1800.0
6,6,734.0821219320078
5,6,1632.5792619763183
5,6,1616.563139775943
5,6,586.2846106719246
5,5,1423.0741634969422
5,5,441.0039533332477
5,5,1384.8959528404928
5,4,1463.1572806871059
5,4,490.8464280487972
5,4,107.60781445933219
5,3,1162.4256458904317
5,3,1800.0
5,3,555.8964483291173
5,2,1259.8722023048551
5,2,689.4586383560948
5,2,1051.044404563458
5,1,665.9436123921018
5,1,1800.0
5,1,702.4432899179684
5,2,1429.8318751741367
5,2,1179.3877998610053
5,2,1087.8337580574766
5,1,100.0
5,1,138.5277429020565
5,1,430.06728647676005
4,1,547.7100766693093
4,1,594.2981938001201
4,1,1155.7048837734662
4,0,1368.2096067430746
4,0,406.6864880761688
4,0,679.8570744576505
3,0,951.4407787933931
3,0,787.2938621221297
3,0,1702.3644072429029
2,0,764.4010170421425
2,0,1162.4536130530996
2,0,100.0
1,0,1223.1698410206832
1,0,1526.670910575649
1,0,1334.2228477197157
1,-1,1800.0
1,-1,719.2874547914295
1,-1,1540.856508503788
1,-2,956.5951673713056
1,-2,1211.6015445120868
1,-2,1343.9753360689263
2,-2,791.8024586819892
2,-2,544.8518969211243
2,-2,661.3727006700939
2,-3,1049.219949143777
2,-3,1486.5125748123805
2,-3,1257.5651377294887
1,-3,1501.045559022778
1,-3,1147.2989577259882
1,-3,521.7694804377116
1,-4,1012.2601528219976
1,-4,1734.7114477085606
1,-4,100.0
1,-5,1629.6139455919642
1,-5,100.0
1,-5,1080.489043657324
1,-4,1593.2932876989805
1,-4,490.7029108969284
1,-4,100.0
0,-4,845.2815219632148
0,-4,591.0302426210023
0,-4,1233.0187356797726
0,-3,1800.0
0,-3,720.8661847619151
0,-3,1357.0507128318952
0,-4,1074.4658129426675
0,-4,1139.367806064074
0,-4,926.5161595187354
0,-5,189.73256999196872
0,-5,247.8877349130633
0,-5,602.0870097805449
0,-6,1258.7628168578306
0,-6,1516.235293109816
0,-6,1100.4565036072283
0,-7,129.18879938283845
0,-7,1044.6394184737637
0,-7,646.4736302921106
0,-8,100.0
0,-8,100.0
0,-8,295.23273575243735
0,-7,100.0
0,-7,1059.7731696489616
0,-7,1394.5007191342515
0,-8,100.0
0,-8,458.18574864610446
0,-8,100.0
0,-9,888.8539734736435
0,-9,830.8852482773841
0,-9,100.0
0,-10,114.03524601478529
0,-10,103.85820173764682
0,-10,1759.572734641606
0,-9,100.0
0,-9,1589.4019764137297
0,-9,100.0
0,-10,1331.6552414572625
0,-10,716.6603203409836
0,-10,452.451960360634
0,-11,1122.8057053019252
0,-11,1007.1299268145026
0,-11,508.5252880724071
0,-12,557.7242062559917
0,-12,844.9150107002644
0,-12,467.27639090716946
0,-11,1552.1816175480456
0,-11,902.1579018160406
0,-11,459.3839723076894
0,-10,100.0
0,-10,355.1926451795831
0,-10,1275.5591277597912
0,-9,534.0398872712068
0,-9,888.1000453312049
0,-9,719.8431233657818
0,-10,1115.8664813928362
0,-10,100.0
0,-10,752.3549679410978
0,-9,792.5761637817616
0,-9,451.21535092209865
0,-9,1368.2400805183527
0,-8,962.2050564194484
0,-8,775.1316497173782
0,-8,1520.7008599050364
0,-9,954.4446630240072
0,-9,1800.0
0,-9,663.2389053137535
0,-10,810.6771055984277
0,-10,100.0
0,-10,406.39513899481875
0,-9,569.2957959912864
0,-9,102.28150340771936
0,-9,430.33375766003473
0,-8,577.928129939489
0,-8,100.0
0,-8,1617.1022410326118
0,-7,805.6888616732914
0,-7,411.21235698262296
0,-7,128.89743911325536
0,-6,978.0409319548163
0,-6,1387.9941993892694
0,-6,721.0006409473284
0,-5,329.4502539786925
0,-5,1800.0
0,-5,1039.6370544024335
0,-4,1510.5414664460022
0,-4,616.2203695609531
0,-4,1441.460777083822
0,-3,1304.074563187989
0,-3,837.3400078243935
0,-3,1396.3931763861287
0,-2,1764.1015833197387
0,-2,465.41897388301925
0,-2,694.4442636012171
0,-1,1800.0
0,-1,499.7068237776632
0,-1,1205.156553967838
0,0,861.4145348730497
0,0,593.6583498766179
0,0,1800.0
0,1,1262.3050706289903
0,1,1391.0586849249175
0,1,1551.6814060311494
0,2,1499.8476348505192
0,2,1800.0
0,2,562.4761459469514
0,3,1422.4369471727828
0,3,665.683805701198
0,3,536.5572057884209
0,4,298.1155846624125
0,4,994.7092250839936
0,4,1410.4268841779317
0,5,1255.1861474909276
0,5,733.966307048726
0,5,672.3331177798
0,6,313.0451953910727
0,6,277.3982838491098
0,6,714.0432209001273
0,7,100.0
0,7,100.0
0,7,1800.0
0,8,100.0
0,8,904.0780066634202
0,8,907.6157290240956
0,9,232.12313754922772
0,9,474.30010373591955
0,9,902.3014847632589
0,10,100.0
0,10,1037.4167947187632
0,10,220.52832637720917
0,11,250.2653899983651
0,11,100.0
0,11,1306.2980786469907
0,12,732.6907997194171
0,12,202.54311499422343
0,12,891.1328301638338
0,13,244.3275763838744
0,13,100.0
0,13,100.0
0,12,1305.8300912658221
0,12,586.9858810418783
0,12,304.9680283824502
0,13,1174.5680952529224
0,13,1006.8317063785904
0,13,418.57137548254343
0,14,100.0
0,14,100.0
0,14,100.0
0,15,248.98842930790866
0,15,100.0
0,15,566.3433252860634
0,16,100.0
0,16,1433.5783179584457
0,16,189.3492693494067
0,17,870.957203959137
0,17,269.89876541204535
0,17,100.0
0,16,369.16261762662276
0,16,266.06910934524524
0,16,127.40810765337176
0,17,100.0
0,17,100.0
0,17,146.60662209466756
0,18,100.0
0,18,350.3941592505971
0,18,195.28182722229067
0,17,306.98926986074923
0,17,100.0
0,17,100.0
0,18,100.0
0,18,197.65017720589412
0,18,432.06502327016284
0,19,100.0
0,19,100.0
0,19,251.4390557128749
0,20,100.0
0,20,100.0
0,20,100.0
0,19,100.0
0,19,223.43278098498598
0,19,100.0
0,18,100.0
0,18,100.0
0,18,731.604114166394
0,17,100.0
0,17,1441.3539147394372
0,17,1203.5545274341334
0,16,236.64479730750224
0,16,510.4608289645167
0,16,1049.531412145363
0,15,100.0
0,15,100.0
0,15,100.0
0,14,578.1912649132678
0,14,822.9591449668335
0,14,1631.8136427321779
0,15,100.0
0,15,266.36102573904856
0,15,100.0
0,16,581.0774304607874
0,16,100.0
0,16,456.561521779111
0,15,219.88345267269548
0,15,100.0
0,15,100.0
0,14,100.0
0,14,1468.6206722053319
0,14,100.0
0,13,566.715973429282
0,13,100.0
0,13,431.55922372623957
0,12,342.01591883508826
0,12,100.0
0,12,309.1810709919714
0,13,100.0
0,13,836.4616537805073
0,13,532.0092664906117
-1,13,234.91587435373066
-1,13,840.4844525259534
-1,13,100.0
-1,14,100.0
-1,14,100.0
-1,14,100.0
-1,13,1392.8085989523756
-1,13,352.30872767353515
-1,13,399.4063149600678
-1,12,100.0
-1,12,100.0
-1,12,370.4019027946354
-1,11,100.0
-1,11,465.3266490926896
-1,11,935.2546857272225
-1,10,151.29875943083726
-1,10,277.6917298066366
-1,10,1362.2239629763085
-1,9,380.97725740254765
-1,9,126.40020148559711
-1,9,476.5372166411518
-1,8,100.0
-1,8,667.051204698869
-1,8,909.4568077907747
-2,8,786.2928544449841
-2,8,991.6105340048725
-2,8,429.6444063682081
-2,7,336.30981213266784
-2,7,100.0
-2,7,375.310367427475
-2,6,1800.0
-2,6,1040.3435742032857
-2,6,644.688144837485
-2,5,944.4846429657599
-2,5,1317.5435998803227
-2,5,424.2553343187591
-3,5,588.0808209120888
-3,5,1800.0
-3,5,436.80189185049767
-3,4,402.2079869711313
-3,4,492.40383086607994
-3,4,1002.3957975764715
-3,3,677.3149916332759
-3,3,951.5319705451082
-3,3,358.7617424372311
-3,2,475.60216967977203
-3,2,1492.9414148025344
-3,2,100.0
-3,1,795.1554639001406
-3,1,796.5109239453953
-3,1,537.4466451152049
-3,0,1069.5682317512487
-3,0,637.6877853116654
-3,0,1262.1538508644242
-3,-1,547.7382838068295
-3,-1,1186.3948903546607
-3,-1,1261.7512033422856
-3,-2,1528.6741454052894
-3,-2,1278.4179907094465
-3,-2,1062.919970667672
-3,-1,779.939126454813
-3,-1,454.7133875930311
-3,-1,1800.0
-4,-1,472.7388725946191
-4,-1,1015.0102369022056
-4,-1,296.84045507672965
-4,-2,392.68578237347856
-4,-2,1584.9562494715017
-4,-2,901.9903511459748
-5,-2,1094.689022839184
-5,-2,991.7205081525908
-5,-2,1800.0
