15,8,317.0013217169752
15,8,100.0
16,8,576.2404787552803
16,8,259.1193803220671
16,8,100.0
15,8,124.00455822230529
15,8,100.0
15,8,393.3169719645424
16,8,100.0
16,8,100.0
16,8,140.67174130588066
17,8,100.0
17,8,262.26575371604343
17,8,100.0
18,8,100.0
18,8,100.0
18,8,877.5368127401603
19,8,100.0
19,8,107.90815716341336
19,8,100.0
20,8,337.9361512165659
20,8,100.0
20,8,100.0
20,7,215.96845934712985
20,7,100.0
20,7,100.0
20,6,100.0
20,6,100.0
20,6,100.0
19,6,100.0
19,6,279.6047027704719
19,6,265.76254648770646
19,5,100.0
19,5,296.76008044812545
19,5,464.2173877810483
18,5,459.09072305427907
18,5,100.0
18,5,100.0
18,4,100.0
18,4,100.0
18,4,100.0
17,4,939.2721128227104
17,4,1156.7056171009156
17,4,100.0
17,3,100.0
17,3,100.0
17,3,100.0
16,3,519.9912049008556
16,3,100.0
16,3,175.13493786039655
17,3,100.0
17,3,210.9928116080484
17,3,100.0
17,4,298.19023942461024
17,4,472.77488007268516
17,4,100.0
17,3,774.6519735327762
17,3,389.6740396168251
17,3,709.664052845348
17,2,100.0
17,2,100.0
17,2,100.0
17,1,100.0
17,1,646.6484498852234
17,1,172.11971928863053
16,1,345.5051318162488
16,1,303.81192651384964
16,1,100.0
15,1,392.77713439049495
15,1,656.3597992380571
15,1,100.0
14,1,909.6693057774773
14,1,894.6734685828566
14,1,849.3613474861344
13,1,100.0
13,1,100.0
13,1,1077.161270750614
13,0,496.8465128709873
13,0,182.69595356988307
13,0,100.0
12,0,100.0
12,0,100.0
12,0,387.2632264401435
11,0,386.34275665019555
11,0,715.8394808615635
11,0,1036.7490278140622
11,-1,1273.7335858376114
11,-1,943.1099193898642
11,-1,100.0
10,-1,1086.417582463396
10,-1,100.0
10,-1,1344.9085153441738
10,-2,421.3318523380251
10,-2,1800.0
10,-2,690.8990120485645
10,-3,1104.456138556239
10,-3,292.1080579491031
10,-3,679.0328215784093
11,-3,173.83520562538112
11,-3,451.27155147472365
11,-3,1714.3838493330604
10,-3,100.0
10,-3,1067.8380544932268
10,-3,100.0
10,-4,100.0
10,-4,707.6476096063022
10,-4,531.5608276176422
11,-4,100.0
11,-4,286.6683260645972
11,-4,1080.5202246311947
11,-5,1800.0
11,-5,100.0
11,-5,100.0
11,-6,100.0
11,-6,439.23986280838733
11,-6,100.0
11,-7,726.0831191489809
11,-7,539.627871249019
11,-7,100.0
11,-8,221.5013502035943
11,-8,495.73802144283104
11,-8,173.98662518590078
10,-8,100.0
10,-8,297.08437078657334
10,-8,179.8070287212928
9,-8,642.0960228300363
9,-8,100.0
9,-8,895.4236288341905
8,-8,1072.875975821418
8,-8,275.06390552744944
8,-8,206.34253171287344
8,-9,934.5574780221116
8,-9,141.40162771815955
8,-9,1800.0
8,-8,189.81422811035858
8,-8,465.05059916099174
8,-8,100.0
7,-8,108.87000396162509
7,-8,100.0
7,-8,247.0048975885183
6,-8,1156.599388089043
6,-8,100.0
6,-8,407.79320939114933
6,-9,1370.1250682112911
6,-9,208.32682386140246
6,-9,101.82312201328288
6,-10,100.0
6,-10,100.0
6,-10,425.33515316434614
6,-11,561.2096953887179
6,-11,100.0
6,-11,1433.6087561757413
6,-12,898.3960273487443
6,-12,326.4043614191239
6,-12,100.0
6,-13,100.0
6,-13,100.0
6,-13,100.0
6,-14,427.37263615001046
6,-14,266.82430152692604
6,-14,806.9646935956468
5,-14,436.9877498664192
5,-14,969.9691675832141
5,-14,455.2479622914864
5,-15,173.6415540389509
5,-15,846.2655160569224
5,-15,857.5418036102495
4,-15,100.0
4,-15,100.0
4,-15,449.8181864509863
5,-15,100.0
5,-15,146.6807825471173
5,-15,554.2158377073861
4,-15,1230.1124515223464
4,-15,100.0
4,-15,100.0
5,-15,100.0
5,-15,1430.5332632164327
5,-15,266.8021168443023
4,-15,100.0
4,-15,100.0
4,-15,100.0
3,-15,575.7916135988886
3,-15,768.8046987584466
3,-15,100.0
3,-16,155.5493268946348
3,-16,100.0
3,-16,100.0
4,-16,307.34280192807165
4,-16,294.9571061768981
4,-16,347.81265128914515
4,-17,878.6918064392551
4,-17,100.0
4,-17,100.0
5,-17,200.57902680225828
5,-17,100.0
5,-17,311.9905676107637
4,-17,726.3354490849878
4,-17,113.5682108568057
4,-17,704.7230367681352
3,-17,885.8989165257763
3,-17,234.45055960741814
3,-17,100.0
2,-17,100.0
2,-17,100.0
2,-17,100.0
2,-18,108.88182237733166
2,-18,100.0
2,-18,719.7661651815506
2,-19,100.0
2,-19,100.0
2,-19,100.0
2,-20,100.0
2,-20,137.9680763885127
2,-20,100.0
1,-20,654.2596960566517
1,-20,198.94486469945628
1,-20,100.0
2,-20,100.0
2,-20,100.0
2,-20,100.0
1,-20,664.9639757500845
1,-20,100.0
1,-20,142.43768658311802
0,-20,100.0
0,-20,1028.0017904465508
0,-20,100.0
-1,-20,100.0
-1,-20,186.09645876818985
-1,-20,761.9465015145478
-1,-19,289.342270410009
-1,-19,220.47417552554418
-1,-19,100.0
0,-19,666.2886394869856
0,-19,146.748284497388
0,-19,839.3636950678888
0,-20,100.0
0,-20,100.0
0,-20,494.6342157900715
0,-19,100.0
0,-19,461.550153438955
0,-19,100.0
1,-19,100.0
1,-19,100.0
1,-19,259.7841841219974
2,-19,737.4170831108313
2,-19,100.0
2,-19,100.0
2,-18,1800.0
2,-18,100.0
2,-18,100.0
2,-19,100.0
2,-19,100.0
2,-19,100.0
2,-18,100.0
2,-18,100.0
2,-18,100.0
2,-17,146.6692883790257
2,-17,100.0
2,-17,100.0
2,-16,247.471516707629
2,-16,552.1439367274121
2,-16,262.34470625446266
2,-15,766.1601751012813
2,-15,157.15635488700468
2,-15,471.1511556816861
2,-14,100.0
2,-14,1396.488646753737
2,-14,168.5167985195888
2,-13,1176.3867970899148
2,-13,194.4648990159327
2,-13,100.0
2,-12,100.0
2,-12,100.0
2,-12,100.0
2,-11,135.21884561134746
2,-11,424.74333327125487
2,-11,532.7456415309987
3,-11,100.0
3,-11,103.45416562118493
3,-11,1698.4146278963872
4,-11,349.68081411982473
4,-11,1050.183171825566
4,-11,533.7257926643346
4,-10,1107.4530480012745
4,-10,100.0
4,-10,121.16867550018432
4,-11,1411.6482929281754
4,-11,1176.621899807139
4,-11,100.0
4,-10,730.5683336329265
4,-10,360.74253857440425
4,-10,1800.0
4,-9,1322.2594275755841
4,-9,954.6848306840338
4,-9,389.3547851314229
5,-9,100.0
5,-9,1127.0416157881684
5,-9,458.9998075109904
5,-8,996.3916652396758
5,-8,1160.088256057701
5,-8,484.74540153240235
5,-7,744.1882471147443
5,-7,1215.4263693023315
5,-7,217.0209234419243
6,-7,318.23205525484576
6,-7,739.0209434327501
6,-7,129.16321527867512
7,-7,432.65027068430254
7,-7,100.0
7,-7,1063.9673964679073
8,-7,100.0
8,-7,978.9763945106616
8,-7,1436.8808018056893
9,-7,100.0
9,-7,360.9677459304466
9,-7,1276.6076735296379
9,-6,100.0
9,-6,100.0
9,-6,337.964334421213
9,-5,287.99470282797273
9,-5,100.0
9,-5,100.0
9,-4,440.06774613482077
9,-4,335.3056741901606
9,-4,483.93787165121944
9,-3,973.4431859704966
9,-3,100.0
9,-3,1800.0
10,-3,1115.3011464020933
10,-3,100.0
10,-3,494.8364043860686
10,-2,544.2913830061168
10,-2,518.8923458711533
10,-2,261.08851288172633
10,-1,100.0
10,-1,424.9696424896687
10,-1,100.0
10,-2,160.00166505726418
10,-2,206.77863986118518
10,-2,174.1442117525106
10,-1,1080.466825250895
10,-1,817.2421313858724
10,-1,333.93662793474164
10,-2,100.0
10,-2,403.34403060973034
10,-2,1374.7248126293555
11,-2,221.34702464570898
11,-2,1780.1540925050094
11,-2,590.8360556063919
11,-1,100.0
11,-1,646.2136856424721
11,-1,793.242176799102
11,0,838.7946024735509
11,0,100.0
11,0,1239.2035443944435
11,1,100.0
11,1,530.8530618540577
11,1,208.58280575896288
11,2,100.0
11,2,100.0
11,2,397.00623127651716
11,3,569.4317734355009
11,3,744.7500278714585
11,3,1387.499830087962
11,4,758.9506855602754
11,4,100.0
11,4,290.0529688282358
12,4,100.0
12,4,312.70721847822693
12,4,602.3915351494849
13,4,1746.954541094945
13,4,100.0
13,4,336.45769306972517
12,4,100.0
12,4,1079.6676821879773
12,4,100.0
12,3,840.66219879841
12,3,100.0
12,3,955.5113711124422
12,2,264.28472559078625
12,2,100.0
12,2,202.01748802781592
12,1,100.0
12,1,1287.7640549575976
12,1,1026.5006448086338
11,1,100.0
11,1,687.2521883217387
11,1,100.0
11,0,671.3696757270411
11,0,821.5075851402548
11,0,100.0
11,-1,100.0
11,-1,727.5397055338542
11,-1,100.0
11,-2,296.78709718270505
11,-2,670.1575424966966
11,-2,717.5984828481936
11,-3,700.7214545921113
11,-3,293.8505522028012
11,-3,110.0750490435181
10,-3,232.1438247398692
10,-3,1800.0
10,-3,397.8196586756361
10,-4,479.0892564530694
10,-4,100.0
10,-4,1461.6226634251407
9,-4,100.0
9,-4,318.0935114081938
9,-4,731.0139312463309
9,-5,707.533232688256
9,-5,1281.948486084359
9,-5,129.58832930866674
9,-6,1124.0929792480542
9,-6,492.5711400521562
9,-6,297.49935554054014
9,-5,100.0
9,-5,1800.0
9,-5,730.2924930311938
10,-5,100.0
10,-5,100.0
10,-5,757.5463951865132
10,-6,100.0
10,-6,100.0
10,-6,463.3556124744566
10,-7,1162.8082677646821
10,-7,475.3160445962506
10,-7,969.74104312187
9,-7,939.8331412900902
9,-7,100.0
9,-7,354.62417491351914
8,-7,457.96700308471964
8,-7,924.1327312503364
8,-7,631.9911780863155
7,-7,966.5056075143086
7,-7,374.39711288629496
7,-7,883.2818044354119
7,-8,218.75898851841748
7,-8,1546.012518855485
7,-8,448.3105779420973
7,-9,855.1496540376207
7,-9,642.9731634963837
7,-9,779.9270585167534
6,-9,219.06786834873685
6,-9,100.0
6,-9,1464.6954342870508
5,-9,100.0
5,-9,1562.1647398564078
5,-9,708.500200849139
5,-10,349.1794503355154
5,-10,719.093176995524
5,-10,100.0
5,-11,644.3961116968876
5,-11,100.0
5,-11,100.0
5,-12,336.8072548997208
5,-12,1175.1057989465419
5,-12,100.0
4,-12,100.0
4,-12,1800.0
4,-12,100.0
3,-12,976.640601980271
3,-12,413.3839851694885
3,-12,100.0
2,-12,1221.9683095279593
2,-12,304.49316105703053
2,-12,1014.8423632795592
1,-12,510.7185644151631
1,-12,100.0
1,-12,909.6909758745476
1,-13,354.4542337382665
1,-13,293.6065887551957
1,-13,100.0
2,-13,232.6621203182115
2,-13,387.6732621155336
2,-13,100.0
1,-13,100.0
1,-13,1031.3653576288248
1,-13,1800.0
1,-12,100.0
1,-12,100.0
1,-12,241.98644942630767
1,-13,100.0
1,-13,100.0
1,-13,100.0
0,-13,115.89997739084556
0,-13,435.5073678491424
0,-13,426.10481943641554
-1,-13,100.0
-1,-13,678.3569775095938
-1,-13,370.55436556030406
-2,-13,440.4081111819639
-2,-13,274.6559043072193
-2,-13,109.0394285884477
-1,-13,132.27831951327974
-1,-13,1017.8071112283188
-1,-13,548.0081325782919
-1,-14,536.4543186436731
-1,-14,199.3782951996337
-1,-14,100.0
