12,-7,1019.7094451977866
12,-7,100.0
12,-6,100.0
12,-6,876.9690835009098
12,-6,330.3376323787945
12,-5,717.4429490956659
12,-5,248.4056641889979
12,-5,204.21071558498738
12,-4,100.0
12,-4,1086.3320276540271
12,-4,419.5322386304297
12,-5,627.8504929040594
12,-5,100.0
12,-5,630.8015402392489
12,-4,100.0
12,-4,100.0
12,-4,100.0
12,-3,483.7388455110414
12,-3,1203.539889461721
12,-3,149.77604709370524
12,-2,775.7191803656428
12,-2,859.0224998071756
12,-2,1192.1634411652003
12,-1,100.0
12,-1,1043.6834303855294
12,-1,1185.7721323113046
12,0,563.0964421007773
12,0,640.9944073420695
12,0,427.0997299630599
12,-1,100.0
12,-1,391.71033569770486
12,-1,100.0
12,0,100.0
12,0,966.304580302217
12,0,823.0416193777301
12,-1,741.9146904505222
12,-1,100.0
12,-1,208.60463687469297
12,0,145.01961345613717
12,0,100.0
12,0,248.18181241890758
12,1,1113.4704910290486
12,1,1134.0739216835982
12,1,995.370396948289
12,2,806.3764027127468
12,2,279.14959684434746
12,2,1342.9291931545476
12,3,245.61119553436157
12,3,100.0
12,3,385.4712299259775
12,4,640.4915056447722
12,4,623.0166398628522
12,4,100.0
12,5,100.0
12,5,119.97045297239384
12,5,100.0
12,6,100.0
12,6,167.42884266761865
12,6,170.84195792190943
12,5,100.0
12,5,103.58673031879363
12,5,100.0
12,4,1800.0
12,4,100.0
12,4,518.9010093946232
12,3,100.0
12,3,725.8385922519751
12,3,335.37328565040576
12,4,100.0
12,4,208.64585500930383
12,4,100.0
12,5,222.74847955273958
12,5,236.15019696156227
12,5,100.0
12,6,1055.8120417616237
12,6,237.60930776738053
12,6,1800.0
12,7,602.9457080618874
12,7,478.8628603264582
12,7,100.0
12,6,249.49408668057805
12,6,100.0
12,6,776.2626870345459
12,7,100.0
12,7,628.6732029579027
12,7,1273.2843307024625
12,8,185.92380121045522
12,8,360.87614131803736
12,8,502.76717542625494
12,9,258.7402613826644
12,9,100.0
12,9,358.19297179407886
12,10,100.0
12,10,753.2724526075613
12,10,998.7951880252554
12,11,590.5122179947558
12,11,100.0
12,11,227.80104899323976
12,12,100.0
12,12,428.9431243624757
12,12,100.0
11,12,100.0
11,12,184.48213309663282
11,12,100.0
10,12,100.0
10,12,100.0
10,12,465.56601310062234
11,12,197.69820720004515
11,12,100.0
11,12,211.23747174645763
10,12,211.26798680885153
10,12,100.0
10,12,174.3359326482644
9,12,100.0
9,12,429.6051714871227
9,12,100.0
8,12,459.4022184800566
8,12,634.9310608668832
8,12,341.69987161173697
7,12,437.27656356580013
7,12,182.22529757608717
7,12,406.3982191357758
7,11,346.01205174834047
7,11,340.35007016607744
7,11,100.0
8,11,1569.3663151480494
8,11,1111.179895224369
8,11,1084.156451382818
8,10,1044.8675567006544
8,10,258.7048812386639
8,10,1800.0
8,9,100.0
8,9,1510.6849256094224
8,9,1617.6373629675525
7,9,309.2095001193472
7,9,611.6998861863839
7,9,771.9887083167878
7,8,100.0
7,8,100.0
7,8,655.2688935954872
6,8,143.45602964227695
6,8,849.4956665981686
6,8,365.46924061583474
6,7,915.5268960348542
6,7,273.0087325974597
6,7,499.89602586062745
6,6,1094.3311718244431
6,6,1212.664255023017
6,6,100.0
5,6,176.24382923781548
5,6,1585.1335924957807
5,6,420.94758269763696
5,5,746.4441070528965
5,5,725.8988807030116
5,5,1048.6807689598995
5,4,100.0
5,4,100.0
5,4,1127.6309411261977
5,3,1792.546769198243
5,3,1800.0
5,3,115.08472049605518
5,2,341.4575605715668
5,2,1347.5424250311364
5,2,100.0
5,1,853.7848678655828
5,1,1800.0
5,1,100.0
5,2,1108.4464951914492
5,2,629.4442603515815
5,2,924.739178415237
5,1,1563.7394970169719
5,1,256.1601517742399
5,1,1048.9527753425093
4,1,1060.9348352785948
4,1,1212.2555876253903
4,1,290.2454666693516
4,0,1800.0
4,0,1005.3249503430679
4,0,382.5410334958691
3,0,670.5109416204762
3,0,899.0871411311964
3,0,537.0211150608117
2,0,1120.3698966806214
2,0,1237.8285969403157
2,0,369.59002160380805
1,0,459.16357262665656
1,0,1800.0
1,0,1800.0
1,-1,242.8103607436949
1,-1,637.0768315521746
1,-1,350.57944731776865
1,-2,423.3255043039462
1,-2,1800.0
1,-2,824.5374596680763
2,-2,859.3376022108306
2,-2,1345.7504877809838
2,-2,870.4793633041768
2,-3,1584.4321765160305
2,-3,1554.606935823082
2,-3,1281.8158772305824
1,-3,556.9906162953184
1,-3,1785.359703983946
1,-3,1800.0
1,-4,1543.997358712164
1,-4,675.0150497706791
1,-4,657.0936853145704
1,-5,483.8498975907582
1,-5,482.74510411209565
1,-5,798.0489318578851
1,-4,774.2019979324648
1,-4,250.31753598041018
1,-4,1786.0838799622134
0,-4,785.7891240807955
0,-4,219.48858599558196
0,-4,1516.7675176827197
0,-3,1625.2919281225659
0,-3,1194.0476573429
0,-3,100.0
0,-4,869.6152001266968
0,-4,100.0
0,-4,1708.5613415098865
0,-5,332.67162128253665
0,-5,673.1680112413819
0,-5,582.4567851720436
0,-6,599.3704820554344
0,-6,368.5729834790301
0,-6,1163.0395885541673
0,-7,949.7389644027046
0,-7,435.8491122381345
0,-7,835.7505731808401
0,-8,241.84799720610238
0,-8,100.0
0,-8,691.6409726042747
0,-7,844.988973512834
0,-7,687.5772965958392
0,-7,778.5467044757708
0,-8,412.2626017348118
0,-8,624.432252755092
0,-8,571.4259488636171
0,-9,498.4872380756091
0,-9,634.6140138720262
0,-9,1800.0
0,-10,100.0
0,-10,341.4229526647128
0,-10,100.0
0,-9,302.3290991146101
0,-9,1052.4960150288002
0,-9,170.11284337454077
0,-10,762.6873436465347
0,-10,1414.2964289244514
0,-10,801.1059478271524
0,-11,164.143804618471
0,-11,820.8476423884952
0,-11,100.0
0,-12,173.4102683033247
0,-12,204.96175915354905
0,-12,521.7150658482055
0,-11,100.0
0,-11,100.0
0,-11,1066.3296386143843
0,-10,1712.63590369637
0,-10,1063.2374518290153
0,-10,325.67592381128696
0,-9,1121.5513065638
0,-9,100.0
0,-9,617.3923327201087
0,-10,728.4264885172428
0,-10,341.9210231261255
0,-10,100.0
0,-9,1311.8280315287116
0,-9,940.6131714827334
0,-9,776.1921063899033
0,-8,768.3617061763458
0,-8,648.1209867898384
0,-8,270.19409494066105
0,-9,1057.7039565469854
0,-9,103.75945369007479
0,-9,100.36048849021222
0,-10,100.0
0,-10,1556.547457267055
0,-10,1030.5079973840375
0,-9,545.8609299343552
0,-9,1129.3520321690348
0,-9,100.0
0,-8,561.6189638855963
0,-8,1717.6526800272823
0,-8,737.0378288402227
0,-7,998.9491962377863
0,-7,1360.0014703769532
0,-7,553.2893606076274
0,-6,578.3403387053309
0,-6,1220.563097894988
0,-6,1755.4155261430674
0,-5,100.0
0,-5,1026.0491385708265
0,-5,1099.6379994283989
0,-4,587.9682615477178
0,-4,1437.4050823462446
0,-4,458.9808828149304
0,-3,1250.6598727494982
0,-3,1789.9432288385317
0,-3,623.6323802481268
0,-2,1253.422681502825
0,-2,1219.1224032879084
0,-2,914.9217435448918
0,-1,451.67736617123546
0,-1,881.3590208784274
0,-1,767.8515406133373
0,0,690.4732231216768
0,0,1135.3337415642955
0,0,1084.7588567722378
0,1,100.0
0,1,1664.210216815642
0,1,1316.1106901123508
0,2,290.39285914113776
0,2,1020.4931125560887
0,2,457.2513631951442
0,3,766.2232068206933
0,3,282.5373282296463
0,3,1666.3451283206282
0,4,634.9448358869668
0,4,627.9052893219263
0,4,1274.7361589062011
0,5,875.2718800246001
0,5,742.35464587973
0,5,441.5735665894705
0,6,931.5430846890438
0,6,537.6660037993289
0,6,606.642317094553
0,7,1033.4823338173596
0,7,729.579818220474
0,7,1024.6179167792438
0,8,100.0
0,8,967.8920727842522
0,8,697.359688651374
0,9,182.61729480612672
0,9,1333.2090307458207
0,9,544.4052479189098
0,10,1302.225533173399
0,10,866.6627811485743
0,10,577.6714483447311
0,11,350.087746603131
0,11,100.0
0,11,100.0
0,12,475.5238188835675
0,12,871.6063182176088
0,12,527.2085336076439
0,13,478.9329925923656
0,13,483.4765977180207
0,13,227.86475724047688
0,12,1705.8548972214571
0,12,578.1023904884955
0,12,672.1839668190756
0,13,100.0
0,13,1058.8866871539021
0,13,100.0
0,14,100.0
0,14,1654.59843859665
0,14,111.75545447605401
0,15,367.93142985975896
0,15,100.0
0,15,100.0
0,16,607.9668822854064
0,16,100.0
0,16,100.0
0,17,100.0
0,17,100.0
0,17,100.0
0,16,169.36343292522326
0,16,100.0
0,16,100.0
0,17,100.0
0,17,100.0
0,17,100.0
0,18,100.0
0,18,100.0
0,18,100.0
0,17,355.9998131918608
0,17,100.0
0,17,100.0
0,18,100.0
0,18,100.0
0,18,100.0
0,19,100.0
0,19,100.0
0,19,100.0
0,20,100.0
0,20,355.4758678374762
0,20,100.0
0,19,153.1497665492426
0,19,224.45761944008302
0,19,100.0
0,18,100.0
0,18,100.0
0,18,100.0
0,17,353.73381791579953
0,17,501.64119963550434
0,17,100.0
0,16,100.0
0,16,314.7635230360105
0,16,100.0
0,15,164.76913626613606
0,15,100.0
0,15,1407.5915013716992
0,14,403.13985429591577
0,14,100.0
0,14,100.0
0,15,100.0
0,15,100.0
0,15,100.0
0,16,1313.278532753234
0,16,100.0
0,16,632.7805622926487
0,15,217.9363188646569
0,15,341.9140311545242
0,15,436.55311983316096
0,14,950.8474952653135
0,14,246.8970441820334
0,14,100.0
0,13,100.0
0,13,972.8312481654925
0,13,100.0
0,12,100.0
0,12,432.4897204713025
0,12,336.3782316718441
0,13,283.8361212564323
0,13,1245.7887430009027
0,13,502.6765976870171
-1,13,100.0
-1,13,100.0
-1,13,1310.8612982571617
-1,14,327.6320251732026
-1,14,618.7210376499994
-1,14,435.3633460998826
-1,13,455.9024342443352
-1,13,1202.2660350143506
-1,13,753.2637434452113
-1,12,1274.258503625772
-1,12,530.0440479023687
-1,12,465.817229365907
-1,11,413.4907486365513
-1,11,100.0
-1,11,100.0
-1,10,1225.0832915008652
-1,10,578.4909542038469
-1,10,100.0
-1,9,537.0101693883691
-1,9,100.0
-1,9,100.0
-1,8,1628.582373589481
-1,8,305.9247187484511
-1,8,1545.4311306872387
-2,8,979.4622291353804
-2,8,329.3228180702776
-2,8,1622.0225814209002
-2,7,100.0
-2,7,1600.161784472481
-2,7,402.5943368983203
-2,6,1275.3984791272774
-2,6,1242.7008030706136
-2,6,344.8608065988835
-2,5,100.0
-2,5,1025.743031100018
-2,5,877.8745727527698
-3,5,662.8138278688446
-3,5,297.3028391232
-3,5,927.7924084261489
-3,4,1560.6658056876474
-3,4,1735.0155774037485
-3,4,671.9408930959628
-3,3,1157.731415215784
-3,3,100.0
-3,3,1079.0806993757394
-3,2,1020.8127089206964
-3,2,1084.5281419701914
-3,2,1273.8894801989206
-3,1,1713.4950827463217
-3,1,527.9911389695917
-3,1,1118.0936073849514
-3,0,1023.5723442634926
-3,0,341.563739836458
-3,0,589.4936780740279
-3,-1,1577.5029472493004
-3,-1,1800.0
-3,-1,206.47058639247206
-3,-2,576.8684301679043
-3,-2,1175.8165401396095
-3,-2,1553.6333674203975
-3,-1,1418.1361992083348
-3,-1,1738.9100171355462
-3,-1,1409.9771355772627
-4,-1,1215.7063603246727
-4,-1,356.09760626753086
-4,-1,691.696716780866
-4,-2,100.0
-4,-2,619.2964102962922
-4,-2,808.6809998914723
-5,-2,203.21353917111946
-5,-2,1245.1949460982153
-5,-2,906.0554227414258
