12,-7,503.48930265055344
12,-7,50.0
12,-7,50.0
12,-7,242.6977238170037
12,-6,382.3504347018818
12,-6,469.68509315838276
12,-6,324.3602116612023
12,-6,50.0
12,-6,50.0
12,-5,50.0
12,-5,50.0
12,-5,507.29215490373724
12,-5,250.12067066474106
12,-5,50.0
12,-4,245.7805867676509
12,-4,50.0
12,-4,50.0
12,-4,277.5385769597614
12,-4,50.0
12,-5,50.0
12,-5,50.0
12,-5,173.76673131845592
12,-5,97.9005736519794
12,-5,50.0
12,-4,343.6905631689947
12,-4,244.86165982981896
12,-4,257.59310584927704
12,-4,50.0
12,-4,50.0
12,-3,344.15274526890596
12,-3,846.3718571851674
12,-3,344.3873427245584
12,-3,393.1155921015643
12,-3,900.0
12,-2,900.0
12,-2,349.03080586496947
12,-2,851.8395365835618
12,-2,648.0151781848824
12,-2,85.6995621049991
12,-1,307.4958359186931
12,-1,342.36671252087035
12,-1,496.0120365368276
12,-1,68.34946692048102
12,-1,284.00640669853874
12,0,449.6050815446804
12,0,264.0217259653159
12,0,785.0643312337726
12,0,50.0
12,0,480.6211811100145
12,-1,186.94644814409304
12,-1,110.71924673683185
12,-1,239.0159798401648
12,-1,444.57199711056717
12,-1,455.84823393017314
12,0,129.82179505679935
12,0,281.5945282009073
12,0,50.0
12,0,899.1113867595502
12,0,196.59347563442856
12,-1,900.0
12,-1,50.0
12,-1,269.1691465997744
12,-1,263.3515831891384
12,-1,50.0
12,0,368.0579986709897
12,0,50.0
12,0,100.3443979339898
12,0,540.4730180536106
12,0,437.18202431787427
12,1,50.0
12,1,323.35731725364315
12,1,50.0
12,1,249.1135185956453
12,1,900.0
12,2,50.0
12,2,50.0
12,2,381.71535987426546
12,2,362.56869088236306
12,2,50.0
12,3,303.58260126110076
12,3,79.79132784038046
12,3,50.0
12,3,513.981087027863
12,3,330.792603053098
12,4,50.0
12,4,66.744734626163
12,4,50.0
12,4,50.0
12,4,692.8304899686364
12,5,716.0446557380608
12,5,284.45950205468284
12,5,50.0
12,5,93.5824816775345
12,5,50.0
12,6,524.666344984521
12,6,546.6460376671254
12,6,373.1629804967061
12,6,86.71074953593455
12,6,50.0
12,5,102.91861074263588
12,5,50.0
12,5,131.42098563561484
12,5,490.8023252145366
12,5,488.5049793509623
12,4,303.9313852883488
12,4,165.7455473934678
12,4,584.8151297208933
12,4,201.69661136658556
12,4,822.9205121353193
12,3,50.0
12,3,65.16429117599361
12,3,50.0
12,3,147.71975778090786
12,3,406.64579238205255
12,4,244.8560072873871
12,4,50.0
12,4,496.7336560956624
12,4,344.8187012902941
12,4,900.0
12,5,563.0365699246047
12,5,50.0
12,5,50.0
12,5,50.0
12,5,68.0548629128138
12,6,289.1835978888437
12,6,50.0
12,6,419.60403170132366
12,6,194.49450429418965
12,6,50.0
12,7,399.49151746544857
12,7,104.34346229380773
12,7,50.0
12,7,511.15922039206146
12,7,454.4777961485325
12,6,50.0
12,6,150.0704724874196
12,6,50.0
12,6,341.9871399759654
12,6,264.26997827640326
12,7,397.0729922340015
12,7,153.01135093064866
12,7,158.87284915493933
12,7,50.0
12,7,50.0
12,8,83.14672321041724
12,8,751.2629261459039
12,8,96.24369358876478
12,8,250.7435390914666
12,8,50.0
12,9,50.0
12,9,826.8124240661916
12,9,155.56789815236698
12,9,50.0
12,9,50.0
12,10,197.30162608724348
12,10,59.387016695229235
12,10,50.0
12,10,50.0
12,10,50.0
12,11,50.0
12,11,50.0
12,11,50.0
12,11,50.0
12,11,50.0
12,12,50.0
12,12,50.0
12,12,409.76956312455036
12,12,50.0
12,12,50.0
11,12,50.0
11,12,50.0
11,12,50.0
11,12,239.08644927313142
11,12,50.0
10,12,175.0537587378154
10,12,50.0
10,12,405.71368709303977
10,12,50.0
10,12,538.2531446412381
11,12,50.0
11,12,50.0
11,12,61.48198710005853
11,12,50.0
11,12,50.0
10,12,50.0
10,12,698.6271358896696
10,12,278.88966307400926
10,12,432.10461852600565
10,12,50.0
9,12,50.0
9,12,258.0133083302095
9,12,367.12507383509444
9,12,402.0698632122193
9,12,529.5469224908389
8,12,50.0
8,12,50.0
8,12,241.735995958585
8,12,208.26237068834143
8,12,50.0
7,12,50.0
7,12,50.0
7,12,50.0
7,12,900.0
7,12,50.0
7,11,489.3745684968853
7,11,377.46153642285594
7,11,50.0
7,11,393.2521976568271
7,11,50.0
8,11,50.0
8,11,50.0
8,11,50.0
8,11,50.0
8,11,50.0
8,10,50.0
8,10,50.0
8,10,900.0
8,10,68.14573526727409
8,10,900.0
8,9,102.25002339769759
8,9,879.9397083043158
8,9,270.8489335903868
8,9,237.89343070777693
8,9,566.9868622437139
7,9,409.05861922631004
7,9,382.6777455241151
7,9,254.27201101678747
7,9,178.44343105102098
7,9,54.35875657372989
7,8,195.4670939215478
7,8,134.54048812095445
7,8,54.282868854558046
7,8,754.2447618363135
7,8,50.0
6,8,457.5295089086119
6,8,135.61386706526702
6,8,497.800527018503
6,8,361.5221566816616
6,8,407.51023797306937
6,7,900.0
6,7,439.73095673268386
6,7,50.0
6,7,566.5927671658756
6,7,435.1397045186492
6,6,191.61971895741752
6,6,277.8591149434295
6,6,317.4417834446107
6,6,148.96870630378928
6,6,53.55187232587957
5,6,50.15332330015249
5,6,112.86561594345943
5,6,200.9687559102324
5,6,355.9249262819844
5,6,156.14838870296012
5,5,559.3331948203198
5,5,377.0709872329907
5,5,227.08261679146636
5,5,256.7385385606917
5,5,488.6070288959419
5,4,825.6607725663766
5,4,50.0
5,4,50.0
5,4,298.67411423087117
5,4,145.1068630099541
5,3,900.0
5,3,50.0
5,3,900.0
5,3,88.42209773717235
5,3,50.0
5,2,297.642814167526
5,2,334.18039709957407
5,2,170.6668653215093
5,2,462.3690658171587
5,2,640.6065783902817
5,1,499.1274745175665
5,1,808.2000341779353
5,1,480.31542489271277
5,1,50.0
5,1,786.1012734016258
5,2,775.8782324475169
5,2,337.63456172798345
5,2,220.34506707931516
5,2,93.4626200045152
5,2,50.0
5,1,900.0
5,1,900.0
5,1,900.0
5,1,371.4790949177202
5,1,900.0
4,1,603.1169341911427
4,1,900.0
4,1,753.065595564843
4,1,315.029374443256
4,1,900.0
4,0,78.98706018807519
4,0,350.1061907094749
4,0,900.0
4,0,877.938757860683
4,0,434.40582115677023
3,0,900.0
3,0,900.0
3,0,613.0289691244988
3,0,900.0
3,0,735.1330246991533
2,0,286.37101987924115
2,0,251.79183665403352
2,0,900.0
2,0,622.6612017813641
2,0,162.30654698909498
1,0,756.8817132013048
1,0,900.0
1,0,900.0
1,0,900.0
1,0,413.68514818032514
1,-1,287.31232001335235
1,-1,58.99146452609523
1,-1,327.40150945006314
1,-1,425.09245212469165
1,-1,297.1943508128867
1,-2,129.00837458745002
1,-2,601.9969503567606
1,-2,641.6561945085353
1,-2,862.457884050872
1,-2,900.0
2,-2,311.67102092337217
2,-2,405.75634149496227
2,-2,263.66320797284857
2,-2,900.0
2,-2,406.79275963334254
2,-3,740.2491263309958
2,-3,172.67133190967917
2,-3,470.3424307039404
2,-3,900.0
2,-3,243.52349506115962
1,-3,868.7600487640091
1,-3,406.3473616791442
1,-3,861.0452729516446
1,-3,900.0
1,-3,900.0
1,-4,399.2319340393603
1,-4,737.1725688406906
1,-4,840.3227289981943
1,-4,114.4364547176564
1,-4,82.73484183993833
1,-5,650.4767760395262
1,-5,416.55908593719073
1,-5,50.0
1,-5,724.6005100730432
1,-5,707.3843056866883
1,-4,541.3392983872292
1,-4,819.6472779285268
1,-4,277.95227542615714
1,-4,768.7298120993357
1,-4,703.5325347511118
0,-4,586.5042407238022
0,-4,699.853626960341
0,-4,50.0
0,-4,169.61109517627398
0,-4,346.5915775567441
0,-3,900.0
0,-3,399.0539795720075
0,-3,652.018027102637
0,-3,616.9193291625435
0,-3,87.72357754872371
0,-4,708.2932169763275
0,-4,777.5495185110854
0,-4,433.05012515551823
0,-4,199.51811090006564
0,-4,405.6398441753183
0,-5,202.1751423696096
0,-5,229.8203927662427
0,-5,900.0
0,-5,864.8745637454546
0,-5,556.71445259098
0,-6,161.2778014497179
0,-6,449.9152687225046
0,-6,681.7134806089607
0,-6,478.0882721934335
0,-6,489.4719509527115
0,-7,50.0
0,-7,50.0
0,-7,564.6202485288794
0,-7,515.5242358153796
0,-7,900.0
0,-8,50.0
0,-8,362.04013188328366
0,-8,50.0
0,-8,648.1185083772034
0,-8,333.95564008216076
0,-7,900.0
0,-7,50.0
0,-7,562.7812042955485
0,-7,900.0
0,-7,242.80848531289257
0,-8,900.0
0,-8,608.2591636190139
0,-8,415.6528978445021
0,-8,476.7875923020909
0,-8,380.205449404717
0,-9,50.0
0,-9,208.75006194092458
0,-9,129.8208493924671
0,-9,500.3964142688434
0,-9,656.7248729512804
0,-10,50.0
0,-10,812.6367295212266
0,-10,202.28506903290125
0,-10,147.26950213038384
0,-10,102.73800249661679
0,-9,807.1966789688531
0,-9,50.0
0,-9,470.29060335723
0,-9,837.6296961908371
0,-9,393.9552380824856
0,-10,900.0
0,-10,804.0579311787218
0,-10,50.0
0,-10,757.5565971974063
0,-10,900.0
0,-11,315.6760844183271
0,-11,620.0257534158624
0,-11,360.4543399791837
0,-11,50.0
0,-11,291.3795774509664
0,-12,737.0595695446204
0,-12,659.5463082569413
0,-12,50.0
0,-12,50.0
0,-12,50.0
0,-11,50.0
0,-11,729.2045875007764
0,-11,483.9643796349184
0,-11,50.0
0,-11,120.54506323595447
0,-10,50.0
0,-10,50.0
0,-10,188.0205417417107
0,-10,430.26116849823813
0,-10,490.4134820745286
0,-9,608.7593800548179
0,-9,392.5537034652214
0,-9,900.0
0,-9,332.7337288123291
0,-9,196.75839974061367
0,-10,263.3164894513428
0,-10,50.0
0,-10,404.3339454211703
0,-10,50.0
0,-10,602.7257119271974
0,-9,725.1584907114498
0,-9,298.7830204823068
0,-9,634.2824684286693
0,-9,460.25925247024537
0,-9,404.5403486011228
0,-8,177.5587009814894
0,-8,283.9984563412153
0,-8,541.5000546311376
0,-8,118.16819427980224
0,-8,494.07169649420393
0,-9,222.49165796532847
0,-9,319.1821379833338
0,-9,559.390027753031
0,-9,298.63258831356103
0,-9,50.0
0,-10,50.0
0,-10,50.0
0,-10,269.044278874875
0,-10,864.930482858662
0,-10,50.0
0,-9,225.82280925787217
0,-9,328.40891030524153
0,-9,900.0
0,-9,50.0
0,-9,254.7420028866436
0,-8,50.0
0,-8,900.0
0,-8,573.0495318054861
0,-8,195.44693276989454
0,-8,440.65932026131077
0,-7,305.7078831420356
0,-7,439.94531553107026
0,-7,50.0
0,-7,900.0
0,-7,50.0
0,-6,584.7806304686239
0,-6,900.0
0,-6,495.94273557977783
0,-6,861.2433421613283
0,-6,108.66314270687587
0,-5,900.0
0,-5,50.0
0,-5,50.0
0,-5,50.0
0,-5,766.2526259724235
0,-4,743.3684452288926
0,-4,471.7830498014996
0,-4,182.14921160088375
0,-4,445.2585554420446
0,-4,464.76806214588646
0,-3,900.0
0,-3,900.0
0,-3,701.7438995829073
0,-3,674.4297605748187
0,-3,870.3936160614293
0,-2,68.24988353267668
0,-2,643.0179791986197
0,-2,259.5702763701539
0,-2,900.0
0,-2,265.3956473590951
0,-1,661.0459036396616
0,-1,834.3214469734346
0,-1,876.7948550425469
0,-1,668.685767636306
0,-1,900.0
0,0,900.0
0,0,900.0
0,0,857.7797178423463
0,0,900.0
0,0,564.6475756488998
0,1,413.5453550069411
0,1,735.3735912706375
0,1,654.2709777124091
0,1,559.2328041507703
0,1,366.00355158321065
0,2,900.0
0,2,820.1207406417138
0,2,900.0
0,2,145.76700130962737
0,2,437.2640253228085
0,3,532.3821373307303
0,3,900.0
0,3,325.27401061195906
0,3,489.35384417058094
0,3,125.5378019261318
0,4,891.8729073380973
0,4,301.9775168362771
0,4,208.376961902291
0,4,900.0
0,4,590.9479205626734
0,5,479.69223697606685
0,5,63.74027046406317
0,5,755.2424821718225
0,5,553.4612485038562
0,5,50.0
0,6,502.91876796702337
0,6,487.7137042686469
0,6,520.851018199538
0,6,328.3232412117411
0,6,900.0
0,7,295.13661303645665
0,7,617.6263034777257
0,7,695.3606310012466
0,7,50.0
0,7,50.0
0,8,495.20832467876045
0,8,495.25473191807225
0,8,451.4205849123024
0,8,297.1565329206152
0,8,284.5218712566721
0,9,431.9595335005983
0,9,900.0
0,9,91.5189627201924
0,9,50.0
0,9,610.2602650043511
0,10,900.0
0,10,340.75575107783635
0,10,431.6013719043517
0,10,339.9559097177184
0,10,50.0
0,11,265.9275712923628
0,11,225.89673205701618
0,11,575.8150251829095
0,11,415.2686281691138
0,11,255.7753682755408
0,12,50.0
0,12,53.51916275097989
0,12,203.6993444645977
0,12,399.28606259011656
0,12,207.07507608232416
0,13,50.0
0,13,216.8854842293618
0,13,158.99052491541624
0,13,107.2739623426535
0,13,187.21471910277072
0,12,50.0
0,12,736.2982275728135
0,12,50.0
0,12,70.31450470605503
0,12,50.0
0,13,190.37167436866002
0,13,601.1798463865435
0,13,81.12257866250582
0,13,240.9145945546113
0,13,309.3438374039006
0,14,198.9959554713687
0,14,853.7538161355606
0,14,205.84108870131217
0,14,50.0
0,14,50.0
0,15,50.0
0,15,741.1109653431964
0,15,495.0589324532083
0,15,50.0
0,15,337.33635163756173
0,16,119.30209390582746
0,16,50.0
0,16,900.0
0,16,50.0
0,16,175.19266573360179
0,17,238.89496341024494
0,17,50.0
0,17,900.0
0,17,62.878770569131206
0,17,340.58679561667697
0,16,50.0
0,16,411.3577135590486
0,16,79.72829323897395
0,16,50.0
0,16,50.0
0,17,50.0
0,17,50.0
0,17,256.97143327294674
0,17,50.0
0,17,601.8836435094925
0,18,245.78580190429903
0,18,80.19968197379205
0,18,436.89241344192396
0,18,171.57822478066458
0,18,50.0
0,17,59.59068957672724
0,17,50.0
0,17,50.0
0,17,50.0
0,17,527.4526721569845
0,18,54.91115756180949
0,18,900.0
0,18,50.0
0,18,268.14124033945154
0,18,50.0
0,19,50.0
0,19,50.0
0,19,50.0
0,19,50.0
0,19,50.0
0,20,50.0
0,20,53.70883422308333
0,20,50.0
0,20,50.0
0,20,50.0
0,19,422.01648318144976
0,19,317.0970440798657
0,19,50.0
0,19,50.0
0,19,50.0
0,18,82.98428372724058
0,18,50.0
0,18,50.0
0,18,50.0
0,18,50.0
0,17,50.0
0,17,50.0
0,17,294.7240170361724
0,17,50.0
0,17,50.0
0,16,50.0
0,16,109.59774444671916
0,16,50.0
0,16,50.0
0,16,307.7831552248073
0,15,50.0
0,15,50.0
0,15,50.0
0,15,60.61477101366124
0,15,50.0
0,14,538.4217254480694
0,14,527.5801308748678
0,14,219.77612073425303
0,14,108.94502633811825
0,14,50.0
0,15,99.09791246571973
0,15,297.34307816339776
0,15,50.0
0,15,900.0
0,15,50.0
0,16,50.0
0,16,50.0
0,16,50.0
0,16,50.0
0,16,50.0
0,15,50.0
0,15,50.0
0,15,50.0
0,15,50.0
0,15,180.3685201840227
0,14,900.0
0,14,50.0
0,14,84.06479760377505
0,14,302.8033885400697
0,14,50.0
0,13,203.5834140454968
0,13,382.3043424466909
0,13,900.0
0,13,50.0
0,13,259.75613803436596
0,12,213.5495802815775
0,12,697.1383204297821
0,12,126.93024800382635
0,12,530.4460637587939
0,12,50.0
0,13,202.76920173617816
0,13,50.04015162131341
0,13,196.38633015407254
0,13,614.0777552614561
0,13,50.0
-1,13,208.2257468081049
-1,13,294.8477253615995
-1,13,635.6236369164849
-1,13,900.0
-1,13,152.72430596037796
-1,14,218.4787396100821
-1,14,804.2710796755497
-1,14,132.9859556231724
-1,14,50.0
-1,14,50.0
-1,13,690.6973036006801
-1,13,123.64563051006003
-1,13,50.0
-1,13,900.0
-1,13,216.770302692397
-1,12,724.4570364631853
-1,12,166.39374654344806
-1,12,50.0
-1,12,50.0
-1,12,286.20083422182205
-1,11,389.6015634979354
-1,11,330.42598415844185
-1,11,823.0416464398561
-1,11,50.0
-1,11,50.0
-1,10,714.0085013293543
-1,10,308.6660261087888
-1,10,328.350524548041
-1,10,50.0
-1,10,900.0
-1,9,456.8153768255689
-1,9,308.6823502297438
-1,9,752.4440259577486
-1,9,162.24084086781522
-1,9,50.0
-1,8,900.0
-1,8,50.0
-1,8,573.74862815776
-1,8,143.87764647577578
-1,8,193.280371612054
-2,8,50.0
-2,8,193.79892949004392
-2,8,50.0
-2,8,50.0
-2,8,611.391647713248
-2,7,900.0
-2,7,581.3508067679131
-2,7,540.5879227422341
-2,7,214.98550432789483
-2,7,286.24538995740255
-2,6,457.599107289148
-2,6,599.728120330011
-2,6,543.3311593782482
-2,6,583.8917683877864
-2,6,284.2367761220294
-2,5,336.437688311129
-2,5,747.1036290801702
-2,5,50.0
-2,5,648.8857865534477
-2,5,50.0
-3,5,275.44219726601744
-3,5,897.1756984268816
-3,5,880.5318651000933
-3,5,263.320070524513
-3,5,214.30734872416406
-3,4,900.0
-3,4,50.0
-3,4,642.8705002488933
-3,4,487.87002205780425
-3,4,272.40439827886144
-3,3,429.31858734900146
-3,3,900.0
-3,3,464.6870094584474
-3,3,50.0
-3,3,477.8027620283193
-3,2,380.66509702351516
-3,2,900.0
-3,2,486.13202081751774
-3,2,900.0
-3,2,900.0
-3,1,396.13361810097155
-3,1,900.0
-3,1,384.4079496543227
-3,1,50.0
-3,1,806.9879706365699
-3,0,475.9034790780621
-3,0,511.4485454670319
-3,0,900.0
-3,0,174.7875561232813
-3,0,476.5675078216584
-3,-1,655.3998056413192
-3,-1,50.0
-3,-1,752.6333842959758
-3,-1,743.5604028495097
-3,-1,612.177592097516
-3,-2,576.2385289498636
-3,-2,900.0
-3,-2,601.642754697781
-3,-2,900.0
-3,-2,451.42648020346115
-3,-1,481.8119724290714
-3,-1,900.0
-3,-1,513.3003143646749
-3,-1,656.5789531461729
-3,-1,50.0
-4,-1,220.46847278740734
-4,-1,900.0
-4,-1,777.2337534495243
-4,-1,537.0630005064395
-4,-1,900.0
-4,-2,275.3887688080003
-4,-2,570.1978399880734
-4,-2,365.1920695044916
-4,-2,142.43268993498344
-4,-2,443.402022358021
-5,-2,374.8505464288212
-5,-2,218.73726845775866
-5,-2,170.57144140560257
-5,-2,318.622335955751
-5,-2,458.0739296233504
-5,-1,466.004209527452
-5,-1,717.8899070845016
-5,-1,591.5963608691563
-5,-1,900.0
-5,-1,695.1576514882511
-5,-2,346.3991469966031
-5,-2,467.02475772466005
-5,-2,50.0
-5,-2,900.0
-5,-2,105.26627136119743
-5,-3,358.41145582670663
-5,-3,441.21866250396863
-5,-3,800.4779297130165
-5,-3,856.1776439101357
-5,-3,116.57104519330414
-5,-4,130.93408774653602
-5,-4,854.664047749053
-5,-4,510.08502263828416
-5,-4,209.40844350874903
-5,-4,211.3711976908586
-5,-5,740.2384175032164
-5,-5,255.12059120315018
-5,-5,812.2344775149288
-5,-5,455.23505400084036
-5,-5,557.1293022390977
-5,-6,559.0790938219859
-5,-6,160.65140905332584
-5,-6,579.6802783796202
-5,-6,699.2662102849116
-5,-6,529.3537420984904
-6,-6,401.914055037781
-6,-6,261.0152548952463
-6,-6,637.1653994701264
-6,-6,329.24750833978186
-6,-6,755.0627521492283
-6,-7,649.9356172610542
-6,-7,50.0
-6,-7,581.2425989827099
-6,-7,513.5270863065557
-6,-7,505.74311331947166
-6,-8,50.0
-6,-8,50.0
-6,-8,50.0
-6,-8,649.7045444511582
-6,-8,812.517737894115
-6,-9,303.2674470172697
-6,-9,779.4360130794448
-6,-9,50.0
-6,-9,832.244816834625
-6,-9,201.62036442957069
-6,-10,193.8577394634485
-6,-10,725.175111392763
-6,-10,50.0
-6,-10,134.9999746264705
-6,-10,66.31360063276007
-6,-11,539.4042576938181
-6,-11,50.0
-6,-11,768.683077428034
-6,-11,50.0
-6,-11,220.38566399109175
-6,-12,900.0
-6,-12,50.0
-6,-12,598.0313942152502
-6,-12,376.9988078114436
-6,-12,491.28697675422546
-6,-13,345.4076271891901
-6,-13,192.174599722151
-6,-13,311.1803787202661
-6,-13,368.2141812985666
-6,-13,50.0
-6,-14,293.63447551303
-6,-14,50.0
-6,-14,50.0
-6,-14,283.749245346683
-6,-14,621.440557124504
-7,-14,50.0
-7,-14,50.0
-7,-14,50.0
-7,-14,50.0
-7,-14,50.0
-7,-15,88.69639827980839
-7,-15,50.0
-7,-15,50.0
-7,-15,50.0
-7,-15,342.10051871087904
-7,-14,50.0
-7,-14,217.5650819494258
-7,-14,324.52170348326166
-7,-14,50.0
-7,-14,106.50752958169076
-7,-15,50.0
-7,-15,50.0
-7,-15,50.0
-7,-15,104.94998836491916
-7,-15,50.0
-7,-16,50.0
-7,-16,90.82387871258653
-7,-16,50.0
-7,-16,89.72124614424794
-7,-16,50.0
-7,-17,50.0
-7,-17,198.55298119940983
-7,-17,50.0
-7,-17,50.0
-7,-17,50.0
-7,-18,50.0
-7,-18,50.0
-7,-18,50.0
-7,-18,50.0
-7,-18,50.0
-7,-17,292.8222931542374
-7,-17,50.0
-7,-17,50.0
-7,-17,50.0
-7,-17,50.0
-7,-16,549.2300380688097
-7,-16,56.092813330641576
-7,-16,50.0
-7,-16,647.4814829501435
-7,-16,50.0
-7,-17,377.74923724512746
-7,-17,86.02047220011004
-7,-17,50.0
-7,-17,50.0
-7,-17,50.0
-8,-17,50.0
-8,-17,50.0
-8,-17,50.0
-8,-17,50.0
-8,-17,80.71539882108038
-8,-18,50.0
-8,-18,170.95988369100664
-8,-18,54.19730752850441
-8,-18,619.6767264927356
-8,-18,97.61048925981618
-8,-19,50.0
-8,-19,50.0
-8,-19,50.0
-8,-19,50.0
-8,-19,176.31471492527731
-8,-20,50.0
-8,-20,50.0
-8,-20,50.0
-8,-20,50.0
-8,-20,50.0
-7,-20,50.0
-7,-20,50.0
-7,-20,76.50894935313445
-7,-20,50.0
-7,-20,406.9504842021039
-6,-20,50.0
-6,-20,50.0
-6,-20,586.2282924397654
-6,-20,50.0
-6,-20,505.07644338313503
-5,-20,50.0
-5,-20,50.0
-5,-20,513.256395765318
-5,-20,375.78055763144687
-5,-20,50.0
-6,-20,50.0
-6,-20,55.52533779528652
-6,-20,50.0
-6,-20,50.0
-6,-20,50.0
-5,-20,50.0
