12,-7,135.93698153009393
12,-7,392.702311613197
12,-7,50.0
12,-7,325.29002003989524
12,-6,174.12408870773376
12,-6,50.0
12,-6,283.5919157991624
12,-6,50.0
12,-6,50.0
12,-5,297.80463258036286
12,-5,455.55493268814934
12,-5,819.4127760515898
12,-5,50.0
12,-5,369.3403737473976
12,-4,343.69338657140116
12,-4,900.0
12,-4,900.0
12,-4,50.0
12,-4,210.10161714673913
12,-5,900.0
12,-5,900.0
12,-5,661.4635649691281
12,-5,50.0
12,-5,900.0
12,-4,380.3358371652783
12,-4,50.0
12,-4,50.0
12,-4,50.0
12,-4,50.0
12,-3,900.0
12,-3,50.0
12,-3,398.22827404064986
12,-3,900.0
12,-3,419.581045757785
12,-2,900.0
12,-2,825.0031196762491
12,-2,133.42838799573204
12,-2,50.0
12,-2,116.64947933689031
12,-1,578.6540043451547
12,-1,50.0
12,-1,366.83806122096144
12,-1,519.3521640736136
12,-1,50.0
12,0,50.0
12,0,373.02722413607
12,0,414.5589873298949
12,0,356.5058903001336
12,0,50.0
12,-1,50.0
12,-1,363.27818943971204
12,-1,126.39031576738856
12,-1,50.0
12,-1,900.0
12,0,172.82971587336974
12,0,203.7009713072478
12,0,750.7541644711472
12,0,487.4106691274577
12,0,900.0
12,-1,50.0
12,-1,436.08509452302303
12,-1,50.0
12,-1,363.674094859024
12,-1,50.0
12,0,363.96532104483094
12,0,50.0
12,0,220.28562045934075
12,0,50.0
12,0,50.0
12,1,50.0
12,1,638.5172440790917
12,1,900.0
12,1,156.47489417058722
12,1,142.8296668645068
12,2,900.0
12,2,50.0
12,2,50.0
12,2,50.0
12,2,411.8932807677536
12,3,217.62114035887953
12,3,50.0
12,3,50.0
12,3,365.43191665944414
12,3,50.0
12,4,635.4662470716673
12,4,351.6513287344976
12,4,435.91539397263796
12,4,329.5680594053163
12,4,50.0
12,5,445.3731913576341
12,5,900.0
12,5,50.0
12,5,416.9863889829114
12,5,164.48734832722775
12,6,289.9159446210715
12,6,222.71784726002906
12,6,50.0
12,6,50.0
12,6,50.0
12,5,378.20610312046347
12,5,50.0
12,5,900.0
12,5,315.1876615591839
12,5,467.7181867985375
12,4,284.7795154441225
12,4,50.0
12,4,237.67970646327535
12,4,472.30491108003105
12,4,821.4856448436035
12,3,361.38727692004846
12,3,606.2632797734663
12,3,275.74260750389266
12,3,736.9576710116692
12,3,256.78724802856993
12,4,629.104351636607
12,4,50.0
12,4,50.0
12,4,50.0
12,4,658.1208463869863
12,5,50.0
12,5,692.0266343659193
12,5,50.0
12,5,50.0
12,5,181.95067495018742
12,6,50.0
12,6,415.3839467530928
12,6,186.94278896641924
12,6,107.90957839832822
12,6,102.97201421005113
12,7,237.46671644368217
12,7,383.6553998398582
12,7,438.3753903321446
12,7,50.0
12,7,50.0
12,6,50.0
12,6,438.1467233085176
12,6,265.9429169897976
12,6,712.838988242421
12,6,742.7977049986882
12,7,175.87351812042786
12,7,50.0
12,7,694.3683835085084
12,7,50.0
12,7,282.10441785968186
12,8,274.71680424615863
12,8,50.0
12,8,273.8536268707881
12,8,140.36187268160293
12,8,151.54724546961188
12,9,424.4583944493403
12,9,50.0
12,9,764.2137908915955
12,9,311.1277018773509
12,9,637.4120637696942
12,10,452.975182677024
12,10,50.0
12,10,900.0
12,10,50.0
12,10,50.0
12,11,542.2830965465524
12,11,50.0
12,11,314.8923587985412
12,11,50.0
12,11,108.73844000704347
12,12,50.0
12,12,50.0
12,12,50.0
12,12,900.0
12,12,50.0
11,12,550.5546368667909
11,12,50.0
11,12,50.0
11,12,782.337514247389
11,12,429.8711370946899
10,12,50.0
10,12,422.42812566687564
10,12,77.55510935228334
10,12,50.0
10,12,272.8256064602599
11,12,501.2521619291483
11,12,50.0
11,12,153.57056913927426
11,12,50.0
11,12,50.0
10,12,437.1155587212851
10,12,50.0
10,12,50.0
10,12,50.0
10,12,50.0
9,12,900.0
9,12,50.0
9,12,50.0
9,12,50.0
9,12,50.0
8,12,50.0
8,12,285.4022439018519
8,12,393.9645792017774
8,12,50.0
8,12,657.5671755120476
7,12,189.6259071398077
7,12,50.0
7,12,111.8353199316187
7,12,586.5666441736216
7,12,50.0
7,11,900.0
7,11,50.0
7,11,357.1501620334135
7,11,50.0
7,11,82.29658312192791
8,11,50.0
8,11,50.0
8,11,742.817116848754
8,11,50.0
8,11,50.0
8,10,428.28628273454683
8,10,900.0
8,10,50.0
8,10,715.8921166507772
8,10,50.0
8,9,405.476970625175
8,9,278.56117207024727
8,9,673.7393022217526
8,9,590.503333314412
8,9,50.0
7,9,50.0
7,9,366.148731356823
7,9,50.0
7,9,385.08293061700084
7,9,540.6578626778879
7,8,574.4845409327468
7,8,140.5379178804084
7,8,466.1304926720208
7,8,900.0
7,8,834.5750006994672
6,8,821.6836207502156
6,8,198.49914472037796
6,8,50.0
6,8,50.0
6,8,222.38814543454038
6,7,900.0
6,7,900.0
6,7,50.0
6,7,900.0
6,7,470.5065944694072
6,6,546.6697714764177
6,6,130.25617974238753
6,6,900.0
6,6,150.88152932120136
6,6,50.0
5,6,50.0
5,6,439.0080342118609
5,6,844.3339038516303
5,6,582.7772827470465
5,6,413.84017300078096
5,5,273.34672793800553
5,5,232.44792024706246
5,5,630.3549878562574
5,5,900.0
5,5,900.0
5,4,550.5490921091723
5,4,900.0
5,4,50.0
5,4,323.892066013936
5,4,537.1127868715886
5,3,250.73792793091877
5,3,835.1567686618695
5,3,676.6972481862588
5,3,511.23112609352756
5,3,900.0
5,2,631.4171307907392
5,2,459.6944836820938
5,2,394.9329782417232
5,2,900.0
5,2,522.7626551977615
5,1,577.2138036100038
5,1,368.0683022060619
5,1,50.0
5,1,900.0
5,1,762.9700544361131
5,2,900.0
5,2,900.0
5,2,900.0
5,2,829.0075417351642
5,2,68.41707707214772
5,1,546.3157751750501
5,1,504.9081026900335
5,1,458.102208355715
5,1,559.1473475909507
5,1,436.1091285577964
4,1,900.0
4,1,229.73123660662503
4,1,876.4315924826484
4,1,526.054708552451
4,1,900.0
4,0,625.1369041690511
4,0,900.0
4,0,115.04111563869566
4,0,590.9528186194685
4,0,118.11584281997659
3,0,900.0
3,0,780.9237656952165
3,0,414.34774567386984
3,0,885.147022445963
3,0,900.0
2,0,491.303002134394
2,0,237.62445165035695
2,0,900.0
2,0,50.0
2,0,900.0
1,0,900.0
1,0,900.0
1,0,50.0
1,0,512.4779588850163
1,0,380.09021433572036
1,-1,900.0
1,-1,900.0
1,-1,282.0173768907149
1,-1,900.0
1,-1,900.0
1,-2,818.9193491903126
1,-2,900.0
1,-2,50.0
1,-2,900.0
1,-2,625.2772583973299
2,-2,649.7842321246934
2,-2,900.0
2,-2,900.0
2,-2,900.0
2,-2,50.0
2,-3,900.0
2,-3,876.256570820229
2,-3,900.0
2,-3,900.0
2,-3,900.0
1,-3,591.1008548724049
1,-3,183.49500790094748
1,-3,538.2839234480974
1,-3,50.0
1,-3,791.9772119030486
1,-4,675.8235976382077
1,-4,787.2861593966711
1,-4,541.1669689888939
1,-4,718.977150326118
1,-4,595.5099671272999
1,-5,600.0440067818245
1,-5,900.0
1,-5,900.0
1,-5,50.0
1,-5,476.85384640615
1,-4,542.7400005610319
1,-4,900.0
1,-4,326.70309601327165
1,-4,900.0
1,-4,876.0795807984844
0,-4,900.0
0,-4,900.0
0,-4,900.0
0,-4,378.2621678400769
0,-4,900.0
0,-3,111.74786233756538
0,-3,726.8062735269813
0,-3,900.0
0,-3,356.1311664328922
0,-3,621.0165271472665
0,-4,710.1887410810368
0,-4,532.3455457800479
0,-4,649.8696833045284
0,-4,301.7549116831591
0,-4,508.43320009261714
0,-5,696.4923868421012
0,-5,618.4620185141312
0,-5,50.0
0,-5,337.18361823070023
0,-5,823.8579625994132
0,-6,372.7518015924569
0,-6,276.0413698093123
0,-6,900.0
0,-6,900.0
0,-6,729.7737991887168
0,-7,900.0
0,-7,50.0
0,-7,50.0
0,-7,357.95340558864086
0,-7,900.0
0,-8,152.37373519601744
0,-8,718.3613500751566
0,-8,900.0
0,-8,562.7427022784935
0,-8,900.0
0,-7,900.0
0,-7,837.2286169374036
0,-7,699.5519927423059
0,-7,189.11066171808392
0,-7,630.2211611783248
0,-8,900.0
0,-8,659.6848324243216
0,-8,50.0
0,-8,50.0
0,-8,118.46081661476649
0,-9,150.70068245784555
0,-9,78.06024556314577
0,-9,419.11431678424043
0,-9,50.0
0,-9,266.4521487769134
0,-10,900.0
0,-10,545.1844316505693
0,-10,402.2006437654684
0,-10,326.8015220258152
0,-10,203.86782142876672
0,-9,194.58457736350323
0,-9,514.242455093563
0,-9,50.0
0,-9,900.0
0,-9,778.6938648293533
0,-10,900.0
0,-10,461.19505897661037
0,-10,900.0
0,-10,900.0
0,-10,827.4864707421038
0,-11,50.0
0,-11,50.0
0,-11,900.0
0,-11,360.42219016389856
0,-11,355.4757003936562
0,-12,50.0
0,-12,271.2018052576648
0,-12,551.3462189392769
0,-12,727.3708253712512
0,-12,50.0
0,-11,681.9760218300228
0,-11,549.5848852923052
0,-11,50.0
0,-11,600.4747862485704
0,-11,50.0
0,-10,398.77258318002345
0,-10,871.544250793454
0,-10,522.5358531604084
0,-10,674.3577173158151
0,-10,50.0
0,-9,900.0
0,-9,50.0
0,-9,348.68473960164283
0,-9,50.0
0,-9,900.0
0,-10,900.0
0,-10,516.6693642770326
0,-10,50.0
0,-10,723.633661438965
0,-10,900.0
0,-9,323.24375812342214
0,-9,50.0
0,-9,202.24980542433838
0,-9,230.33598220764432
0,-9,740.0210353304244
0,-8,900.0
0,-8,50.0
0,-8,639.0116682165454
0,-8,645.3287015748278
0,-8,83.82478981832594
0,-9,295.7056976740861
0,-9,900.0
0,-9,900.0
0,-9,878.4574341895357
0,-9,641.9118755150198
0,-10,374.6304413893766
0,-10,499.2379335153915
0,-10,145.80588091163258
0,-10,358.4389385623799
0,-10,640.759547149539
0,-9,50.0
0,-9,50.0
0,-9,50.0
0,-9,365.2233353181369
0,-9,647.2101263508279
0,-8,50.0
0,-8,470.97002757275646
0,-8,215.86369376684763
0,-8,192.4221775767968
0,-8,311.82777515655437
0,-7,746.5343950453757
0,-7,485.82646541319684
0,-7,533.3164830664352
0,-7,900.0
0,-7,900.0
0,-6,900.0
0,-6,811.2062730337738
0,-6,900.0
0,-6,614.848580426172
0,-6,687.851916298453
0,-5,196.60070456339295
0,-5,900.0
0,-5,900.0
0,-5,649.0314415775317
0,-5,448.678820098098
0,-4,623.8701502394277
0,-4,568.1737721005248
0,-4,565.8775182054158
0,-4,900.0
0,-4,485.5647193989135
0,-3,691.0579847047597
0,-3,900.0
0,-3,534.4472058928538
0,-3,900.0
0,-3,716.6213964216498
0,-2,900.0
0,-2,900.0
0,-2,310.0195529515245
0,-2,900.0
0,-2,900.0
0,-1,900.0
0,-1,900.0
0,-1,900.0
0,-1,645.3391542935698
0,-1,900.0
0,0,795.4544643960488
0,0,900.0
0,0,900.0
0,0,900.0
0,0,292.81586241750983
0,1,719.2028879357186
0,1,500.6191545545829
0,1,50.0
0,1,855.1337758993357
0,1,900.0
0,2,804.4559290803757
0,2,900.0
0,2,475.37840152455595
0,2,900.0
0,2,50.0
0,3,630.9853849960159
0,3,900.0
0,3,900.0
0,3,502.9802623214238
0,3,446.05390312005363
0,4,900.0
0,4,781.3235220840778
0,4,535.8136385977997
0,4,874.0385037216283
0,4,900.0
0,5,719.3565800979225
0,5,50.0
0,5,900.0
0,5,900.0
0,5,50.0
0,6,50.0
0,6,900.0
0,6,900.0
0,6,50.0
0,6,753.1211904493882
0,7,640.7777856532715
0,7,435.77403115430553
0,7,359.1389543464675
0,7,900.0
0,7,151.30013605560396
0,8,900.0
0,8,728.0411471640682
0,8,50.0
0,8,615.9480249438071
0,8,294.90340429162296
0,9,456.9959564213277
0,9,734.7913462701524
0,9,470.681153722466
0,9,900.0
0,9,431.2782973798583
0,10,140.89283525327625
0,10,408.0044963544719
0,10,900.0
0,10,780.9918980559996
0,10,852.993049586576
0,11,667.4722734990919
0,11,148.27723359759744
0,11,890.5917110113421
0,11,50.0
0,11,191.2702229704379
0,12,548.8199388489907
0,12,132.47980702967598
0,12,50.0
0,12,899.2073459002523
0,12,77.84723822439369
0,13,146.23039353282678
0,13,257.75989198537184
0,13,370.4425138978452
0,13,562.1505559473912
0,13,50.0
0,12,900.0
0,12,900.0
0,12,450.57623981020294
0,12,50.0
0,12,50.0
0,13,365.50111114592517
0,13,68.46116423519463
0,13,471.8879772279232
0,13,255.55842479799043
0,13,114.48364274160821
0,14,211.9399719352283
0,14,183.87831720142853
0,14,258.99456782461095
0,14,50.0
0,14,50.0
0,15,804.9178070434351
0,15,50.0
0,15,258.55144605826325
0,15,230.64755312525315
0,15,50.0
0,16,650.2114397527782
0,16,132.35396129076918
0,16,900.0
0,16,139.06634047765087
0,16,50.0
0,17,175.11219776743962
0,17,824.3397324196413
0,17,741.7736409135281
0,17,61.590529617978234
0,17,89.63490973911175
0,16,50.0
0,16,350.8864098499579
0,16,535.5908484120922
0,16,456.1878415330347
0,16,50.0
0,17,50.0
0,17,168.41121161172202
0,17,590.4073902977981
0,17,50.0
0,17,149.4580086602427
0,18,444.5166891821535
0,18,237.1322632404695
0,18,67.03079390347452
0,18,50.0
0,18,50.0
0,17,50.0
0,17,402.16390022137654
0,17,50.0
0,17,900.0
0,17,50.0
0,18,306.2891739372925
0,18,50.0
0,18,338.63684945330573
0,18,398.3700563349284
0,18,50.0
0,19,50.0
0,19,586.4908304983802
0,19,50.0
0,19,171.201646561137
0,19,50.0
0,20,50.0
0,20,50.0
0,20,675.3240689079739
0,20,50.0
0,20,160.60250247617978
0,19,156.9929146662882
0,19,304.98879344773576
0,19,830.5385315697159
0,19,50.0
0,19,50.0
0,18,50.0
0,18,212.74727614691696
0,18,50.0
0,18,50.0
0,18,675.4563430534038
0,17,50.0
0,17,496.1486571816109
0,17,50.0
0,17,200.39920531553688
0,17,374.7958972561063
0,16,50.0
0,16,119.7793748921014
0,16,556.3372146412686
0,16,126.4234040704014
0,16,50.0
0,15,204.31638912792206
0,15,50.0
0,15,266.52346193338724
0,15,503.02032809985985
0,15,50.0
0,14,595.6490750401204
0,14,57.42128153817435
0,14,50.0
0,14,446.8179431434161
0,14,50.0
0,15,50.0
0,15,107.29044187248847
0,15,596.7118122286702
0,15,900.0
0,15,506.84474067170095
0,16,709.5817744476662
0,16,50.0
0,16,623.2366526792728
0,16,50.0
0,16,105.93606935095465
0,15,52.89269403902614
0,15,665.4739555488724
0,15,50.0
0,15,92.83738428060683
0,15,437.1629197184093
0,14,680.3664947985085
0,14,158.1733369855001
0,14,50.0
0,14,53.416783867997054
0,14,456.6169850186677
0,13,50.0
0,13,50.0
0,13,67.0893245855369
0,13,150.1179917214472
0,13,74.98135350464625
0,12,50.0
0,12,251.99947726527822
0,12,690.8329296663578
0,12,352.5892452196003
0,12,900.0
0,13,50.0
0,13,50.0
0,13,55.26000120031248
0,13,265.866726636719
0,13,344.43618816774716
-1,13,50.0
-1,13,533.3501656838948
-1,13,50.0
-1,13,50.0
-1,13,198.24441221941686
-1,14,50.0
-1,14,299.81123678028985
-1,14,156.14553090701602
-1,14,246.50886817618334
-1,14,50.0
-1,13,900.0
-1,13,50.0
-1,13,50.0
-1,13,897.1035078526519
-1,13,50.0
-1,12,50.0
-1,12,570.9655736627926
-1,12,534.686437497963
-1,12,50.0
-1,12,685.7013353504626
-1,11,861.9517340971678
-1,11,50.0
-1,11,189.12456694812917
-1,11,900.0
-1,11,900.0
-1,10,50.0
-1,10,900.0
-1,10,900.0
-1,10,733.8537274135199
-1,10,900.0
-1,9,50.0
-1,9,50.0
-1,9,900.0
-1,9,900.0
-1,9,900.0
-1,8,505.0142609890749
-1,8,900.0
-1,8,900.0
-1,8,132.47583128822077
-1,8,122.50783155552176
-2,8,895.5308848520376
-2,8,50.0
-2,8,50.0
-2,8,900.0
-2,8,442.4328215786074
-2,7,50.0
-2,7,386.1470903928142
-2,7,900.0
-2,7,300.29860683611366
-2,7,322.57488220100794
-2,6,432.3028455749044
-2,6,832.6275430645492
-2,6,50.0
-2,6,900.0
-2,6,900.0
-2,5,306.5215532771946
-2,5,900.0
-2,5,681.058628889122
-2,5,585.2668346937915
-2,5,900.0
-3,5,665.5827819469982
-3,5,900.0
-3,5,50.0
-3,5,171.84241136592516
-3,5,341.2821786642846
-3,4,900.0
-3,4,472.74571979386974
-3,4,281.10419599001864
-3,4,50.0
-3,4,229.76328523931426
-3,3,900.0
-3,3,338.32390151907043
-3,3,342.4197973166607
-3,3,557.4734417263883
-3,3,50.0
-3,2,78.0411418884272
-3,2,143.33450706842711
-3,2,900.0
-3,2,190.3558497331485
-3,2,900.0
-3,1,50.0
-3,1,900.0
-3,1,371.2088533478646
-3,1,900.0
-3,1,900.0
-3,0,727.3506297604932
-3,0,721.2571750537531
-3,0,900.0
-3,0,799.8296609404593
-3,0,900.0
-3,-1,573.9823366641208
-3,-1,343.98998004873755
-3,-1,900.0
-3,-1,900.0
-3,-1,876.0924502584297
-3,-2,154.98766625262863
-3,-2,314.55089406545864
-3,-2,900.0
-3,-2,812.0107892801035
-3,-2,636.1295634197259
-3,-1,900.0
-3,-1,188.63310045908497
-3,-1,661.5412428685646
-3,-1,900.0
-3,-1,542.6602803264569
-4,-1,176.61732229640154
-4,-1,50.0
-4,-1,185.2297044456264
-4,-1,680.6893118351896
-4,-1,627.0875963947824
-4,-2,900.0
-4,-2,101.78436114048418
-4,-2,543.5597446791099
-4,-2,50.0
-4,-2,592.8359023296135
-5,-2,900.0
-5,-2,900.0
-5,-2,447.732707568247
-5,-2,641.2125989796697
-5,-2,676.4261331450045
-5,-1,752.3724346558746
-5,-1,131.1310830050386
-5,-1,900.0
-5,-1,387.13911826725047
-5,-1,499.35081027111346
-5,-2,286.3967394094843
-5,-2,418.72607435740315
-5,-2,463.68841466319253
-5,-2,561.4448394443762
-5,-2,900.0
-5,-3,209.00552822560763
-5,-3,483.86446135400377
-5,-3,90.74047195505102
-5,-3,742.2435904179415
-5,-3,580.0865854154079
-5,-4,770.5094352214278
-5,-4,900.0
-5,-4,900.0
-5,-4,900.0
-5,-4,830.6886590693956
-5,-5,555.051836676356
-5,-5,900.0
-5,-5,900.0
-5,-5,246.50646714770556
-5,-5,578.0741321385349
-5,-6,561.7397177931836
-5,-6,50.0
-5,-6,50.0
-5,-6,240.86999529798982
-5,-6,804.9510742205914
-6,-6,109.91538783994713
-6,-6,50.0
-6,-6,523.8055310547021
-6,-6,382.4581409588311
-6,-6,900.0
-6,-7,50.0
-6,-7,50.0
-6,-7,900.0
-6,-7,335.1523262842412
-6,-7,50.0
-6,-8,900.0
-6,-8,223.35598841091937
-6,-8,435.8642869955131
-6,-8,900.0
-6,-8,719.2732308097973
-6,-9,900.0
-6,-9,297.1679629398217
-6,-9,222.81492801703055
-6,-9,900.0
-6,-9,84.11021513359586
-6,-10,729.6159588495035
-6,-10,50.0
-6,-10,50.0
-6,-10,236.87600977905032
-6,-10,403.8419585917467
-6,-11,459.58709417901866
-6,-11,50.0
-6,-11,50.0
-6,-11,900.0
-6,-11,50.0
-6,-12,50.0
-6,-12,302.75452547355246
-6,-12,133.35176417574397
-6,-12,900.0
-6,-12,757.2996686338146
-6,-13,50.0
-6,-13,900.0
-6,-13,355.7248472048218
-6,-13,50.0
-6,-13,240.40281849788693
-6,-14,50.0
-6,-14,753.6366093253539
-6,-14,329.4692216877294
-6,-14,645.7647085744413
-6,-14,900.0
-7,-14,77.83778805203579
-7,-14,50.0
-7,-14,122.67813026047311
-7,-14,562.7045509170014
-7,-14,764.1076405529441
-7,-15,184.8246565858302
-7,-15,84.32904972661478
-7,-15,222.2535760255824
-7,-15,50.0
-7,-15,544.9860343270095
-7,-14,396.2627007537149
-7,-14,604.9964178318335
-7,-14,50.0
-7,-14,729.9326934563469
-7,-14,50.0
-7,-15,50.0
-7,-15,50.0
-7,-15,246.04039985889952
-7,-15,50.0
-7,-15,839.6854412272197
-7,-16,591.378053150703
-7,-16,50.0
-7,-16,50.0
-7,-16,369.8440850339365
-7,-16,169.6151514118646
-7,-17,50.0
-7,-17,406.3521491954576
-7,-17,50.0
-7,-17,50.0
-7,-17,252.39338326379232
-7,-18,50.0
-7,-18,50.0
-7,-18,50.0
-7,-18,50.0
-7,-18,50.0
-7,-17,50.0
-7,-17,900.0
-7,-17,50.0
-7,-17,863.1244688697716
-7,-17,50.0
-7,-16,50.0
-7,-16,356.5700895890396
-7,-16,50.0
-7,-16,50.0
-7,-16,614.7972789103537
-7,-17,50.0
-7,-17,50.0
-7,-17,305.3137306089033
-7,-17,50.0
-7,-17,50.0
-8,-17,50.0
-8,-17,50.0
-8,-17,50.0
-8,-17,117.88799716255716
-8,-17,50.0
-8,-18,298.90391558398596
-8,-18,50.0
-8,-18,50.0
-8,-18,54.66966101939299
-8,-18,376.37184508876794
-8,-19,50.0
-8,-19,50.0
-8,-19,50.0
-8,-19,94.47974629454316
-8,-19,690.1705727919467
-8,-20,50.0
-8,-20,50.0
-8,-20,198.7282731798466
-8,-20,542.6744114698577
-8,-20,444.1222371593826
-7,-20,50.0
-7,-20,474.6566556280694
-7,-20,226.06099891629816
-7,-20,50.0
-7,-20,50.0
-6,-20,264.6456640817654
-6,-20,322.12437108616064
-6,-20,50.0
-6,-20,50.0
-6,-20,86.14329549722362
-5,-20,50.0
-5,-20,50.0
-5,-20,119.9846025013392
-5,-20,159.03905321157382
-5,-20,50.0
-6,-20,63.498385232713645
-6,-20,461.22890367886043
-6,-20,334.9880703734643
-6,-20,50.0
-6,-20,154.34071681053484
-5,-20,50.0
