-8,-19,100.0
-8,-19,100.0
-8,-18,100.0
-8,-18,242.3416124618435
-8,-18,100.0
-8,-19,100.0
-8,-19,100.0
-8,-19,100.0
-8,-18,100.0
-8,-18,100.0
-8,-18,100.0
-8,-17,100.0
-8,-17,100.0
-8,-17,100.0
-8,-16,100.0
-8,-16,100.0
-8,-16,499.58690364219285
-7,-16,128.60504799733388
-7,-16,100.0
-7,-16,137.23973183651682
-7,-15,601.3750075453494
-7,-15,100.0
-7,-15,100.0
-7,-14,100.0
-7,-14,100.0
-7,-14,100.0
-7,-13,382.3109269358656
-7,-13,343.94322733276465
-7,-13,1695.2286224083493
-7,-14,146.09058318243706
-7,-14,399.8119270563169
-7,-14,199.39729632315164
-7,-13,185.9809250720076
-7,-13,152.9694291479448
-7,-13,125.43494959677767
-7,-12,961.047666487184
-7,-12,229.54088342405998
-7,-12,100.0
-6,-12,100.0
-6,-12,974.7084716677894
-6,-12,100.0
-5,-12,147.35905385829295
-5,-12,100.0
-5,-12,685.712013871145
-4,-12,200.99520519228594
-4,-12,114.88769239694557
-4,-12,335.0582830929403
-3,-12,496.03826079682676
-3,-12,194.06952303404475
-3,-12,100.0
-3,-11,100.0
-3,-11,1153.9097287152078
-3,-11,100.0
-3,-12,100.0
-3,-12,1171.7647053121614
-3,-12,100.0
-2,-12,719.5932054762535
-2,-12,100.0
-2,-12,315.3195550524259
-2,-11,1674.4001684190348
-2,-11,100.0
-2,-11,567.4955002878152
-1,-11,840.3222895303718
-1,-11,956.432971923136
-1,-11,1800.0
-1,-12,100.0
-1,-12,100.0
-1,-12,100.0
-1,-11,100.0
-1,-11,1376.8793851225696
-1,-11,366.25291652604477
-1,-10,100.0
-1,-10,480.7470726610238
-1,-10,563.7657556477391
0,-10,492.6937008196944
0,-10,298.0006745091813
0,-10,328.99428585851285
0,-9,910.4549062341974
0,-9,476.85718976809744
0,-9,445.71308635170146
0,-8,1800.0
0,-8,1462.9187631327
0,-8,738.4701627503248
0,-7,1800.0
0,-7,100.0
0,-7,282.2871987466863
1,-7,238.32892122477142
1,-7,100.0
1,-7,1234.1518927946101
2,-7,222.4207349574371
2,-7,418.80362543366897
2,-7,1222.8540909818319
3,-7,990.4853707712427
3,-7,947.6430713235702
3,-7,523.2630075920646
3,-6,620.9337752653629
3,-6,100.0
3,-6,657.8952075609295
3,-7,342.84614276961133
3,-7,393.709021680805
3,-7,100.0
4,-7,311.0224712108816
4,-7,765.3440476975643
4,-7,256.361717591103
4,-6,1159.4051916477747
4,-6,1759.7066287183106
4,-6,278.70320606831706
4,-5,555.5865645832703
4,-5,1097.1780803920992
4,-5,1521.4431204133289
4,-6,442.25756655988755
4,-6,1000.7415030509271
4,-6,610.6116492901022
4,-5,100.0
4,-5,1330.1824938084983
4,-5,808.4619476831007
4,-4,678.3243500182544
4,-4,1299.152397082432
4,-4,362.38051111421845
3,-4,1077.6821768218333
3,-4,687.9973542767303
3,-4,1324.8760088637996
3,-3,501.0451585620412
3,-3,1340.7134098478634
3,-3,1800.0
4,-3,1037.486920632819
4,-3,772.8429642553826
4,-3,1248.891806480036
4,-2,590.2403510272528
4,-2,1800.0
4,-2,850.8919852369538
4,-1,1393.96920283469
4,-1,1509.696527038928
4,-1,656.026934644057
4,0,1506.5408437115507
4,0,880.9338837490664
4,0,1061.3340633061443
4,1,1543.6909363392272
4,1,100.0
4,1,159.4366320582036
4,2,1169.328632631123
4,2,641.1227232221827
4,2,1096.7309564441478
5,2,452.3325631985842
5,2,1299.7494592772018
5,2,1800.0
6,2,557.8996463021133
6,2,479.4403143497538
6,2,908.2086189451715
5,2,678.1838258671113
5,2,632.0870765970446
5,2,100.0
4,2,1800.0
4,2,1800.0
4,2,879.5910733488272
4,3,690.6083512076975
4,3,1800.0
4,3,571.4347922049892
5,3,374.40702342612894
5,3,848.7445786084339
5,3,847.3924481459983
4,3,1492.2890779633194
4,3,1800.0
4,3,740.5733878080515
4,2,1642.357065339604
4,2,100.0
4,2,1249.1789404371416
5,2,165.53517128241697
5,2,1548.0741569967759
5,2,225.27121124703967
6,2,614.6005562316582
6,2,1132.9408360629723
6,2,961.739997904423
6,3,100.0
6,3,1466.7559693494163
6,3,790.090058864909
6,4,151.8300753266392
6,4,692.4661398708265
6,4,286.03129958223917
7,4,824.4127879572434
7,4,188.19456094847234
7,4,489.1679838655678
7,5,840.1984967257374
7,5,1018.1982477529382
7,5,339.47801710628755
8,5,797.9926079014141
8,5,100.0
8,5,100.0
8,4,100.0
8,4,649.6221783631898
8,4,1189.7034237335472
9,4,1307.7835273442233
9,4,682.1661119993014
9,4,1168.6689275348258
10,4,1483.7464610440466
10,4,456.02658646302257
10,4,644.017417983434
10,5,180.72342674557632
10,5,1099.7075514314056
10,5,100.0
10,6,100.0
10,6,220.23345522615767
10,6,231.46584071985538
10,7,421.74706306423656
10,7,261.536261737416
10,7,785.1429482533161
10,8,689.6261577923209
10,8,570.6338081515826
10,8,850.2018916951693
11,8,740.1587260534028
11,8,383.34551749127905
11,8,1599.7268546377386
10,8,655.0764249380011
10,8,717.0301345149735
10,8,100.0
10,9,153.3235601737729
10,9,100.0
10,9,100.0
9,9,957.303925794798
9,9,313.3338350158515
9,9,575.9184814146956
10,9,183.67282908245346
10,9,100.0
10,9,196.88806668782024
11,9,904.8476029566186
11,9,372.0016166546492
11,9,760.0868859694622
11,10,322.38371659912974
11,10,100.0
11,10,881.3490287872871
12,10,239.75749270725981
12,10,625.4423642832828
12,10,334.1253142365473
11,10,100.0
11,10,346.2609614176576
11,10,100.0
10,10,100.0
10,10,324.82956693716733
10,10,1451.8198114589027
11,10,1230.6483361322566
11,10,100.0
11,10,219.75710949084504
12,10,100.0
12,10,1127.422359480745
12,10,453.190468616593
13,10,175.21359816427628
13,10,100.0
13,10,100.0
13,11,100.0
13,11,161.01268683128953
13,11,100.0
14,11,142.23412369196913
14,11,100.0
14,11,100.0
14,12,100.0
14,12,100.0
14,12,100.0
15,12,100.0
15,12,100.0
15,12,276.37997394996256
16,12,100.0
16,12,100.0
16,12,127.29506548543299
16,11,100.0
16,11,100.0
16,11,100.0
16,10,100.0
16,10,265.41311074934083
16,10,100.0
16,9,100.0
16,9,100.0
16,9,100.0
15,9,100.0
15,9,100.0
15,9,100.0
14,9,926.1273148499622
14,9,841.7060071993329
14,9,100.0
14,10,507.2170353727978
14,10,100.0
14,10,241.74233399770696
14,9,100.0
14,9,145.95979415355447
14,9,100.0
14,8,597.3333261879284
14,8,455.72897527674706
14,8,100.0
15,8,100.0
15,8,100.0
15,8,100.0
15,7,300.86271988252054
15,7,100.0
15,7,100.0
14,7,100.0
14,7,100.0
14,7,100.0
14,6,589.1077462178549
14,6,705.32565383492
14,6,484.5704889675242
14,5,763.2218922560289
14,5,100.0
14,5,100.0
14,4,100.0
14,4,837.8412878419905
14,4,969.0188479406423
14,3,558.6491337700829
14,3,100.0
14,3,100.0
13,3,152.59879450318837
13,3,614.4631045822861
13,3,459.9744690977182
13,2,723.6299124577971
13,2,543.4275823668423
13,2,606.9635159381719
13,1,376.3381701488911
13,1,100.0
13,1,755.802145072239
14,1,242.8641348813582
14,1,100.0
14,1,626.5394586933246
14,0,785.2796643194231
14,0,100.0
14,0,297.7327292226677
14,-1,631.8754187011116
14,-1,678.199595770838
14,-1,100.0
13,-1,1391.0718056389333
13,-1,100.0
13,-1,179.45031666568127
13,0,100.0
13,0,805.2768407108329
13,0,530.960776014913
13,-1,100.0
13,-1,100.0
13,-1,1146.7691742436527
12,-1,1800.0
12,-1,761.3775512030134
12,-1,100.0
11,-1,100.0
11,-1,100.0
11,-1,924.8971355569192
11,-2,100.0
11,-2,100.0
11,-2,100.0
10,-2,100.0
10,-2,100.0
10,-2,1800.0
9,-2,1232.0632512397417
9,-2,161.55452036528544
9,-2,818.9286039652384
10,-2,151.9262449420239
10,-2,712.8356001788535
10,-2,100.0
9,-2,159.46769165550185
9,-2,665.5987303562047
9,-2,1800.0
9,-1,1493.0560784283848
9,-1,1714.134312177044
9,-1,252.97320110442445
9,-2,202.45322788327798
9,-2,100.0
9,-2,545.3590829881864
9,-3,1276.7759297302073
9,-3,935.1633366544121
9,-3,313.1491264149374
9,-4,520.5239084135892
9,-4,105.5289363684642
9,-4,100.0
9,-5,100.0
9,-5,209.43478870766072
9,-5,100.0
8,-5,607.6310885635801
8,-5,1188.3256708234792
8,-5,1615.441718770387
7,-5,1110.5603305719658
7,-5,1299.0761475366485
7,-5,1577.6152964209766
7,-6,1248.2901260438034
7,-6,182.15842487183494
7,-6,403.85084878404416
7,-7,335.39586885967384
7,-7,436.97803680010685
7,-7,511.18550638620684
7,-8,100.0
7,-8,100.0
7,-8,100.0
6,-8,485.46086436348617
6,-8,376.59738660932055
6,-8,883.5733872952809
6,-9,890.0547891418454
6,-9,100.0
6,-9,739.8756223211718
5,-9,425.4993738576644
5,-9,494.36485539175345
5,-9,251.57037721893045
6,-9,1406.3817162576127
6,-9,261.0657677591079
6,-9,232.30235972993904
5,-9,191.65528774517418
5,-9,100.0
5,-9,545.063816372521
5,-8,687.1833410451367
5,-8,554.6095794551254
5,-8,570.7429031825551
5,-9,333.94264945369787
5,-9,185.11859429831657
5,-9,677.5039033595078
5,-10,913.9361308368187
5,-10,1448.5044951887503
5,-10,183.22657070871333
4,-10,116.5212416062462
4,-10,1352.179482328082
4,-10,591.477733250403
4,-11,1307.2871668439666
4,-11,414.9260184432327
4,-11,796.4078538075445
4,-12,235.55947448758562
4,-12,523.0713825005341
4,-12,100.0
5,-12,100.0
5,-12,481.193167216878
5,-12,1487.0227529091303
6,-12,1800.0
6,-12,551.7157704505322
6,-12,843.3614648531341
7,-12,100.0
7,-12,149.12146933806417
7,-12,656.60493845056
8,-12,100.0
8,-12,100.0
8,-12,100.0
9,-12,1119.5747070616624
9,-12,449.87279388805115
9,-12,100.0
9,-11,251.73646637475582
9,-11,400.68604607173097
9,-11,219.74766552225992
8,-11,959.5623357052432
8,-11,403.6168320346241
8,-11,100.0
9,-11,100.0
9,-11,1800.0
9,-11,480.44025034147785
9,-10,433.1602244060902
9,-10,275.4392246591892
9,-10,1033.8772710060557
9,-9,100.0
9,-9,100.0
9,-9,1525.3306918176156
10,-9,100.0
10,-9,100.0
10,-9,1140.6913037316458
11,-9,100.0
11,-9,354.68114993921444
11,-9,100.0
10,-9,408.5554599925853
10,-9,1800.0
10,-9,437.1617565268287
10,-8,1077.1545748724284
10,-8,170.3699199227051
10,-8,1016.3030390842673
10,-7,100.0
10,-7,596.3636778121675
10,-7,100.0
11,-7,1032.5251464381108
11,-7,100.0
11,-7,925.4458136905348
12,-7,1517.9464933934544
12,-7,667.4278451038584
12,-7,1800.0
11,-7,100.0
11,-7,1251.0851260079194
11,-7,100.0
11,-6,100.0
11,-6,437.5755000090931
11,-6,100.0
12,-6,100.0
12,-6,562.1632698319593
12,-6,392.4150008003419
13,-6,100.0
13,-6,870.0136535278225
13,-6,561.7002768865034
13,-5,197.55691721015734
13,-5,100.0
13,-5,100.0
13,-4,342.860051410296
13,-4,1800.0
13,-4,100.0
14,-4,100.0
14,-4,794.2429886488171
14,-4,100.0
15,-4,473.23407550614365
15,-4,211.64176145471941
15,-4,100.0
16,-4,375.6724042302685
16,-4,100.0
16,-4,100.0
15,-4,100.0
15,-4,905.3493231761097
15,-4,313.96255551132055
