-8,-19,50.0
-8,-19,277.76246828098954
-8,-19,50.0
-8,-19,50.0
-8,-18,159.22393803954475
-8,-18,50.0
-8,-18,61.051395390738094
-8,-18,50.0
-8,-18,226.65146680472645
-8,-19,50.0
-8,-19,347.0743107792993
-8,-19,50.0
-8,-19,50.0
-8,-19,50.0
-8,-18,130.3555386821377
-8,-18,50.0
-8,-18,50.0
-8,-18,50.0
-8,-18,50.0
-8,-17,50.0
-8,-17,50.0
-8,-17,211.19082021003157
-8,-17,50.0
-8,-17,50.0
-8,-16,282.5575488234095
-8,-16,50.0
-8,-16,125.14737260761609
-8,-16,50.0
-8,-16,50.0
-7,-16,268.984664787178
-7,-16,50.0
-7,-16,50.0
-7,-16,50.0
-7,-16,59.115469576112474
-7,-15,50.0
-7,-15,50.0
-7,-15,50.0
-7,-15,50.0
-7,-15,311.6245572857732
-7,-14,102.96007340618789
-7,-14,50.0
-7,-14,50.0
-7,-14,195.73142305463645
-7,-14,50.0
-7,-13,72.02985684764639
-7,-13,50.0
-7,-13,735.9795355361844
-7,-13,50.0
-7,-13,197.42277172420927
-7,-14,50.0
-7,-14,50.0
-7,-14,50.0
-7,-14,50.0
-7,-14,282.23953313051015
-7,-13,50.0
-7,-13,281.17022391527917
-7,-13,156.89848202442874
-7,-13,383.8152555837961
-7,-13,117.97173802222615
-7,-12,50.0
-7,-12,133.06853065225152
-7,-12,50.0
-7,-12,142.35904449817346
-7,-12,131.82002901923622
-6,-12,101.30915278199095
-6,-12,50.0
-6,-12,162.221603597686
-6,-12,50.0
-6,-12,243.3976064721905
-5,-12,220.69713327286496
-5,-12,50.0
-5,-12,50.0
-5,-12,565.6520334837331
-5,-12,476.2228620128401
-4,-12,50.0
-4,-12,50.0
-4,-12,50.0
-4,-12,50.0
-4,-12,592.6308308452737
-3,-12,286.935421892793
-3,-12,347.75916948774795
-3,-12,50.0
-3,-12,50.0
-3,-12,496.3460934536295
-3,-11,133.07899914252877
-3,-11,435.8716857774628
-3,-11,285.7571919823054
-3,-11,50.0
-3,-11,328.7383715731975
-3,-12,50.0
-3,-12,50.0
-3,-12,50.0
-3,-12,160.2169384119957
-3,-12,50.0
-2,-12,79.7293293920431
-2,-12,50.0
-2,-12,643.0903213728856
-2,-12,372.63442625983816
-2,-12,50.0
-2,-11,50.0
-2,-11,319.30059937180283
-2,-11,271.5456579981781
-2,-11,374.6362837651323
-2,-11,50.0
-1,-11,173.6128776150565
-1,-11,50.0
-1,-11,900.0
-1,-11,587.2694302026935
-1,-11,50.0
-1,-12,900.0
-1,-12,230.86967028472222
-1,-12,50.0
-1,-12,50.0
-1,-12,50.0
-1,-11,170.44783607092944
-1,-11,50.0
-1,-11,102.3335652841861
-1,-11,89.60533762862032
-1,-11,59.30514458282548
-1,-10,50.0
-1,-10,111.7745704957685
-1,-10,689.4995321142915
-1,-10,413.27796676933
-1,-10,116.70971628039871
0,-10,502.7355134408364
0,-10,483.60456903308386
0,-10,467.6552691035806
0,-10,282.07488701641745
0,-10,50.0
0,-9,506.40066220181063
0,-9,505.1072506917662
0,-9,50.16013515129549
0,-9,408.81262340979384
0,-9,181.24319804288803
0,-8,886.6417695067278
0,-8,50.0
0,-8,608.3530909453864
0,-8,482.65001377503194
0,-8,50.0
0,-7,213.47217295636864
0,-7,50.0
0,-7,430.6635696034735
0,-7,179.0867550924997
0,-7,236.0068736552118
1,-7,50.0
1,-7,379.18130735250435
1,-7,50.0
1,-7,295.49803929590786
1,-7,257.50307544213314
2,-7,425.2482764990131
2,-7,390.3286682212198
2,-7,265.24527163948835
2,-7,166.54620469043053
2,-7,900.0
3,-7,139.9952116142589
3,-7,345.3223697233993
3,-7,234.02762375939486
3,-7,534.0022099758738
3,-7,427.9320425453738
3,-6,55.33518788041215
3,-6,162.6122180272123
3,-6,367.9921705320369
3,-6,118.24098616427047
3,-6,799.4558565681598
3,-7,67.13751629810193
3,-7,50.0
3,-7,300.36360958654717
3,-7,428.48606292481657
3,-7,50.0
4,-7,110.83355086204051
4,-7,148.40434371623246
4,-7,352.77477847761463
4,-7,465.43133664024754
4,-7,647.6791837577232
4,-6,204.17493267527192
4,-6,900.0
4,-6,389.3999310003967
4,-6,714.3168928141921
4,-6,503.90184592456853
4,-5,368.75660247683965
4,-5,639.360539630879
4,-5,132.49263724860344
4,-5,217.5774165325385
4,-5,900.0
4,-6,389.1424680805171
4,-6,282.221711572329
4,-6,50.0
4,-6,472.6827101583908
4,-6,459.92734484100026
4,-5,50.0
4,-5,160.2744365568948
4,-5,405.2157376309376
4,-5,359.0823455490787
4,-5,828.5221359074801
4,-4,462.0291955367094
4,-4,548.7198469733632
4,-4,547.7555748934374
4,-4,477.501233180613
4,-4,315.0759133756407
3,-4,417.1291296129449
3,-4,761.4558604290136
3,-4,392.5426637493362
3,-4,626.5295954686097
3,-4,404.3572860114892
3,-3,239.82240266358858
3,-3,589.0515546794189
3,-3,319.89603541084
3,-3,219.8703381830229
3,-3,380.7709354050994
4,-3,336.38743410178023
4,-3,740.1347549694847
4,-3,695.3262382564556
4,-3,57.495734994889744
4,-3,900.0
4,-2,700.0868908945181
4,-2,592.2234677573073
4,-2,393.8129724094859
4,-2,360.5708653645265
4,-2,900.0
4,-1,516.3191929832105
4,-1,601.024188350203
4,-1,456.551204821208
4,-1,320.2662200562342
4,-1,525.7020758188916
4,0,797.8263704836896
4,0,256.22803670189575
4,0,381.8042774132147
4,0,545.4430152819781
4,0,440.3539908575884
4,1,436.55327999994967
4,1,410.46747328305304
4,1,369.93356206358476
4,1,433.25074100349354
4,1,527.8676422235412
4,2,467.9767909169174
4,2,405.07420957475114
4,2,619.2315708271599
4,2,882.9864654407892
4,2,432.95389851362404
5,2,833.7377270815514
5,2,393.818865391653
5,2,900.0
5,2,605.9581575632757
5,2,511.8855663750802
6,2,593.9146897029071
6,2,499.68685108616705
6,2,439.8990348459941
6,2,147.88096739601258
6,2,505.3968868070879
5,2,590.7524367428791
5,2,385.43366142920684
5,2,263.9982365889604
5,2,249.92192851730684
5,2,387.80148597012413
4,2,563.4578170602969
4,2,900.0
4,2,900.0
4,2,560.9645581583827
4,2,732.7990343323528
4,3,712.79478520887
4,3,490.3960240833977
4,3,749.4065865450696
4,3,638.3765819624575
4,3,900.0
5,3,61.12698890432762
5,3,433.8127475166657
5,3,333.8422451992747
5,3,50.0
5,3,302.5707364649844
4,3,657.7265423682037
4,3,688.7190918360478
4,3,123.98137802367333
4,3,530.9145257418336
4,3,692.3072933628612
4,2,900.0
4,2,274.72651180156146
4,2,900.0
4,2,50.0
4,2,788.0443795330768
5,2,844.5790880215566
5,2,406.311995433286
5,2,249.9308519477541
5,2,413.6824237431496
5,2,551.7549271628777
6,2,421.4102466433669
6,2,584.127998506201
6,2,581.5449440240918
6,2,242.002209741741
6,2,675.162725223599
6,3,655.8309608406196
6,3,317.119819021614
6,3,297.4992541280532
6,3,572.7425832516326
6,3,582.881222296672
6,4,526.533723853225
6,4,539.1758815335127
6,4,514.455016827161
6,4,62.54237918692087
6,4,598.8081034484014
7,4,127.30687847208628
7,4,149.67744509624515
7,4,148.5445630970537
7,4,710.9972244026972
7,4,644.7431224989657
7,5,62.22185331448202
7,5,597.3991512242791
7,5,503.3793320967801
7,5,752.6113966373186
7,5,635.3592876978104
8,5,160.7630700420961
8,5,51.559345134862696
8,5,276.3271855702775
8,5,530.2518528255134
8,5,110.39854569995734
8,4,350.751302548825
8,4,91.86867173123576
8,4,255.06790380754603
8,4,475.52819989606985
8,4,50.0
9,4,505.48072629117235
9,4,50.0
9,4,664.3976476352339
9,4,182.907273168326
9,4,52.110540807630116
10,4,50.0
10,4,367.5470485501885
10,4,50.0
10,4,320.1924067843363
10,4,50.0
10,5,50.0
10,5,397.7958915266878
10,5,440.50006424716514
10,5,411.08611605064493
10,5,50.0
10,6,297.1534322665226
10,6,132.880149331517
10,6,122.17571847287435
10,6,50.0
10,6,50.0
10,7,225.6619358229939
10,7,240.88658432288
10,7,218.4295064280492
10,7,207.64706806497384
10,7,551.1007587328249
10,8,414.1649453196413
10,8,265.78550023987856
10,8,135.82405549819072
10,8,213.7221111493687
10,8,115.16853163559972
11,8,73.47755069448417
11,8,50.0
11,8,366.42650670266744
11,8,431.49524482171176
11,8,249.74571381068446
10,8,76.70469715345635
10,8,50.0
10,8,50.0
10,8,415.2794200287312
10,8,50.0
10,9,300.5021800452011
10,9,392.70440485118485
10,9,50.0
10,9,158.66028823878366
10,9,165.15483975288475
9,9,50.0
9,9,155.09155301773194
9,9,728.5997525120235
9,9,346.43261959098146
9,9,186.46185130949863
10,9,50.0
10,9,50.0
10,9,50.0
10,9,432.70493174665864
10,9,244.48589068148232
11,9,838.7862078724248
11,9,76.72774913152702
11,9,50.0
11,9,50.0
11,9,50.0
11,10,73.2186859857483
11,10,50.0
11,10,145.51818601450188
11,10,50.0
11,10,320.5375547511968
12,10,50.0
12,10,50.0
12,10,267.7294260016938
12,10,50.0
12,10,50.0
11,10,50.0
11,10,50.0
11,10,50.0
11,10,230.4587853247657
11,10,50.0
10,10,50.0
10,10,50.0
10,10,233.4273785140664
10,10,358.3638981917466
10,10,50.0
11,10,254.49202175652
11,10,50.0
11,10,88.6502526516119
11,10,209.16550160906132
11,10,50.0
12,10,618.7523257396354
12,10,50.0
12,10,217.30945184953464
12,10,50.0
12,10,79.16352405937387
13,10,773.5196481329788
13,10,50.0
13,10,269.27179354494484
13,10,107.67102059835192
13,10,50.0
13,11,50.0
13,11,50.0
13,11,50.0
13,11,458.82009300177947
13,11,50.0
14,11,50.0
14,11,50.0
14,11,50.0
14,11,68.62896545709613
14,11,50.0
14,12,50.0
14,12,50.0
14,12,50.0
14,12,50.0
14,12,50.0
15,12,50.0
15,12,50.0
15,12,202.3687263036217
15,12,477.0650471685469
15,12,50.0
16,12,50.0
16,12,50.0
16,12,50.0
16,12,50.0
16,12,154.0753295504672
16,11,50.0
16,11,235.0360746281102
16,11,50.0
16,11,112.89340009449694
16,11,50.0
16,10,50.0
16,10,50.0
16,10,50.0
16,10,50.0
16,10,50.0
16,9,50.0
16,9,50.0
16,9,50.0
16,9,50.0
16,9,50.0
15,9,50.0
15,9,50.0
15,9,99.79414285232514
15,9,50.0
15,9,196.150374607137
14,9,50.0
14,9,50.0
14,9,50.0
14,9,218.67314565204515
14,9,55.597284518078986
14,10,50.0
14,10,50.0
14,10,50.0
14,10,50.0
14,10,672.4785268170749
14,9,198.8180535498298
14,9,98.1835376925784
14,9,64.01677652824847
14,9,50.0
14,9,50.0
14,8,176.66949889190835
14,8,347.6967671779237
14,8,345.5759638682301
14,8,50.0
14,8,50.0
15,8,50.0
15,8,50.0
15,8,249.42958783316018
15,8,50.0
15,8,50.0
15,7,50.0
15,7,50.0
15,7,50.0
15,7,188.7632901300447
15,7,50.0
14,7,372.46189633144814
14,7,89.09884405407115
14,7,304.4170257390291
14,7,50.0
14,7,50.0
14,6,115.28667172331066
14,6,178.69318412077962
14,6,190.9716337629805
14,6,50.0
14,6,58.27203647089193
14,5,50.0
14,5,50.0
14,5,217.94921140027847
14,5,264.83354554430304
14,5,166.06232899150507
14,4,539.9214218101876
14,4,157.65692614385944
14,4,206.98215936180793
14,4,180.629500810026
14,4,50.0
14,3,443.563068210735
14,3,446.6803311598276
14,3,163.04114307810167
14,3,94.30208805860514
14,3,50.0
13,3,50.0
13,3,147.0685593244199
13,3,542.1360580523422
13,3,316.25832132313343
13,3,404.95246209478955
13,2,702.9395838061153
13,2,202.04700435178333
13,2,50.0
13,2,182.40046237098005
13,2,50.0
13,1,130.3863725496654
13,1,335.1641648295814
13,1,131.85583175390343
13,1,431.90457149521797
13,1,74.55836719142974
14,1,50.0
14,1,50.0
14,1,425.1674419306003
14,1,327.08707400313585
14,1,257.9829491835397
14,0,50.0
14,0,50.0
14,0,196.2721654313386
14,0,678.6360575500954
14,0,50.0
14,-1,290.3373674947968
14,-1,62.64920088413628
14,-1,267.526591584042
14,-1,50.0
14,-1,413.4468633366175
13,-1,139.51975371240934
13,-1,50.0
13,-1,50.0
13,-1,50.0
13,-1,50.0
13,0,50.0
13,0,355.34961387188775
13,0,450.34984259112497
13,0,50.0
13,0,266.1369651692647
13,-1,50.0
13,-1,50.0
13,-1,50.0
13,-1,50.0
13,-1,269.94780193588434
12,-1,50.0
12,-1,50.0
12,-1,50.0
12,-1,50.0
12,-1,50.0
11,-1,50.0
11,-1,487.86925140977036
11,-1,50.0
11,-1,50.0
11,-1,50.0
11,-2,50.0
11,-2,50.0
11,-2,179.5440864595495
11,-2,271.57099642530886
11,-2,352.2011174570756
10,-2,152.8105780332057
10,-2,297.02344708329156
10,-2,543.2058073381415
10,-2,900.0
10,-2,86.79726441524663
9,-2,403.4340029126031
9,-2,50.0
9,-2,128.74956281327889
9,-2,50.0
9,-2,50.0
10,-2,104.1820675727067
10,-2,372.3526722645039
10,-2,124.61757226570762
10,-2,50.0
10,-2,483.0043986714955
9,-2,170.99834341104935
9,-2,548.0487164994463
9,-2,211.30963125685605
9,-2,176.7186003301038
9,-2,472.7007594730261
9,-1,50.0
9,-1,347.27831992819495
9,-1,512.4255780173341
9,-1,568.5789893586807
9,-1,50.0
9,-2,686.9124500132197
9,-2,388.6125570554668
9,-2,63.6484571789596
9,-2,176.36644369696324
9,-2,900.0
9,-3,50.0
9,-3,327.93577595270483
9,-3,50.0
9,-3,403.959655888848
9,-3,50.0
9,-4,50.0
9,-4,108.89312626040932
9,-4,50.0
9,-4,316.37961234376587
9,-4,442.7961526744576
9,-5,211.46904533820273
9,-5,172.68705648104722
9,-5,533.993181471033
9,-5,119.03244476300786
9,-5,441.10959714504565
8,-5,568.3738834906972
8,-5,900.0
8,-5,50.0
8,-5,148.73736758143247
8,-5,50.0
7,-5,104.3786012476407
7,-5,487.9395797348323
7,-5,339.2121868713821
7,-5,439.47129817615445
7,-5,343.1447497392197
7,-6,498.58667829926793
7,-6,566.3794404439018
7,-6,50.0
7,-6,900.0
7,-6,118.47692762297771
7,-7,900.0
7,-7,651.7488874678114
7,-7,334.0876343112369
7,-7,50.0
7,-7,321.2076041668381
7,-8,496.3580063335489
7,-8,69.04554079353866
7,-8,54.43230915536502
7,-8,669.6226317728538
7,-8,692.8394614209001
6,-8,200.72131755621908
6,-8,50.0
6,-8,50.0
6,-8,50.0
6,-8,337.89318067953735
6,-9,112.87273743745543
6,-9,267.06243297812875
6,-9,407.5780802658763
6,-9,50.0
6,-9,200.30606713903754
5,-9,216.70728392561276
5,-9,517.896783100537
5,-9,144.76785843144341
5,-9,50.0
5,-9,523.0992863091318
6,-9,50.0
6,-9,656.2628133216202
6,-9,252.70467856070312
6,-9,50.0
6,-9,348.79580963687255
5,-9,50.0
5,-9,319.85516495682486
5,-9,126.7348865307188
5,-9,50.0
5,-9,306.3121646169662
5,-8,50.0
5,-8,165.52571952691474
5,-8,99.12256920193016
5,-8,218.30924553750674
5,-8,310.26737373790195
5,-9,50.0
5,-9,50.0
5,-9,259.2329717155272
5,-9,50.0
5,-9,327.31397378982115
5,-10,456.11857132156746
5,-10,494.02842783013
5,-10,180.55655514964644
5,-10,164.3837576004466
5,-10,158.16294348486525
4,-10,50.0
4,-10,50.0
4,-10,485.0037628589509
4,-10,80.5503327642445
4,-10,211.6668928818387
4,-11,597.8752923100554
4,-11,50.0
4,-11,527.5005188982998
4,-11,50.0
4,-11,50.0
4,-12,176.14477140425936
4,-12,186.70417443212187
4,-12,89.07872541179731
4,-12,50.0
4,-12,191.6157618201232
5,-12,50.0
5,-12,533.515994874344
5,-12,235.2851842497117
5,-12,128.22075451140245
5,-12,50.0
6,-12,50.0
6,-12,50.0
6,-12,127.80465271948658
6,-12,494.00238310984713
6,-12,50.0
7,-12,50.0
7,-12,64.80403969516333
7,-12,60.3072728193108
7,-12,50.0
7,-12,50.0
8,-12,50.0
8,-12,50.0
8,-12,50.0
8,-12,50.0
8,-12,185.93421746489
9,-12,96.8929168562897
9,-12,276.1913252011723
9,-12,210.99315554800987
9,-12,188.44139079795087
9,-12,50.0
9,-11,50.0
9,-11,51.89359710961533
9,-11,53.2454236281822
9,-11,50.0
9,-11,115.21765360250124
8,-11,50.0
8,-11,50.0
8,-11,526.2711236053735
8,-11,50.0
8,-11,50.0
9,-11,50.0
9,-11,507.4455012726245
9,-11,50.0
9,-11,66.77104619681415
9,-11,571.0331168667781
9,-10,89.34988322763635
9,-10,50.0
9,-10,575.9610976541449
9,-10,189.11200498327133
9,-10,159.3836413006838
9,-9,432.62451719133037
9,-9,50.0
9,-9,50.0
9,-9,492.9653561902825
9,-9,50.0
10,-9,109.30394867274163
10,-9,50.0
10,-9,50.0
10,-9,490.9179388912345
10,-9,50.0
11,-9,50.0
11,-9,50.0
11,-9,50.0
11,-9,50.0
11,-9,232.49490325451995
10,-9,255.83409420809
10,-9,50.0
10,-9,56.39409239725184
10,-9,241.88285286160396
10,-9,261.91789251246644
10,-8,296.2114449004784
10,-8,119.82102378514006
10,-8,50.0
10,-8,319.6912390149728
10,-8,266.62285558469927
10,-7,197.2104947708899
10,-7,50.0
10,-7,50.0
10,-7,50.0
10,-7,78.82330514364342
11,-7,651.8084964901632
11,-7,50.0
11,-7,371.88295500437084
11,-7,52.88366917835032
11,-7,130.34250845037997
12,-7,227.85309799760083
12,-7,133.3674793507622
12,-7,50.0
12,-7,50.0
12,-7,50.0
11,-7,247.84308743034148
11,-7,50.0
11,-7,50.0
11,-7,50.0
11,-7,50.0
11,-6,50.0
11,-6,50.0
11,-6,255.92000972245972
11,-6,50.0
11,-6,50.0
12,-6,50.0
12,-6,506.6857358676923
12,-6,282.40556678357495
12,-6,281.97893264719085
12,-6,50.0
13,-6,90.33335080598742
13,-6,50.0
13,-6,87.89909911347537
13,-6,50.0
13,-6,52.105909475923
13,-5,413.2238653274893
13,-5,257.2719879774795
13,-5,99.267152607986
13,-5,142.7086444218697
13,-5,50.0
13,-4,599.905342283462
13,-4,764.5584863897047
13,-4,56.0092617489915
13,-4,333.09420118242707
13,-4,50.0
14,-4,164.55849685404448
14,-4,534.4174661810791
14,-4,554.3361663140781
14,-4,259.8858137350552
14,-4,50.0
15,-4,252.68407197507872
15,-4,137.8597748125775
15,-4,50.0
15,-4,476.4475900691365
15,-4,50.0
16,-4,50.0
16,-4,441.48974135151525
16,-4,143.1880018077565
16,-4,111.08057905135452
16,-4,50.0
15,-4,50.0
15,-4,382.51583545816226
15,-4,50.0
15,-4,50.0
15,-4,50.0
15,-5,50.0
15,-5,50.0
15,-5,50.0
15,-5,244.64099369232417
15,-5,50.0
14,-5,107.18698036657065
14,-5,50.0
14,-5,50.0
14,-5,50.0
14,-5,90.52699060498384
13,-5,50.0
13,-5,410.2448045367112
13,-5,50.0
13,-5,50.0
13,-5,50.0
12,-5,444.98186143397857
12,-5,50.0
12,-5,50.0
12,-5,50.0
12,-5,396.09987617970467
12,-6,50.0
12,-6,669.8604970222924
12,-6,285.1090085944531
12,-6,392.05280843403267
12,-6,50.0
11,-6,50.0
11,-6,66.50454098801853
11,-6,50.0
11,-6,55.11692312829081
11,-6,717.5253492944056
10,-6,50.0
10,-6,150.28281424899313
10,-6,459.62735066706114
10,-6,50.0
10,-6,50.0
9,-6,460.8958454931815
9,-6,50.0
9,-6,50.0
9,-6,492.37074100064615
9,-6,684.0785793703249
8,-6,50.0
8,-6,431.55291207967707
8,-6,528.705204931621
8,-6,134.39447668952724
8,-6,272.81593304544856
7,-6,635.016508142588
7,-6,721.911628469671
7,-6,88.35404982859441
7,-6,213.2260503832166
7,-6,475.0877867920839
6,-6,563.2945370530347
6,-6,179.74189161680442
6,-6,50.0
6,-6,50.0
6,-6,574.4051557693034
5,-6,172.34804466882363
5,-6,442.5806101411755
5,-6,50.0
5,-6,869.4794101005973
5,-6,781.940915028212
4,-6,754.4990552350017
4,-6,228.91466658739472
4,-6,61.369910014781055
4,-6,900.0
4,-6,304.73908694904094
5,-6,212.46438429952323
5,-6,50.0
5,-6,361.1692038142148
5,-6,624.2663128406616
5,-6,50.0
4,-6,692.2793921966626
4,-6,629.5558902870242
4,-6,900.0
4,-6,314.70824180584214
4,-6,577.0877690374616
3,-6,567.7724389803454
3,-6,626.3402211071002
3,-6,547.8468717529124
3,-6,227.00022608639773
3,-6,248.86098566941115
4,-6,50.0
4,-6,389.87399165215203
4,-6,330.9375138048574
4,-6,607.5866168705412
4,-6,443.91576412623806
3,-6,363.3735599427308
3,-6,183.33121540752626
3,-6,742.7462879836601
3,-6,900.0
3,-6,750.9845672415515
2,-6,370.5141228178287
2,-6,588.6143734401178
2,-6,426.39790714173705
2,-6,307.5054370892032
2,-6,836.4510080370553
2,-7,656.275665306383
2,-7,93.89156898791776
2,-7,439.67662411414585
2,-7,250.30744440135922
2,-7,50.0
1,-7,236.15122544055276
1,-7,900.0
1,-7,234.73578350318627
1,-7,595.4084361550989
1,-7,57.27299726738295
0,-7,50.0
0,-7,266.67118941498353
0,-7,640.0335963368568
0,-7,50.0
0,-7,900.0
-1,-7,332.26850520042
-1,-7,412.3350983795191
-1,-7,276.54270245148524
-1,-7,372.777835988475
-1,-7,682.9353343815726
-2,-7,458.848040902016
-2,-7,396.23956174836326
-2,-7,400.8894806015402
-2,-7,50.0
-2,-7,219.1141736882899
-3,-7,280.13237532471385
-3,-7,98.93659759043811
-3,-7,210.45570929111454
-3,-7,335.95031350552824
-3,-7,635.850852401032
-4,-7,298.95246347616205
-4,-7,722.1668440893682
-4,-7,279.07225991604787
-4,-7,888.1520867195546
-4,-7,357.3091428555948
-5,-7,338.40231994781726
-5,-7,415.4626715060156
-5,-7,59.05694066715739
-5,-7,168.10712809643974
-5,-7,244.7589410243507
-6,-7,355.0896675331372
-6,-7,50.0
-6,-7,211.61623849194467
-6,-7,108.06212254774104
-6,-7,585.3449831783611
-7,-7,123.29128101777263
-7,-7,525.5545820750611
-7,-7,50.0
-7,-7,50.0
-7,-7,121.5962635552907
-7,-6,508.3879894501241
-7,-6,186.51225884139402
-7,-6,878.9016452227906
-7,-6,373.14672811244554
-7,-6,325.4779848184063
-7,-7,688.0366002716275
-7,-7,255.78467318860956
-7,-7,489.4143159759468
-7,-7,78.73330034085865
-7,-7,50.0
-8,-7,367.8266983381319
-8,-7,549.2214608766822
-8,-7,456.88967177206894
-8,-7,50.0
-8,-7,381.60415068557074
-9,-7,294.56886183012057
-9,-7,50.0
-9,-7,50.0
-9,-7,157.49115275531915
-9,-7,373.5481696198317
-9,-8,50.0
