-12,15,200.0
-12,14,200.0
-12,14,200.0
-12,13,200.0
-12,13,200.0
-12,12,200.0
-12,12,200.0
-13,12,200.0
-13,12,200.0
-14,12,200.0
-14,12,200.0
-15,12,1098.205130575561
-15,12,200.0
-15,13,698.5294979900027
-15,13,200.0
-15,12,466.86586634569176
-15,12,200.0
-15,11,1122.3255373845655
-15,11,200.0
-15,10,200.0
-15,10,200.0
-15,9,200.0
-15,9,507.82551443947636
-15,10,200.0
-15,10,200.0
-15,9,200.0
-15,9,1287.8277041572958
-15,10,1280.8825447114557
-15,10,200.0
-15,9,295.3387332231513
-15,9,200.0
-15,8,426.9179794313028
-15,8,200.0
-15,7,200.0
-15,7,200.0
-15,8,200.0
-15,8,963.7465251219945
-15,7,1269.8357485854156
-15,7,200.0
-15,6,200.0
-15,6,3291.683715997537
-15,5,644.384603889886
-15,5,201.23170645593706
-15,4,200.0
-15,4,200.0
-16,4,200.0
-16,4,200.0
-16,3,200.0
-16,3,650.9241575986862
-16,2,1529.491269100782
-16,2,448.3628231477284
-16,1,200.0
-16,1,520.6112587007597
-17,1,200.0
-17,1,527.7896132835464
-17,0,295.0075744998188
-17,0,1133.1651375672623
-17,-1,200.0
-17,-1,200.0
-18,-1,200.0
-18,-1,200.0
-18,-2,200.0
-18,-2,200.0
-18,-3,200.0
-18,-3,200.0
-18,-4,200.0
-18,-4,200.0
-18,-3,200.0
-18,-3,200.0
-18,-4,200.0
-18,-4,200.0
-18,-5,200.0
-18,-5,200.0
-18,-6,200.0
-18,-6,200.0
-18,-7,200.0
-18,-7,200.0
-18,-8,200.0
-18,-8,200.0
-18,-9,200.0
-18,-9,200.0
-18,-10,200.0
-18,-10,200.0
-18,-11,200.0
-18,-11,200.0
-18,-10,200.0
-18,-10,448.7943940785285
-17,-10,378.3276438264852
-17,-10,200.0
-18,-10,200.0
-18,-10,200.0
-18,-9,200.0
-18,-9,200.0
-18,-10,200.0
-18,-10,200.0
-18,-11,200.0
-18,-11,200.0
-18,-12,200.0
-18,-12,200.0
-18,-13,200.0
-18,-13,658.1172342704303
-18,-14,200.0
-18,-14,200.0
-18,-15,200.0
-18,-15,200.0
-18,-16,200.0
-18,-16,200.0
-18,-17,200.0
-18,-17,200.0
-17,-17,200.0
-17,-17,200.0
-17,-18,200.0
-17,-18,200.0
-17,-19,200.0
-17,-19,200.0
-16,-19,200.0
-16,-19,200.0
-17,-19,200.0
-17,-19,200.0
-18,-19,200.0
-18,-19,200.0
-19,-19,200.0
-19,-19,200.0
-19,-20,200.0
-19,-20,200.0
-18,-20,200.0
-18,-20,200.0
-19,-20,200.0
-19,-20,200.0
-20,-20,200.0
-20,-20,200.0
-19,-20,200.0
-19,-20,200.0
-19,-19,200.0
-19,-19,200.0
-18,-19,200.0
-18,-19,200.0
-19,-19,200.0
-19,-19,200.0
-19,-18,200.0
-19,-18,200.0
-20,-18,200.0
-20,-18,200.0
-20,-17,200.0
-20,-17,200.0
-19,-17,200.0
-19,-17,200.0
-19,-16,200.0
-19,-16,200.0
-18,-16,200.0
-18,-16,200.0
-17,-16,200.0
-17,-16,200.0
-16,-16,200.0
-16,-16,200.0
-15,-16,200.0
-15,-16,200.0
-16,-16,200.0
-16,-16,200.0
-15,-16,1014.3155065616388
-15,-16,200.0
-16,-16,200.0
-16,-16,200.0
-16,-15,200.0
-16,-15,200.0
-15,-15,200.0
-15,-15,200.0
-15,-14,200.0
-15,-14,200.0
-15,-13,200.0
-15,-13,200.0
-16,-13,200.0
-16,-13,200.0
-17,-13,200.0
-17,-13,778.8987901319326
-17,-12,200.0
-17,-12,200.0
-16,-12,200.0
-16,-12,200.0
-15,-12,200.0
-15,-12,200.0
-14,-12,200.0
-14,-12,384.6984217576676
-13,-12,200.0
-13,-12,200.0
-12,-12,200.0
-12,-12,200.0
-11,-12,694.9260631527516
-11,-12,200.0
-10,-12,2122.453686464969
-10,-12,200.0
-10,-11,879.3867643031315
-10,-11,717.821539516525
-11,-11,449.39052696590295
-11,-11,200.0
-10,-11,200.0
-10,-11,412.88439930583354
-10,-10,243.19332261285493
-10,-10,300.70520233470575
-9,-10,200.0
-9,-10,639.891516576886
-8,-10,200.0
-8,-10,1930.7198074863318
-7,-10,783.6451482734567
-7,-10,2700.767018025883
-6,-10,200.0
-6,-10,589.6259577533243
-5,-10,459.14627712290786
-5,-10,3600.0
-4,-10,572.2055655784781
-4,-10,373.0221922202106
-3,-10,533.94652162198
-3,-10,1037.2564326269367
-3,-9,843.2666997762024
-3,-9,2298.3992131611703
-4,-9,1873.5378671468397
-4,-9,1336.155997354704
-3,-9,2285.281306020854
-3,-9,215.2315899276249
-3,-8,976.466711823957
-3,-8,1186.4444470909204
-3,-7,1345.4827432163643
-3,-7,1568.308119452102
-3,-6,3600.0
-3,-6,200.0
-2,-6,3381.2392985412725
-2,-6,1099.4446328806503
-2,-7,3600.0
-2,-7,3292.5616558581305
-1,-7,401.16639729687836
-1,-7,200.0
-1,-6,2174.3881776895123
-1,-6,3600.0
0,-6,1173.9953951880973
0,-6,1093.0630895499744
0,-5,3600.0
0,-5,484.42602152394716
1,-5,1262.0949009977617
1,-5,2737.9868877163126
2,-5,1571.929053647711
2,-5,1114.0807891896302
2,-4,716.4259188532149
2,-4,2436.7242776708445
1,-4,2159.5445413496777
1,-4,570.643659556587
2,-4,1753.6084392401249
2,-4,3600.0
2,-3,3600.0
2,-3,754.1780062995881
3,-3,1307.0025717687404
