-8,-19,50.0
-8,-19,50.0
-8,-19,50.0
-8,-19,50.0
-8,-18,50.0
-8,-18,50.0
-8,-18,50.0
-8,-18,50.0
-8,-18,91.46492861424065
-8,-19,50.0
-8,-19,50.0
-8,-19,589.0252332407379
-8,-19,50.0
-8,-19,626.7592280961558
-8,-18,500.57418899539357
-8,-18,897.8387516160412
-8,-18,50.0
-8,-18,50.0
-8,-18,50.0
-8,-17,50.0
-8,-17,212.27794704234998
-8,-17,50.0
-8,-17,50.0
-8,-17,142.29976899144032
-8,-16,235.58143410337897
-8,-16,685.1899084448899
-8,-16,50.0
-8,-16,809.3736635987044
-8,-16,126.79955500985449
-7,-16,50.0
-7,-16,258.2955471592388
-7,-16,50.0
-7,-16,247.68053467457457
-7,-16,144.5527945073269
-7,-15,50.0
-7,-15,294.99231187405576
-7,-15,50.0
-7,-15,77.2139360783321
-7,-15,844.2204412793122
-7,-14,50.0
-7,-14,50.0
-7,-14,50.0
-7,-14,50.0
-7,-14,50.0
-7,-13,50.0
-7,-13,50.0
-7,-13,554.7913550741487
-7,-13,249.5885633794259
-7,-13,50.0
-7,-14,301.5371463729126
-7,-14,431.146444914761
-7,-14,344.4069691573381
-7,-14,368.19678679771937
-7,-14,50.0
-7,-13,224.07971495634638
-7,-13,267.45258870258743
-7,-13,169.0858300283512
-7,-13,348.4932861894829
-7,-13,590.4522250579362
-7,-12,413.1278374686831
-7,-12,50.0
-7,-12,385.1272470490793
-7,-12,50.0
-7,-12,50.0
-6,-12,50.0
-6,-12,359.29544790258024
-6,-12,464.37368940559054
-6,-12,50.0
-6,-12,783.614873057378
-5,-12,50.0
-5,-12,50.0
-5,-12,302.31537855280067
-5,-12,392.3563454861437
-5,-12,459.0774229322359
-4,-12,375.3957809427728
-4,-12,498.6976509243176
-4,-12,50.0
-4,-12,383.9516402137111
-4,-12,50.0
-3,-12,432.62462677970865
-3,-12,50.0
-3,-12,215.56728031391012
-3,-12,50.0
-3,-12,136.6726136387471
-3,-11,900.0
-3,-11,50.0
-3,-11,432.58850530173186
-3,-11,50.0
-3,-11,146.7895731696316
-3,-12,113.20467954685486
-3,-12,242.90298466468903
-3,-12,673.5259998454593
-3,-12,466.9279109330696
-3,-12,366.5313351543622
-2,-12,50.0
-2,-12,120.53992532335798
-2,-12,309.52642029139207
-2,-12,102.81029213027986
-2,-12,193.6260757992391
-2,-11,50.0
-2,-11,131.81255859956767
-2,-11,50.0
-2,-11,50.0
-2,-11,900.0
-1,-11,900.0
-1,-11,449.47949236288434
-1,-11,585.531366845884
-1,-11,106.89721421767223
-1,-11,287.9527513926729
-1,-12,50.0
-1,-12,900.0
-1,-12,50.0
-1,-12,358.3504194501994
-1,-12,50.0
-1,-11,374.03450022430377
-1,-11,50.0
-1,-11,900.0
-1,-11,900.0
-1,-11,50.0
-1,-10,654.4651324987249
-1,-10,207.3325336415865
-1,-10,807.3759794134895
-1,-10,50.0
-1,-10,836.9713339219045
0,-10,576.6429618779778
0,-10,309.87126867408693
0,-10,758.3062555419217
0,-10,348.96225925637304
0,-10,292.1497136337707
0,-9,718.8637016747431
0,-9,230.76443060085904
0,-9,317.19383538015194
0,-9,900.0
0,-9,557.9936306970773
0,-8,900.0
0,-8,900.0
0,-8,322.1651034869945
0,-8,50.0
0,-8,900.0
0,-7,763.5475506900895
0,-7,220.5773267182803
0,-7,629.388207806436
0,-7,197.15008498491505
0,-7,900.0
1,-7,102.97799576422256
1,-7,900.0
1,-7,50.0
1,-7,228.11299596360834
1,-7,488.29556830279245
2,-7,735.0332520315926
2,-7,512.0878098730391
2,-7,530.4088660113209
2,-7,683.0951868062538
2,-7,900.0
3,-7,50.0
3,-7,694.1005064524359
3,-7,887.4663494035442
3,-7,800.4287481985613
3,-7,900.0
3,-6,900.0
3,-6,859.7219786945292
3,-6,498.67811584207107
3,-6,900.0
3,-6,213.52848949677377
3,-7,900.0
3,-7,506.06655641112843
3,-7,50.0
3,-7,900.0
3,-7,50.0
4,-7,403.4316187666675
4,-7,469.5962786607997
4,-7,720.6832694845345
4,-7,900.0
4,-7,900.0
4,-6,900.0
4,-6,900.0
4,-6,627.8763287737517
4,-6,506.22486524122996
4,-6,894.7366581941694
4,-5,900.0
4,-5,900.0
4,-5,328.439519172781
4,-5,900.0
4,-5,712.278356399996
4,-6,710.9246836557422
4,-6,475.4697382786983
4,-6,159.11832073304083
4,-6,900.0
4,-6,602.9087064430627
4,-5,881.8610911417969
4,-5,900.0
4,-5,540.4088338303981
4,-5,841.1318217480757
4,-5,405.6405775746878
4,-4,50.0
4,-4,50.0
4,-4,50.0
4,-4,558.1543477911207
4,-4,900.0
3,-4,576.7593238343919
3,-4,900.0
3,-4,900.0
3,-4,473.6403467308094
3,-4,660.3372830158206
3,-3,897.4521092008798
3,-3,900.0
3,-3,740.3802477776828
3,-3,91.05978182047119
3,-3,900.0
4,-3,50.0
4,-3,609.3579261085848
4,-3,900.0
4,-3,285.8404307061354
4,-3,614.5143101645119
4,-2,50.0
4,-2,900.0
4,-2,471.6931904191217
4,-2,900.0
4,-2,698.603893527206
4,-1,50.0
4,-1,351.9361042061491
4,-1,900.0
4,-1,659.5733575590214
4,-1,900.0
4,0,659.5267462268475
4,0,248.65725601046182
4,0,722.4087168044363
4,0,900.0
4,0,900.0
4,1,50.0
4,1,900.0
4,1,187.98360720184724
4,1,554.4321734735768
4,1,297.0759934616962
4,2,609.1795484161657
4,2,180.49270507446488
4,2,411.52355824706297
4,2,900.0
4,2,900.0
5,2,356.0347461530466
5,2,50.0
5,2,619.8148907296609
5,2,900.0
5,2,249.97170788067194
6,2,900.0
6,2,325.8484990256127
6,2,50.0
6,2,375.31346746530687
6,2,900.0
5,2,554.9607598586393
5,2,772.3642088071854
5,2,429.03614690162334
5,2,50.0
5,2,510.138076964057
4,2,718.6659974718162
4,2,50.0
4,2,633.8159006969896
4,2,605.9289086238452
4,2,50.0
4,3,900.0
4,3,900.0
4,3,317.53270459111593
4,3,900.0
4,3,900.0
5,3,632.9867075739743
5,3,900.0
5,3,651.7928446060168
5,3,50.0
5,3,758.5020224079851
4,3,900.0
4,3,633.9895296837931
4,3,50.0
4,3,50.0
4,3,797.157167414691
4,2,900.0
4,2,459.5859341965079
4,2,660.9744696345881
4,2,892.1918164989754
4,2,523.1947505936
5,2,900.0
5,2,165.66337045027495
5,2,636.3442273592182
5,2,266.3642491950235
5,2,450.4405414198066
6,2,741.8977681456904
6,2,628.6132960437184
6,2,50.0
6,2,900.0
6,2,434.74945865654075
6,3,93.2355181570631
6,3,804.6250599151822
6,3,900.0
6,3,899.7666260103219
6,3,508.2788268027708
6,4,116.9820034044476
6,4,50.0
6,4,253.83725106902767
6,4,50.0
6,4,377.30961530301545
7,4,82.20317098115612
7,4,50.0
7,4,423.6983990550975
7,4,900.0
7,4,50.0
7,5,715.4671949529442
7,5,413.8682914404569
7,5,900.0
7,5,900.0
7,5,636.6335764589493
8,5,50.0
8,5,50.0
8,5,50.0
8,5,621.2879934939905
8,5,456.8285661210035
8,4,900.0
8,4,50.0
8,4,404.53075078834655
8,4,551.9350606045596
8,4,600.5044843428064
9,4,454.9706321006475
9,4,469.21328371354105
9,4,95.13793133636091
9,4,103.72268867519233
9,4,764.7474230564923
10,4,50.0
10,4,377.1936834796991
10,4,50.0
10,4,50.0
10,4,746.252978621593
10,5,305.13802379664554
10,5,50.0
10,5,298.25884672540417
10,5,50.0
10,5,659.5884852125129
10,6,50.0
10,6,900.0
10,6,567.6122566438039
10,6,383.3491225794252
10,6,477.0138622673044
10,7,50.0
10,7,50.0
10,7,367.1292847700182
10,7,369.36009253576736
10,7,416.8092831203754
10,8,214.81103665179322
10,8,50.0
10,8,707.9573732665815
10,8,50.0
10,8,544.4025516492584
11,8,737.3735299675322
11,8,449.9362465240796
11,8,50.0
11,8,71.90912784319298
11,8,900.0
10,8,547.7854851503176
10,8,654.7315085730743
10,8,255.65820623737054
10,8,50.0
10,8,355.1916011589856
10,9,50.0
10,9,176.0714204215827
10,9,50.0
10,9,464.5554620814372
10,9,50.0
9,9,50.0
9,9,50.0
9,9,367.8099822762445
9,9,900.0
9,9,680.3078277305846
10,9,201.59191339839026
10,9,50.0
10,9,50.0
10,9,342.46582127181887
10,9,315.54164492419716
11,9,50.0
11,9,63.88052019005362
11,9,50.0
11,9,50.0
11,9,658.9535616416531
11,10,50.0
11,10,50.0
11,10,70.73279744806878
11,10,852.8044273491951
11,10,134.71068090321978
12,10,489.30665073705103
12,10,198.36105065789565
12,10,124.54770751113767
12,10,50.0
12,10,50.0
11,10,233.62672440204133
11,10,50.0
11,10,115.55783728700419
11,10,50.0
11,10,234.16915341914012
10,10,50.0
10,10,53.85070909768917
10,10,900.0
10,10,713.6842578863099
10,10,50.0
11,10,50.0
11,10,50.0
11,10,50.0
11,10,50.0
11,10,50.0
12,10,50.0
12,10,50.0
12,10,667.2970257430802
12,10,900.0
12,10,50.0
13,10,50.0
13,10,168.20134630837745
13,10,785.9106096957147
13,10,50.0
13,10,636.5062037494222
13,11,50.0
13,11,50.0
13,11,207.57997355240374
13,11,799.6250571507662
13,11,50.0
14,11,424.6403185472428
14,11,50.0
14,11,151.19424911378312
14,11,50.0
14,11,104.81173245951308
14,12,50.0
14,12,377.2820246929794
14,12,50.0
14,12,214.9642875513121
14,12,346.4018349501413
15,12,74.07133511907355
15,12,50.0
15,12,118.98301698655487
15,12,50.0
15,12,50.0
16,12,50.0
16,12,50.0
16,12,354.31301826398544
16,12,50.0
16,12,436.2783850905266
16,11,50.0
16,11,50.0
16,11,89.24986862107154
16,11,50.0
16,11,50.0
16,10,50.0
16,10,50.0
16,10,50.0
16,10,747.9312745573637
16,10,143.918993621732
16,9,114.47639949425908
16,9,50.0
16,9,50.0
16,9,303.6290691711913
16,9,900.0
15,9,50.0
15,9,50.0
15,9,402.36093352320603
15,9,145.86625461377045
15,9,900.0
14,9,50.0
14,9,50.0
14,9,50.0
14,9,50.0
14,9,50.0
14,10,188.71894998965223
14,10,151.95057838062556
14,10,50.0
14,10,50.0
14,10,50.0
14,9,50.0
14,9,50.0
14,9,242.73122249522115
14,9,213.64358694473225
14,9,548.9684336621467
14,8,775.1474886000898
14,8,829.7901065244713
14,8,50.0
14,8,50.0
14,8,50.0
15,8,106.6739489320521
15,8,50.0
15,8,50.0
15,8,900.0
15,8,50.0
15,7,50.0
15,7,820.7680560691905
15,7,50.0
15,7,50.0
15,7,444.23297077961786
14,7,395.268147908179
14,7,83.9666758188262
14,7,50.0
14,7,50.0
14,7,56.529659878102876
14,6,112.44546167933245
14,6,50.0
14,6,50.0
14,6,680.801157314388
14,6,50.0
14,5,50.0
14,5,50.0
14,5,88.91360640479341
14,5,50.0
14,5,50.0
14,4,900.0
14,4,900.0
14,4,665.570795561038
14,4,50.0
14,4,298.8830385945211
14,3,50.0
14,3,892.2030716973419
14,3,50.0
14,3,89.14183319565248
14,3,470.27371681341515
13,3,50.0
13,3,50.0
13,3,490.9671140054145
13,3,792.2589387172674
13,3,757.7175282550618
13,2,50.0
13,2,333.6278294883867
13,2,50.0
13,2,407.8715928635492
13,2,324.8346660027427
13,1,667.696305521872
13,1,50.0
13,1,352.7667139638055
13,1,624.5814749753621
13,1,50.0
14,1,393.91979213604026
14,1,256.6525708762663
14,1,50.0
14,1,471.7929602060833
14,1,468.2955424680887
14,0,147.2116249961865
14,0,509.0491796090543
14,0,85.207892344963
14,0,280.5242779120509
14,0,50.0
14,-1,50.0
14,-1,110.3645394638531
14,-1,582.8126648550791
14,-1,601.7668368450687
14,-1,171.91102995633446
13,-1,232.807445464757
13,-1,73.38280235194046
13,-1,227.79110074949466
13,-1,573.4173877074013
13,-1,900.0
13,0,50.0
13,0,603.5692896446446
13,0,669.4820723091507
13,0,106.62454072958998
13,0,50.0
13,-1,586.0718064489081
13,-1,443.0194557093984
13,-1,50.0
13,-1,433.94648686360034
13,-1,900.0
12,-1,303.2987341894051
12,-1,658.9801060868427
12,-1,900.0
12,-1,50.0
12,-1,693.836363061838
11,-1,724.2507198870759
11,-1,478.8483453678744
11,-1,82.65293156038334
11,-1,520.4847044956698
11,-1,571.9860706705635
11,-2,702.7645218431987
11,-2,178.64206426462468
11,-2,50.0
11,-2,298.12732662330285
11,-2,270.53017943030005
10,-2,50.0
10,-2,208.24184614867454
10,-2,50.0
10,-2,900.0
10,-2,900.0
9,-2,900.0
9,-2,394.584909671393
9,-2,350.3910011405938
9,-2,539.335542809872
9,-2,900.0
10,-2,50.0
10,-2,900.0
10,-2,559.4790451967963
10,-2,149.25761747338944
10,-2,900.0
9,-2,749.5760460396957
9,-2,344.0198639677638
9,-2,900.0
9,-2,73.17786260403216
9,-2,306.1189531956332
9,-1,50.0
9,-1,900.0
9,-1,50.0
9,-1,199.68780883368817
9,-1,900.0
9,-2,533.7682836405775
9,-2,106.51439750950425
9,-2,50.0
9,-2,546.1554259590777
9,-2,421.91347268523515
9,-3,454.2720300922242
9,-3,546.9922384071947
9,-3,145.1725363523912
9,-3,50.0
9,-3,279.3940424831909
9,-4,233.87090738891368
9,-4,900.0
9,-4,458.76629093157743
9,-4,875.3071421020087
9,-4,50.0
9,-5,50.0
9,-5,900.0
9,-5,50.0
9,-5,151.70938496761204
9,-5,482.49068617405726
8,-5,60.77387422239576
8,-5,898.3994189339917
8,-5,50.0
8,-5,292.53622844132025
8,-5,900.0
7,-5,354.677825926557
7,-5,900.0
7,-5,461.6812388838136
7,-5,50.0
7,-5,900.0
7,-6,641.3265631491963
7,-6,383.96925356234806
7,-6,731.932548155737
7,-6,365.75082621603406
7,-6,375.9492873057112
7,-7,211.09735991822637
7,-7,189.49680382427402
7,-7,285.8618847263113
7,-7,50.0
7,-7,398.98086236158133
7,-8,573.7386626547695
7,-8,234.42755378651032
7,-8,337.52571506519524
7,-8,900.0
7,-8,50.0
6,-8,382.8349183297305
6,-8,501.9770259261313
6,-8,900.0
6,-8,50.0
6,-8,500.5442944831487
6,-9,483.98618561142104
6,-9,900.0
6,-9,50.0
6,-9,50.0
6,-9,900.0
5,-9,593.9553009660885
5,-9,900.0
5,-9,319.5997331269433
5,-9,810.0726295040313
5,-9,900.0
6,-9,284.8140121190073
6,-9,763.0116566575011
6,-9,50.0
6,-9,900.0
6,-9,50.0
5,-9,50.0
5,-9,106.60482604759841
5,-9,685.8843545074549
5,-9,228.65391581596617
5,-9,379.971910759537
5,-8,900.0
5,-8,233.38113865655282
5,-8,900.0
5,-8,671.3313273795751
5,-8,900.0
5,-9,664.2941960942773
5,-9,144.51982302572952
5,-9,50.0
5,-9,77.18478037817945
5,-9,159.3540712438122
5,-10,134.51562173750554
5,-10,462.8310146952327
5,-10,173.23488403838223
5,-10,900.0
5,-10,50.0
4,-10,50.0
4,-10,122.03284576869072
4,-10,424.0539629008082
4,-10,147.35800662566828
4,-10,900.0
4,-11,50.0
4,-11,50.0
4,-11,569.4316596325257
4,-11,240.0789556639048
4,-11,69.77612386427461
4,-12,50.0
4,-12,379.64674157777233
4,-12,350.4369293267241
4,-12,346.9993699170241
4,-12,50.0
5,-12,566.6413634654497
5,-12,357.77242710222356
5,-12,50.0
5,-12,110.25098789027632
5,-12,900.0
6,-12,206.37405191903846
6,-12,56.839975529929035
6,-12,50.0
6,-12,50.0
6,-12,350.77042679823796
7,-12,50.0
7,-12,402.05892400096604
7,-12,719.189177219132
7,-12,50.0
7,-12,50.0
8,-12,132.32946812076213
8,-12,50.0
8,-12,50.0
8,-12,57.37193194925263
8,-12,199.99238970694017
9,-12,50.0
9,-12,175.97652630000437
9,-12,50.0
9,-12,128.10857419463736
9,-12,584.9369760880331
9,-11,50.0
9,-11,483.7673304968009
9,-11,50.0
9,-11,50.0
9,-11,50.0
8,-11,729.5985105625052
8,-11,50.0
8,-11,439.9368485344895
8,-11,50.0
8,-11,196.65875150759214
9,-11,50.0
9,-11,50.0
9,-11,50.0
9,-11,50.0
9,-11,635.8965670467518
9,-10,50.0
9,-10,50.0
9,-10,900.0
9,-10,402.98314637963426
9,-10,900.0
9,-9,116.17892048207771
9,-9,900.0
9,-9,50.0
9,-9,570.4910960958521
9,-9,84.41621461237571
10,-9,587.674868619104
10,-9,587.9498845728065
10,-9,113.68689737311527
10,-9,235.12399889066074
10,-9,420.6323374709548
11,-9,569.2619334514018
11,-9,50.0
11,-9,50.0
11,-9,50.0
11,-9,50.0
10,-9,223.46600801150478
10,-9,50.0
10,-9,131.8403824279974
10,-9,900.0
10,-9,50.0
10,-8,284.77056731705045
10,-8,900.0
10,-8,874.829202766494
10,-8,50.0
10,-8,126.5073139867402
10,-7,50.0
10,-7,734.2173551134291
10,-7,344.82094189562144
10,-7,50.0
10,-7,533.1678807340829
11,-7,286.9325761347836
11,-7,50.0
11,-7,50.0
11,-7,50.0
11,-7,605.3650550796267
12,-7,484.86720679956375
12,-7,384.46551673104017
12,-7,50.0
12,-7,428.87651328119387
12,-7,50.0
11,-7,574.710473488055
11,-7,365.69240207175926
11,-7,433.07926236668413
11,-7,248.04574880565372
11,-7,494.13008369615676
11,-6,133.62921811503512
11,-6,50.0
11,-6,900.0
11,-6,803.9671648267163
11,-6,216.4601088228044
12,-6,50.0
12,-6,792.792984769628
12,-6,857.920237929849
12,-6,50.0
12,-6,900.0
13,-6,900.0
13,-6,50.0
13,-6,537.9253335159844
13,-6,50.0
13,-6,50.0
13,-5,50.0
13,-5,895.7577337361607
13,-5,201.06059925464933
13,-5,172.31221660318732
13,-5,50.0
13,-4,313.16333254654126
13,-4,729.8123379016458
13,-4,50.0
13,-4,225.87505401974468
13,-4,50.0
14,-4,50.0
14,-4,850.1957197500673
14,-4,50.0
14,-4,50.0
14,-4,50.0
15,-4,50.0
15,-4,50.0
15,-4,50.0
15,-4,246.6211242452321
15,-4,50.0
16,-4,167.99105992629688
16,-4,50.0
16,-4,50.0
16,-4,50.0
16,-4,107.54886807813547
15,-4,50.0
15,-4,753.206729431203
15,-4,437.61219792406905
15,-4,712.8581478853254
15,-4,50.0
15,-5,50.0
15,-5,50.0
15,-5,224.85271957460213
15,-5,776.4135140138832
15,-5,561.5700478463284
14,-5,900.0
14,-5,50.0
14,-5,356.52240826749636
14,-5,50.0
14,-5,519.0708588250574
13,-5,281.98062765497554
13,-5,187.84181247225152
13,-5,187.1237930674918
13,-5,645.2139442204937
13,-5,498.19418232799023
12,-5,447.66296381548364
12,-5,694.2602095752009
12,-5,636.3666212285799
12,-5,50.0
12,-5,50.0
12,-6,273.330934505121
12,-6,50.0
12,-6,162.0715612599685
12,-6,259.5006716205331
12,-6,50.0
11,-6,373.5327329981982
11,-6,160.89108848061775
11,-6,641.0989285064944
11,-6,50.0
11,-6,50.0
10,-6,50.0
10,-6,331.8779992471355
10,-6,344.5958867289213
10,-6,900.0
10,-6,236.76132555010497
9,-6,756.8715711941322
9,-6,450.419856716241
9,-6,657.824543411065
9,-6,50.0
9,-6,50.0
8,-6,269.8108182578045
8,-6,50.0
8,-6,50.0
8,-6,678.552364367059
8,-6,487.76435539778663
7,-6,493.7398830812262
7,-6,900.0
7,-6,623.3807742591805
7,-6,50.0
7,-6,406.2825708487842
6,-6,782.8710242687157
6,-6,890.5528652252508
6,-6,563.3971892164111
6,-6,870.860312920367
6,-6,733.0334281235297
5,-6,703.5163660748152
5,-6,315.6911526123892
5,-6,323.88047590019744
5,-6,561.4598033484223
5,-6,900.0
4,-6,50.0
4,-6,726.3101950265134
4,-6,406.3871565281154
4,-6,50.0
4,-6,416.92526478782946
5,-6,785.6049505856421
5,-6,328.11712232742167
5,-6,900.0
5,-6,897.1767899589236
5,-6,105.98501422456638
4,-6,900.0
4,-6,900.0
4,-6,879.235218217377
4,-6,831.5156937537404
4,-6,248.86429185077873
3,-6,121.65894700924787
3,-6,111.90030576078328
3,-6,900.0
3,-6,432.3868777942188
3,-6,900.0
4,-6,753.4084504613147
4,-6,475.65645996435467
4,-6,643.0703465350286
4,-6,247.65540416324154
4,-6,289.86159215986027
3,-6,745.6716787570648
3,-6,50.0
3,-6,149.5401319877988
3,-6,900.0
3,-6,900.0
2,-6,371.0872989840006
2,-6,618.2308418266441
2,-6,239.80023163409498
2,-6,437.1865349032229
2,-6,900.0
2,-7,750.8521973427685
2,-7,302.5631555617569
2,-7,773.0166801492676
2,-7,351.43253191403403
2,-7,900.0
1,-7,205.35232735720496
1,-7,462.3630138195185
1,-7,357.8445858158466
1,-7,900.0
1,-7,61.51236291057643
0,-7,547.0669289451023
0,-7,483.8635223390909
0,-7,50.0
0,-7,900.0
0,-7,900.0
-1,-7,900.0
-1,-7,50.0
-1,-7,166.03670314169545
-1,-7,900.0
-1,-7,533.9467922285605
-2,-7,868.5306065203467
-2,-7,736.0326191785143
-2,-7,900.0
-2,-7,443.9048700843066
-2,-7,184.38024666320916
-3,-7,382.721134054714
-3,-7,200.11556630961837
-3,-7,60.58196515846129
-3,-7,268.88327219992544
-3,-7,831.7408141890432
-4,-7,900.0
-4,-7,50.0
-4,-7,50.0
-4,-7,63.50979275348243
-4,-7,601.1261694242362
-5,-7,900.0
-5,-7,50.0
-5,-7,326.48631238930886
-5,-7,538.8465354198813
-5,-7,562.2158153263788
-6,-7,884.2727589880049
-6,-7,373.9770440206401
-6,-7,50.0
-6,-7,900.0
-6,-7,534.8358560861644
-7,-7,66.53869961785784
-7,-7,50.0
-7,-7,623.5142025784703
-7,-7,112.34621112762966
-7,-7,184.9020950807332
-7,-6,50.0
-7,-6,437.7390272456463
-7,-6,502.51594797252335
-7,-6,185.47737934474748
-7,-6,900.0
-7,-7,384.8763158449485
-7,-7,900.0
-7,-7,557.2564151457905
-7,-7,657.2922879009226
-7,-7,117.82886188348556
-8,-7,900.0
-8,-7,376.79595420389404
-8,-7,618.5033332436283
-8,-7,808.1349534421975
-8,-7,797.8769784566279
-9,-7,50.0
-9,-7,50.0
-9,-7,118.61701725584504
-9,-7,331.32145365837647
-9,-7,900.0
-9,-8,50.0
