-8,-19,200.0
-8,-18,549.3686870051545
-8,-18,321.1797412509709
-8,-19,200.0
-8,-19,200.0
-8,-18,200.0
-8,-18,259.85356993439814
-8,-17,200.0
-8,-17,200.0
-8,-16,200.0
-8,-16,200.0
-7,-16,200.0
-7,-16,200.0
-7,-15,200.0
-7,-15,200.0
-7,-14,887.0414483925185
-7,-14,1505.410775957129
-7,-13,1428.7924160612795
-7,-13,481.18118671834253
-7,-14,200.0
-7,-14,200.0
-7,-13,200.0
-7,-13,250.7086713495212
-7,-12,3431.266775426727
-7,-12,200.0
-6,-12,1235.9297079624826
-6,-12,1217.7535033736638
-5,-12,200.0
-5,-12,863.4975247568012
-4,-12,200.0
-4,-12,200.0
-3,-12,219.3058884624081
-3,-12,1003.4281857561701
-3,-11,680.6901681667348
-3,-11,3600.0
-3,-12,415.5970120040161
-3,-12,200.0
-2,-12,1826.2229974992679
-2,-12,3600.0
-2,-11,200.0
-2,-11,471.02035286219234
-1,-11,457.49544181110656
-1,-11,1168.0073813736574
-1,-12,1109.087003879828
-1,-12,384.2749937547163
-1,-11,1367.7529570586705
-1,-11,332.62754511591635
-1,-10,200.0
-1,-10,1231.8785365647582
0,-10,200.0
0,-10,200.0
0,-9,200.0
0,-9,3600.0
0,-8,859.5850414434112
0,-8,200.0
0,-7,938.33688636365
0,-7,930.2586685709981
1,-7,1275.1025961761325
1,-7,200.0
2,-7,2668.4591544837776
2,-7,664.176329405068
3,-7,537.1905134428991
3,-7,1164.128739312765
3,-6,696.5655522841062
3,-6,1413.205235449745
3,-7,200.0
3,-7,1260.7206282434404
4,-7,2960.278828437893
4,-7,2176.4564015947753
4,-6,1204.3672855087004
4,-6,2277.017166370311
4,-5,1083.7239814332677
4,-5,662.3492740506988
4,-6,3554.7681797187947
4,-6,749.3900042671482
4,-5,2079.1716668032054
4,-5,2287.6773177454647
4,-4,607.5270419379563
4,-4,2992.109589258005
3,-4,2255.2879420303325
3,-4,3054.9691401936207
3,-3,3600.0
3,-3,2706.5554395305944
4,-3,1580.729744272154
4,-3,1180.1948845947104
4,-2,3600.0
4,-2,200.0
4,-1,1512.022630926024
4,-1,3600.0
4,0,3600.0
4,0,1151.2884653713834
4,1,2035.5722147204901
4,1,954.7836648086409
4,2,3398.809724300282
4,2,1492.939476849716
5,2,200.0
5,2,1205.9709972403452
6,2,3600.0
6,2,1864.977295611643
5,2,1276.9440951782956
5,2,892.837075201584
4,2,3600.0
4,2,774.3188803544272
4,3,2936.327942763305
4,3,1223.8753550687484
5,3,1361.8367320168102
5,3,200.0
4,3,1830.6324541370368
4,3,2584.853292683767
4,2,1721.0081402182796
4,2,1428.446741811659
5,2,1355.2520071061717
5,2,550.4711375336965
6,2,200.0
6,2,3596.6706907391135
6,3,1227.0123516802985
6,3,1365.8414032380012
6,4,1199.6939903066996
6,4,3037.5694428293496
7,4,3600.0
7,4,867.0828221106806
7,5,200.0
7,5,3259.303333744887
8,5,1936.7107821355862
8,5,511.704694099104
8,4,825.9445976313889
8,4,2951.195134783855
9,4,2186.593282313307
9,4,1691.0017025656346
10,4,2091.8103921381407
10,4,200.0
10,5,200.0
10,5,1562.108172877337
10,6,200.0
10,6,514.0244730537809
10,7,200.0
10,7,3338.146726565204
10,8,200.0
10,8,200.0
11,8,2362.7559969899903
11,8,1638.5113608465767
10,8,200.0
10,8,2944.8499541132483
10,9,740.5956846585858
10,9,200.0
9,9,503.51726117659587
9,9,783.1351659839279
10,9,1609.0645326017009
10,9,815.9419681931093
11,9,200.0
11,9,319.62482627442046
11,10,1038.7139445792523
11,10,350.37828587229063
12,10,200.0
12,10,200.0
11,10,200.0
11,10,200.0
10,10,740.2760491973679
10,10,434.0067205748279
11,10,200.0
11,10,200.0
12,10,1245.0946635199498
12,10,200.0
13,10,200.0
13,10,919.6126045029631
13,11,200.0
13,11,200.0
14,11,200.0
14,11,519.0277401668802
14,12,200.0
14,12,200.0
15,12,200.0
15,12,200.0
16,12,587.7341362644408
16,12,200.0
16,11,283.80717319771384
16,11,200.0
16,10,200.0
16,10,200.0
16,9,1706.5948751511505
16,9,922.767046400246
15,9,200.0
15,9,1196.5839704447865
14,9,200.0
14,9,200.0
14,10,200.0
14,10,200.0
14,9,1613.0963724146313
14,9,200.0
14,8,254.55115654212034
14,8,200.0
15,8,200.0
15,8,217.47080664293685
15,7,832.6642324206457
15,7,824.1075216279099
14,7,200.0
14,7,200.0
14,6,2970.153889744696
14,6,200.0
14,5,200.0
14,5,200.0
14,4,200.0
14,4,200.0
14,3,1304.7364664195288
14,3,458.85912639038025
13,3,1331.8216668083942
13,3,863.0484163196519
13,2,1214.0971831198406
13,2,1146.8517679752629
13,1,2099.2928842694214
13,1,549.7458840786217
14,1,200.0
14,1,1094.6535918613392
14,0,2771.0933436352802
14,0,262.55769349703354
14,-1,200.0
14,-1,342.14050295434134
13,-1,812.0239072952862
13,-1,200.0
13,0,766.5729002834612
13,0,1305.136375420038
13,-1,200.0
13,-1,200.0
12,-1,200.0
12,-1,1313.18842075039
11,-1,319.47979942317056
11,-1,797.5223597587758
11,-2,2030.686368703793
11,-2,2010.344321907557
10,-2,471.8646523246497
10,-2,873.417895588338
9,-2,3521.610124960339
9,-2,200.0
10,-2,2845.5519778464104
10,-2,713.630841055212
9,-2,1085.4602686899934
9,-2,640.2620570386977
9,-1,1230.582683338545
9,-1,1006.2949635115309
9,-2,960.0963764093394
9,-2,500.1532810586395
9,-3,200.0
9,-3,492.8896038628395
9,-4,869.3053519003411
9,-4,200.0
9,-5,200.0
9,-5,597.7809603104333
8,-5,200.0
8,-5,259.5679301183425
7,-5,1182.0763046134628
