15,8,50.0
15,8,50.0
15,8,563.9604862003785
15,8,226.05053037633505
16,8,50.0
16,8,50.0
16,8,50.0
16,8,50.0
16,8,50.0
15,8,50.0
15,8,466.94055704866554
15,8,50.0
15,8,50.0
15,8,93.37606105902356
16,8,50.0
16,8,50.0
16,8,50.0
16,8,50.0
16,8,183.06268616963305
17,8,257.3147966226679
17,8,50.0
17,8,50.0
17,8,50.0
17,8,50.0
18,8,50.0
18,8,50.0
18,8,90.21185357222703
18,8,427.57671792602093
18,8,349.2068895223214
19,8,50.0
19,8,50.0
19,8,50.0
19,8,50.0
19,8,416.48262430646616
20,8,50.0
20,8,50.0
20,8,50.0
20,8,50.0
20,8,50.0
20,7,50.0
20,7,147.22988043225604
20,7,109.05126349867044
20,7,50.0
20,7,50.0
20,6,50.0
20,6,50.0
20,6,50.0
20,6,50.0
20,6,50.0
19,6,50.0
19,6,50.0
19,6,136.63038872442894
19,6,50.0
19,6,50.0
19,5,50.0
19,5,50.0
19,5,243.3277185450553
19,5,50.0
19,5,50.0
18,5,50.0
18,5,50.0
18,5,50.0
18,5,50.0
18,5,50.0
18,4,50.0
18,4,50.0
18,4,50.0
18,4,386.02162341519727
18,4,512.5830230839596
17,4,50.0
17,4,116.67980383869224
17,4,50.0
17,4,50.0
17,4,50.0
17,3,92.87441435539222
17,3,50.0
17,3,74.3292913930249
17,3,85.99241398024378
17,3,50.0
16,3,50.0
16,3,50.0
16,3,68.30931772836252
16,3,50.0
16,3,511.0671704009676
17,3,50.0
17,3,278.309630593524
17,3,50.0
17,3,50.0
17,3,121.94354043265747
17,4,50.0
17,4,50.0
17,4,216.70879598486277
17,4,50.0
17,4,50.0
17,3,111.85296909754112
17,3,70.18461534500989
17,3,50.0
17,3,509.28476480124857
17,3,50.0
17,2,50.0
17,2,870.32091367501
17,2,50.0
17,2,50.0
17,2,50.0
17,1,779.5099453665777
17,1,681.5276018728273
17,1,50.0
17,1,50.0
17,1,182.56399333072997
16,1,50.0
16,1,50.0
16,1,271.58693545404424
16,1,50.0
16,1,310.18533089503524
15,1,515.9390792383397
15,1,50.0
15,1,50.0
15,1,361.8264298047551
15,1,633.8251552488189
14,1,200.42930985389575
14,1,225.4577977413296
14,1,266.94815211147613
14,1,50.0
14,1,338.60886434100297
13,1,225.86778066954105
13,1,50.0
13,1,296.0216784985582
13,1,50.0
13,1,413.5661790041013
13,0,690.7538485873206
13,0,301.4697500111548
13,0,900.0
13,0,50.0
13,0,136.18047218126574
12,0,193.61732509546482
12,0,336.9059122749766
12,0,219.4210509063531
12,0,50.0
12,0,114.39571145212963
11,0,645.2561876524359
11,0,50.0
11,0,50.0
11,0,186.68834986257082
11,0,302.99246720646465
11,-1,608.0719162524447
11,-1,50.0
11,-1,526.9263861371577
11,-1,213.95531258884063
11,-1,129.58369416573626
10,-1,50.0
10,-1,50.0
10,-1,179.19831276460218
10,-1,571.6989302423835
10,-1,514.7507480171009
10,-2,50.0
10,-2,50.0
10,-2,50.0
10,-2,328.82516998926286
10,-2,302.53112004900254
10,-3,100.32703256684385
10,-3,733.3081697800187
10,-3,472.4906899947915
10,-3,369.4279182104777
10,-3,409.4349664631279
11,-3,644.1707944614993
11,-3,50.0
11,-3,443.3952240226146
11,-3,394.55520741384123
11,-3,412.8911511896088
10,-3,182.31262579784973
10,-3,50.0
10,-3,108.56423651471732
10,-3,52.00787207702814
10,-3,50.0
10,-4,50.0
10,-4,600.1097430619404
10,-4,663.8452740484921
10,-4,372.8597185882963
10,-4,50.0
11,-4,377.58094596613097
11,-4,574.4982451646953
11,-4,100.80142402605503
11,-4,423.549933978855
11,-4,258.72910159648995
11,-5,120.59206334324503
11,-5,50.0
11,-5,444.31950643371334
11,-5,450.29186152911245
11,-5,50.0
11,-6,407.07967610751393
11,-6,121.31163294716035
11,-6,59.344294555965945
11,-6,839.7055177066705
11,-6,50.0
11,-7,239.47934071363176
11,-7,241.04472919682627
11,-7,50.0
11,-7,167.46967660950563
11,-7,56.6557518034531
11,-8,270.9828566594264
11,-8,421.22258099592
11,-8,50.0
11,-8,861.3307454165752
11,-8,148.64976685890736
10,-8,50.0
10,-8,645.9791006365979
10,-8,316.532255294915
10,-8,60.82089773642498
10,-8,50.0
9,-8,50.0
9,-8,184.57703854966627
9,-8,335.4803168772083
9,-8,50.0
9,-8,50.0
8,-8,50.0
8,-8,230.88971453306152
8,-8,68.96489161720532
8,-8,489.0503868927947
8,-8,50.0
8,-9,323.27890505063084
8,-9,283.42547016900295
8,-9,50.0
8,-9,298.6315323712116
8,-9,50.0
8,-8,900.0
8,-8,145.82349764460548
8,-8,152.3881815091999
8,-8,306.26911387776795
8,-8,464.37126366497125
7,-8,900.0
7,-8,403.214762018235
7,-8,452.2811887382567
7,-8,284.74416532506774
7,-8,50.0
6,-8,117.55508839359761
6,-8,628.8351616978423
6,-8,332.6674670675411
6,-8,50.0
6,-8,154.75919523257625
6,-9,106.23996494952124
6,-9,174.834920303624
6,-9,331.86124034176015
6,-9,308.17031545314717
6,-9,50.0
6,-10,50.0
6,-10,50.0
6,-10,50.0
6,-10,350.2450390357212
6,-10,616.5876765573033
6,-11,872.5213405457022
6,-11,359.6515646949773
6,-11,282.89421507757726
6,-11,50.0
6,-11,158.11172856486147
6,-12,59.17049359849962
6,-12,900.0
6,-12,662.6184853180172
6,-12,118.83913894917416
6,-12,244.14123211313324
6,-13,50.0
6,-13,50.0
6,-13,447.94281303194157
6,-13,50.0
6,-13,138.02291079181225
6,-14,50.0
6,-14,256.39767931355345
6,-14,50.0
6,-14,50.0
6,-14,102.32162510515977
5,-14,166.25854120424873
5,-14,103.34285225800284
5,-14,50.0
5,-14,419.65877586195313
5,-14,60.70774158885682
5,-15,50.0
5,-15,50.0
5,-15,50.0
5,-15,381.8729831287388
5,-15,63.32434570761999
4,-15,50.0
4,-15,50.566744338843186
4,-15,502.18689410047654
4,-15,50.0
4,-15,136.74170574169307
5,-15,50.0
5,-15,50.0
5,-15,50.0
5,-15,75.48862262769995
5,-15,50.0
4,-15,50.0
4,-15,50.0
4,-15,458.51496250674677
4,-15,50.0
4,-15,50.0
5,-15,50.0
5,-15,446.53718801458524
5,-15,193.7841907796152
5,-15,50.0
5,-15,50.0
4,-15,127.34336176299527
4,-15,113.86094898379275
4,-15,752.6657682400757
4,-15,587.453979884925
4,-15,59.35464950683185
3,-15,50.0
3,-15,624.9139295351152
3,-15,493.2434994689314
3,-15,900.0
3,-15,455.46416760162566
3,-16,50.0
3,-16,50.0
3,-16,50.0
3,-16,117.61406792856005
3,-16,378.196879426214
4,-16,438.5841478530554
4,-16,50.0
4,-16,82.0808227994194
4,-16,359.01100480844343
4,-16,253.39223484597926
4,-17,50.0
4,-17,347.49505754698373
4,-17,238.785690195303
4,-17,50.0
4,-17,50.0
5,-17,50.0
5,-17,50.0
5,-17,50.0
5,-17,535.062049122836
5,-17,50.0
4,-17,335.3880349691293
4,-17,50.0
4,-17,258.25337913956
4,-17,50.0
4,-17,50.0
3,-17,50.0
3,-17,93.97608256419322
3,-17,172.43889391934513
3,-17,104.38387989540865
3,-17,50.0
2,-17,527.572339404491
2,-17,92.17328459326797
2,-17,50.0
2,-17,381.72100579373364
2,-17,392.9625907908061
2,-18,50.0
2,-18,209.68180334889098
2,-18,362.51880446743166
2,-18,287.716598805741
2,-18,50.0
2,-19,550.6802738438867
2,-19,50.0
2,-19,50.0
2,-19,50.0
2,-19,50.0
2,-20,50.0
2,-20,332.164206797299
2,-20,50.0
2,-20,87.83441870989003
2,-20,135.75535409468006
1,-20,50.0
1,-20,50.0
1,-20,50.0
1,-20,50.0
1,-20,118.52797424935738
2,-20,456.1923764079728
2,-20,50.0
2,-20,50.0
2,-20,50.0
2,-20,50.0
1,-20,50.0
1,-20,50.0
1,-20,462.1314804124796
1,-20,50.0
1,-20,50.0
0,-20,50.0
0,-20,50.0
0,-20,50.0
0,-20,50.0
0,-20,50.0
-1,-20,50.0
-1,-20,50.0
-1,-20,50.0
-1,-20,50.0
-1,-20,50.0
-1,-19,50.0
-1,-19,50.0
-1,-19,128.36866714514375
-1,-19,221.10365193911156
-1,-19,179.68880616909485
0,-19,50.0
0,-19,50.0
0,-19,50.0
0,-19,50.0
0,-19,50.0
0,-20,50.0
0,-20,50.0
0,-20,50.0
0,-20,50.0
0,-20,260.8131006406941
0,-19,50.0
0,-19,50.0
0,-19,50.0
0,-19,50.0
0,-19,168.1643668920014
1,-19,50.0
1,-19,585.0868322049929
1,-19,50.0
1,-19,50.0
1,-19,50.0
2,-19,224.67805171305912
2,-19,50.0
2,-19,355.1261437848952
2,-19,78.8217948087897
2,-19,50.0
2,-18,50.0
2,-18,266.4577566801664
2,-18,589.209336192868
2,-18,50.0
2,-18,50.0
2,-19,50.0
2,-19,50.0
2,-19,50.0
2,-19,50.0
2,-19,50.0
2,-18,50.0
2,-18,50.0
2,-18,317.48307105709324
2,-18,50.0
2,-18,120.51706451593135
2,-17,279.041576941147
2,-17,50.0
2,-17,346.12165433216313
2,-17,50.0
2,-17,50.0
2,-16,50.0
2,-16,760.2154593313221
2,-16,408.29101653873226
2,-16,50.0
2,-16,50.0
2,-15,50.0
2,-15,50.0
2,-15,580.387929047854
2,-15,300.33893391771153
2,-15,50.0
2,-14,770.6184020012828
2,-14,50.0
2,-14,193.16075809188467
2,-14,79.05170434427592
2,-14,356.7444220419958
2,-13,220.88981877584172
2,-13,170.81514419903428
2,-13,50.0
2,-13,154.86462209315363
2,-13,50.0
2,-12,372.7987976119057
2,-12,128.53733631077046
2,-12,200.60653904807742
2,-12,50.0
2,-12,50.0
2,-11,289.89136585223355
2,-11,50.0
2,-11,230.4285584511687
2,-11,50.0
2,-11,900.0
3,-11,546.0331007001816
3,-11,472.4632047163834
3,-11,372.09076932012334
3,-11,50.0
3,-11,50.0
4,-11,50.0
4,-11,383.4275803374217
4,-11,214.68445894214355
4,-11,235.39899851850797
4,-11,581.5758194877205
4,-10,269.45446511110123
4,-10,50.0
4,-10,50.0
4,-10,548.8538480546408
4,-10,724.7999700486602
4,-11,241.70739544670272
4,-11,417.43795878055926
4,-11,317.02819939989695
4,-11,50.0
4,-11,465.9700779669698
4,-10,437.0863986050247
4,-10,50.0
4,-10,856.7237936002932
4,-10,900.0
4,-10,340.0963753187634
4,-9,364.4348859123049
4,-9,282.8493923359094
4,-9,50.0
4,-9,298.2616257235118
4,-9,50.0
5,-9,429.2329926188371
5,-9,290.3860865223089
5,-9,348.4952069944162
5,-9,69.32164840687852
5,-9,423.3988740743737
5,-8,214.61926380919616
5,-8,865.9663050783427
5,-8,673.2419565913247
5,-8,440.5352889386765
5,-8,50.0
5,-7,155.6050709461133
5,-7,900.0
5,-7,351.47302242000654
5,-7,291.1806419652009
5,-7,715.510871304646
6,-7,817.834742773703
6,-7,359.3802681817314
6,-7,525.5355448083794
6,-7,289.24758500850817
6,-7,143.9730286825345
7,-7,648.8466174982692
7,-7,50.0
7,-7,270.1497412858075
7,-7,546.0391363620026
7,-7,50.0
8,-7,50.0
8,-7,93.55156767542735
8,-7,675.6744462482045
8,-7,900.0
8,-7,359.5795364611672
9,-7,108.48796889629125
9,-7,426.3061072660824
9,-7,343.27832585581086
9,-7,753.1634768458196
9,-7,431.15661296763045
9,-6,630.4750459086924
9,-6,50.0
9,-6,419.95531459755847
9,-6,514.0231391483134
9,-6,506.4491750700471
9,-5,50.0
9,-5,194.7929309555442
9,-5,459.45006293210776
9,-5,657.4328405154877
9,-5,592.3894760423531
9,-4,325.53112545861023
9,-4,50.0
9,-4,900.0
9,-4,294.79762209023966
9,-4,900.0
9,-3,365.513531092771
9,-3,50.0
9,-3,50.0
9,-3,248.77397248916736
9,-3,708.5756361799247
10,-3,550.6024506998785
10,-3,520.4121889997077
10,-3,50.0
10,-3,50.0
10,-3,700.0401877341078
10,-2,441.2536960961411
10,-2,50.0
10,-2,236.29857804448548
10,-2,50.0
10,-2,85.68247503929689
10,-1,137.737434516888
10,-1,50.0
10,-1,215.74629603020188
10,-1,50.0
10,-1,50.0
10,-2,62.37853974530162
10,-2,350.0059560157468
10,-2,50.0
10,-2,492.75362717410815
10,-2,50.0
10,-1,861.132820344605
10,-1,571.6443192374816
10,-1,487.8938360184004
10,-1,266.8918602566804
10,-1,736.6646550291074
10,-2,289.31168998984526
10,-2,300.16010153695026
10,-2,50.0
10,-2,50.0
10,-2,50.0
11,-2,357.029248255152
11,-2,50.0
11,-2,515.1997035832817
11,-2,460.6713157958436
11,-2,87.22389036574324
11,-1,300.2190807396089
11,-1,662.969531871564
11,-1,50.0
11,-1,687.8941661129941
11,-1,670.7084507833299
11,0,270.1206265899298
11,0,491.77697166223925
11,0,230.68768178570497
11,0,738.3255028510126
11,0,375.92150206234425
11,1,260.20135905772395
11,1,50.0
11,1,50.0
11,1,456.2615312599743
11,1,495.12770540360424
11,2,502.1643030503489
11,2,900.0
11,2,479.93106420418167
11,2,763.7369560541183
11,2,124.89896942324003
11,3,648.952769497628
11,3,319.4167908363262
11,3,50.0
11,3,246.9634887376363
11,3,50.0
11,4,50.0
11,4,117.32332272182342
11,4,207.11299624299986
11,4,354.89757701117014
11,4,286.49308830366584
12,4,50.0
12,4,50.0
12,4,50.0
12,4,179.0402932901058
12,4,841.2492067507778
13,4,50.0
13,4,50.0
13,4,50.0
13,4,233.16772883360898
13,4,50.0
12,4,247.61093888270085
12,4,402.0538585615784
12,4,76.78978587179132
12,4,368.2668654205279
12,4,97.09751953807836
12,3,900.0
12,3,705.8140769127102
12,3,50.0
12,3,50.0
12,3,508.3252109921573
12,2,900.0
12,2,880.4176660930808
12,2,240.6373110036126
12,2,50.0
12,2,50.0
12,1,437.59601811757653
12,1,624.8759802132677
12,1,900.0
12,1,50.0
12,1,351.1540032641123
11,1,79.93107921163292
11,1,632.6088906005282
11,1,263.37872893442585
11,1,900.0
11,1,504.41275830368085
11,0,780.9781526901197
11,0,134.21825694358694
11,0,50.0
11,0,87.73396366289126
11,0,432.62933100023974
11,-1,764.3767490009704
11,-1,890.6167535479709
11,-1,159.63708751087432
11,-1,62.644040285417105
11,-1,793.3948712754989
11,-2,240.27568466293107
11,-2,50.0
11,-2,50.0
11,-2,50.0
11,-2,486.84072743239767
11,-3,50.0
11,-3,429.60681729678413
11,-3,444.8670174772315
11,-3,112.70614716192193
11,-3,135.56540951313596
10,-3,900.0
10,-3,393.577341610434
10,-3,530.8390212014077
10,-3,50.0
10,-3,50.0
10,-4,295.8034692181746
10,-4,221.5683214903105
10,-4,50.0
10,-4,50.0
10,-4,450.0706336901037
9,-4,50.0
9,-4,594.0367912864294
9,-4,545.6638943017815
9,-4,299.6352690622364
9,-4,240.40697050922648
9,-5,693.9813407990342
9,-5,188.2841489582193
9,-5,248.13465670311223
9,-5,786.5018966056639
9,-5,50.0
9,-6,296.2273847257695
9,-6,234.8328086414352
9,-6,525.1275453069072
9,-6,389.1422549049386
9,-6,50.0
9,-5,50.0
9,-5,231.32630978729264
9,-5,136.82971248183716
9,-5,82.51294440986067
9,-5,50.0
10,-5,216.39977552592012
10,-5,218.362937459796
10,-5,50.0
10,-5,319.31368834055576
10,-5,50.0
10,-6,754.3265712519262
10,-6,102.24548337233706
10,-6,50.0
10,-6,380.52812442844123
10,-6,50.0
10,-7,50.0
10,-7,310.819611678315
10,-7,255.08366019547321
10,-7,423.6554802058658
10,-7,50.0
9,-7,50.0
9,-7,751.5191931420234
9,-7,299.36441338693066
9,-7,50.0
9,-7,554.6526671269805
8,-7,286.03234481356435
8,-7,214.86782538912973
8,-7,652.2531865785688
8,-7,50.0
8,-7,108.32882736379169
7,-7,87.23159018057808
7,-7,215.97172540884316
7,-7,785.5659706736405
7,-7,50.0
7,-7,736.7066222069911
7,-8,50.0
7,-8,50.0
7,-8,403.5784531934257
7,-8,50.0
7,-8,50.0
7,-9,720.9382570841364
7,-9,313.51318986903493
7,-9,283.80564129344685
7,-9,353.9210470377053
7,-9,773.0700210058906
6,-9,172.05140585835647
6,-9,50.0
6,-9,541.5945466705314
6,-9,361.7381303025075
6,-9,65.1502975971681
5,-9,900.0
5,-9,50.0
5,-9,369.3582369295518
5,-9,416.81925820034616
5,-9,68.02243382247872
5,-10,305.93805687009456
5,-10,755.547534554597
5,-10,674.8379929059051
5,-10,316.1627774760714
5,-10,50.0
5,-11,112.24946400960985
5,-11,216.02331456346363
5,-11,50.0
5,-11,50.0
5,-11,246.48774643158643
5,-12,50.0
5,-12,168.17821857135533
5,-12,88.98415818085547
5,-12,50.0
5,-12,50.0
4,-12,50.0
4,-12,513.133787011054
4,-12,52.77573539477096
4,-12,50.0
4,-12,50.0
3,-12,867.1463300972922
3,-12,50.0
3,-12,243.77186415110543
3,-12,582.3652013931157
3,-12,50.0
2,-12,177.77510549181656
2,-12,900.0
2,-12,179.37428887444298
2,-12,50.0
2,-12,310.00268271350575
1,-12,50.0
1,-12,263.52647275515056
1,-12,393.1554606460778
1,-12,302.85550296665383
1,-12,200.1665180578358
1,-13,50.0
1,-13,511.18952246486725
1,-13,287.20072141778144
1,-13,157.31267752783754
1,-13,196.94090048810367
2,-13,278.479499572993
2,-13,50.0
2,-13,233.971853303268
2,-13,50.0
2,-13,50.0
1,-13,57.56257076963509
1,-13,248.95253707434574
1,-13,165.86924856499468
1,-13,640.1309684563394
1,-13,50.0
1,-12,50.0
1,-12,65.97313679678777
1,-12,616.1773882815489
1,-12,745.0600554209299
1,-12,79.8503559371208
1,-13,86.00089516906357
1,-13,50.0
1,-13,456.8587643016664
1,-13,162.29954675758074
1,-13,50.0
0,-13,96.38507480160081
0,-13,50.0
0,-13,274.04236285407205
0,-13,50.0
0,-13,720.9506620486167
-1,-13,210.27837095629224
-1,-13,590.9048906285665
-1,-13,50.0
-1,-13,570.9648024496246
-1,-13,50.0
-2,-13,50.0
-2,-13,97.58221103485624
-2,-13,352.88404641401684
-2,-13,176.83783112876503
-2,-13,132.8137895516295
-1,-13,50.0
-1,-13,900.0
-1,-13,472.5158158530835
-1,-13,442.5558787463934
-1,-13,50.0
-1,-14,265.3800876550788
-1,-14,50.0
-1,-14,50.0
-1,-14,900.0
-1,-14,50.0
-2,-14,361.3564651081602
-2,-14,50.0
-2,-14,419.8508163763038
-2,-14,422.90094644335034
-2,-14,149.30067979753701
-2,-15,179.58970409137578
-2,-15,50.0
-2,-15,266.5980123323848
-2,-15,50.0
-2,-15,50.0
-3,-15,66.59002723243188
-3,-15,483.08806072900586
-3,-15,900.0
-3,-15,50.0
-3,-15,50.0
-4,-15,50.0
-4,-15,743.0314078010271
-4,-15,50.0
-4,-15,50.0
-4,-15,242.52649488603254
-4,-16,50.0
-4,-16,50.0
-4,-16,314.1329597905278
-4,-16,50.0
-4,-16,396.1115085408087
-4,-17,50.0
-4,-17,50.0
-4,-17,121.38017035338822
-4,-17,179.4612513903199
-4,-17,50.0
-3,-17,50.0
-3,-17,63.97246020679479
-3,-17,50.0
-3,-17,308.17588063501375
-3,-17,598.5468225018018
-4,-17,50.0
-4,-17,50.0
-4,-17,50.0
-4,-17,50.0
-4,-17,50.0
-5,-17,335.2070845334788
-5,-17,50.0
-5,-17,50.0
-5,-17,260.84553797790016
-5,-17,52.55197004952653
-6,-17,50.0
-6,-17,457.8336324618981
-6,-17,295.7286645956408
-6,-17,50.0
-6,-17,126.88259627267018
-7,-17,116.90955229568598
-7,-17,50.0
-7,-17,172.00348626850544
-7,-17,50.0
-7,-17,671.6807245558304
-7,-18,50.0
-7,-18,50.0
-7,-18,50.0
-7,-18,171.76496265415358
-7,-18,50.0
-7,-19,50.0
-7,-19,50.0
-7,-19,50.0
-7,-19,50.0
-7,-19,50.0
-8,-19,50.0
-8,-19,50.0
-8,-19,50.0
-8,-19,50.0
-8,-19,265.7276590190678
-8,-18,50.0
-8,-18,50.0
-8,-18,50.0
-8,-18,453.79389516758795
-8,-18,50.0
-8,-19,50.0
-8,-19,50.0
-8,-19,50.0
-8,-19,548.4816954639565
-8,-19,632.9262411002179
-8,-20,50.0
-8,-20,328.14378472879605
-8,-20,174.42659070309855
-8,-20,50.0
-8,-20,50.0
-8,-19,50.0
-8,-19,50.0
-8,-19,50.0
-8,-19,316.86494720563894
-8,-19,50.0
-7,-19,50.0
-7,-19,212.40365997019694
-7,-19,378.2749434997121
-7,-19,50.0
-7,-19,50.0
-6,-19,50.0
-6,-19,50.0
-6,-19,50.0
-6,-19,84.71523623563294
-6,-19,97.7450597937596
-5,-19,179.1689070579609
-5,-19,307.4526075573654
-5,-19,50.0
-5,-19,50.0
-5,-19,50.0
-4,-19,50.0
-4,-19,50.0
-4,-19,50.0
-4,-19,50.0
-4,-19,50.0
-4,-20,50.0
-4,-20,50.0
-4,-20,50.0
-4,-20,161.36502976160557
-4,-20,623.6059781010065
-4,-19,111.88749107868375
-4,-19,50.0
-4,-19,50.0
-4,-19,85.02635346726049
-4,-19,50.0
-4,-18,638.0937553683544
-4,-18,50.0
-4,-18,720.2146849872483
-4,-18,125.31181183175661
-4,-18,85.73747819103963
-3,-18,816.0574754181588
-3,-18,783.3265544780755
-3,-18,106.84859289647031
-3,-18,50.0
-3,-18,141.3229154958214
-2,-18,251.18121658814815
-2,-18,50.0
-2,-18,409.2098936952238
-2,-18,180.12672435906268
-2,-18,50.0
-1,-18,50.0
-1,-18,50.0
-1,-18,50.0
-1,-18,50.0
-1,-18,50.0
0,-18,50.0
0,-18,50.0
0,-18,50.0
0,-18,50.0
0,-18,50.0
0,-17,50.0
0,-17,50.0
0,-17,50.0
0,-17,50.0
0,-17,228.4632241633531
0,-16,449.3841770149813
0,-16,249.83894035785045
0,-16,50.0
0,-16,560.7068206644599
0,-16,50.0
1,-16,126.67427285268963
1,-16,140.88137525609403
1,-16,651.8647998616373
1,-16,50.0
1,-16,50.0
2,-16,50.0
2,-16,296.6275630723631
2,-16,50.0
2,-16,50.0
2,-16,50.0
2,-15,50.0
