12,-7,200.0
12,-6,1528.8132388284414
12,-6,200.0
12,-5,200.0
12,-5,200.0
12,-4,1709.0264744536707
12,-4,802.9196933698488
12,-5,1522.8960991058514
12,-5,876.4723172289787
12,-4,200.0
12,-4,1018.4203250689234
12,-3,200.0
12,-3,200.0
12,-2,711.7273319397148
12,-2,624.0806972170823
12,-1,433.56335419429234
12,-1,200.0
12,0,200.0
12,0,200.0
12,-1,2786.115723909061
12,-1,249.29964464639622
12,0,353.89884344306734
12,0,3600.0
12,-1,1012.6122097582679
12,-1,728.3908248136446
12,0,200.0
12,0,3114.4872532155405
12,1,324.3021083385964
12,1,3481.0007493525386
12,2,1754.9785985878648
12,2,200.0
12,3,791.7556452693723
12,3,579.5905117966586
12,4,804.8967832678188
12,4,200.0
12,5,529.4716353877534
12,5,290.2048883337773
12,6,200.0
12,6,385.18107376781546
12,5,200.0
12,5,1314.0534710588267
12,4,3097.828841143993
12,4,1955.4760019294458
12,3,316.58051383657914
12,3,891.476398030048
12,4,200.0
12,4,2500.818895666971
12,5,200.0
12,5,1383.606728499291
12,6,290.4514613670578
12,6,200.0
12,7,227.95865754989325
12,7,1298.8180044405383
12,6,846.3027169113077
12,6,586.6280023205829
12,7,1631.293262078359
12,7,200.0
12,8,1898.5571620267053
12,8,200.0
12,9,200.0
12,9,909.1879306635268
12,10,200.0
12,10,200.0
12,11,200.0
12,11,200.0
12,12,1317.5059685385936
12,12,2211.605015015071
11,12,1451.865584682288
11,12,200.0
10,12,2928.9843612649793
10,12,1163.7915830311613
11,12,1366.0755152503104
11,12,200.0
10,12,1585.9108639500837
10,12,200.0
9,12,1835.909244510279
9,12,275.972266807851
8,12,200.0
8,12,382.5538098595862
7,12,200.0
7,12,200.0
7,11,200.0
7,11,1143.8275038616641
8,11,552.3637976035465
8,11,1027.3964255883693
8,10,200.0
8,10,3100.5565137983185
8,9,2195.038479938841
8,9,552.5136563564984
7,9,200.0
7,9,325.94838417700976
7,8,1413.436357527867
7,8,487.4548303350657
6,8,2664.1534435942067
6,8,3600.0
6,7,3067.216071314583
6,7,1646.9809230559952
6,6,2268.2913226523606
6,6,1706.1187955268256
5,6,3600.0
5,6,1204.3802865352804
5,5,2587.0380940512696
5,5,2251.7397541059354
5,4,3600.0
5,4,1782.5599342683872
5,3,3600.0
5,3,200.0
5,2,3176.7444968300306
5,2,935.4385802928067
5,1,454.577978846668
5,1,478.0704171501492
5,2,2206.192660321209
5,2,1452.4222121933628
5,1,2116.137755609283
5,1,390.7804969444875
4,1,2688.556362945205
4,1,3484.4043108545575
4,0,2560.7001766358326
4,0,3600.0
3,0,892.1555831347343
3,0,231.93901774636015
2,0,2677.4014402363255
2,0,3600.0
1,0,1368.74150433815
1,0,3079.91140216417
1,-1,200.0
1,-1,2833.1974134742054
1,-2,3600.0
1,-2,1819.402664856755
2,-2,1753.3531362621047
2,-2,2213.611554305954
2,-3,1888.9080535096064
2,-3,3600.0
1,-3,2734.3264921552927
1,-3,1290.1646743996653
1,-4,1162.2227398541665
1,-4,1546.5573288268447
1,-5,598.0135415217983
1,-5,1734.2614813053792
1,-4,790.3915468194418
1,-4,732.9836663167986
0,-4,1760.3717348041223
0,-4,200.0
0,-3,3600.0
0,-3,1928.591419207868
0,-4,2787.1510266230157
0,-4,1136.1458380209442
0,-5,1484.2442253469012
0,-5,2597.1050917978787
0,-6,2289.102266827918
0,-6,2616.4114085021256
0,-7,1469.5973189427418
0,-7,1213.4155284184058
0,-8,2778.4956137170393
0,-8,3244.7359043958536
0,-7,1096.0302576288964
0,-7,1295.0257539612678
0,-8,515.8980432196083
0,-8,2579.7935788573877
0,-9,1924.5783399714492
0,-9,1165.299889383393
0,-10,321.91390033528705
0,-10,764.3610260664551
0,-9,769.6120096824233
0,-9,642.3633427440697
0,-10,200.0
0,-10,593.2098240815458
0,-11,200.0
0,-11,965.1308634435634
0,-12,718.5062080122484
0,-12,1074.4152038466323
0,-11,200.0
0,-11,3471.8273979661426
0,-10,861.1160577342305
0,-10,200.0
0,-9,3105.8008028388062
0,-9,1094.9841468735322
0,-10,328.80023667383347
0,-10,200.0
0,-9,1501.8186454490503
0,-9,3600.0
0,-8,1762.7384782873744
0,-8,200.0
0,-9,1338.3346142306473
0,-9,822.059218678622
0,-10,200.0
0,-10,200.0
0,-9,2385.5738660430216
0,-9,857.6602286794702
0,-8,3077.7152286766723
0,-8,806.6233959188855
0,-7,1539.8922615851898
0,-7,1589.386592616731
0,-6,3600.0
0,-6,805.0112297671415
0,-5,2565.5357049622226
0,-5,1366.6049640960216
0,-4,3098.6565783778105
0,-4,1558.3127644229844
0,-3,2225.7646094056004
0,-3,2871.554972448301
0,-2,3600.0
0,-2,1520.9626922514187
0,-1,3600.0
0,-1,630.1407181145655
0,0,3600.0
0,0,1158.0037174736785
0,1,3600.0
0,1,1616.3355590175968
0,2,1462.89030422213
0,2,1362.172029095684
0,3,3600.0
0,3,1517.5431271718246
0,4,2152.370868271545
0,4,3037.3414525370927
0,5,1526.4505414554324
0,5,3600.0
0,6,1943.2737771406466
0,6,1555.334008174711
0,7,1652.373433615966
0,7,2252.030638708719
0,8,1767.2385966700786
0,8,3108.0741873782117
0,9,3031.4631992636305
0,9,1261.105124539049
0,10,200.0
0,10,1181.6517987029417
0,11,200.0
0,11,200.0
0,12,1890.5904352825257
0,12,2072.725950265717
0,13,1072.3032783659219
0,13,200.0
0,12,320.9085482769608
0,12,200.0
0,13,1207.8620648932535
0,13,200.0
0,14,200.0
0,14,1382.0987465683334
0,15,200.0
0,15,200.0
0,16,415.786741433084
0,16,651.9013643334318
0,17,200.0
0,17,200.0
0,16,200.0
0,16,3074.8041914359305
0,17,200.0
0,17,200.0
0,18,200.0
