-12,15,200.0
-12,14,200.0
-12,14,259.87307001011095
-12,13,861.8114103874036
-12,13,200.0
-12,12,572.4661344307701
-12,12,200.0
-13,12,200.0
-13,12,200.0
-14,12,395.0828623778782
-14,12,200.0
-15,12,2387.554845259335
-15,12,200.0
-15,13,1141.8436818047326
-15,13,200.0
-15,12,200.0
-15,12,200.0
-15,11,200.0
-15,11,200.0
-15,10,200.0
-15,10,200.0
-15,9,1650.3867381807513
-15,9,972.2246452305333
-15,10,200.0
-15,10,200.0
-15,9,3184.789896277897
-15,9,200.0
-15,10,200.0
-15,10,448.4045560236491
-15,9,200.0
-15,9,200.0
-15,8,200.0
-15,8,200.0
-15,7,200.0
-15,7,380.60160278801015
-15,8,200.0
-15,8,200.0
-15,7,349.9543446530793
-15,7,1829.5920330191987
-15,6,200.0
-15,6,511.48070980300486
-15,5,1870.2155051629095
-15,5,200.0
-15,4,455.6799330920479
-15,4,200.0
-16,4,1401.727158664308
-16,4,200.0
-16,3,950.9945202754852
-16,3,200.0
-16,2,200.0
-16,2,200.0
-16,1,335.51737062791574
-16,1,2162.771921417404
-17,1,200.0
-17,1,200.0
-17,0,251.84076006781777
-17,0,200.0
-17,-1,256.6447299202499
-17,-1,200.0
-18,-1,200.0
-18,-1,200.0
-18,-2,200.0
-18,-2,200.0
-18,-3,200.0
-18,-3,261.57614661226745
-18,-4,200.0
-18,-4,200.0
-18,-3,679.0134259362162
-18,-3,200.0
-18,-4,219.9313480569125
-18,-4,200.0
-18,-5,200.0
-18,-5,200.0
-18,-6,200.0
-18,-6,200.0
-18,-7,200.0
-18,-7,200.0
-18,-8,1695.9676508669268
-18,-8,200.0
-18,-9,200.0
-18,-9,200.0
-18,-10,200.0
-18,-10,200.0
-18,-11,519.97816917558
-18,-11,200.0
-18,-10,200.0
-18,-10,200.0
-17,-10,1744.3848046093713
-17,-10,200.0
-18,-10,200.0
-18,-10,200.0
-18,-9,1506.2012586605542
-18,-9,200.0
-18,-10,200.0
-18,-10,279.084613065157
-18,-11,200.0
-18,-11,258.0222339579509
-18,-12,200.0
-18,-12,200.0
-18,-13,200.0
-18,-13,200.0
-18,-14,200.0
-18,-14,200.0
-18,-15,1962.5581549575659
-18,-15,200.0
-18,-16,200.0
-18,-16,200.0
-18,-17,200.0
-18,-17,210.0149699862302
-17,-17,200.0
-17,-17,200.0
-17,-18,200.0
-17,-18,200.0
-17,-19,200.0
-17,-19,200.0
-16,-19,200.0
-16,-19,200.0
-17,-19,200.0
-17,-19,200.0
-18,-19,200.0
-18,-19,200.0
-19,-19,200.0
-19,-19,200.0
-19,-20,200.0
-19,-20,200.0
-18,-20,200.0
-18,-20,200.0
-19,-20,200.0
-19,-20,200.0
-20,-20,200.0
-20,-20,200.0
-19,-20,200.0
-19,-20,200.0
-19,-19,1487.3581835409009
-19,-19,200.0
-18,-19,200.0
-18,-19,200.0
-19,-19,200.0
-19,-19,200.0
-19,-18,200.0
-19,-18,200.0
-20,-18,200.0
-20,-18,200.0
-20,-17,200.0
-20,-17,200.0
-19,-17,200.0
-19,-17,200.0
-19,-16,200.0
-19,-16,200.0
-18,-16,200.0
-18,-16,200.0
-17,-16,200.0
-17,-16,200.0
-16,-16,200.0
-16,-16,1531.5584564548349
-15,-16,200.0
-15,-16,200.0
-16,-16,200.0
-16,-16,200.0
-15,-16,200.0
-15,-16,200.0
-16,-16,200.0
-16,-16,200.0
-16,-15,200.0
-16,-15,727.8272069664704
-15,-15,200.0
-15,-15,272.97533144690306
-15,-14,200.0
-15,-14,200.0
-15,-13,350.4595883422901
-15,-13,1014.5509346371691
-16,-13,1460.244931830322
-16,-13,200.0
-17,-13,200.0
-17,-13,200.0
-17,-12,200.0
-17,-12,200.0
-16,-12,200.0
-16,-12,200.0
-15,-12,200.0
-15,-12,200.0
-14,-12,290.2145956148652
-14,-12,200.0
-13,-12,200.0
-13,-12,200.0
-12,-12,200.0
-12,-12,200.0
-11,-12,931.0603089856481
-11,-12,278.97237400403776
-10,-12,200.0
-10,-12,200.0
-10,-11,200.0
-10,-11,200.0
-11,-11,1111.344179353314
-11,-11,448.79379705639667
-10,-11,200.0
-10,-11,200.0
-10,-10,200.0
-10,-10,2716.5690234494546
-9,-10,856.7840009192271
-9,-10,809.4177277415549
-8,-10,1105.6859614522746
-8,-10,1496.6072463741593
-7,-10,940.7354352668408
-7,-10,1355.2814250104036
-6,-10,347.06549344218877
-6,-10,200.0
-5,-10,2243.5449400075004
-5,-10,512.5548533814675
-4,-10,3600.0
-4,-10,1079.5283057903719
-3,-10,1215.7800122045821
-3,-10,2824.6863873698667
-3,-9,200.0
-3,-9,663.6209321059079
-4,-9,200.0
-4,-9,461.9056981128971
-3,-9,1930.3375490859353
-3,-9,200.0
-3,-8,1065.865675678649
-3,-8,989.7539020763132
-3,-7,508.8829551035319
-3,-7,1308.6927044196652
-3,-6,2382.4206289155613
-3,-6,455.54373702453546
-2,-6,1176.128624704052
-2,-6,2322.078949923065
-2,-7,678.7840195548886
-2,-7,3600.0
-1,-7,1832.9232373690438
-1,-7,1992.811995257201
-1,-6,1058.774629584068
-1,-6,3536.492470368869
0,-6,1160.6645204753672
0,-6,1343.0135251845786
0,-5,1143.273046956129
0,-5,620.3832963635286
1,-5,200.0
1,-5,1961.989523690541
2,-5,376.2029605940178
2,-5,2061.451242871922
2,-4,1074.584145722857
2,-4,810.0319197399551
1,-4,2893.691683605498
1,-4,1716.2366265704038
2,-4,1556.7109476973847
2,-4,1168.2286925121464
2,-3,1822.3324139678734
2,-3,2191.4798961002807
3,-3,1463.5140773025246
