-8,-19,1800.0
-8,-19,100.0
-8,-18,100.0
-8,-18,100.0
-8,-18,120.5081430347409
-8,-19,100.0
-8,-19,100.0
-8,-19,100.0
-8,-18,100.0
-8,-18,100.0
-8,-18,100.0
-8,-17,100.0
-8,-17,100.0
-8,-17,100.0
-8,-16,100.0
-8,-16,186.92640193955094
-8,-16,100.0
-7,-16,102.79823164239781
-7,-16,418.68293615759217
-7,-16,401.2429046750119
-7,-15,832.8473071830093
-7,-15,853.5924397199976
-7,-15,1288.5409619502457
-7,-14,100.0
-7,-14,100.0
-7,-14,380.41458740380324
-7,-13,124.73871464308917
-7,-13,119.61895520714924
-7,-13,472.80658696449547
-7,-14,100.0
-7,-14,100.0
-7,-14,490.48119153273853
-7,-13,100.0
-7,-13,100.0
-7,-13,100.0
-7,-12,100.0
-7,-12,1096.9663769139388
-7,-12,223.96563308881062
-6,-12,788.3857940442933
-6,-12,795.5596055352906
-6,-12,100.0
-5,-12,711.7808050249566
-5,-12,1167.8260185120944
-5,-12,915.3112550025576
-4,-12,1371.4895920679946
-4,-12,541.7466140190336
-4,-12,1409.1452559105883
-3,-12,227.49693646668044
-3,-12,252.13176330196652
-3,-12,489.90651093182777
-3,-11,536.717514564173
-3,-11,810.9779616255308
-3,-11,1067.4965955122593
-3,-12,1083.283041091558
-3,-12,449.9875227177167
-3,-12,183.9184631009914
-2,-12,928.2595573166931
-2,-12,100.0
-2,-12,537.606401041557
-2,-11,1196.621597145616
-2,-11,1800.0
-2,-11,100.0
-1,-11,587.2706922808069
-1,-11,1009.5559255928051
-1,-11,921.1970438494797
-1,-12,100.0
-1,-12,524.4223266792178
-1,-12,1273.315645228229
-1,-11,100.0
-1,-11,1510.200308844927
-1,-11,232.13103333280836
-1,-10,1065.223915101872
-1,-10,100.0
-1,-10,1354.73631459319
0,-10,1139.1910781816562
0,-10,136.16541783587738
0,-10,100.0
0,-9,596.7551204389803
0,-9,1371.9067120064733
0,-9,100.0
0,-8,100.0
0,-8,293.8726199542626
0,-8,719.755303765514
0,-7,1800.0
0,-7,100.0
0,-7,214.97306332189112
1,-7,1135.7336208534266
1,-7,425.910700889528
1,-7,1800.0
2,-7,1800.0
2,-7,754.8249585192858
2,-7,1494.1434872387026
3,-7,1026.2653576131643
3,-7,1800.0
3,-7,524.1158405369773
3,-6,1800.0
3,-6,731.1070596184175
3,-6,1046.825810872178
3,-7,239.80183311676797
3,-7,100.0
3,-7,1054.783619734678
4,-7,1399.7524827382317
4,-7,899.5846368086529
4,-7,335.0415046257823
4,-6,683.5394833137861
4,-6,1006.796413349788
4,-6,608.9563740132223
4,-5,100.0
4,-5,409.7589640360234
4,-5,657.6235701031101
4,-6,460.61241077792647
4,-6,378.15643473926616
4,-6,433.8521392350992
4,-5,1225.19972984757
4,-5,790.3950391604626
4,-5,1548.2946507430088
4,-4,623.9688055033787
4,-4,100.0
4,-4,114.86766987636736
3,-4,448.9828450450476
3,-4,1365.3975656043378
3,-4,1254.8784451101844
3,-3,902.2950903220311
3,-3,1019.6060581299208
3,-3,1611.2969925856564
4,-3,100.0
4,-3,1203.9256984512353
4,-3,100.0
4,-2,1596.8909593770131
4,-2,945.226115958628
4,-2,830.5255635728122
4,-1,1290.9628229376608
4,-1,775.8923329796608
4,-1,332.7371031790723
4,0,1090.1896855404007
4,0,100.0
4,0,100.0
4,1,100.0
4,1,767.655549621086
4,1,1313.861467539838
4,2,1602.0551669046463
4,2,1434.1504048983156
4,2,1800.0
5,2,1008.6913913629846
5,2,1680.5582120489519
5,2,1190.423047631956
6,2,1205.9297234036803
6,2,390.94747552907035
6,2,644.367049422505
5,2,752.3080580009405
5,2,647.9034066624984
5,2,660.1867195620033
4,2,458.5301871161239
4,2,816.7105846464239
4,2,883.7337885637562
4,3,587.5132632924184
4,3,449.71313309161536
4,3,712.2927668631196
5,3,603.4619973177387
5,3,1300.225520523666
5,3,950.9842466367118
4,3,736.9701318641069
4,3,689.3124367504195
4,3,561.6322415914758
4,2,1210.7976908638866
4,2,696.5941475562018
4,2,1279.9454309307737
5,2,647.0011688253406
5,2,1199.0645121215964
5,2,1359.3439659645117
6,2,1247.7290422179062
6,2,482.4591633404971
6,2,1276.0707058738633
6,3,338.08495482559954
6,3,671.2364271950181
6,3,1143.2932663216986
6,4,779.4419462796562
6,4,322.77550459731856
6,4,1007.8462313640805
7,4,944.8662516489865
7,4,815.400446217119
7,4,1456.2537823293237
7,5,116.62385096742605
7,5,100.0
7,5,1034.108430391504
8,5,544.5445951132613
8,5,1193.3096806602884
8,5,650.5031666115831
8,4,106.02169883961017
8,4,944.7936964905257
8,4,128.39471926784765
9,4,571.8032046844804
9,4,895.950982985101
9,4,327.47923192197686
10,4,100.0
10,4,672.4711678327583
10,4,266.1536907587659
10,5,1395.4888643988104
10,5,544.515328029898
10,5,109.55101347162463
10,6,409.50495632480363
10,6,100.0
10,6,1162.6002026716505
10,7,297.99335983277194
10,7,674.0758815162947
10,7,484.6896672228521
10,8,100.0
10,8,183.6466192460813
10,8,581.6630944615248
11,8,100.0
11,8,270.37177343486775
11,8,385.9845550276688
10,8,100.0
10,8,100.0
10,8,704.8302849147916
10,9,100.0
10,9,100.0
10,9,704.1325189473705
9,9,100.0
9,9,763.3005563227541
9,9,286.65001207945335
10,9,853.9871385769285
10,9,100.0
10,9,127.47438941022051
11,9,1059.0912177160071
11,9,100.0
11,9,941.3109266391291
11,10,100.0
11,10,100.0
11,10,841.391862653814
12,10,100.0
12,10,100.0
12,10,498.493724670582
11,10,100.0
11,10,553.7541418496273
11,10,195.63882612281233
10,10,100.0
10,10,439.8702297946527
10,10,152.2860117550293
11,10,467.39437618126266
11,10,662.2385518670078
11,10,1469.9020842310085
12,10,100.0
12,10,625.0226138814382
12,10,100.0
13,10,100.0
13,10,680.2574672630407
13,10,798.9025357882452
13,11,183.0558307601406
13,11,141.39789727459612
13,11,434.3040661819508
14,11,100.0
14,11,100.0
14,11,217.46607049806693
14,12,100.0
14,12,100.0
14,12,100.0
15,12,999.553005221896
15,12,100.0
15,12,100.0
16,12,100.0
16,12,100.0
16,12,337.8836899455131
16,11,100.0
16,11,168.7622814275212
16,11,100.0
16,10,100.0
16,10,100.0
16,10,580.0637310709521
16,9,260.26173190962913
16,9,414.67502692854293
16,9,100.0
15,9,239.38401236340047
15,9,481.111141462894
15,9,100.0
14,9,100.0
14,9,100.0
14,9,136.10807837602948
14,10,192.36897165205392
14,10,100.0
14,10,100.0
14,9,345.4107715296976
14,9,100.0
14,9,100.0
14,8,100.0
14,8,504.24833902351884
14,8,340.30846260891104
15,8,617.3279865613305
15,8,666.1260825549558
15,8,854.6932210117873
15,7,348.81955195211515
15,7,100.0
15,7,100.0
14,7,100.0
14,7,100.0
14,7,100.0
14,6,602.0566025809208
14,6,100.0
14,6,936.868795105529
14,5,100.0
14,5,100.0
14,5,100.0
14,4,100.0
14,4,100.0
14,4,601.4670756785781
14,3,311.2020997600529
14,3,500.44490671527797
14,3,233.77244946589445
13,3,158.2595484988948
13,3,910.3689006802426
13,3,239.17747804275868
13,2,1267.5654963224158
13,2,418.2762011412245
13,2,100.0
13,1,100.0
13,1,100.0
13,1,896.9559664532856
14,1,100.0
14,1,821.4939119415978
14,1,188.63813024593492
14,0,231.6603940303038
14,0,100.0
14,0,588.3745980254032
14,-1,100.0
14,-1,100.0
14,-1,249.02186276212348
13,-1,100.0
13,-1,1750.0038880204982
13,-1,866.4643652056911
13,0,100.0
13,0,100.0
13,0,574.8180727802333
13,-1,192.2782872603291
13,-1,100.0
13,-1,100.0
12,-1,100.0
12,-1,566.4103756456936
12,-1,390.8338470825573
11,-1,100.0
11,-1,383.54571106274784
11,-1,100.0
11,-2,621.0327370672944
11,-2,997.1186629199922
11,-2,571.9137357416987
10,-2,978.661798184058
10,-2,715.2336721218334
10,-2,488.3829744995991
9,-2,100.0
9,-2,457.90800594299276
9,-2,100.0
10,-2,100.0
10,-2,100.0
10,-2,100.0
9,-2,1139.706266823474
9,-2,443.40386101373497
9,-2,754.7698254395307
9,-1,1291.9329577595277
9,-1,1533.1904528282373
9,-1,381.6480827169051
9,-2,1800.0
9,-2,723.8019834333332
9,-2,460.2879218364533
9,-3,589.1032351233653
9,-3,702.878919808179
9,-3,100.0
9,-4,980.6049918231141
9,-4,318.78263976958635
9,-4,125.22402063996398
9,-5,100.0
9,-5,120.46624772034062
9,-5,598.7622645924623
8,-5,100.0
8,-5,100.0
8,-5,1389.2572572424306
7,-5,392.7904064906643
7,-5,100.0
7,-5,803.3798763528175
7,-6,1521.131034021611
7,-6,284.0391770673724
7,-6,1049.0905665185096
7,-7,1124.3372504531358
7,-7,755.0278045791554
7,-7,971.0157844906872
7,-8,1337.926296993152
7,-8,527.082694865976
7,-8,227.22529578232195
6,-8,887.6485099342108
6,-8,809.9930854931827
6,-8,175.14526202745662
6,-9,674.0998149393469
6,-9,650.6504811460386
6,-9,100.0
5,-9,455.0157122938431
5,-9,1404.9312300293936
5,-9,100.0
6,-9,299.36076139621173
6,-9,743.0432360727577
6,-9,847.4099352066123
5,-9,100.0
5,-9,455.57769132428774
5,-9,198.22031692838056
5,-8,1097.9843847379152
5,-8,1070.5413840289966
5,-8,1330.3277022937305
5,-9,100.0
5,-9,255.57972916973534
5,-9,407.08437739100094
5,-10,608.948403688059
5,-10,821.633773923633
5,-10,233.8196376743918
4,-10,349.08088837582613
4,-10,419.4052846563607
4,-10,907.2956901802207
4,-11,100.0
4,-11,100.0
4,-11,289.5462064219628
4,-12,100.0
4,-12,100.0
4,-12,214.9589209635897
5,-12,318.24088416532294
5,-12,100.0
5,-12,362.9466433888152
6,-12,100.0
6,-12,100.0
6,-12,209.39859542888018
7,-12,1363.5481324128007
7,-12,558.7118013293727
7,-12,103.32469009311627
8,-12,100.0
8,-12,1758.203885314894
8,-12,100.0
9,-12,100.0
9,-12,285.5293064726092
9,-12,100.0
9,-11,100.0
9,-11,100.0
9,-11,200.13914027215324
8,-11,140.9054127528714
8,-11,100.0
8,-11,662.8115167342601
9,-11,310.42167473815874
9,-11,100.0
9,-11,174.3201645255146
9,-10,100.0
9,-10,100.0
9,-10,200.5124585641006
9,-9,1267.7146873385477
9,-9,100.0
9,-9,1688.7310130474566
10,-9,100.0
10,-9,100.0
10,-9,523.6256600505708
11,-9,100.0
11,-9,589.5125357334579
11,-9,100.0
10,-9,151.6028212737779
10,-9,100.0
10,-9,503.02512987196667
10,-8,1035.2899853554686
10,-8,100.0
10,-8,734.0051301823668
10,-7,696.0319401448766
10,-7,118.15844208697496
10,-7,434.79455725394524
11,-7,554.9896121802709
11,-7,100.0
11,-7,501.971453804499
12,-7,954.9203397029307
12,-7,102.23795573682318
12,-7,640.9235169900376
11,-7,1116.6629509483598
11,-7,100.0
11,-7,109.31803528509249
11,-6,145.73110935916293
11,-6,412.79979398404373
11,-6,1425.1860737455065
12,-6,100.0
12,-6,100.0
12,-6,100.0
13,-6,178.95231739628733
13,-6,354.31371254247085
13,-6,447.9833713849675
13,-5,700.1750480326439
13,-5,100.0
13,-5,100.0
13,-4,362.5655720414249
13,-4,100.0
13,-4,551.9111078933861
14,-4,864.0161150796878
14,-4,101.00435283707887
14,-4,226.8027825483785
15,-4,100.0
15,-4,550.5884400271256
15,-4,371.7264173011989
16,-4,214.06412362930774
16,-4,100.0
16,-4,773.9153937769288
15,-4,535.243749832124
15,-4,862.3235827711998
15,-4,898.4555725151412
