12,-7,200.0
12,-6,200.0
12,-6,411.3265259045506
12,-5,1481.2433964605257
12,-5,200.0
12,-4,1142.5546023000109
12,-4,1778.690624849929
12,-5,200.0
12,-5,200.0
12,-4,200.0
12,-4,200.0
12,-3,200.0
12,-3,200.0
12,-2,3600.0
12,-2,2335.2806520398126
12,-1,3600.0
12,-1,200.0
12,0,200.0
12,0,329.99956272996974
12,-1,200.0
12,-1,317.70750391089763
12,0,3600.0
12,0,200.0
12,-1,200.0
12,-1,200.0
12,0,717.8569336842417
12,0,2283.4443805485294
12,1,1323.2988427516384
12,1,2941.76096822784
12,2,3550.0936843145805
12,2,200.0
12,3,2015.774405180372
12,3,329.9461992055979
12,4,200.0
12,4,2463.8043318361442
12,5,1975.1497470365262
12,5,1076.4786154889878
12,6,1488.2376557903629
12,6,200.0
12,5,200.0
12,5,200.0
12,4,200.0
12,4,879.1189976527924
12,3,1306.540099688458
12,3,365.2258094795352
12,4,200.0
12,4,681.8333074592979
12,5,1965.8440740843523
12,5,396.8624372804641
12,6,1568.87712155992
12,6,429.954618667052
12,7,3600.0
12,7,200.0
12,6,387.1197304279128
12,6,1516.2051474232494
12,7,200.0
12,7,200.0
12,8,806.0604375906427
12,8,200.0
12,9,411.4442296566995
12,9,1791.2858672865898
12,10,1652.4129775564938
12,10,200.0
12,11,200.0
12,11,738.8024798096088
12,12,200.0
12,12,200.0
11,12,200.0
11,12,200.0
10,12,755.5531477274255
10,12,200.0
11,12,200.0
11,12,200.0
10,12,200.0
10,12,2096.0243521639327
9,12,200.0
9,12,200.0
8,12,261.8362335306276
8,12,459.5522022054852
7,12,200.0
7,12,200.0
7,11,671.3346512676543
7,11,200.0
8,11,599.3128814424175
8,11,200.0
8,10,3116.7967063167175
8,10,333.1105167219146
8,9,1901.0003366417955
8,9,1129.3130522735623
7,9,200.0
7,9,2437.2409163543607
7,8,3600.0
7,8,3066.2967268244392
6,8,1784.008551942631
6,8,849.251995380153
6,7,1333.2372000955072
6,7,3133.9850654368997
6,6,1686.266710304154
6,6,3271.217364747864
5,6,200.0
5,6,467.56136324749525
5,5,2002.8418099610158
5,5,1034.3886294149938
5,4,1183.9406924764862
5,4,1486.384440666045
5,3,1132.2991738340022
5,3,2645.782768114733
5,2,2402.576840588677
5,2,200.0
5,1,3295.405312524873
5,1,2688.9177554618213
5,2,2178.4710581258355
5,2,2924.328739719764
5,1,2266.6160790067725
5,1,200.0
4,1,1384.349014154317
4,1,2462.5864179152677
4,0,2678.6489355064755
4,0,3600.0
3,0,3101.7396604821
3,0,3168.7644791891094
2,0,1345.1320697724914
2,0,1278.462615439386
1,0,2842.528652875429
1,0,1029.019985745033
1,-1,2064.403562648489
1,-1,1561.2428992601947
1,-2,3600.0
1,-2,2370.705996366108
2,-2,2050.942884351632
2,-2,1336.2950912916997
2,-3,1634.8611693730363
2,-3,2717.597310256671
1,-3,1521.5591500332748
1,-3,2559.5589388196017
1,-4,3370.10700152123
1,-4,803.9630188805586
1,-5,3039.4200917837243
1,-5,200.0
1,-4,3198.0955679958124
1,-4,1603.2846128415758
0,-4,3600.0
0,-4,2105.332453833947
0,-3,2554.823237975199
0,-3,698.7513612036237
0,-4,3600.0
0,-4,2653.478508957902
0,-5,936.4026150236737
0,-5,3284.9156739865657
0,-6,434.42110761932395
0,-6,617.32976113104
0,-7,200.0
0,-7,200.0
0,-8,2040.1867687758886
0,-8,471.0903937410945
0,-7,1284.4729910798303
0,-7,1396.7517537313074
0,-8,3314.713899669584
0,-8,1363.287996377706
0,-9,1021.6128338299891
0,-9,200.0
0,-10,2439.720695775016
0,-10,200.0
0,-9,200.0
0,-9,492.0606559405113
0,-10,200.0
0,-10,1259.7853120166421
0,-11,200.0
0,-11,200.0
0,-12,1537.8680300691506
0,-12,1527.8477937516723
0,-11,1457.404140548661
0,-11,593.2807405764906
0,-10,2285.2341797529343
0,-10,724.1368828549408
0,-9,1197.6181559049064
0,-9,2533.3078292146956
0,-10,728.2033119941973
0,-10,200.0
0,-9,1357.0628875066532
0,-9,3600.0
0,-8,613.5922688338107
0,-8,882.8114544849715
0,-9,2527.2529447437773
0,-9,2868.0132266898518
0,-10,283.25397538738366
0,-10,1008.647006934493
0,-9,1213.518081372905
0,-9,200.0
0,-8,200.0
0,-8,2282.6414703556597
0,-7,1418.8295780146254
0,-7,1804.5146142145934
0,-6,1262.9443324771416
0,-6,2957.46604299432
0,-5,1350.795580680139
0,-5,3273.8522338044722
0,-4,1736.5019329734823
0,-4,388.6999098271476
0,-3,1262.2655974156505
0,-3,3212.0821104384518
0,-2,2427.2658831669733
0,-2,1594.7346813663687
0,-1,1113.6010633134406
0,-1,2199.6057962092673
0,0,2913.344928607409
0,0,3600.0
0,1,490.85371329652435
0,1,3600.0
0,2,1277.2309039148865
0,2,2918.8913388113597
0,3,1964.9151997854901
0,3,3070.276840111926
0,4,3600.0
0,4,3595.8369146363148
0,5,1271.2722402825734
0,5,660.642613667678
0,6,200.0
0,6,438.80454431975545
0,7,2751.7656720044406
0,7,713.6457732342716
0,8,1160.549162683191
0,8,2558.695273018123
0,9,1072.247586039849
0,9,1807.6511857495386
0,10,2160.342513055436
0,10,358.4951050104585
0,11,200.0
0,11,200.0
0,12,282.24804302005464
0,12,810.234529149026
0,13,1174.3226673767347
0,13,200.0
0,12,1197.2541169186093
0,12,2664.672711737032
0,13,200.0
0,13,200.0
0,14,2370.4724954257363
0,14,474.95537322615905
0,15,242.25370752545186
0,15,200.0
0,16,880.2933777039799
0,16,856.0224574533771
0,17,200.0
0,17,200.0
0,16,200.0
0,16,200.0
0,17,200.0
0,17,2389.2794583278187
0,18,200.0
