15,8,435.8049933854162
15,8,459.7511709195038
15,8,719.3606526712626
15,8,126.72713366660844
16,8,50.0
16,8,134.89354886410328
16,8,50.0
16,8,348.4404428472576
16,8,189.40124252831427
15,8,50.0
15,8,50.0
15,8,50.0
15,8,518.0182470603722
15,8,50.0
16,8,50.0
16,8,50.0
16,8,419.2687497373921
16,8,555.4533653062678
16,8,563.6794245149863
17,8,148.50331088642153
17,8,50.0
17,8,71.27756391600747
17,8,714.8399689084279
17,8,50.0
18,8,393.8888980201383
18,8,148.77416581185173
18,8,50.0
18,8,50.0
18,8,50.0
19,8,50.0
19,8,50.0
19,8,366.09936062618914
19,8,50.0
19,8,50.0
20,8,50.0
20,8,251.48737776085306
20,8,50.0
20,8,50.0
20,8,50.0
20,7,50.0
20,7,50.0
20,7,60.34057590143084
20,7,50.0
20,7,50.0
20,6,50.0
20,6,50.0
20,6,50.0
20,6,50.0
20,6,50.0
19,6,50.0
19,6,332.4488758414236
19,6,50.0
19,6,50.0
19,6,50.0
19,5,50.0
19,5,50.0
19,5,50.0
19,5,50.0
19,5,50.0
18,5,50.0
18,5,50.0
18,5,50.0
18,5,50.0
18,5,50.0
18,4,794.9098570632071
18,4,177.41349735306517
18,4,142.84615687783392
18,4,50.0
18,4,50.0
17,4,50.0
17,4,413.99269430911477
17,4,50.0
17,4,50.0
17,4,50.0
17,3,50.0
17,3,50.0
17,3,50.0
17,3,560.8187023708108
17,3,129.68487031275683
16,3,50.0
16,3,50.0
16,3,50.0
16,3,293.0714753397357
16,3,900.0
17,3,50.0
17,3,183.53668059818773
17,3,296.2846178117285
17,3,237.7648343976917
17,3,50.0
17,4,336.8974841659127
17,4,274.59617232961205
17,4,50.0
17,4,50.0
17,4,50.0
17,3,623.9017458028776
17,3,129.73926133052916
17,3,174.93867790209214
17,3,808.0118624161565
17,3,50.0
17,2,50.0
17,2,50.0
17,2,50.0
17,2,96.73197888742371
17,2,50.0
17,1,139.05698211664262
17,1,515.2752931671138
17,1,441.31868677184826
17,1,167.81203253176716
17,1,260.7647297508316
16,1,50.0
16,1,634.4523187780921
16,1,50.0
16,1,50.0
16,1,185.43826525690062
15,1,50.0
15,1,50.0
15,1,50.0
15,1,148.2848284492668
15,1,748.074831970777
14,1,560.8956629189726
14,1,106.6974861230722
14,1,100.3961572915237
14,1,50.0
14,1,534.2112848376954
13,1,50.0
13,1,50.0
13,1,50.0
13,1,50.0
13,1,423.23189324096074
13,0,169.62864256809266
13,0,372.58966512301083
13,0,60.130581570640885
13,0,141.68283360881173
13,0,50.0
12,0,50.0
12,0,610.5036686167948
12,0,50.0
12,0,477.80232575676706
12,0,898.3477625006379
11,0,50.0
11,0,470.47010506726485
11,0,263.6037166841074
11,0,701.5798504708043
11,0,50.0
11,-1,124.10383554273642
11,-1,50.0
11,-1,350.0451443727566
11,-1,303.2818284807994
11,-1,683.5553597370392
10,-1,50.0
10,-1,337.76500891765903
10,-1,334.47089727648165
10,-1,318.8155643567625
10,-1,61.74407078074563
10,-2,445.77346447202757
10,-2,50.0
10,-2,50.0
10,-2,50.0
10,-2,705.5359581935957
10,-3,50.0
10,-3,471.4787849041649
10,-3,50.0
10,-3,50.0
10,-3,370.12518299743095
11,-3,410.74838696054235
11,-3,50.0
11,-3,752.2203333882148
11,-3,138.09672200465158
11,-3,146.57114974192234
10,-3,900.0
10,-3,50.0
10,-3,900.0
10,-3,50.0
10,-3,697.8984199527645
10,-4,414.3066688833829
10,-4,50.0
10,-4,380.56070713019244
10,-4,50.0
10,-4,291.55465005193724
11,-4,318.04691159808976
11,-4,639.028694321333
11,-4,50.0
11,-4,355.3405684242777
11,-4,735.1274607059477
11,-5,288.93635390995325
11,-5,900.0
11,-5,50.0
11,-5,168.83082299247332
11,-5,143.79216212236588
11,-6,259.1087252804823
11,-6,136.43991852727942
11,-6,50.0
11,-6,251.0666502700162
11,-6,505.9267661386518
11,-7,243.79709834755158
11,-7,106.87229702364345
11,-7,243.33254649655169
11,-7,142.80558884218019
11,-7,50.0
11,-8,50.0
11,-8,602.3695177100553
11,-8,50.0
11,-8,173.63844614377567
11,-8,50.0
10,-8,50.0
10,-8,50.0
10,-8,50.0
10,-8,148.6696801002576
10,-8,479.1811343199381
9,-8,50.0
9,-8,462.86992043773165
9,-8,97.54780298725595
9,-8,900.0
9,-8,50.0
8,-8,50.0
8,-8,277.3866328287718
8,-8,50.0
8,-8,677.4415416469255
8,-8,242.32056202932458
8,-9,299.1679709150712
8,-9,50.0
8,-9,188.85591911506188
8,-9,50.0
8,-9,271.37171854809486
8,-8,105.68646096799615
8,-8,453.9072239200127
8,-8,174.120621657841
8,-8,198.28794701358763
8,-8,50.0
7,-8,900.0
7,-8,900.0
7,-8,50.0
7,-8,50.0
7,-8,50.0
6,-8,80.58472063624413
6,-8,132.35451777758774
6,-8,309.0653143093948
6,-8,320.7954524338008
6,-8,617.8032385080492
6,-9,681.2112805267395
6,-9,453.23761289023594
6,-9,886.3177445786539
6,-9,777.4327279999948
6,-9,112.0806383519183
6,-10,474.800153886818
6,-10,50.0
6,-10,265.4402709927921
6,-10,401.3152404567962
6,-10,363.69336179969287
6,-11,561.3636394173036
6,-11,50.0
6,-11,50.0
6,-11,212.7922732173929
6,-11,256.8414187742296
6,-12,217.214525967032
6,-12,784.4454208477579
6,-12,50.0
6,-12,50.0
6,-12,50.0
6,-13,50.0
6,-13,50.0
6,-13,276.27016878375923
6,-13,50.0
6,-13,50.0
6,-14,50.0
6,-14,298.75291660610566
6,-14,50.0
6,-14,50.0
6,-14,50.0
5,-14,50.0
5,-14,718.5532239761444
5,-14,76.97036719477416
5,-14,123.06348503255316
5,-14,182.62329182535086
5,-15,50.0
5,-15,50.0
5,-15,50.0
5,-15,462.2658839962696
5,-15,50.0
4,-15,720.5155142230567
4,-15,50.0
4,-15,50.0
4,-15,50.0
4,-15,365.31500773279294
5,-15,159.92575400844305
5,-15,50.0
5,-15,624.2059882911827
5,-15,251.09661667191287
5,-15,50.0
4,-15,50.0
4,-15,50.0
4,-15,83.63732561740152
4,-15,493.79676299347125
4,-15,96.66248539535583
5,-15,50.0
5,-15,269.3148513828025
5,-15,327.07756228534885
5,-15,50.0
5,-15,278.0727812889657
4,-15,147.1177317691103
4,-15,151.76942981851371
4,-15,140.51128447475327
4,-15,257.8701972237792
4,-15,50.0
3,-15,452.9176873947807
3,-15,373.8860780999175
3,-15,50.0
3,-15,124.02944763240586
3,-15,794.8117281988236
3,-16,50.0
3,-16,50.0
3,-16,303.70748951507676
3,-16,50.0
3,-16,50.0
4,-16,50.0
4,-16,150.55197206319326
4,-16,50.0
4,-16,50.0
4,-16,461.3484236667661
4,-17,640.7515444110711
4,-17,50.0
4,-17,50.0
4,-17,50.0
4,-17,188.37546921821348
5,-17,278.7768674641568
5,-17,561.3940120496263
5,-17,50.0
5,-17,349.73695857239693
5,-17,50.0
4,-17,452.8062233201046
4,-17,272.57900174972883
4,-17,50.0
4,-17,50.0
4,-17,611.7255256699189
3,-17,50.0
3,-17,50.0
3,-17,50.0
3,-17,50.0
3,-17,50.0
2,-17,216.35930602512934
2,-17,50.0
2,-17,399.37667678427056
2,-17,88.02178717608555
2,-17,516.3865950279978
2,-18,50.0
2,-18,133.51205120339273
2,-18,95.7212096832412
2,-18,50.0
2,-18,50.0
2,-19,65.38695811262575
2,-19,50.0
2,-19,50.0
2,-19,50.0
2,-19,786.8188332805876
2,-20,50.0
2,-20,55.5166876249817
2,-20,50.0
2,-20,50.0
2,-20,50.0
1,-20,50.0
1,-20,436.88625361811876
1,-20,160.6123505769391
1,-20,50.0
1,-20,650.559880276343
2,-20,281.6955449007453
2,-20,50.0
2,-20,50.0
2,-20,50.0
2,-20,50.0
1,-20,50.0
1,-20,50.0
1,-20,50.0
1,-20,50.0
1,-20,50.0
0,-20,341.679827981087
0,-20,50.0
0,-20,307.39103392536936
0,-20,50.0
0,-20,50.0
-1,-20,272.71986620870075
-1,-20,50.0
-1,-20,298.38701401583717
-1,-20,50.0
-1,-20,50.0
-1,-19,60.485313518200485
-1,-19,50.0
-1,-19,50.0
-1,-19,50.0
-1,-19,50.0
0,-19,50.0
0,-19,158.72782277517655
0,-19,50.0
0,-19,344.7637271713379
0,-19,50.0
0,-20,549.4276956776769
0,-20,292.6621150701293
0,-20,50.0
0,-20,50.0
0,-20,222.1830460322418
0,-19,50.0
0,-19,50.0
0,-19,50.0
0,-19,50.0
0,-19,50.0
1,-19,50.0
1,-19,50.0
1,-19,50.0
1,-19,68.26095991296435
1,-19,50.0
2,-19,50.0
2,-19,50.0
2,-19,50.0
2,-19,617.6004363320192
2,-19,50.0
2,-18,215.13608802121337
2,-18,50.0
2,-18,329.98979254302617
2,-18,71.83166983991794
2,-18,64.39069245052079
2,-19,70.24102889154159
2,-19,50.0
2,-19,50.0
2,-19,50.0
2,-19,50.0
2,-18,50.0
2,-18,50.0
2,-18,50.0
2,-18,50.0
2,-18,50.0
2,-17,50.0
2,-17,50.0
2,-17,50.0
2,-17,50.0
2,-17,50.0
2,-16,147.16702887581476
2,-16,50.0
2,-16,50.0
2,-16,50.0
2,-16,50.0
2,-15,50.0
2,-15,50.0
2,-15,374.6101946404138
2,-15,896.01152444291
2,-15,50.0
2,-14,50.0
2,-14,281.3880985068931
2,-14,307.62522966613767
2,-14,379.941995900601
2,-14,50.0
2,-13,50.0
2,-13,50.0
2,-13,372.0129249013372
2,-13,119.25976941230027
2,-13,481.1737026228782
2,-12,377.23673072351914
2,-12,589.7695479462686
2,-12,50.0
2,-12,434.20132315868386
2,-12,528.3324312276773
2,-11,569.8110235424131
2,-11,50.0
2,-11,432.452678585426
2,-11,484.51600945748544
2,-11,160.20199215098324
3,-11,248.16670124673107
3,-11,177.62905897474812
3,-11,158.24022862084345
3,-11,444.7136613579589
3,-11,296.1320778740269
4,-11,50.0
4,-11,784.3939329372497
4,-11,263.6693725036861
4,-11,311.0869902515818
4,-11,402.6362272273658
4,-10,154.48411821011342
4,-10,50.0
4,-10,742.2081615428715
4,-10,846.6516797631807
4,-10,594.1329832971076
4,-11,137.2492256865974
4,-11,50.0
4,-11,383.9170249506708
4,-11,50.0
4,-11,653.7252688274939
4,-10,413.48646773602053
4,-10,308.0777394521711
4,-10,172.43999908148288
4,-10,418.7921125664409
4,-10,282.3484138037176
4,-9,829.4737009535155
4,-9,900.0
4,-9,514.6964645437392
4,-9,50.0
4,-9,417.09246165973093
5,-9,50.0
5,-9,50.0
5,-9,380.2134268676172
5,-9,50.0
5,-9,222.71017677434378
5,-8,50.0
5,-8,54.37381081754279
5,-8,149.21789921231934
5,-8,510.8950538230355
5,-8,483.82722412838893
5,-7,50.0
5,-7,363.9082702370991
5,-7,375.81202005957607
5,-7,351.49255491600746
5,-7,267.7586199801675
6,-7,457.96760014959506
6,-7,900.0
6,-7,465.7571258428881
6,-7,561.7409733108501
6,-7,50.0
7,-7,298.486162002042
7,-7,55.63151657297516
7,-7,77.53108593622636
7,-7,50.0
7,-7,594.8484683553053
8,-7,50.0
8,-7,85.31613916917294
8,-7,137.94928816781064
8,-7,539.4272884861472
8,-7,72.40146750888596
9,-7,743.086254898628
9,-7,317.37819271877197
9,-7,328.4475161189478
9,-7,822.251660701271
9,-7,417.97379248514926
9,-6,475.4545542670886
9,-6,50.0
9,-6,691.1442423606638
9,-6,50.0
9,-6,311.02525846404626
9,-5,803.74316102139
9,-5,50.0
9,-5,158.08233661787605
9,-5,171.62245667910497
9,-5,50.0
9,-4,163.85328564078787
9,-4,474.7476401179257
9,-4,234.41832715398516
9,-4,383.13584601220407
9,-4,511.8472581098248
9,-3,553.2812709160108
9,-3,326.288864082413
9,-3,900.0
9,-3,427.51298527389304
9,-3,95.86669832505399
10,-3,262.5064920356077
10,-3,50.0
10,-3,50.0
10,-3,321.51163731138803
10,-3,50.0
10,-2,50.0
10,-2,50.0
10,-2,340.36252047981077
10,-2,497.4794123479768
10,-2,50.0
10,-1,190.51376893928025
10,-1,136.60842445906752
10,-1,50.0
10,-1,564.4311685473178
10,-1,97.78161010145521
10,-2,562.6350167432995
10,-2,139.55673327590725
10,-2,296.35824799220165
10,-2,81.36666283791737
10,-2,661.3995823231432
10,-1,732.018710188574
10,-1,625.4720320162281
10,-1,50.0
10,-1,389.62714233284726
10,-1,646.1743187329184
10,-2,50.0
10,-2,239.49772253708093
10,-2,212.45687281097833
10,-2,83.71737608775726
10,-2,550.3290270823148
11,-2,50.0
11,-2,834.8332220554948
11,-2,214.77294954545994
11,-2,826.424361985406
11,-2,116.23911171334481
11,-1,50.0
11,-1,668.2923608248609
11,-1,50.0
11,-1,592.4085235800173
11,-1,120.64582792703163
11,0,50.0
11,0,894.5880207314361
11,0,900.0
11,0,861.0961415664898
11,0,831.2808888718178
11,1,785.2711558060143
11,1,50.0
11,1,326.1093113052552
11,1,470.50518655164956
11,1,50.0
11,2,141.25271252885534
11,2,497.13201862245785
11,2,107.66881741674905
11,2,323.41759578875366
11,2,55.39946127002503
11,3,50.0
11,3,632.8425991506812
11,3,900.0
11,3,820.0894534211911
11,3,181.2464445088931
11,4,639.9221661610239
11,4,129.18558643621
11,4,50.0
11,4,50.0
11,4,392.49758178152246
12,4,678.7226662645622
12,4,830.0964031560205
12,4,404.0917979386411
12,4,497.30366895013003
12,4,50.0
13,4,690.4761648871295
13,4,50.0
13,4,50.0
13,4,238.54291245925148
13,4,54.50572108256367
12,4,880.3819900897502
12,4,340.66023034025494
12,4,848.8493703311825
12,4,50.0
12,4,729.4404640423195
12,3,150.90837121273597
12,3,50.0
12,3,165.10243261615344
12,3,50.0
12,3,123.32297206789877
12,2,50.0
12,2,824.7280001004185
12,2,50.0
12,2,50.0
12,2,50.0
12,1,59.439875654675774
12,1,50.0
12,1,299.9108826709298
12,1,50.0
12,1,71.21981146314027
11,1,50.0
11,1,50.0
11,1,246.77679679230647
11,1,596.7771299415799
11,1,491.030135218267
11,0,117.9580999629286
11,0,171.61513454870362
11,0,647.8744028359301
11,0,438.56139453591436
11,0,50.0
11,-1,50.0
11,-1,50.0
11,-1,319.23721245403067
11,-1,677.5802180704852
11,-1,94.84809349172973
11,-2,304.9124280944301
11,-2,768.4173838644316
11,-2,50.0
11,-2,273.3502282606854
11,-2,419.35113660282815
11,-3,575.8607980595237
11,-3,324.0481065663747
11,-3,50.0
11,-3,186.151856263764
11,-3,186.8466022835143
10,-3,385.6466078229252
10,-3,186.42577662554794
10,-3,50.0
10,-3,216.6416505423965
10,-3,536.0369108640787
10,-4,50.0
10,-4,247.1385014289542
10,-4,50.0
10,-4,50.0
10,-4,50.0
9,-4,50.0
9,-4,900.0
9,-4,50.0
9,-4,172.39711879395074
9,-4,450.02058312942324
9,-5,105.04722908425254
9,-5,185.52331475797686
9,-5,412.9783041475893
9,-5,82.1003554545801
9,-5,366.03897139168237
9,-6,245.1790714254264
9,-6,900.0
9,-6,50.0
9,-6,50.0
9,-6,142.4175354520171
9,-5,545.410442885363
9,-5,900.0
9,-5,50.0
9,-5,161.9653601008967
9,-5,742.4200209439816
10,-5,900.0
10,-5,343.7688718217554
10,-5,337.7829367592292
10,-5,279.4007070046381
10,-5,50.0
10,-6,431.5324765370873
10,-6,116.68458319577991
10,-6,50.0
10,-6,50.0
10,-6,569.1973422125699
10,-7,569.3679731375312
10,-7,50.0
10,-7,324.8100001197522
10,-7,454.3406160056661
10,-7,804.4281164854818
9,-7,50.0
9,-7,50.0
9,-7,371.04315819626686
9,-7,900.0
9,-7,50.0
8,-7,136.59417646987887
8,-7,111.9605264954545
8,-7,80.49446853604411
8,-7,50.0
8,-7,50.0
7,-7,551.6275761924173
7,-7,297.08347063343774
7,-7,50.0
7,-7,636.7812152615704
7,-7,343.12796203938825
7,-8,50.0
7,-8,177.90569494682015
7,-8,186.0523476486203
7,-8,900.0
7,-8,487.70522607613043
7,-9,418.47207468323336
7,-9,900.0
7,-9,478.95060992569915
7,-9,50.0
7,-9,231.7048246864557
6,-9,50.0
6,-9,567.590093563281
6,-9,89.44356457256795
6,-9,257.17708891869466
6,-9,237.41993186577014
5,-9,499.2688754979673
5,-9,325.29965125926117
5,-9,103.98779381365341
5,-9,456.4786078222709
5,-9,709.8756818922407
5,-10,615.3642098992025
5,-10,437.6713187075679
5,-10,522.8974013282756
5,-10,51.545529282978976
5,-10,438.17471499211433
5,-11,457.7243505168055
5,-11,736.4249585815745
5,-11,50.0
5,-11,374.7104090992833
5,-11,50.0
5,-12,247.750196554031
5,-12,551.9883140544232
5,-12,50.0
5,-12,197.39067602634987
5,-12,420.8693344714096
4,-12,339.13886890471144
4,-12,50.0
4,-12,269.8576494491999
4,-12,139.75483407170697
4,-12,755.012524101283
3,-12,63.89827358827971
3,-12,164.25861192548268
3,-12,50.0
3,-12,50.0
3,-12,380.3233924013939
2,-12,62.99521769282353
2,-12,333.28821866820016
2,-12,653.0308013590343
2,-12,670.5692624998424
2,-12,271.0264090869503
1,-12,212.42404210878286
1,-12,691.842779041674
1,-12,347.39392692709805
1,-12,146.07680120805682
1,-12,319.0662635545907
1,-13,162.06999335486805
1,-13,139.31627891690792
1,-13,50.0
1,-13,278.95014513348906
1,-13,89.68128856866775
2,-13,251.7437305005071
2,-13,128.2591784988386
2,-13,900.0
2,-13,93.73720408156166
2,-13,50.0
1,-13,234.33948045915434
1,-13,125.25463805674295
1,-13,382.47994318785766
1,-13,50.0
1,-13,50.0
1,-12,697.5665660274396
1,-12,50.0
1,-12,50.0
1,-12,50.0
1,-12,236.56009962462736
1,-13,339.02785896374775
1,-13,469.05647743963493
1,-13,50.0
1,-13,115.48089912284652
1,-13,141.6024310985279
0,-13,673.3408247038979
0,-13,50.0
0,-13,50.0
0,-13,178.88653279905918
0,-13,184.8066764761981
-1,-13,220.33247887204047
-1,-13,50.0
-1,-13,462.85693561373284
-1,-13,467.7426939629627
-1,-13,900.0
-2,-13,97.36862028210223
-2,-13,50.0
-2,-13,298.4426106891008
-2,-13,794.2736482042646
-2,-13,50.0
-1,-13,517.1261412818149
-1,-13,50.0
-1,-13,50.0
-1,-13,778.4021079913387
-1,-13,119.97440730443739
-1,-14,424.9405403214129
-1,-14,314.1672198071492
-1,-14,71.47396345305683
-1,-14,50.0
-1,-14,50.0
-2,-14,50.0
-2,-14,50.0
-2,-14,449.9012487933594
-2,-14,107.62897654469297
-2,-14,246.77599147041835
-2,-15,50.0
-2,-15,334.3631814322089
-2,-15,121.4382712368596
-2,-15,692.8515311235145
-2,-15,512.7655370800194
-3,-15,484.40996314978105
-3,-15,50.0
-3,-15,50.0
-3,-15,50.0
-3,-15,460.86169398566784
-4,-15,123.06389736254538
-4,-15,50.0
-4,-15,687.798134016258
-4,-15,94.5996210994435
-4,-15,50.0
-4,-16,50.0
-4,-16,482.2605581112351
-4,-16,50.0
-4,-16,118.2390672410172
-4,-16,243.2939543335259
-4,-17,50.0
-4,-17,393.68057737652066
-4,-17,50.0
-4,-17,376.4568097899067
-4,-17,107.19480111369012
-3,-17,216.7101662056823
-3,-17,224.2370278925
-3,-17,50.0
-3,-17,50.0
-3,-17,146.91275530510066
-4,-17,50.0
-4,-17,50.0
-4,-17,278.9825332988672
-4,-17,160.76803459662392
-4,-17,50.0
-5,-17,381.3235776459751
-5,-17,50.0
-5,-17,50.0
-5,-17,50.0
-5,-17,372.25969002956066
-6,-17,377.02413053097763
-6,-17,519.668854833152
-6,-17,50.0
-6,-17,50.0
-6,-17,50.0
-7,-17,50.0
-7,-17,50.0
-7,-17,617.8176093388851
-7,-17,50.0
-7,-17,50.0
-7,-18,50.0
-7,-18,50.0
-7,-18,50.0
-7,-18,185.378541459683
-7,-18,50.0
-7,-19,94.32586585995796
-7,-19,50.0
-7,-19,85.01619337843658
-7,-19,50.0
-7,-19,50.0
-8,-19,50.0
-8,-19,50.0
-8,-19,50.0
-8,-19,50.0
-8,-19,130.9319552171226
-8,-18,511.29605019339
-8,-18,503.03292736987976
-8,-18,80.54066969843942
-8,-18,50.0
-8,-18,50.0
-8,-19,50.0
-8,-19,50.0
-8,-19,50.0
-8,-19,50.0
-8,-19,50.0
-8,-20,50.0
-8,-20,50.0
-8,-20,50.0
-8,-20,50.0
-8,-20,50.0
-8,-19,50.0
-8,-19,50.0
-8,-19,50.0
-8,-19,50.0
-8,-19,216.43760894683692
-7,-19,436.7730988228152
-7,-19,167.37453278639515
-7,-19,50.0
-7,-19,50.0
-7,-19,50.0
-6,-19,111.97776658577834
-6,-19,272.03817145415377
-6,-19,114.55200264925512
-6,-19,50.0
-6,-19,50.0
-5,-19,50.0
-5,-19,50.0
-5,-19,50.0
-5,-19,92.95950490773032
-5,-19,50.0
-4,-19,50.0
-4,-19,50.0
-4,-19,50.0
-4,-19,50.0
-4,-19,50.0
-4,-20,50.0
-4,-20,50.0
-4,-20,79.27507698897047
-4,-20,79.9320466474591
-4,-20,577.5024062225224
-4,-19,50.0
-4,-19,50.0
-4,-19,50.0
-4,-19,50.0
-4,-19,208.6251141113891
-4,-18,50.0
-4,-18,50.0
-4,-18,272.2217431124283
-4,-18,50.0
-4,-18,50.0
-3,-18,74.1625707375072
-3,-18,121.94985049983873
-3,-18,50.0
-3,-18,50.0
-3,-18,376.98234369912745
-2,-18,135.5768788123478
-2,-18,50.0
-2,-18,50.0
-2,-18,50.0
-2,-18,50.0
-1,-18,173.1054533302851
-1,-18,50.0
-1,-18,349.47436360003513
-1,-18,50.0
-1,-18,102.70058950576589
0,-18,87.02108230878463
0,-18,364.33741008644347
0,-18,403.2902631192308
0,-18,50.0
0,-18,50.0
0,-17,50.0
0,-17,50.0
0,-17,416.30950881335497
0,-17,82.23201290977477
0,-17,50.0
0,-16,50.0
0,-16,50.0
0,-16,50.0
0,-16,356.99343915969024
0,-16,50.0
1,-16,245.1907206774042
1,-16,341.2713274894801
1,-16,130.08426005817307
1,-16,348.16151698907726
1,-16,233.1519729389891
2,-16,260.5054064632543
2,-16,253.95058858984711
2,-16,50.0
2,-16,65.91640713972721
2,-16,50.0
2,-15,50.0
