3.23343
2.92148
2.7986
2.82643
2.11585
2.16829
1.90172
1.88728
1.83377
1.90204
2.18177
1.99707
2.04391
2.26723
2.54229
2.79681
2.87754
3.14255
3.16518
2.91853
2.99491
2.96669
2.72458
2.40053
2.57649
2.26582
2.21313
2.08838
2.01726
2.06216
2.03845
2.15285
2.23929
2.24544
2.13831
2.29323
2.38874
2.59551
3.07066
2.72581
2.84805
2.52372
2.38684
2.16182
2.25697
2.53321
2.37103
2.71789
2.88634
2.93277
3.15472
3.20015
3.1
3.2973
3.29274
3.28232
3.26777
3.20405
2.69111
2.71383
2.3132
2.46328
2.33141
2.44255
2.44359
2.63493
2.67613
2.90774
3.22255
3.25075
3.26764
3.23145
3.21402
3.12628
3.11707
3.06225
2.60535
2.48861
2.20967
2.13175
2.20925
2.41557
2.36151
2.23867
2.17427
2.29459
2.20642
2.24566
2.21187
2.2531
2.58012
2.64326
2.76253
2.85561
2.93956
3.19719
2.88063
2.86905
2.49819
