3.10741
2.90835
2.97553
2.53181
2.33238
2.12098
1.93125
1.89161
1.84791
1.88821
2.10409
2.19439
2.15317
2.10885
2.55052
2.72242
2.6657
3.15526
2.94936
3.12223
2.96628
2.81084
2.84758
2.59207
2.39628
2.26655
2.22747
2.07368
2.04161
2.0149
2.06666
2.16591
2.17347
2.26364
2.34621
2.28418
2.38172
2.71032
2.79885
2.99898
2.59568
2.39125
2.38632
2.37202
2.47908
2.51351
2.42701
2.3299
2.92842
2.84395
3.14334
3.20601
3.09502
3.29503
3.2893
3.26193
3.24441
2.909
2.66016
2.61716
2.25827
2.36319
2.36582
2.28079
2.52779
2.69613
3.12756
3.0347
3.22014
3.22165
3.29503
3.22156
3.17122
3.13544
3.00448
2.6258
2.25549
2.41898
2.44414
2.17625
2.18333
2.31284
2.28245
2.32388
2.42458
2.25378
2.17674
2.51175
2.22611
2.31154
2.54638
2.67071
2.48368
2.86823
3.19778
3.17912
3.01436
2.60299
2.47964
