3.21252
3.11294
2.59274
2.7689
2.11826
2.12506
1.87995
1.89526
1.84804
1.94164
2.16631
2.14328
2.11257
2.14653
2.28214
2.85596
3.11662
3.15064
3.17581
3.17151
2.95021
2.51197
2.84476
2.40456
2.43695
2.2718
2.19971
2.10342
2.0593
2.06537
2.07313
2.17415
2.20468
2.01027
2.33282
2.25905
2.23498
2.68628
2.83639
3.11454
2.8411
2.55353
2.47975
2.17676
2.41549
2.25159
2.43089
2.84862
2.8656
2.7197
3.15693
3.20422
3.1
3.28232
3.30181
3.27523
3.27284
3.17286
2.95223
2.48005
2.24972
2.23547
2.32848
2.2181
2.71375
2.72629
3.09636
2.96229
3.2194
3.29389
3.26745
3.191
3.21037
3.12699
2.89677
2.5553
2.47003
2.29861
2.16196
2.46416
2.21397
2.13972
2.36661
2.44215
2.28392
2.24207
2.22951
2.19105
2.21575
2.24203
2.58119
2.66451
2.70031
2.59665
3.19184
3.04336
3.0483
2.95693
2.71368
