3.19598
3.14532
2.50423
2.58853
2.29145
2.09751
2.0511
2.04093
1.90585
1.88841
2.15156
2.24351
2.09501
2.10961
2.28254
2.48462
2.90927
3.0326
3.11898
3.15504
2.72526
2.76615
2.88874
2.78935
2.36551
2.2305
2.19394
2.17415
2.01905
2.02625
2.08158
2.15751
2.22188
2.1111
2.20389
2.23874
2.60165
2.58052
3.05018
3.08537
2.40056
2.58926
2.35787
2.26382
2.19315
2.28886
2.68206
2.55658
2.91194
2.9511
3.12125
3.20806
3.1
3.28115
3.28814
3.29274
3.23927
3.16326
2.56947
2.44659
2.27594
2.22608
2.34367
2.27366
2.45138
2.6647
2.79911
2.95635
3.17271
3.26391
3.2303
3.09346
3.05631
2.93679
3.12853
2.58822
2.57492
2.38151
2.33641
2.17228
2.15391
2.28847
2.50771
2.7725
2.30255
2.24068
2.17992
2.30523
2.24644
2.33863
2.46868
2.38653
2.51489
2.8513
3.17347
3.18037
3.09547
2.59489
2.76283
