3.02
3.03513
3.01632
3.01397
2.84344
2.8317
2.78873
2.23229
2.08147
2.07791
2.71207
2.73651
2.6041
2.84335
3.00398
3.00877
3.01521
3.04714
2.9506
3.0189
3.0206
2.86746
3.01039
2.7454
2.86239
2.99008
2.81515
2.43517
2.61671
2.72815
2.80343
2.84358
2.67475
2.83205
2.85696
2.84068
2.86071
2.95117
3.02
3.0189
2.88075
2.98859
2.84577
2.76381
2.98388
3.01016
3.01063
3.01039
3.02
3.01521
3.02
3.04
3.02
3.11572
3.02
3.07889
3.02
3.01886
3.00524
2.86402
2.98388
2.92511
2.78165
2.76662
2.91908
3.00714
3.01361
3.0189
3.06
3.02224
3.02
3.0006
3.03466
3.02
3.01681
3.00551
2.86075
3.00551
2.82337
2.98319
2.86405
2.99063
2.98895
2.86068
2.84344
2.82386
2.88304
2.85719
2.84189
2.69362
2.99397
2.86402
2.86239
3.02
3.02
3.01982
3.0178
2.70218
2.99397
