3.20517
2.68758
2.73326
2.46704
2.26901
2.07387
1.90719
1.85537
1.83699
1.93512
2.19823
1.97005
2.31756
2.30685
2.4451
2.84041
2.909
3.15333
3.1714
2.91281
2.95984
2.66847
2.84568
2.59155
2.47209
2.25885
2.22429
2.09613
2.00987
2.00822
2.09516
2.11276
2.20543
2.29818
2.12384
2.31153
2.37459
2.81992
3.03417
3.11515
2.57726
2.35819
2.23798
2.48889
2.18157
2.25752
2.47167
2.82693
2.63406
2.71801
3.19085
3.21452
3.1
3.30405
3.29956
3.282
3.22616
3.14737
2.71425
2.83181
2.33231
2.23552
2.35068
2.45825
2.47837
2.75096
2.88891
3.00672
3.17409
3.27685
3.28232
3.23927
2.91028
3.14973
3.12107
2.8411
2.723
2.22874
2.32227
2.35741
2.20326
2.13361
2.50935
2.63297
2.14017
2.27694
2.18641
2.19186
2.26883
2.32744
2.57019
2.55474
2.61522
2.90235
3.17748
3.15542
2.86996
2.68212
2.62953
