3.1608
2.90587
2.98503
2.51937
2.14337
2.18129
1.92175
1.91295
1.86306
1.90487
2.16863
1.98657
2.0802
2.0618
2.6725
2.79979
2.89627
2.93652
3.16518
3.14119
2.97954
2.72116
2.82786
2.51914
2.45567
2.24282
2.18053
2.07935
1.97698
2.06062
2.03953
2.17993
2.20221
2.1225
2.29075
2.30327
2.24417
2.5285
2.83314
3.0944
2.65836
2.54898
2.57014
2.4953
2.14126
2.21939
2.35645
2.70643
2.66601
2.9507
3.14128
3.22854
3.1
3.30405
3.28814
3.28582
3.23277
3.15827
2.5811
2.37424
2.23634
2.31235
2.32232
2.53273
2.47023
2.45694
3.01649
2.98684
3.18631
3.27997
3.30293
3.22101
3.19668
3.15307
2.91637
2.77533
2.63443
2.51792
2.12985
2.15307
2.10426
2.41416
2.33719
2.41368
2.18629
2.29778
2.32223
2.30294
2.25531
2.29529
2.46203
2.61288
2.63368
2.71207
3.08944
3.21273
2.90184
2.50009
2.90097
