3.02
3.03361
3.01439
2.99452
2.99361
2.86981
2.76359
2.12095
1.94103
1.99916
2.75798
2.76299
2.7635
2.82794
3.00752
3.00388
3.01361
3.03564
2.98218
3.02
3.01895
2.8758
2.86565
2.6509
2.96117
2.69533
2.77409
2.44539
2.71588
2.6342
2.81607
2.90249
2.91437
2.84408
2.98002
2.47677
2.84741
2.92049
3.02
3.0178
3.0173
3.00188
2.7304
2.784
2.99564
2.99176
3.0123
3.00877
3.02
3.012
3.0189
3.04
3.02
3.11507
3.02
3.07944
3.02
3.01986
2.86853
2.85414
2.84914
2.98512
3.0006
2.97284
2.70388
3.00714
3.01361
3.0189
3.06
3.00047
3.02
2.99895
3.03426
3.02
3.01521
2.85911
2.85248
3.00224
2.97704
2.77109
2.70559
2.84408
2.99397
2.29284
2.83473
2.84002
2.87247
2.98503
2.67624
2.48418
2.86402
2.99895
3.01564
3.0189
3.02
3.01982
3.02
2.86577
3.01039
