3.18674
2.91633
3.05778
2.61294
2.11272
2.12609
1.91378
1.83805
1.85402
1.89718
2.13902
2.03037
2.13375
2.0958
2.28313
2.97245
3.12262
2.93535
3.17309
3.15895
2.95401
2.66835
2.68628
2.60146
2.44516
2.28293
2.20687
2.27751
2.01889
2.03183
2.03957
2.22716
2.24121
2.30629
2.30326
2.28593
2.39436
2.73367
3.04303
3.14964
2.78084
2.3481
2.23272
2.12829
2.39243
2.52864
2.41435
2.498
3.08274
2.71958
3.11991
3.22292
3.1
3.30069
3.28606
3.30181
3.23288
3.18855
2.89256
2.76932
2.30526
2.4285
2.31123
2.23332
2.45136
2.75072
2.81213
2.95207
2.92362
3.24056
3.27997
3.20692
3.16774
2.92579
2.90438
2.52318
2.57211
2.43832
2.30024
2.48028
2.38793
2.29629
2.31802
2.46725
2.13679
2.20397
2.18571
2.16738
2.26388
2.31908
2.56086
2.71542
2.49338
2.87855
3.19015
3.15572
3.07239
2.32117
2.49626
