3.02
3.032
3.01325
2.78822
2.68661
2.76258
2.42036
2.24568
2.00275
2.2809
2.67034
2.58861
2.64729
2.68502
3.00393
3.00551
3.012
3.0373
2.97359
3.02
3.00118
3.0206
3.00714
2.6657
2.67923
2.77132
2.72024
2.34283
2.74104
2.76089
2.80815
2.74684
2.90776
2.83555
2.84668
2.97704
2.97279
2.94332
3.02
3.0178
2.67923
2.85865
2.76662
2.87808
2.84408
2.84864
3.0123
3.01681
3.0189
3.01681
3.02
3.04
3.02
3.11658
3.02
3.07851
3.02
3.02
3.01659
2.86402
2.98895
2.99509
2.86402
2.99397
2.87081
3.00551
3.01521
3.0189
3.06
3.01714
3.02
2.9973
3.03929
3.02
3.01681
3.00877
2.9923
2.86565
2.48029
2.99509
2.8008
2.97284
2.69725
2.92836
2.75912
2.84457
2.69588
2.68346
2.76268
2.67608
3.00388
3.00224
3.0173
3.00977
3.0189
3.01977
3.02
2.71394
3.00714
