3.16864
3.15706
2.89677
2.50886
2.2251
2.1624
1.90487
1.91262
1.88993
1.88513
2.16596
2.0156
2.18244
2.14385
2.68478
2.81596
2.97996
2.79393
3.20184
3.15886
2.97041
2.79445
2.76347
2.78386
2.38838
2.40453
2.22807
2.05022
2.00868
2.05378
2.05022
2.16888
2.25804
2.09754
2.22915
2.30287
2.22551
2.56515
2.71549
3.12979
2.56532
2.40595
2.52203
2.62883
2.23166
2.38041
2.39999
2.6683
2.56325
2.61121
2.89111
3.20543
3.09502
3.29503
3.28349
3.28232
3.23171
3.1964
2.62898
2.57054
2.4389
2.30049
2.33742
2.26173
2.55045
2.46338
2.74085
3.05075
3.16953
3.28466
3.271
3.18975
3.16496
3.12003
3.13919
2.86288
2.47628
2.57308
2.36319
2.12684
2.22883
2.25905
2.62784
2.37132
2.31239
2.20622
2.17829
2.31857
2.23783
2.34458
2.4657
2.40089
2.72172
2.92841
3.19391
3.18944
2.89095
2.82074
2.67128
