3.21423
3.13109
3.03809
2.29876
2.1546
2.14679
1.91469
1.86453
1.90025
1.93902
2.18011
1.9895
2.1074
2.14901
2.52035
2.40245
3.02145
3.14155
3.19051
2.9502
2.93492
2.65494
2.93334
2.58805
2.39633
2.24953
2.20424
2.16821
1.98819
2.0235
2.07994
2.32387
2.2361
2.3371
2.15503
2.23305
2.63591
2.76347
2.70529
3.15118
2.80878
2.46792
2.34849
2.34701
2.36451
2.16182
2.40147
2.67545
2.7446
2.87863
3.14246
3.16431
3.1
3.29274
3.29843
3.27071
3.23866
2.92995
2.84557
2.42331
2.23674
2.48378
2.53227
2.31695
2.33595
2.76553
2.92114
3.01539
3.16001
3.23171
3.29274
3.2225
3.16778
2.90942
3.12222
2.81106
2.85131
2.58531
2.41782
2.13544
2.1522
2.30381
2.2977
2.52807
2.17209
2.31174
2.22461
2.14525
2.23133
2.44426
2.61975
2.38384
2.49031
2.99988
2.92387
3.16737
2.90593
2.83315
2.52991
