2.94242
2.91372
2.97274
2.51253
2.13455
2.12567
1.93442
1.87084
1.87311
1.93589
2.11307
1.97506
2.03154
2.10641
2.53137
2.96051
3.11913
2.94352
2.97706
2.91542
2.98095
2.66848
2.68679
2.98449
2.55311
2.41145
2.23824
2.13518
2.09145
1.99653
2.0511
2.11699
2.23521
2.06894
2.18426
2.28319
2.40445
2.77874
2.97385
3.09737
2.60538
2.84793
2.37344
2.45802
2.63131
2.38859
2.40937
2.82564
2.89355
2.99521
2.94747
3.19
3.1
3.30293
3.2893
3.27523
3.21811
3.13698
3.01864
2.35041
2.30528
2.45089
2.36463
2.42865
2.48608
2.4917
2.63918
3.00438
3.20557
3.23894
3.257
3.20084
3.17353
2.94759
2.67994
2.59084
2.87555
2.25523
2.13917
2.17854
2.35702
2.33707
2.34877
2.47822
2.34079
2.27817
2.38601
2.15326
2.22159
2.29125
2.94644
2.85084
2.45988
2.90078
3.17298
3.19106
2.88018
2.72171
2.61522
