3.02
3.03681
3.01462
3.01388
2.84349
2.82473
2.6548
2.19552
2.00923
2.32399
2.46468
2.78081
2.75851
2.83454
3.0008
3.00714
3.012
3.04551
2.97704
3.02
3.03361
2.94194
2.9352
2.70136
2.86914
2.92154
2.76121
2.51732
2.81666
2.72042
2.78127
2.76635
2.69671
2.84914
2.98168
2.9923
2.98383
2.92395
3.0178
3.02
3.0206
3.00188
2.83898
2.84276
2.84746
2.86212
2.7729
2.9417
3.02
3.012
3.02
3.04
3.02
3.11718
3.02
3.07833
3.02
3.01996
3.00831
2.78493
2.86075
2.77281
2.9973
2.98726
2.86577
2.9973
3.01841
3.02
3.06
3.0206
3.0189
2.98557
3.03626
3.02
3.01521
3.01039
3.00224
2.86402
2.75464
2.91138
2.79817
2.86075
3.00224
2.70218
2.85031
2.86837
2.81254
2.84873
2.85341
2.39448
2.99895
2.99063
2.87414
3.02
3.0189
3.01863
3.0189
3.00047
3.00551
