3.21041
3.15162
2.81992
2.53437
2.33585
2.14004
1.93118
1.80955
1.89464
1.87591
2.13282
2.13165
2.12907
2.53443
2.44299
2.41955
2.86016
3.0247
3.19528
3.16605
2.96176
2.60232
2.62786
2.65105
2.37838
2.22701
2.1982
2.10642
2.02967
2.05194
2.07244
2.17285
2.21649
2.24036
2.20375
2.32638
2.24816
2.68372
2.95748
2.99141
2.95667
2.45235
2.36461
2.28542
2.27724
2.42264
2.58189
2.7197
2.8531
2.9615
3.18662
3.16223
3.1
3.30069
3.28698
3.29045
3.25575
3.17542
3.08347
2.82122
2.29003
2.18899
2.31681
2.44301
2.57131
2.62278
2.89692
3.01835
3.16618
3.24248
3.29274
3.23627
2.92248
2.74607
2.91482
2.94968
2.87532
2.26742
2.17666
2.12164
2.16328
2.48802
2.35589
2.51237
2.54633
2.28765
2.19264
2.36467
2.21733
2.24218
2.44365
2.84316
2.65211
2.95658
3.14301
3.17467
3.09273
2.72333
2.64204
