3.23749
3.14449
2.85282
2.52882
2.12117
2.12681
1.95357
1.86714
1.87262
1.95235
2.18471
2.07022
2.24413
2.29285
2.42431
2.68783
2.94036
3.1274
3.14347
3.19538
2.95047
2.54093
3.10863
2.63094
2.46358
2.43359
2.18846
2.14
2.0297
1.99887
2.01341
2.15415
2.27023
2.01137
2.33005
2.33446
2.64843
2.44279
2.82354
2.91783
2.54245
2.54763
2.37776
2.17025
2.38049
2.33228
2.39201
2.80765
3.0275
2.86014
3.14158
3.20733
3.1
3.30293
3.31069
3.28698
3.23091
2.95359
2.85923
2.58957
2.24882
2.37172
2.33546
2.56867
2.48692
2.47662
2.89965
3.00223
3.22052
3.25073
3.28698
3.20148
3.14939
3.12223
3.12756
2.51421
2.58408
2.25127
2.20611
2.3807
2.14631
2.38566
2.36755
2.54414
2.15588
2.19632
2.17976
2.15537
2.24343
2.30327
2.57049
2.72798
2.67316
2.88888
3.18753
3.07146
2.59395
2.84452
2.53358
