3.19598
3.10163
2.90779
2.72922
2.34683
2.08745
2.1348
1.90603
1.91626
1.86306
2.14037
2.20292
2.13922
2.53509
2.87367
2.60205
3.12854
3.15337
3.17639
2.91396
2.96127
2.35716
2.63669
2.54883
2.61453
2.44707
2.22919
2.07893
2.02429
2.10115
2.05954
2.18257
2.20972
2.1102
2.15499
2.32042
2.26029
2.71266
2.68437
3.0288
2.90904
2.52036
2.63366
2.16635
2.3859
2.46629
2.5844
2.68834
2.8943
2.94397
3.14761
3.24319
3.1
3.29503
3.28232
3.28349
3.2656
3.15881
2.70769
2.58055
2.25867
2.16161
2.28609
2.37713
2.53375
2.72302
2.90564
3.00435
3.23686
3.26538
3.28582
3.21539
3.15673
3.15185
3.12379
2.83846
2.32382
2.45916
2.20375
2.15165
2.352
2.55238
2.26895
2.38432
2.15739
2.27291
2.26366
2.18908
2.21343
2.26151
2.57216
2.63881
2.63628
2.74869
2.96404
3.19391
3.10335
2.95078
2.73744
