3.20206
3.05175
2.70913
2.6486
2.32821
2.1478
1.93594
1.90602
1.858
1.8902
2.18045
2.05042
2.13233
2.04046
2.52303
3.05076
3.11143
3.14248
3.18902
3.1732
2.96076
2.49591
2.96452
2.66944
2.57034
2.512
2.20062
2.04409
2.00154
2.17332
2.03549
2.42561
2.20236
2.3361
2.18157
2.33586
2.36383
2.65709
3.08125
2.9
2.7148
2.37407
2.34749
2.24479
2.27301
2.44417
2.5407
2.83056
3.08624
2.72746
3.15337
3.2149
3.09502
3.27997
3.29389
3.29389
3.24252
3.13346
2.86424
2.61434
2.2977
2.21334
2.46342
2.3945
2.54074
2.77037
3.12368
3.01532
3.13832
3.27642
3.24424
3.18349
3.17277
3.15211
3.13103
3.07298
2.71793
2.58051
2.34044
2.14886
2.16341
2.17665
2.2286
2.54924
2.30037
2.22153
2.18306
2.1192
2.23237
2.24005
2.4403
2.54021
2.88797
2.95691
3.17683
3.15242
2.90321
2.7376
2.47328
