2.94615
3.15622
2.58889
2.60502
2.27395
2.30562
1.94456
1.84372
1.85854
1.89732
2.14928
2.14975
2.08371
2.09739
2.85927
2.81557
2.90587
3.13349
3.1714
3.17831
2.74232
2.63224
2.63837
2.68585
2.40901
2.2857
2.1791
2.03708
1.98594
2.03397
2.04119
2.12172
2.22317
1.98748
2.12918
2.30048
2.46974
2.62988
3.04052
3.11889
2.6686
2.43038
2.47175
2.31005
2.52541
2.19314
2.57144
2.90561
2.8288
2.7308
3.15505
3.22255
3.1
3.27642
3.27044
3.28349
3.26923
3.21719
2.88606
2.611
2.2604
2.23568
2.27153
2.20375
2.58173
2.70707
2.77382
2.97676
3.146
3.25906
3.27997
3.20914
3.18771
2.8941
3.02886
2.57156
2.69107
2.47835
2.38818
2.20712
2.39129
2.10435
2.48448
2.5171
2.30228
2.2346
2.44437
2.18657
2.27161
2.32527
2.27181
2.5139
2.72897
2.75712
3.14712
3.16018
3.03833
2.59568
3.06487
