3.17656
3.10577
2.66847
2.49956
2.14025
2.15919
1.89429
1.82552
1.89697
1.87244
2.1693
2.14156
2.3349
2.20541
2.45131
2.68378
3.10921
2.91255
2.924
3.14754
2.98361
2.93161
2.73525
2.29191
2.43369
2.41497
2.2467
2.12525
2.00509
2.0288
2.04239
2.10735
2.2414
2.09955
2.12161
2.31635
2.3664
2.50872
2.96444
2.87408
2.57815
2.36864
2.32723
2.4326
2.2605
2.35169
2.33615
2.89668
2.88369
2.97065
3.19081
3.2064
3.1
3.30405
3.29389
3.2916
3.22592
3.18907
2.66334
2.71842
2.22992
2.57259
2.35836
2.32409
2.46579
2.49444
3.00872
3.01719
3.19646
3.25296
3.26923
3.22448
3.17807
2.92746
2.90051
2.83452
2.31851
2.48899
2.09429
2.40331
2.32519
2.13729
2.52924
2.40953
2.30622
2.22534
2.35556
2.16642
2.21614
2.2781
2.31243
2.81404
2.75728
2.96508
3.13842
3.22036
2.70205
2.58796
2.4752
