3.21789
3.12836
3.1007
3.01147
2.0986
2.12592
1.90762
1.87895
1.82552
1.9273
2.13412
2.03143
2.1577
2.18194
2.51055
2.8316
2.74477
2.80099
3.20507
3.14464
2.95957
2.83283
2.89508
2.45696
2.46901
2.25451
2.21015
2.12311
2.05378
2.01905
2.06458
2.1996
2.23162
2.07955
2.22662
2.31146
2.40337
2.66136
2.97224
2.69986
2.63426
2.54836
2.20927
2.169
2.40531
2.29137
2.43825
2.69578
3.07398
2.71286
3.16662
3.23391
3.1
3.29503
3.28466
3.26183
3.24754
3.20093
2.97176
2.55418
2.48429
2.71874
2.26752
2.51384
2.49786
2.46605
3.00081
2.9968
3.21093
3.24264
3.27997
3.15552
3.19668
3.13493
2.78272
2.6188
2.50405
2.70701
2.32313
2.30264
2.39224
2.15488
2.28926
2.44497
2.31032
2.22509
2.20281
2.27513
2.17436
2.35999
2.4792
2.54223
2.91636
2.74669
3.18405
3.20713
2.98984
2.84744
2.79507
