3.22584
3.15525
2.97447
2.54071
2.17993
2.14703
1.96477
2.08933
1.88596
1.91046
2.15062
2.13741
2.02788
2.12679
2.50711
2.61788
2.90997
2.92334
3.19302
2.94352
2.94139
2.39684
2.96227
2.52593
2.64679
2.44844
2.19967
2.09244
1.99372
2.0288
2.07701
2.25741
2.19783
2.09634
2.13107
2.35241
2.74654
3.06795
2.80755
2.91057
2.81529
2.32215
2.22074
2.41513
2.38984
2.19383
2.38129
2.82797
2.92852
2.95818
3.1701
3.20364
3.1
3.2893
3.2893
3.29503
3.24949
3.06294
2.58345
2.71225
2.3147
2.18632
2.37183
2.68046
2.42838
2.47937
3.10406
3.02435
3.23571
3.23171
3.28303
3.20914
3.14931
2.93896
3.13585
2.63772
2.49266
2.29776
2.14897
2.18704
2.19125
2.57182
2.34152
2.29472
2.15698
2.32412
2.38118
2.23642
2.19499
2.2636
2.36356
2.78184
2.74863
2.86379
3.18998
3.19043
2.77288
2.71799
2.64164
