3.19458
3.14508
2.87693
2.8316
2.15471
2.17246
1.88691
1.88157
2.09081
1.87262
2.16624
2.01174
2.11528
2.27607
2.67251
2.87525
2.72631
2.74048
3.20242
2.92064
2.84643
2.84369
2.78203
2.89841
2.42363
2.2803
2.17603
2.11146
2.01907
2.06581
2.09464
2.15063
2.21323
2.27419
2.11475
2.32309
2.40949
2.83683
2.83528
3.00522
2.71671
2.54398
2.23842
2.20485
2.1107
2.48105
2.42295
2.8044
2.90025
2.94672
3.16888
3.19546
3.1
3.26438
3.30627
3.28582
3.24052
3.15927
2.89706
2.61125
2.37502
2.23889
2.30867
2.21649
2.52177
2.49094
3.10801
2.99774
3.19258
3.27722
3.30069
3.19116
3.18285
3.1718
2.92929
3.09199
2.63072
2.18453
2.40967
2.31742
2.17966
2.1817
2.37919
2.45435
2.53464
2.25951
2.19002
2.4489
2.24003
2.21641
2.30414
2.33604
2.50407
2.77621
3.16778
3.17474
3.03086
2.93706
2.6529
