3.02
3.03361
3.01627
3.01721
2.99017
2.86998
2.73378
2.36682
2.10075
2.24878
2.5325
2.66131
2.627
2.84349
3.00417
3.01521
3.012
3.04551
2.96837
3.02
3.02224
3.02224
3.00877
2.58165
2.86408
2.8417
2.79587
2.42928
2.59508
2.76355
2.80349
2.83667
2.84518
2.91519
2.76612
2.84299
2.83893
2.95663
3.0189
3.0189
3.01895
2.99171
2.83898
2.71675
2.98388
2.8554
3.01063
3.00877
3.02
3.01361
3.0189
3.04
3.02
3.11745
3.02
3.07944
3.02
3.01977
3.01334
3.01361
2.84746
3.0017
2.85911
2.68218
3.00557
3.00224
3.00714
3.0189
3.06
3.01855
3.02
2.9923
3.0361
3.02
3.01521
3.00714
3.0006
3.00388
2.84068
2.98319
2.51742
2.99564
2.85911
2.68842
2.48117
2.83351
2.8868
2.91616
2.84189
2.84862
2.85248
3.0006
2.80819
2.94912
3.02
3.01982
3.0189
3.00557
3.00714
