3.18945
3.14484
2.77898
2.35219
2.12544
2.29046
1.91305
1.8642
1.79527
1.88593
2.16107
1.9626
2.19046
2.3099
2.26484
2.96649
2.89614
3.16701
3.1622
3.14308
2.97353
2.82834
2.85167
2.3515
2.42228
2.29084
2.18863
2.14
2.02181
2.03205
2.11219
2.31828
2.23394
2.33503
2.20063
2.38568
2.34498
2.71421
3.06994
2.93467
2.55582
2.40454
2.61561
2.37382
2.30428
2.44343
2.51591
2.8348
2.84791
2.97324
3.12475
3.23171
3.09055
3.29284
3.30405
3.29503
3.24753
3.05743
2.74149
2.47524
2.26048
2.3945
2.3426
2.46709
2.6226
2.46655
3.01285
2.97782
3.19668
3.26418
3.27642
3.21985
3.20067
3.15482
3.11865
2.40647
2.28917
2.51937
2.46252
2.35033
2.23291
2.1803
2.47482
2.53925
2.31427
2.22009
2.24845
2.34829
2.40531
2.24508
2.56693
2.75707
2.61793
2.98863
3.18855
3.20574
2.87154
2.72747
2.46803
