3.02
3.03521
3.018
2.88066
2.98845
2.80527
2.76326
2.41183
2.02478
2.22647
2.64438
2.75206
2.76094
2.97603
3.00095
3.00551
3.012
2.88299
2.97359
3.0189
2.88239
3.00895
3.00224
2.67348
2.85727
2.99343
2.8508
2.36119
2.54526
2.47169
2.79378
2.98658
2.75217
2.98726
2.68319
2.69228
2.84909
2.94369
3.0189
3.02
2.88402
3.00174
2.74767
2.40913
2.6989
2.99698
2.99704
3.012
3.00059
3.01841
3.02
3.04
3.02
3.1168
3.02
3.07907
3.02
3.01964
3.0052
2.9352
2.93027
2.98676
3.00714
2.85414
2.77637
2.93846
3.01521
3.02
3.06
3.00711
3.02
2.99895
3.03432
3.02
3.01841
3.00388
2.92861
2.9352
2.83383
2.85017
2.85728
2.67877
2.85746
2.78493
2.68159
2.65375
2.87019
2.98329
2.69006
2.84337
2.85081
3.00388
2.86746
3.02
3.02
3.01977
3.02
3.00557
2.93356
