3.17898
2.91969
2.85009
2.85932
2.10138
2.14546
1.92906
2.03391
1.87505
1.88271
2.16829
2.17438
2.08689
2.3672
2.65481
2.4668
2.75551
3.13265
3.19426
3.15706
2.95388
2.54739
3.09435
2.56626
2.41173
2.26315
2.20434
2.12122
2.05026
2.01662
2.05258
2.18854
2.22436
2.05363
2.18138
2.28609
2.6202
2.41311
2.61288
3.13881
2.8547
2.53125
2.34419
2.19277
2.15991
2.41864
2.37794
2.33081
2.98944
2.73961
3.16255
3.20559
3.1
3.28418
3.28698
3.2656
3.27044
3.15706
2.65349
2.47251
2.23794
2.33282
2.40537
2.4139
2.5344
2.7315
3.10494
2.97924
3.19391
3.27044
3.2899
3.18704
3.18337
3.153
3.14224
2.3778
2.52455
2.50979
2.33509
2.14926
2.10843
2.31097
2.33742
2.73798
2.30677
2.2124
2.25983
2.0902
2.23159
2.33302
2.45104
2.7929
2.45997
2.96439
3.17237
3.1894
2.90499
2.70581
2.46923
