3.20886
2.74152
2.75498
2.51001
2.48526
2.11276
1.92039
1.8974
1.89464
1.91022
2.13706
2.03889
2.13018
2.30391
2.50984
2.81903
2.86055
2.90956
3.18002
3.15468
2.97966
2.84102
2.98658
2.7624
2.41342
2.25394
2.20219
2.07173
2.03183
2.02354
2.10982
2.15134
2.29265
2.32991
2.25912
2.31547
2.36938
2.91931
2.84402
2.8508
2.59551
2.42951
2.20353
2.57618
2.16367
2.44349
2.40224
2.91594
3.0619
2.96526
3.19467
3.22768
3.1
3.29274
3.27569
3.2973
3.21985
2.93439
2.86085
2.55815
2.29114
2.3232
2.35261
2.24011
2.56473
2.86194
2.61797
3.00368
3.24568
3.27284
3.27879
3.20999
3.06011
2.91524
2.93962
2.85435
2.68959
2.41022
2.43607
2.09908
2.20118
2.13613
2.30153
2.25454
2.1517
2.27381
2.32822
2.16086
2.23207
2.26332
2.47244
2.61634
2.6308
2.72064
3.17922
3.15227
3.07995
2.69534
2.8135
