3.02
3.03681
3.01632
2.7156
2.99338
2.83404
2.75517
2.16468
2.01926
2.58034
2.61673
2.75504
2.61438
2.84523
2.99906
2.9973
3.01681
3.04714
2.98047
3.0189
2.96813
3.0123
3.01039
2.55653
2.86914
2.98826
2.83079
2.27094
2.75261
2.60353
2.83158
2.97798
2.67814
2.82683
2.98849
2.84746
2.9219
2.92222
3.02
3.0189
3.0206
2.99666
2.69725
2.69888
2.98218
2.87189
3.01063
3.00877
3.02
3.01361
3.02
3.04
3.02
3.11453
3.02
3.07907
3.02
3.01982
3.01352
2.86239
2.77669
2.85526
2.98284
2.98895
2.52262
3.01521
3.01841
3.02
3.06
3.0173
3.02
2.9506
3.03666
3.02
3.012
2.86402
2.99895
2.8558
2.90836
2.91625
2.7764
2.98388
2.98726
3.00047
2.83852
2.82198
2.79891
2.91977
2.84541
2.76591
2.84577
3.00388
2.87414
3.0189
3.02
3.01973
3.02
2.98946
3.00388
