3.02
2.89203
3.01462
3.00218
2.97965
2.84114
2.76881
2.17492
2.05945
2.18337
2.70634
2.82777
2.72906
2.58748
2.51467
2.9973
3.01681
3.04388
2.94515
3.02
3.032
2.86914
3.00551
2.7081
2.50899
2.69001
2.79634
2.38328
2.78107
2.76345
2.75282
2.59071
2.75717
2.96606
2.99194
2.76493
2.8313
2.92433
3.02
3.02
2.71725
3.00193
2.86075
2.63609
2.9973
3.00197
3.00557
3.00224
3.0178
3.01521
3.0189
3.04
3.02
3.11539
3.02
3.07833
3.02
3.01986
3.0149
3.00551
2.85746
3.00529
2.86565
2.85414
3.00388
3.00224
3.01361
3.02
3.06
3.01063
3.02
2.9923
3.03975
3.0189
3.01681
2.86889
3.0006
2.9973
2.67534
2.68324
2.76858
2.9973
2.86402
2.82656
2.76263
2.66799
2.88689
2.99004
2.68498
2.69016
3.00224
2.99895
2.87746
3.0189
3.02
3.01968
3.00389
3.0173
3.00388
