3.02
3.032
3.01823
2.87911
2.857
2.82698
2.592
2.20623
1.97775
2.00152
2.72588
2.72086
2.77087
2.67809
2.8596
3.00714
3.01681
3.03397
2.98388
3.0189
3.0206
2.87911
3.01361
2.82252
3.00047
2.76945
2.22463
2.49213
2.70098
2.4273
2.78447
2.81687
2.84349
2.83378
2.84354
2.9923
2.82282
2.90833
3.0189
3.02
2.87248
3.00193
2.83727
2.71938
2.84239
2.69196
2.77116
2.94332
3.0178
3.01039
3.02
3.04
3.02
3.11653
3.02
3.0772
3.02
3.01996
3.01672
3.00877
2.99397
2.9968
2.84914
2.99397
2.8758
3.01361
3.01521
3.02
3.06
3.01508
3.02
2.96662
3.03466
3.02
3.01681
2.86402
2.99895
2.85911
2.67189
2.85365
2.73526
2.77349
3.0006
2.92836
2.4987
2.87233
2.80098
2.98172
2.98854
2.84862
2.98092
2.8558
2.87911
2.8624
3.02
3.02
2.87741
3.00726
3.00714
