3.02
3.03361
3.01604
3.00557
2.97988
2.81272
2.79139
2.38471
2.03374
2.0893
2.66217
2.62859
2.79563
2.97807
2.85748
2.99397
3.012
2.90239
2.97359
3.02
2.9552
2.99115
3.012
2.58553
2.69534
2.86189
2.8079
2.32481
2.65073
2.7265
2.82717
2.66938
2.82959
2.98726
2.8417
2.97876
2.92357
2.87878
3.0189
3.02
3.01063
3.01187
2.68388
2.51915
2.9923
3.00506
2.92663
2.94332
3.02
3.01521
3.02
3.04
3.02
3.11244
3.02
3.07889
3.02
3.01986
3.01182
2.99063
2.85248
2.98845
2.84135
2.84914
2.86239
3.01361
3.01681
3.0189
3.06
3.01382
3.02
3.0006
3.0333
3.02
3.01681
3.00714
3.0006
2.99895
2.68218
2.67814
2.75558
2.91689
2.93191
2.99876
2.99532
2.85993
2.87455
2.84877
2.98676
2.84862
2.86075
3.00551
2.98606
3.02
3.02
3.01959
3.0189
2.98436
3.00388
