3.20287
3.13379
2.96508
2.54452
2.10328
2.16076
2.11098
1.8902
1.85854
2.0609
2.15046
2.00375
2.15892
2.31998
2.69718
2.78851
3.12637
2.92696
3.16432
3.1347
2.94119
2.83026
3.08785
2.59983
2.54845
2.25015
2.16819
2.08484
2.00148
2.02667
2.11011
2.19312
2.24703
2.27258
2.3294
2.2462
2.40505
2.52861
2.93413
2.88659
2.59573
2.43227
2.37359
2.29154
2.52667
2.26196
2.36426
2.4309
3.09981
2.72554
3.20368
3.22123
3.1
3.29843
3.29956
3.2973
3.24699
3.16673
2.58205
2.47534
2.23894
2.21551
2.379
2.82543
2.58489
3.02069
2.65081
2.87205
3.17973
3.28115
3.28115
3.22567
3.16801
3.13179
2.73246
2.90701
2.34721
2.25995
2.25549
2.13533
2.18774
2.40533
2.32525
2.27865
2.1138
2.21868
2.16513
2.37724
2.21074
2.35551
2.69113
2.56183
2.66117
2.87717
3.03655
3.10733
2.89852
2.73245
2.87527
