3.02
3.03681
3.01458
3.0173
2.84691
2.77922
2.78827
2.13587
1.9346
2.12111
2.58916
2.78533
2.62502
2.67461
2.69543
3.00551
3.00714
3.05039
2.9506
3.02
3.032
2.99704
3.00877
2.71091
2.87248
2.98813
2.76656
2.12387
2.55795
2.57823
2.73309
2.9729
2.76097
2.58826
2.92664
2.59337
2.8541
2.92195
3.02
3.0189
2.87081
3.00165
2.91726
2.76815
2.83555
3.01178
2.85383
3.01681
3.0178
3.01521
3.02
3.04
3.02
3.11691
3.02
3.07907
3.02
3.01982
3.01338
2.85746
2.9923
2.91967
2.99397
2.99895
3.00218
3.01361
3.01841
3.0189
3.06
3.00484
3.02
2.98388
2.96748
2.95022
3.01681
3.00714
2.84914
3.00388
2.89738
2.9919
2.84635
2.68557
2.86889
2.96697
2.83672
2.78389
2.88085
2.86052
2.84184
2.6814
2.99564
3.00224
3.00218
2.87851
3.02
3.01977
3.0178
2.87414
3.00224
