3.02
3.03361
3.01622
2.86577
2.84859
2.8338
2.59472
2.38659
2.00643
2.20141
2.4696
2.82045
2.81478
2.83967
2.86392
3.00714
3.01361
3.0406
2.98047
2.87851
3.02877
2.7189
2.99895
2.6253
2.83771
2.85535
2.58858
2.49636
2.7265
2.7608
2.81022
2.91133
2.91822
2.82862
2.84682
2.69061
2.84573
2.9284
3.0178
3.02
3.02551
3.00845
2.57896
2.63929
2.97532
3.00524
2.84457
2.94332
3.02
3.02
3.02
2.89851
3.02
3.11544
3.02
3.07889
3.02
3.02
3.0103
2.99564
3.0006
3.00033
2.99564
2.8558
2.71061
3.00224
3.01681
3.02
3.06
3.0173
3.02
2.98218
3.0345
3.02
3.01681
3.00388
3.00551
3.01039
2.89618
2.76603
2.73078
2.98388
2.92529
2.50379
2.92488
2.79762
2.90488
2.76608
2.76102
2.99359
2.9973
2.99895
2.86299
3.02
3.02
3.01982
3.02
3.01397
3.00551
