3.02
3.032
3.01458
2.70548
2.84682
2.88231
2.65761
2.19588
1.91053
1.9538
2.70436
2.77843
2.51516
2.84156
3.0023
3.00388
3.01681
3.0373
2.99564
3.0189
3.032
2.87746
3.00551
2.74382
2.93858
2.84864
2.61202
2.42885
2.76326
2.44106
2.76814
2.98663
2.92154
2.76152
2.91653
2.38321
2.6939
2.92422
3.0189
3.02
2.87911
3.01343
2.98895
2.84884
2.98047
2.85365
2.78831
2.94332
3.0189
3.01841
3.02
3.04
3.02
3.11685
3.02
3.07944
3.02
3.01996
3.01334
2.99564
2.98557
2.99689
3.00388
2.85081
2.71394
2.86402
3.012
3.02
3.06
3.00388
3.02
2.99895
3.0349
3.02
3.01841
3.00551
2.99895
3.0006
2.58481
2.85036
2.83747
2.83898
3.00877
2.92317
2.85705
2.80374
2.86837
2.99684
3.00014
2.81913
3.00714
3.00224
2.85134
3.0189
3.02
3.01977
3.00389
2.70557
2.99895
