3.02
3.032
3.01773
3.00717
2.85031
2.86137
2.75991
2.27398
2.03845
2.25948
2.43505
2.82486
2.65677
2.83991
2.86612
3.00551
3.012
3.052
2.97876
3.02
2.89372
2.86971
3.012
2.72842
2.8521
2.99008
2.81197
2.42535
2.75531
2.766
2.80595
2.76941
2.38253
2.84068
2.49884
2.83383
2.99058
2.94917
3.0189
3.0178
2.86914
3.01025
2.98726
2.73022
2.85414
2.99045
2.86746
3.01681
3.0178
3.01361
3.02
3.04
3.02
3.11631
3.02
3.07926
3.02
3.01977
3.01352
3.00224
2.70382
2.92668
2.99895
2.9973
2.71394
3.01521
3.01681
3.02
3.06
3.00168
3.02
2.9631
3.03792
3.02
3.01361
3.00714
2.99895
2.85911
2.65056
2.99008
2.80018
3.00224
2.85746
2.86577
2.69155
2.87451
2.85316
2.85374
2.91967
2.40494
2.99895
3.00551
3.00388
3.02
3.02
3.01945
2.87741
2.86068
3.0006
