3.02
3.032
3.01155
3.00895
2.98826
2.86597
2.61664
2.36827
2.05528
2.10577
2.48681
2.63188
2.5987
2.84845
3.00398
3.00388
3.01361
3.05039
2.98047
3.02
3.02551
2.70388
3.01681
2.74161
2.99115
2.99518
2.50781
2.13933
2.77423
2.68278
2.80133
2.84166
2.76249
2.60513
2.85865
2.84239
2.83722
2.93783
3.02
3.02
2.87248
3.00683
2.98557
2.83751
2.97704
3.00692
2.86068
3.01361
3.02
3.01681
3.02
3.04
3.02
3.11653
3.02
3.07962
3.02
3.01986
3.01348
2.99063
2.99895
2.85378
3.00388
2.9973
2.86577
3.01361
3.012
3.02
3.06
3.02209
3.02
2.9923
3.0381
3.02
3.01521
3.00551
2.99397
2.98895
2.83898
2.85203
2.83997
2.68388
2.98557
2.61167
2.5908
2.8616
2.82212
2.69182
3.00037
2.37837
2.93683
2.86889
2.72055
3.02
3.02
3.01849
3.0189
3.01895
2.98449
