3.19238
3.13687
2.59454
2.43082
2.30016
2.12149
1.96951
1.89395
1.88816
1.90798
2.18769
1.98122
2.13341
2.41074
2.79748
2.99648
3.07092
2.89512
3.16333
3.1502
2.95437
2.60146
2.71654
2.47312
2.44392
2.27994
2.1935
2.08499
2.00559
2.0025
2.08068
2.16121
2.20918
2.18041
2.17522
2.3092
2.207
2.78702
2.84825
3.08201
2.80274
2.61112
2.46976
2.42048
2.16871
2.22214
2.49455
2.88462
2.88782
2.95451
3.14208
3.14216
3.1
3.29045
3.28946
3.28466
3.24045
2.94069
2.83478
2.4029
2.28073
2.16642
2.48639
2.41264
2.55838
2.7446
3.13222
3.01466
3.1842
3.20505
3.2916
3.23798
3.18548
3.1215
2.86225
2.95849
2.69275
2.52159
2.30924
2.08642
2.20418
2.405
2.34199
2.38524
2.10729
2.29304
2.17103
2.31249
2.27503
2.26819
2.60695
2.70781
2.76503
2.96081
3.20104
3.22255
3.12842
2.51284
2.48683
