3.19956
3.15675
2.6548
3.01181
2.1224
2.12053
1.88905
1.88261
1.83521
1.86714
2.16596
2.19247
2.16394
2.33918
2.53667
2.65859
2.87758
2.76718
3.18294
3.02594
2.59735
3.09164
2.86256
2.78933
2.43176
2.30479
2.23418
2.10698
2.01971
1.9722
1.93847
2.43966
2.21619
2.26364
2.19801
2.31477
2.50253
2.3011
2.83339
3.0089
2.67331
2.33464
2.20642
2.37415
2.24129
2.309
2.39058
2.79731
3.00147
2.89361
3.16098
3.20151
3.1
3.24568
3.29843
3.26681
3.26476
3.15792
2.86666
2.81867
2.2988
2.12175
2.33844
2.47258
2.33009
2.63035
2.78589
3.04056
3.16756
3.27569
3.23538
3.1577
3.18146
3.13937
3.161
2.95995
2.85895
2.76796
2.31271
2.40049
2.28894
2.3048
2.29889
2.40653
2.31427
2.37614
2.22824
2.13616
2.20822
2.26497
2.32678
2.79739
2.74074
2.8103
2.92815
3.22911
3.01101
2.86379
2.61221
