3.15477
3.14577
2.82274
2.34372
2.14121
2.15477
1.89028
1.9059
1.8004
1.83323
2.13969
2.04938
2.07547
2.38008
2.41342
2.98384
3.10555
3.13909
3.17328
3.01864
2.8585
2.90963
2.59528
2.47983
2.57691
2.42735
2.20596
2.11295
2.01057
2.03708
2.10404
2.1726
2.21373
2.38515
2.23273
2.26463
2.27603
2.46705
3.05372
2.89198
2.48373
2.42271
2.27518
2.4641
2.16216
2.59454
2.58
2.68764
3.07359
2.93163
3.1687
3.20291
3.09553
3.30293
3.30516
3.27879
3.24429
3.16169
2.83279
2.38922
2.27605
2.4936
2.27811
2.43457
2.558
2.62129
2.86508
2.76597
3.18071
3.2717
3.28148
3.21719
3.21533
3.14199
2.91018
2.7057
2.53641
2.33527
2.30826
2.15774
2.14614
2.41939
2.22721
2.1584
2.55359
2.26866
2.38151
2.2922
2.24706
2.2531
2.46486
2.80209
2.69663
2.8558
2.93332
3.17986
2.87487
2.72046
2.74863
