3.02
3.03039
3.01297
3.00886
2.99352
2.87652
2.74292
2.50963
2.02358
2.00473
2.76717
2.81054
2.77348
2.97626
2.85917
3.00551
3.01681
3.04388
2.97532
3.02
3.01895
3.0123
3.01039
2.68196
2.77464
2.75015
2.81733
2.4972
2.32647
2.58435
2.81079
2.68484
2.68493
2.97185
2.99666
2.9592
2.84404
2.91411
3.0178
3.02
2.95191
2.94152
2.68048
2.72198
2.91029
2.85203
2.53755
3.01681
3.02
3.012
3.0178
3.04
3.02
2.97477
3.02
3.07944
3.02
3.01968
3.01348
3.00224
2.98895
2.77959
2.92194
2.84408
3.01564
3.00877
3.01521
3.02
3.06
3.00895
3.02
2.96133
3.03792
3.0178
3.01681
3.00714
2.99895
2.86075
2.83555
2.84714
2.8532
2.84577
2.9923
2.85727
2.99162
2.89089
2.735
2.78316
2.83839
2.6814
2.8558
2.87051
3.0123
3.0178
3.02
3.01973
3.00389
2.86577
2.86889
