3.02
3.03513
3.01759
2.78991
2.9299
2.87003
2.65193
2.22224
2.03636
2.22352
2.45896
2.64424
2.81907
2.97431
2.86741
3.00714
3.01521
3.04388
2.97359
3.0189
3.02714
2.87081
3.00877
2.69484
2.86239
2.99495
2.77106
2.35396
2.65235
2.58926
2.76346
2.9146
2.91428
2.83727
2.84536
2.91349
2.91515
2.94689
3.0178
3.0189
3.0123
2.9299
2.99063
2.55009
2.83898
3.00019
2.93519
2.93683
3.0189
3.01521
3.02
3.04
3.02
3.11512
3.02
3.07795
3.02
3.01877
3.01343
2.86075
2.84914
2.68493
2.98895
2.98557
3.01063
3.00877
3.01361
3.02
3.06
2.9831
3.02
2.9923
3.03608
3.02
3.01361
2.84628
2.99895
3.0006
2.68048
2.68498
2.69379
2.59507
2.93027
2.85383
2.67466
2.91088
2.83332
2.69024
2.85022
2.47889
2.9973
3.00224
2.97146
3.0189
3.02
3.01964
3.02
2.99284
3.00388
