3.17035
2.92651
2.85043
2.47445
2.12701
2.12406
1.9472
1.80045
1.92731
1.91372
2.19335
2.00133
2.03773
2.09955
2.27514
2.60937
3.09729
2.93049
3.18448
3.17938
2.97891
2.507
3.08876
2.59166
2.48629
2.24499
2.22034
2.1165
2.01928
2.0198
2.03375
2.20223
2.19221
2.09694
2.19264
2.36564
2.24186
2.81403
2.84372
2.88149
2.57679
2.36833
2.3762
2.39218
2.22068
2.71441
2.40617
2.82203
3.09684
2.6996
3.13529
3.20502
3.08605
3.28946
3.28349
3.28221
3.23925
3.15881
2.6219
2.82573
2.30386
2.19179
2.32253
2.52046
2.46866
2.51798
2.61971
2.92725
3.17807
3.25541
3.27044
3.25451
3.15993
3.14459
2.89389
2.60466
2.55339
2.30428
2.19967
2.14301
2.37301
2.17242
2.37519
2.38859
2.26874
2.21446
2.17542
2.3227
2.20558
2.3014
2.58091
2.58316
2.68335
2.97312
3.18142
3.18281
2.87997
2.92473
2.7014
