3.19741
3.12904
2.88047
2.76314
2.36786
2.1567
1.94054
1.87084
1.90602
1.91231
2.15419
2.02701
2.31303
2.40269
2.85532
2.687
3.12588
2.94317
3.22081
3.1383
2.97923
2.58822
2.84454
2.98994
2.67677
2.25211
2.21469
2.06752
2.00434
2.00638
2.08458
2.12486
2.19835
2.27866
2.17666
2.33124
2.38203
2.35238
2.83122
3.02651
2.78349
2.55117
2.4133
2.22196
2.26913
2.36914
2.45095
2.70807
3.09291
2.93793
3.17693
3.22483
3.1
3.2916
3.30069
3.26803
3.24225
2.93823
2.88659
2.82192
2.3214
2.46094
2.30366
2.44416
2.47826
2.94897
3.07455
3.04056
3.136
3.27879
3.26434
3.22749
3.156
2.92019
2.92319
2.53774
2.31017
2.2904
2.17468
2.11469
2.17825
2.15153
2.37898
2.44039
2.16804
2.29275
2.18183
2.14164
2.24317
2.31437
2.45814
2.63474
2.99601
2.72851
3.18771
3.17581
2.71299
2.72609
2.73641
