3.23105
2.92787
2.85746
2.54761
2.11823
2.0934
1.88527
1.88733
1.90751
1.89268
2.20444
1.99311
2.11643
2.56015
2.65042
2.83339
3.1023
2.71217
3.17952
3.12842
2.95218
2.58598
2.9924
2.63037
2.43483
2.30163
2.20908
2.11154
2.03734
2.02517
2.06997
2.20678
2.22073
2.24347
2.15315
2.34631
2.22159
2.64988
2.61759
3.1159
2.70344
2.45634
2.46442
2.2458
2.22549
2.57902
2.40216
2.55893
2.84434
2.96478
3.1571
3.21499
3.1
3.30069
3.29274
3.29843
3.23345
3.18309
2.98087
2.46026
2.25773
2.40879
2.35836
2.20637
2.44512
2.62935
3.02258
3.04441
3.22595
3.26777
3.24185
3.15133
3.17052
3.14722
3.15577
3.05477
2.85194
2.54761
2.36117
2.08467
2.16055
2.40732
2.4165
2.60465
2.13795
2.24122
2.19786
2.16358
2.21459
2.31042
2.59031
2.782
2.86599
2.97991
3.16192
3.17581
2.92837
2.48244
2.66037
