8,3,551.1421560225572
8,2,200.0
8,2,200.0
8,1,868.2001003834914
8,1,1904.5728811438198
8,0,1366.8679371100882
8,0,788.924855466945
8,-1,948.3154232244739
8,-1,1359.371338389624
8,-2,517.3825353423072
8,-2,502.89804301719886
8,-3,1620.832221572332
8,-3,1567.4024690791964
8,-4,721.2702795086905
8,-4,892.3784416092343
8,-5,494.43060195610394
8,-5,696.3725847844087
8,-6,1593.1777607919478
8,-6,1023.4665727325399
8,-7,737.6571937432569
8,-7,1911.4827610360273
8,-8,546.7318635528316
8,-8,472.94085926799687
8,-9,752.9875117330666
8,-9,223.2244626259785
8,-10,1225.4236741775167
8,-10,900.7051754146821
8,-9,794.5154277476122
8,-9,430.78954117676244
8,-10,453.17407920228516
8,-10,1112.1316238371992
8,-9,200.0
8,-9,349.9869382449423
8,-10,340.3884017237437
8,-10,337.0682917456951
8,-11,718.8595950996157
8,-11,1115.838577037739
8,-12,492.2128478883339
8,-12,909.8426031571012
9,-12,437.11342720496026
9,-12,485.0487687095567
10,-12,857.4314473151227
10,-12,597.6816421431861
11,-12,775.3440131511998
11,-12,1113.7927430501234
12,-12,200.0
12,-12,659.7483259259141
12,-11,953.4303595869385
12,-11,575.7670542129854
13,-11,527.0537660470488
13,-11,844.9486659664685
14,-11,642.4106563890346
14,-11,1665.3135258293546
14,-10,509.88689767598134
14,-10,1426.3906633236816
14,-9,695.8881998685113
14,-9,200.0
14,-8,627.5485918930067
14,-8,1587.296865059578
14,-7,730.7971346670349
14,-7,200.0
14,-6,962.1697845868925
14,-6,698.2031494942756
14,-5,924.59309753559
14,-5,1185.0536793535734
14,-4,586.7118225190768
14,-4,818.9250812952833
14,-3,1395.3235736718518
14,-3,442.60025711866814
15,-3,1106.7784147438686
15,-3,682.0811369145409
16,-3,200.0
16,-3,633.347085572061
16,-2,844.6825833093565
16,-2,655.4125857624629
16,-1,306.3354887890565
16,-1,230.08395016830832
15,-1,322.7829242712751
15,-1,255.96723371908752
15,0,1339.1841063511058
15,0,834.6308704209971
16,0,967.2255325309707
16,0,200.0
15,0,1502.006749985579
15,0,1418.3540943657295
15,1,514.9068291188324
15,1,200.0
16,1,1566.307488427708
16,1,403.23418686378926
17,1,1219.2089134523942
17,1,200.0
17,2,325.42380492003684
17,2,200.0
18,2,223.2244626259785
18,2,200.0
18,3,381.27990134456195
18,3,767.0643542312972
17,3,1577.3826711483894
17,3,935.1259105484935
18,3,230.0332931656224
18,3,341.1485517721288
18,4,280.814941558696
18,4,332.1894202334305
19,4,200.0
19,4,420.5617609734821
18,4,306.11265849335086
18,4,460.34819835478777
19,4,620.8637654014445
19,4,347.1194750670554
20,4,200.0
20,4,223.2244626259785
20,5,797.9347944940941
20,5,472.6261730342335
19,5,290.46005285700403
19,5,849.4431702013976
19,4,220.01292749952256
19,4,200.0
19,3,200.0
19,3,200.0
19,2,200.0
19,2,811.4715218238341
18,2,200.0
18,2,614.8994927056037
18,1,816.1701009827464
18,1,587.7210208338356
18,2,540.356382355162
18,2,1405.2813043504611
18,1,325.0167597122606
18,1,200.0
18,0,514.6458269201574
18,0,200.0
17,0,1481.5292359024152
17,0,223.2244626259785
17,-1,828.6654765763085
17,-1,459.545213670101
16,-1,1128.295443040772
16,-1,891.9706196632245
15,-1,583.8403928023339
15,-1,994.0372304189444
15,-2,896.0926788065398
15,-2,527.7508612057584
15,-3,354.2575960440605
15,-3,554.1221730672528
15,-4,200.0
15,-4,1755.177909183465
14,-4,200.0
14,-4,630.8249442040274
14,-5,905.9371943294261
14,-5,457.14694689830765
13,-5,806.835108330291
13,-5,560.9195894846255
14,-5,200.0
14,-5,200.0
14,-4,1447.93472751963
14,-4,279.7897799132695
14,-5,264.9511099770516
14,-5,872.540927184861
14,-6,1094.8495077367636
14,-6,907.8966049336998
14,-7,912.6382804926589
14,-7,525.3255398873066
13,-7,200.0
13,-7,773.4446708643457
14,-7,603.3016204509775
14,-7,513.6499970281227
15,-7,200.0
15,-7,753.8371165093818
14,-7,1062.7523101151764
14,-7,223.2244626259785
13,-7,408.3852534503363
13,-7,223.2244626259785
14,-7,907.9202862655784
14,-7,787.8769547054226
14,-8,2178.0779820180355
14,-8,823.1736751000573
15,-8,349.41796737258187
15,-8,460.2267893885374
14,-8,529.9811095780655
14,-8,1872.760574937441
13,-8,355.13598731103264
13,-8,1083.410531726147
12,-8,1207.3470904176872
12,-8,743.9056382620603
12,-9,200.0
12,-9,511.83288894138786
12,-8,1090.5305458689247
12,-8,200.0
12,-7,772.8139315906221
12,-7,832.1188371949775
12,-6,1448.1977418426027
12,-6,932.8548545586829
12,-5,861.6289024526824
12,-5,571.5731300230099
11,-5,662.7147119545626
11,-5,622.7399439761683
11,-4,1367.5928060600572
11,-4,911.4475220706094
11,-5,200.0
11,-5,2215.674339048846
10,-5,348.6854626273464
10,-5,915.1354389225003
9,-5,719.2102272598312
9,-5,677.163135774994
9,-6,627.7840814080871
9,-6,1256.7636279404442
9,-5,1213.0219744606686
9,-5,626.353751711677
9,-4,607.3835390908877
9,-4,983.9418098109106
9,-5,695.3328978134621
9,-5,200.0
9,-6,1183.827360890281
9,-6,1345.694345132277
8,-6,1045.9428490768776
8,-6,830.372480359878
8,-5,1727.151431038585
8,-5,1337.0705197932164
8,-6,573.7844409256511
8,-6,923.5914973274934
8,-7,1552.5644906597793
8,-7,1086.1271542478835
8,-6,493.32160891345995
8,-6,718.2730420106003
8,-5,1091.5470796701882
8,-5,1421.5109958861347
8,-4,777.6631162115284
8,-4,534.792246500386
8,-3,518.9347863673423
8,-3,1179.4976667966253
8,-2,1998.0702853119847
8,-2,1030.4721291402557
7,-2,1125.5797751801542
7,-2,683.9072745495259
7,-1,1602.055442396742
7,-1,328.46502230226565
7,0,800.053181887982
7,0,1596.060849652678
7,1,502.0993159579251
7,1,969.1366343374992
6,1,1829.1110578076887
6,1,334.0687990427415
6,2,1371.4896125378077
6,2,1608.9818737110506
5,2,2202.473202724328
5,2,1795.0180083015714
5,1,2033.4338403766317
5,1,896.0733482080491
5,2,1233.462314078369
5,2,1279.132658925636
5,1,946.784594493811
