8,3,368.07275008095525
8,3,505.0410683952295
8,2,619.8082851325307
8,2,344.4915364586472
8,2,117.75120394851535
8,1,337.71353041974123
8,1,100.0
8,1,359.02863897512026
8,0,229.3481772772967
8,0,603.8079883536462
8,0,1081.5786002961536
8,-1,550.2849583490724
8,-1,348.3207256999315
8,-1,285.86260177289387
8,-2,228.19397443865412
8,-2,811.6135399517952
8,-2,794.6650695798556
8,-3,265.0407482342199
8,-3,473.8027718985552
8,-3,628.4896067318748
8,-4,175.6124890398141
8,-4,437.23246487087
8,-4,930.7337838522496
8,-5,781.3804063803896
8,-5,602.5241480859581
8,-5,100.0
8,-6,473.7305885629923
8,-6,313.6431276247722
8,-6,259.8817231806402
8,-7,133.3188344790732
8,-7,313.33181504803076
8,-7,408.9204242045839
8,-8,574.8462073818387
8,-8,358.0477625069601
8,-8,380.88379516585155
8,-9,246.93432019412094
8,-9,254.91900399310913
8,-9,485.800992987071
8,-10,224.5815387525094
8,-10,578.1910900145632
8,-10,441.87476008660275
8,-9,366.03877857144624
8,-9,353.86808100986303
8,-9,245.7528422459293
8,-10,100.0
8,-10,337.9433061971789
8,-10,284.03124654834187
8,-9,266.42474839599964
8,-9,617.928654175467
8,-9,239.04649015216017
8,-10,201.69456818768938
8,-10,444.82349603462944
8,-10,194.15583584385627
8,-11,325.67396624688297
8,-11,183.5157254610611
8,-11,439.7524626636124
8,-12,260.75462574549704
8,-12,381.5508200132265
8,-12,337.3828904900298
9,-12,369.9789919278647
9,-12,535.5944127938486
9,-12,202.56125815778393
10,-12,280.00012533600886
10,-12,199.72368749556108
10,-12,100.0
11,-12,260.54727665124085
11,-12,311.1583910694542
11,-12,100.0
12,-12,218.97016750862664
12,-12,275.21586229809856
12,-12,100.0
12,-11,251.94946694087366
12,-11,284.2886028135924
12,-11,270.6254081461458
13,-11,497.0180456248819
13,-11,100.0
13,-11,388.0650424881283
14,-11,271.03510240973196
14,-11,194.39249223364564
14,-11,317.71671606404954
14,-10,350.6041120739908
14,-10,100.0
14,-10,167.0168957130462
14,-9,384.913339664396
14,-9,291.97147271925525
14,-9,357.4951952048374
14,-8,493.3791776661026
14,-8,138.41443883534546
14,-8,100.0
14,-7,462.2724698027748
14,-7,266.4492210659137
14,-7,117.44011936046732
14,-6,196.73327837839813
14,-6,376.4290021322127
14,-6,208.74868602398436
14,-5,265.6603435002131
14,-5,451.5795449451514
14,-5,509.38404872992834
14,-4,352.60179089111165
14,-4,356.0662287659377
14,-4,491.4437796820176
14,-3,589.0365030480581
14,-3,170.4746855470595
14,-3,285.13223917838997
15,-3,271.20299733489287
15,-3,514.455530919857
15,-3,544.0819238083127
16,-3,437.34039890332775
16,-3,314.82822984775026
16,-3,293.92062206255116
16,-2,457.8384893424987
16,-2,100.0
16,-2,130.9021898816834
16,-1,100.0
16,-1,319.6361010691708
16,-1,160.1275874266551
15,-1,173.51768005276142
15,-1,122.54437086673462
15,-1,339.6194046484213
15,0,458.6849903453166
15,0,420.6264266353279
15,0,100.0
16,0,100.0
16,0,286.43317776901733
16,0,100.0
15,0,183.29766632905162
15,0,482.9866028147154
15,0,100.0
15,1,656.7517811849369
15,1,534.857030102638
15,1,540.7227319317047
16,1,100.0
16,1,204.33990745003362
16,1,275.468409935663
17,1,141.50363104407793
17,1,251.0657870978105
17,1,414.049134389011
17,2,100.0
17,2,208.23776063784402
17,2,193.93673296410122
18,2,279.58578045000786
18,2,205.99377129327246
18,2,237.56293390734615
18,3,183.6903252794716
18,3,100.0
18,3,306.93530799215284
17,3,696.3234725675736
17,3,128.12627596863152
17,3,100.0
18,3,124.84339919942458
18,3,175.0893591476615
18,3,159.26002477274847
18,4,287.36480181559006
18,4,100.0
18,4,139.1342528386819
19,4,100.0
19,4,100.0
19,4,100.0
18,4,303.52165954253735
18,4,210.24144232517915
18,4,100.0
19,4,266.8209400653405
19,4,100.0
19,4,100.0
20,4,223.50776537146356
20,4,388.60554292499876
20,4,100.0
20,5,199.65940034846616
20,5,159.26002477274847
20,5,166.08302733444424
19,5,100.0
19,5,100.0
19,5,100.0
19,4,100.0
19,4,100.0
19,4,207.6887781276002
19,3,165.52750279991335
19,3,304.1819666771266
19,3,100.0
19,2,144.10831335600636
19,2,367.4840534390616
19,2,466.4428841394135
18,2,539.8583626159028
18,2,100.0
18,2,100.1301656269217
18,1,100.0
18,1,246.03898454403625
18,1,203.9283706195064
18,2,100.0
18,2,266.436920704764
18,2,100.0
18,1,486.01279773932515
18,1,140.58352687497177
18,1,313.3726692226455
18,0,206.98539676682597
18,0,187.43708056609574
18,0,100.0
17,0,614.8720098595068
17,0,195.72132698750778
17,0,196.68191566035102
17,-1,352.2267083749604
17,-1,100.0
17,-1,369.17397481170497
16,-1,100.0
16,-1,169.93375922277104
16,-1,334.15274985275346
15,-1,292.0922716389288
15,-1,574.4730058331318
15,-1,260.6852306520749
15,-2,539.4341766084872
15,-2,332.18810568538646
15,-2,758.3084613449024
15,-3,393.4136236007729
15,-3,195.0234961597331
15,-3,321.85100305357673
15,-4,173.9159880829119
15,-4,510.8171540467182
15,-4,100.0
14,-4,261.1619129206583
14,-4,416.71144338937415
14,-4,161.76419234515362
14,-5,263.56486278092666
14,-5,715.5034527747175
14,-5,243.64964173912028
13,-5,192.19010696891868
13,-5,600.9735133590275
13,-5,100.0
14,-5,443.9411748783538
14,-5,197.01253901974786
14,-5,100.0
14,-4,476.5597855940931
14,-4,100.0
14,-4,253.5933772922019
14,-5,262.0398098756545
14,-5,337.09894510582865
14,-5,297.43531671253515
14,-6,173.1833790225821
14,-6,307.7046913603968
14,-6,277.17024997676583
14,-7,665.953091333876
14,-7,100.0
14,-7,100.0
13,-7,100.0
13,-7,100.0
13,-7,231.05262962395776
14,-7,563.9836215273713
14,-7,234.5658164467171
14,-7,110.84884191274722
15,-7,182.14786562849272
15,-7,543.1978076552241
15,-7,135.2360162479297
14,-7,220.18039134604996
14,-7,286.65134665470066
14,-7,193.92132155871053
13,-7,287.02300172132936
13,-7,292.92575648830706
13,-7,178.51158204541758
14,-7,718.3618283578594
14,-7,370.91428168261496
14,-7,539.9025279986369
14,-8,399.94612536172167
14,-8,108.33361907064983
14,-8,206.59170927564992
15,-8,237.13471831227548
15,-8,100.0
15,-8,423.16651268847784
14,-8,473.7449753960477
14,-8,100.0
14,-8,390.30192073164625
13,-8,346.3478962401824
13,-8,197.94350206170571
13,-8,550.7431876572534
12,-8,110.6240600055539
12,-8,380.64342677896354
12,-8,114.5580822836369
12,-9,594.948470050497
12,-9,254.4594536950279
12,-9,168.53930413629553
12,-8,252.1444928509531
12,-8,164.09432551387624
12,-8,339.4985026800355
12,-7,100.0
12,-7,178.97010941875195
12,-7,178.48422048119514
12,-6,284.78005913214173
12,-6,366.68152683038085
12,-6,226.0268745557796
12,-5,100.0
12,-5,433.7502824343303
12,-5,201.20514805623137
11,-5,523.5336684697448
11,-5,924.8792525991726
11,-5,227.53196840250527
11,-4,518.8662510594256
11,-4,100.0
11,-4,409.3005689504971
11,-5,275.15833080030126
11,-5,167.1257089534033
11,-5,297.4374967830369
10,-5,620.2998978854531
10,-5,241.60308552111525
10,-5,525.6633099629727
9,-5,637.7698499037149
9,-5,278.2417557745579
9,-5,350.4884864227773
9,-6,572.9127941680264
9,-6,503.209279047622
9,-6,354.7029737883796
9,-5,228.45070807944262
9,-5,465.586650388916
9,-5,650.8755148271302
9,-4,446.54608100916244
9,-4,400.6625431645117
9,-4,401.6189755619929
9,-5,309.2900801135862
9,-5,200.81133128411983
9,-5,714.9988922459936
9,-6,461.5336003604551
9,-6,476.08212165006097
9,-6,538.6440671136527
8,-6,429.40534036722494
8,-6,208.31345030366552
8,-6,479.37071493937935
8,-5,248.0653089177933
8,-5,406.42084082232714
8,-5,289.56972069378764
8,-6,603.014396853536
8,-6,569.3434347242711
8,-6,121.21396744390782
8,-7,296.14115436578186
8,-7,395.48117796851346
8,-7,644.726143011426
8,-6,342.25735388282055
8,-6,655.2320556206721
8,-6,522.9538434865162
8,-5,377.6958089237562
8,-5,362.7830140606909
8,-5,823.9211014807754
8,-4,485.68950703741814
8,-4,433.67537689048163
8,-4,717.2814702026856
8,-3,301.1594185628927
8,-3,229.43379232774652
8,-3,309.2732394331171
8,-2,407.0541286251726
8,-2,106.97290457810266
8,-2,622.6899812155351
7,-2,420.1666975827447
7,-2,703.8828188110325
7,-2,428.1588411053527
7,-1,198.55557938798788
7,-1,456.87414833027447
7,-1,360.9506898567606
7,0,207.8636567805427
7,0,296.1017744195758
7,0,527.5919620259742
7,1,450.1792745910669
7,1,563.298517818121
7,1,791.3512886777039
6,1,347.32228054919347
6,1,696.0817543280344
6,1,388.3158269826453
6,2,311.9931090086268
6,2,924.2591492278619
6,2,736.1678541112807
5,2,540.6090900042043
5,2,266.48823147823833
5,2,474.50543537504615
5,1,275.88057679697926
5,1,510.24636280996106
5,1,335.5328173509964
5,2,685.6880365289236
5,2,231.5212094693852
5,2,492.15561571210446
5,1,372.64463527987607
5,1,194.09026313539624
5,1,626.9168178723385
5,2,326.5083756030129
5,2,694.9432271501327
5,2,284.72348014546714
5,3,542.4952055405392
5,3,847.4119825327732
5,3,545.4433956749881
4,3,249.89383720819185
4,3,451.0358568697993
4,3,654.5773395023532
4,4,314.7086130735172
4,4,734.2442210149411
4,4,317.70497183232726
4,5,874.554451754715
4,5,397.5659020613599
4,5,456.73123219882837
4,6,694.4773956096049
4,6,316.718487892415
4,6,328.7189769423497
4,7,1199.9249443384679
4,7,738.1401027094323
4,7,503.9659056198091
4,8,425.95499244234367
4,8,473.2090280395552
4,8,323.6411626454051
4,7,496.937645141938
4,7,558.8678788203973
4,7,715.0807346838444
4,6,275.3734169587185
4,6,288.5948605470359
4,6,356.71660277067895
3,6,268.6642649327836
3,6,904.8861421533327
3,6,594.6541433124831
3,5,648.6114065058246
3,5,178.52769697839017
3,5,384.8868702580888
3,4,421.5502153091279
3,4,286.03989769494154
3,4,271.3735540032237
4,4,347.28096326833645
4,4,588.596878870493
4,4,549.40911148474
4,5,596.148145261789
4,5,236.5887555359468
4,5,447.32469778697424
4,4,158.6863513373899
4,4,465.93407798657597
4,4,355.2106706208264
4,3,567.3379975279147
4,3,122.54021222652347
4,3,522.1212244661858
3,3,259.1848438076535
3,3,470.19031233481104
3,3,431.5741756437427
3,4,432.9009626919756
3,4,355.9672874609422
3,4,362.3905753106419
3,3,553.531217747837
3,3,801.3058276434072
3,3,871.1694400590426
2,3,491.12405373177864
2,3,584.9801317637931
2,3,291.68814466120307
1,3,577.3040541082404
1,3,506.98747169868636
1,3,344.28129461629726
1,2,458.5475038165413
1,2,305.30321884569054
1,2,346.0448593005186
0,2,594.7118299363879
0,2,522.0521284465558
0,2,567.0601486684307
-1,2,353.50172339318055
-1,2,543.4459913429382
-1,2,427.59738647907625
-2,2,582.354730304952
-2,2,354.8618258064828
-2,2,690.641992575889
-2,1,689.7896701349015
-2,1,505.46155897564745
-2,1,472.81778903873385
-3,1,682.1528173221911
-3,1,467.5645783152603
-3,1,571.3089015570561
-3,0,553.116932008148
-3,0,531.3104597702371
-3,0,414.4680269934252
-4,0,475.5431474556541
-4,0,506.1778555806228
-4,0,694.3103894883423
-3,0,815.8235218442487
-3,0,449.12998501324176
-3,0,635.1985305162343
-3,-1,330.6573690383058
-3,-1,734.8311368195566
-3,-1,170.3986981605109
-3,-2,635.4489544891893
-3,-2,403.64467304749587
-3,-2,476.95619901671694
-4,-2,266.51464789397886
-4,-2,352.4907970193383
-4,-2,408.55168577510744
-3,-2,355.8041160236392
-3,-2,316.24377042641885
-3,-2,723.931918324344
-4,-2,698.9104423014871
-4,-2,340.44133883751135
-4,-2,535.6347202877364
-5,-2,605.5934201348426
-5,-2,888.5127944368105
-5,-2,464.98229927975484
-6,-2,419.0282493504679
-6,-2,385.19346681845025
-6,-2,858.5365404159595
-6,-3,490.9424481917581
-6,-3,692.7960382299548
-6,-3,668.9826688360081
-7,-3,419.63742449620554
-7,-3,442.28777401889107
-7,-3,694.8439468842344
-7,-4,855.9994026617278
-7,-4,760.7458173085699
-7,-4,443.296811129779
