-8,-7,192.692776689179
-8,-7,245.24139077088245
-7,-7,81.21959875582353
-7,-7,435.79416807320376
-7,-7,362.0178025791871
-7,-6,308.80535851492596
-7,-6,274.06870633900314
-7,-6,174.02662253521157
-7,-5,58.74446809825932
-7,-5,252.55166816272464
-7,-5,246.20229308240005
-7,-4,377.16919509438554
-7,-4,343.5761759214304
-7,-4,190.67290450048495
-7,-5,303.6919676548564
-7,-5,162.6735961126496
-7,-5,242.7398682790538
-6,-5,216.02408527450723
-6,-5,175.57640735989284
-6,-5,354.36683774680534
-6,-4,391.7327036698716
-6,-4,103.98204384413694
-6,-4,294.33047263049116
-5,-4,203.72367036286823
-5,-4,391.61436204895955
-5,-4,237.0355803536708
-4,-4,487.75324802396307
-4,-4,400.8981500761638
-4,-4,342.40884363652356
-4,-3,184.57801662824392
-4,-3,450.69525256202127
-4,-3,172.46713129536664
-3,-3,184.59050263774242
-3,-3,544.5620738547088
-3,-3,370.55840831582526
-3,-2,439.51156171380717
-3,-2,402.80394705354166
-3,-2,319.1091858765825
-3,-1,365.2470073347866
-3,-1,209.5202065995594
-3,-1,606.8888072060347
-3,-2,285.97666397448376
-3,-2,310.47937701744206
-3,-2,420.55490734854635
-2,-2,344.15840964417845
-2,-2,464.8514091750564
-2,-2,285.0437045857034
-2,-1,714.7984902875323
-2,-1,644.002571353162
-2,-1,479.20803253753627
-1,-1,393.7018571524293
-1,-1,211.78081389550132
-1,-1,324.23717044636606
-1,0,532.2370030798144
-1,0,496.3519073713629
-1,0,276.17962101110044
-1,1,378.94053625989204
-1,1,237.34000474871948
-1,1,549.0332942067713
-1,0,414.33260905123024
-1,0,231.6220780796212
-1,0,483.4276857211043
0,0,341.56919290674335
0,0,427.1294665938423
0,0,356.1782210838377
0,1,246.3482332640894
0,1,432.87761643774456
0,1,569.6341411801094
1,1,317.0644226384217
1,1,530.0738670235608
1,1,351.70333752702436
1,2,379.14922906051174
1,2,403.9145793654019
1,2,349.2477265519539
1,3,247.96786298393334
1,3,164.4619859694394
1,3,360.8921285623299
1,4,278.3909592766721
1,4,655.804448429634
1,4,374.42880877152436
1,5,357.52606275573396
1,5,335.62677167337375
1,5,246.97410576647343
1,6,186.96633299387474
1,6,407.89014993922865
1,6,67.04427232755108
1,7,302.80590011397925
1,7,246.54491823176565
1,7,373.0549764537524
2,7,307.25061879315473
2,7,287.5519708149999
2,7,207.24112199071243
2,8,227.6423617261065
2,8,167.14521927498967
2,8,256.8644976681816
3,8,50.0
3,8,295.3815837107232
3,8,232.88755981358065
3,9,179.14854637352235
3,9,258.05683244762554
3,9,175.98645364675497
4,9,585.2835548219089
4,9,203.9975232559205
4,9,131.92041162384132
4,8,174.3129742878101
4,8,177.8776371211125
4,8,50.0
4,9,257.0396716460483
4,9,207.28260161301344
4,9,222.91437314623278
4,10,199.71130808544973
4,10,378.2184800418306
4,10,180.69506835397814
4,11,123.05920397433601
4,11,415.410192085332
4,11,58.011132671236965
4,12,66.95877155184601
4,12,273.2362616236657
4,12,333.1300019546487
3,12,178.02154935061668
3,12,170.92291333604612
3,12,114.61256886303634
2,12,181.43303484855898
2,12,196.70663904876693
2,12,107.80096685298051
1,12,293.54420302612584
1,12,201.22276129791166
1,12,289.80648560660285
0,12,50.0
0,12,278.04725389370935
0,12,204.6404983967071
0,11,227.7158358257629
0,11,263.4718493850603
0,11,309.44494510390194
-1,11,249.02576974789358
-1,11,129.78954324101824
-1,11,289.0660802903456
-2,11,216.65304354398327
-2,11,97.2550123911249
-2,11,51.67021446417053
-3,11,50.0
-3,11,356.52393706307083
-3,11,314.00497904075496
-3,10,535.5472278300322
-3,10,50.0
-3,10,166.42735145193055
-4,10,445.3828614555408
-4,10,162.46558115257596
-4,10,397.03933452858087
-5,10,135.1592690688467
-5,10,263.679281681691
-5,10,171.31756435763947
-6,10,196.31771053970556
-6,10,276.8698087716941
-6,10,351.35869767929825
-7,10,260.0537862581719
-7,10,106.8958948174263
-7,10,208.81920308276426
-6,10,256.17962273079337
-6,10,135.6181677927049
-6,10,177.309150564246
-6,9,50.0
-6,9,246.03093259079748
-6,9,315.31919486069216
-7,9,125.67756224390612
-7,9,178.70229763933293
-7,9,329.5640009565458
-8,9,248.39166910997048
-8,9,50.0
-8,9,162.3892477285333
-9,9,134.90719301059391
-9,9,259.41501588594286
-9,9,169.17964117179403
-10,9,101.69157911764178
-10,9,232.11444005102248
-10,9,133.05141638794
-10,8,523.4902865784996
-10,8,181.78726842159142
-10,8,144.61452638621984
-9,8,136.6073844062998
-9,8,304.5796566163529
-9,8,431.9244781006387
-10,8,242.78034233544943
-10,8,214.13782633403994
-10,8,333.4820547158139
-11,8,221.49683087405143
-11,8,257.5122646333133
-11,8,72.96126107047334
-10,8,50.0
-10,8,322.4775104177144
-10,8,270.6319532873425
-10,7,116.95590660676001
-10,7,249.6737069675073
-10,7,202.94829357831384
-11,7,50.0
-11,7,322.8454512018002
-11,7,185.70584049349924
-12,7,203.70550112865857
-12,7,58.17682929214722
-12,7,431.0894696740272
-13,7,287.82548882012856
-13,7,325.2438602038253
-13,7,209.21373899118944
-14,7,50.0
-14,7,88.11864424720576
-14,7,212.42914402493267
-14,6,71.8116103605333
-14,6,73.25025336237012
-14,6,312.56576056694576
-15,6,50.0
-15,6,206.27483141400182
-15,6,325.9203265529287
-16,6,494.3607080530607
-16,6,50.0
-16,6,308.75503794540964
-15,6,146.88325516670125
-15,6,80.47092796991892
-15,6,50.0
-16,6,100.71483453051894
-16,6,190.8721503049738
-16,6,50.0
-16,5,129.56423057546363
-16,5,200.46439720667308
-16,5,50.0
-17,5,120.79281643500913
-17,5,66.39147863425046
-17,5,69.74087995864221
-17,4,149.8934120352301
-17,4,280.0382715374034
-17,4,217.79720821166785
-18,4,54.232891467935374
-18,4,50.0
-18,4,195.17220055328949
-19,4,137.7315497790886
-19,4,208.17910783249636
-19,4,50.0
-20,4,112.72645603495958
-20,4,50.0
-20,4,223.7217181270026
-19,4,50.0
-19,4,95.22481080969794
-19,4,111.23918726644511
-18,4,114.33540100873286
-18,4,50.0
-18,4,219.87521930034214
-17,4,280.981666024559
-17,4,156.75289294059286
-17,4,131.3661064301237
-16,4,171.31161908471415
-16,4,145.61067833521935
-16,4,178.9103768816462
-15,4,178.96356317795522
-15,4,273.6525706141429
-15,4,104.77076105152739
-15,3,84.51702380379565
-15,3,50.261409070550556
-15,3,183.10097662510788
-15,2,143.3621066115192
-15,2,136.0180343816657
-15,2,260.3333656076331
-14,2,289.15343647821544
-14,2,215.36481286533234
-14,2,222.06124810354058
-14,1,50.0
-14,1,377.9942851827505
-14,1,231.26125706075095
-14,0,153.02394682022262
-14,0,120.48919507539433
-14,0,271.6781459316911
-13,0,300.2576303909296
-13,0,119.44504894934231
-13,0,285.8885420623054
-12,0,317.66541603167286
-12,0,513.6282261314071
-12,0,177.56832920697315
-13,0,150.559379400985
-13,0,126.1848128062407
-13,0,407.5204131929884
-12,0,114.34182856562069
-12,0,207.0105290042229
-12,0,91.59908754177128
-12,-1,122.16151438742544
-12,-1,489.28282528297814
-12,-1,335.1081249512704
-12,0,235.82588158584846
-12,0,50.0
-12,0,341.06237154554316
-13,0,337.23297747567847
-13,0,586.9704955397468
-13,0,307.8243603396643
-12,0,169.2652854956511
-12,0,50.0
-12,0,154.0061208627909
-11,0,386.7664319088762
-11,0,177.81142669062623
-11,0,67.31334279729668
-11,1,108.62289235706034
-11,1,139.5280425527723
-11,1,203.78140336406244
-10,1,421.5052415710233
-10,1,201.61991633892097
-10,1,101.32140540963042
-10,2,248.82947876600545
-10,2,67.54571005024411
-10,2,374.88421762637347
-9,2,129.23867377558727
-9,2,280.8635096575476
-9,2,415.3871940975834
-8,2,146.93471719663444
-8,2,305.66990318176744
-8,2,302.51237790217135
-8,1,452.2667718323552
-8,1,143.88273272940117
-8,1,512.6989319624242
-8,0,213.7917672541542
-8,0,412.36640448930837
-8,0,146.93902124064363
-7,0,246.67473116827125
-7,0,387.89062859302135
-7,0,386.3652938731136
-6,0,347.4890217923238
-6,0,437.0376214254038
-6,0,432.2124033816889
-6,-1,277.7708614421274
-6,-1,288.70176388405235
-6,-1,121.24534061126991
-5,-1,296.3642913260659
-5,-1,345.579178969397
-5,-1,608.8683972783838
-4,-1,444.86065122307764
-4,-1,221.19158147385033
-4,-1,451.1251523456453
-4,-2,262.9086340460501
-4,-2,237.3000286535534
-4,-2,182.53104639471786
-5,-2,307.4574288805854
-5,-2,235.30886169757628
-5,-2,368.69343262207644
-6,-2,204.39854865548347
-6,-2,193.2231956831347
-6,-2,386.1564105750225
-5,-2,331.54577837493486
-5,-2,274.908066857041
-5,-2,350.74233433907835
-4,-2,445.8893978765457
-4,-2,300.13517553897765
-4,-2,151.65760288721543
-4,-3,252.44140839485152
-4,-3,319.3141667434554
-4,-3,212.6358921935435
-3,-3,396.97591386839315
-3,-3,307.75887363292503
-3,-3,355.36843667168995
-2,-3,240.4227874151477
-2,-3,356.4822408365011
-2,-3,612.2175960555506
-2,-4,214.75165180206827
-2,-4,405.7899417973705
-2,-4,187.47295282585762
-2,-5,416.5484311754507
-2,-5,514.8846051866904
-2,-5,281.2144592570234
-2,-6,387.01830289602424
-2,-6,103.46043065882105
-2,-6,327.3320295314885
-1,-6,279.873144574821
-1,-6,336.9637198603589
-1,-6,263.944120303842
-1,-5,352.8208434900225
-1,-5,360.1744738393688
-1,-5,422.5883015219136
0,-5,348.3109331157016
0,-5,150.50303526926433
0,-5,278.73931632570566
0,-6,206.2977537451979
0,-6,299.7412894411796
0,-6,456.5933987369582
0,-7,291.67163103855415
0,-7,328.6942672467668
0,-7,355.65959475076284
0,-8,150.94312677392833
0,-8,209.62193185336614
0,-8,144.79784759891794
1,-8,409.01069129227415
1,-8,439.744867155258
1,-8,203.24431882405537
2,-8,317.6571299085199
2,-8,287.497016437803
2,-8,535.0255747244595
2,-9,172.3656652168381
2,-9,325.8130569956554
2,-9,406.2843905830096
3,-9,51.96908905787123
3,-9,534.0661717507202
3,-9,343.8643801659681
3,-10,133.5211168660421
3,-10,179.33931103706374
3,-10,115.15884401683729
2,-10,539.810854027676
2,-10,50.0
2,-10,211.27259772764938
3,-10,282.67734342823036
3,-10,200.67584648615912
3,-10,238.10577363352365
4,-10,128.00976176008538
4,-10,457.3837195248452
4,-10,406.1914286485992
5,-10,283.8227460871234
5,-10,227.94101083796306
5,-10,50.0
6,-10,99.41637192580131
6,-10,63.17336331326911
6,-10,309.93125448472284
6,-9,130.4209814903948
6,-9,437.6631723039773
6,-9,387.46450752453666
6,-8,325.97765139081804
6,-8,291.0500545526949
6,-8,225.62096819777244
7,-8,160.14127687098377
7,-8,348.90582165944534
7,-8,259.5452260671556
8,-8,419.74005213121086
8,-8,95.4945928118367
8,-8,398.27046462144887
9,-8,184.69025069734374
9,-8,116.32689994904925
9,-8,227.4050159531572
9,-9,338.6398953232531
9,-9,234.19757905544492
9,-9,247.8055244418361
10,-9,204.0227040251581
10,-9,50.0
10,-9,243.5178318132411
10,-8,241.5648410329767
10,-8,135.80387189665225
10,-8,164.71994953947961
10,-9,50.0
10,-9,208.5274038610368
10,-9,206.19172443622378
9,-9,277.81513016170715
9,-9,50.0
9,-9,296.2215897430862
9,-8,112.89093053390262
9,-8,398.002283816806
9,-8,317.7054087982542
10,-8,183.3398579611999
10,-8,309.4658171823881
10,-8,564.6829416553805
11,-8,202.5983721841345
11,-8,473.87480879608506
11,-8,378.39466651081534
11,-9,351.4775042375885
11,-9,257.77441360412627
11,-9,225.40352932072406
12,-9,210.43060743545564
12,-9,196.57663957597265
12,-9,285.20857020258757
12,-10,50.0
12,-10,148.13004136475595
12,-10,50.0
13,-10,63.441204153832174
13,-10,50.0
13,-10,50.0
13,-9,102.28959647171247
13,-9,153.63502493937986
13,-9,50.0
13,-10,66.39147863425046
13,-10,284.3411230870916
13,-10,50.0
13,-11,66.39147863425046
13,-11,191.0938482591439
13,-11,66.39147863425046
14,-11,80.91472222297597
14,-11,50.0
14,-11,95.39037702773277
14,-12,237.23327205712573
14,-12,310.52033254848993
14,-12,60.87754729841174
14,-13,66.39147863425046
14,-13,126.24783498089306
14,-13,83.61974810227636
14,-14,66.39147863425046
14,-14,256.63781806698194
14,-14,67.74768576668185
15,-14,82.77195266979138
15,-14,175.81146062146036
15,-14,50.0
15,-15,50.0
15,-15,75.00146042748821
15,-15,50.0
16,-15,50.0
16,-15,50.0
16,-15,90.22843723476181
16,-16,50.0
16,-16,209.58607283278747
16,-16,69.91435354683468
16,-17,173.54834342317815
16,-17,306.5712432137342
16,-17,66.39147863425046
16,-18,50.0
16,-18,53.22833552005603
16,-18,50.0
16,-19,50.0
16,-19,66.39147863425046
16,-19,66.39147863425046
16,-20,66.39147863425046
16,-20,50.0
16,-20,50.0
15,-20,93.77960698493278
15,-20,50.0
15,-20,50.0
14,-20,50.0
14,-20,66.39147863425046
14,-20,193.78752365769589
13,-20,114.87106713601001
13,-20,151.01273488979518
13,-20,66.39147863425046
12,-20,50.0
12,-20,113.02913505884007
12,-20,50.0
13,-20,115.25398931686192
13,-20,69.4644527302209
13,-20,66.39147863425046
12,-20,113.5651492782126
12,-20,52.92010011460351
12,-20,207.64822949471903
11,-20,50.0
11,-20,50.0
11,-20,150.00504728841642
10,-20,107.84636657132017
10,-20,315.6475660873975
10,-20,182.00388569549972
9,-20,108.85976781838339
9,-20,66.39147863425046
9,-20,90.75011288766368
8,-20,202.80480523926576
8,-20,66.39147863425046
8,-20,50.0
7,-20,50.0
7,-20,50.0
7,-20,136.1617655741492
8,-20,66.39147863425046
8,-20,66.39147863425046
8,-20,135.59668249375264
7,-20,117.3189374596298
7,-20,226.36350248197584
7,-20,139.2713488433633
6,-20,66.39147863425046
6,-20,77.2816277863712
6,-20,58.822039776179906
5,-20,50.0
5,-20,50.0
5,-20,160.98570998116537
6,-20,50.0
6,-20,66.39147863425046
6,-20,50.0
7,-20,50.0
7,-20,50.0
7,-20,50.0
6,-20,50.0
6,-20,89.31586712840469
6,-20,172.85575495960188
7,-20,66.39147863425046
7,-20,109.01442683853598
7,-20,129.19959805546023
6,-20,78.80145324153101
6,-20,66.39147863425046
6,-20,111.65710938258253
5,-20,66.39147863425046
5,-20,50.0
5,-20,50.0
4,-20,320.61451757630016
4,-20,123.46010770588293
4,-20,50.0
3,-20,127.71643510810038
3,-20,102.54388324433859
3,-20,158.00909342063687
2,-20,98.48516544682293
2,-20,50.0
2,-20,50.0
1,-20,102.78686169127229
1,-20,66.39147863425046
1,-20,50.0
0,-20,99.22395892428905
0,-20,146.41138065327516
0,-20,66.39147863425046
1,-20,156.40189919309884
1,-20,100.5726417629514
1,-20,297.79878517310647
0,-20,185.4710885834088
0,-20,163.18389110473157
0,-20,66.39147863425046
1,-20,82.06274179241441
1,-20,203.31930494373927
1,-20,111.52219883160905
0,-20,137.78690820101295
0,-20,81.50636328305151
0,-20,64.51591543097514
-1,-20,179.3246049350317
-1,-20,206.7658143100182
-1,-20,81.81758716715471
-2,-20,66.39147863425046
-2,-20,50.0
-2,-20,215.80344609987128
-3,-20,82.24927976546479
-3,-20,327.4982284943907
-3,-20,224.1204689196009
-4,-20,250.76585495188385
-4,-20,89.2059305420501
-4,-20,306.43905273609096
-3,-20,289.43438507934525
-3,-20,50.0
-3,-20,114.65989750364494
-4,-20,92.35551531440203
-4,-20,114.52270587086421
-4,-20,279.1714732268857
-5,-20,309.91217595266477
-5,-20,254.2454429572475
-5,-20,74.3384336907921
-6,-20,88.0499240240068
-6,-20,57.35921747950934
-6,-20,66.39147863425046
-7,-20,107.00895961251908
-7,-20,140.78110662440446
-7,-20,93.10067839431825
-6,-20,50.0
-6,-20,148.47318737664156
-6,-20,65.8089571666336
-7,-20,68.63374879059815
-7,-20,213.7583346837419
-7,-20,111.25605199983822
-8,-20,151.34537506131264
-8,-20,82.68424429160935
-8,-20,69.06378715527973
-9,-20,50.0
-9,-20,50.0
-9,-20,50.0
-10,-20,193.5454979252051
-10,-20,119.98657725641111
-10,-20,50.0
-11,-20,136.43715886064774
-11,-20,110.58640562837769
-11,-20,50.0
-10,-20,269.5549887153144
-10,-20,50.0
-10,-20,61.13776469960154
-11,-20,75.69839477893792
-11,-20,70.47518565814319
-11,-20,113.53762930990524
-12,-20,50.0
-12,-20,65.04548195205587
-12,-20,280.4318210433719
-12,-19,309.0877971471347
-12,-19,50.0
-12,-19,326.7242430270481
-12,-18,113.44948467431688
-12,-18,80.24552585812985
-12,-18,50.0
-11,-18,61.51425760665098
-11,-18,198.17656577250636
-11,-18,50.0
-12,-18,66.39147863425046
-12,-18,69.94492131264076
-12,-18,172.72071378789872
-11,-18,357.18231921851185
-11,-18,66.39147863425046
-11,-18,260.7194789410918
-10,-18,66.39147863425046
-10,-18,50.0
-10,-18,233.64090571941705
-9,-18,53.86868675598927
-9,-18,50.0
-9,-18,50.0
-8,-18,83.84777653151855
-8,-18,50.0
-8,-18,50.0
-7,-18,50.0
-7,-18,50.0
-7,-18,50.0
-7,-17,112.10453338785523
-7,-17,121.64506481028431
-7,-17,357.68205511908036
-7,-16,50.0
-7,-16,118.57496867650575
-7,-16,203.80787788521934
-6,-16,75.0027776347447
-6,-16,244.41518084047038
-6,-16,66.39147863425046
-5,-16,50.0
-5,-16,287.735492258529
-5,-16,93.71203804652498
-4,-16,95.63503344280643
-4,-16,178.61282352487183
-4,-16,100.14050328278563
-5,-16,59.60443078136798
-5,-16,340.1898821038638
-5,-16,157.16195315558792
-4,-16,105.52897049060789
-4,-16,68.62176434349979
-4,-16,256.6889260507395
-3,-16,66.39147863425046
-3,-16,117.62739023018034
-3,-16,93.15421221581867
-2,-16,50.0
-2,-16,175.80092859508437
-2,-16,292.83504683026104
-3,-16,156.20860109608154
-3,-16,205.27063086420537
-3,-16,50.0
-2,-16,103.57092316951875
-2,-16,274.0270930696107
-2,-16,198.36003049750326
-3,-16,301.229137783544
-3,-16,113.50492964747943
-3,-16,65.07837030129593
-2,-16,199.76562043694065
-2,-16,50.0
-2,-16,193.59493495940845
-1,-16,237.02433380552816
-1,-16,162.4256440235437
-1,-16,355.98676687029075
-1,-17,225.16286451695674
-1,-17,66.39147863425046
-1,-17,262.46857175995154
-2,-17,184.07889165014473
-2,-17,68.9955670445556
-2,-17,98.85481233464893
-1,-17,277.95480125435097
-1,-17,170.56116928251518
-1,-17,223.08765956190132
0,-17,215.29493078145197
0,-17,190.28495740641114
0,-17,165.78768020858155
-1,-17,66.39147863425046
-1,-17,64.59387076548326
-1,-17,85.19550584431646
-1,-16,66.39147863425046
-1,-16,93.90085969245351
-1,-16,271.67627527555203
-1,-15,191.14128483322438
-1,-15,66.39147863425046
-1,-15,213.06128343389327
-1,-14,57.78010975932182
-1,-14,258.8167017582009
-1,-14,121.74305921585483
0,-14,304.89176867022115
0,-14,380.97870897368784
0,-14,54.37543862162687
1,-14,299.84313746260256
1,-14,129.17809557194363
1,-14,146.24834724123082
2,-14,351.99997798713156
2,-14,507.4111427928829
2,-14,50.0
2,-15,270.32705400070176
2,-15,140.79642758442793
2,-15,129.52720410930908
2,-14,248.850783622584
2,-14,183.59690804021315
2,-14,57.313721814135164
3,-14,169.7417855415155
3,-14,103.08054593773821
3,-14,234.2353252841951
3,-13,239.45660361706115
3,-13,274.70996213901935
3,-13,253.1947693224154
2,-13,205.02389638500367
2,-13,167.79909802930626
2,-13,103.01653498122994
3,-13,132.38977987324978
3,-13,143.38162906792013
3,-13,88.23976599642666
4,-13,222.40323627894503
4,-13,247.1407322443904
4,-13,218.01583238158733
4,-12,174.27268208379493
4,-12,341.3252233545681
4,-12,428.72432296744944
5,-12,66.39147863425046
5,-12,306.73345224576195
5,-12,115.18607430992586
6,-12,522.1586996655977
6,-12,446.21642998785757
6,-12,234.0045320866009
5,-12,222.68968397131607
5,-12,158.93953924965012
5,-12,263.67934915376526
6,-12,162.94684318679035
6,-12,284.3754597640395
6,-12,237.50239200059755
7,-12,127.13875009348071
7,-12,79.73901479533671
7,-12,86.34347734348923
7,-11,50.0
7,-11,159.82700864996366
7,-11,323.0854411473015
8,-11,66.39147863425046
8,-11,217.85897086701516
8,-11,278.1101837036287
9,-11,303.4590735117266
9,-11,260.3203425244757
9,-11,252.55167666697082
10,-11,262.4214086330984
10,-11,109.87390005361837
10,-11,233.61865815948832
10,-10,242.33093093178041
10,-10,298.9120081459676
10,-10,200.7178855860305
11,-10,66.39147863425046
11,-10,169.82647066004287
11,-10,357.7774153041964
12,-10,214.37206217998818
12,-10,227.0344639170296
12,-10,143.84279636513665
13,-10,192.9602541524311
13,-10,93.84957239601874
13,-10,163.3942004200159
13,-9,273.832368157353
13,-9,176.54275237851576
13,-9,136.7671398913366
14,-9,50.0
14,-9,91.73477183161614
14,-9,52.19175811989746
15,-9,66.39147863425046
15,-9,354.54921111204396
15,-9,309.3609324671939
16,-9,114.3371853406245
16,-9,292.32550095262104
16,-9,158.90708063854981
16,-8,50.0
16,-8,118.65847899429994
16,-8,66.39147863425046
16,-9,211.06430273032197
16,-9,66.39147863425046
16,-9,155.38882586474222
16,-10,373.2027629700624
16,-10,153.62989999799711
16,-10,127.8896449289905
16,-11,106.4355796672655
16,-11,198.53528295402865
16,-11,287.5136138169317
16,-12,50.0
16,-12,50.0
16,-12,168.29781158886922
16,-11,244.3539893821462
16,-11,50.0
16,-11,50.0
16,-10,260.12842325736256
16,-10,141.66748969309714
16,-10,298.4129431595902
16,-11,50.0
16,-11,214.9538068881841
16,-11,187.83643672152388
16,-10,50.0
16,-10,71.18067294012424
16,-10,175.21759057102963
16,-9,92.32927414343261
16,-9,220.39992710133453
16,-9,342.3223572279757
16,-8,165.518752596141
16,-8,50.0
16,-8,135.84331510328946
16,-7,66.39147863425046
16,-7,331.742373386286
16,-7,153.5049815944595
16,-6,118.01020963009972
16,-6,194.793571941754
16,-6,103.18075165105199
16,-5,50.0
16,-5,114.89221467190049
16,-5,87.17180662872586
16,-4,80.8522025415273
16,-4,66.39147863425046
16,-4,205.48690640835838
15,-4,126.0355355882648
15,-4,61.94030718801844
15,-4,111.059868462711
14,-4,105.73604527268961
14,-4,50.0
14,-4,197.56768841476594
15,-4,234.79753296034895
15,-4,168.7405556085303
15,-4,50.0
14,-4,50.0
14,-4,269.369042978513
14,-4,207.7547215020707
13,-4,94.93142029385915
13,-4,139.95824699983825
13,-4,526.7436541333857
12,-4,346.5689164241061
12,-4,66.39147863425046
12,-4,249.53647029399554
11,-4,192.046009506041
11,-4,219.50795681582943
11,-4,217.63096683238334
10,-4,462.9472019076584
10,-4,120.45880279736818
10,-4,464.5456565550337
9,-4,372.452057472584
9,-4,298.12479980161106
9,-4,536.3854021837393
8,-4,402.7093252104637
8,-4,127.96101205236508
8,-4,318.1829027940151
9,-4,351.7213966448612
9,-4,383.82042707586254
9,-4,165.57057925555617
8,-4,374.4316246588927
8,-4,327.17768443730915
8,-4,198.39089419843984
7,-4,177.4420646609143
7,-4,442.1958793455756
7,-4,234.41062037136385
6,-4,50.0
6,-4,137.82867236963574
6,-4,193.9825660323647
5,-4,283.43989126205946
5,-4,487.1218203953899
5,-4,482.9927827875983
6,-4,274.4628717429716
6,-4,160.20696468885717
6,-4,352.04395575758053
7,-4,62.14296182190526
7,-4,108.9305451584485
7,-4,225.13483866714432
6,-4,380.05094107763927
6,-4,607.8665877400985
6,-4,284.6845699727367
5,-4,321.83148770486696
5,-4,587.4048333244559
5,-4,365.89162204205684
4,-4,304.54418820724527
4,-4,466.64042506603687
4,-4,270.3037108756452
3,-4,407.5317383779931
3,-4,230.22762780789668
3,-4,451.53046968502343
2,-4,462.31914839525126
2,-4,583.6861144498174
2,-4,190.45888181380855
1,-4,403.48277214669207
1,-4,144.1991532636925
1,-4,390.05301004511756
0,-4,278.9116850557222
0,-4,306.13609940426824
0,-4,280.2426453967057
-1,-4,201.90700387447836
-1,-4,474.4177064545638
-1,-4,275.5875862507438
-2,-4,622.8726403704757
-2,-4,293.72127808797336
-2,-4,331.9333252277988
-1,-4,363.94638202129966
-1,-4,273.87526335369597
-1,-4,369.03497922451555
-2,-4,66.39147863425046
-2,-4,434.1276482608911
-2,-4,376.7526714923059
-3,-4,400.9530709347842
-3,-4,385.954306277464
-3,-4,460.5148472734887
-4,-4,341.6398865976943
-4,-4,369.30021891187613
-4,-4,264.95011040818827
-5,-4,448.4500008974535
-5,-4,385.08159613613265
-5,-4,294.6125279384197
-6,-4,235.9570817520281
-6,-4,417.8371179871873
-6,-4,307.97719849237063
-7,-4,289.11646513972306
-7,-4,317.1123108274095
-7,-4,407.9479575469942
-8,-4,311.2675097273113
-8,-4,265.99750602076597
-8,-4,132.81355924223345
-9,-4,202.5625548247381
-9,-4,354.80665722545103
-9,-4,314.94137836138856
-8,-4,285.8625806256279
-8,-4,221.32010343043154
-8,-4,287.9565317359907
-9,-4,189.90337507236785
-9,-4,170.0167142293691
-9,-4,325.13035493580117
-8,-4,253.75735836710217
-8,-4,424.11571961958475
-8,-4,269.4678322772947
-9,-4,235.1414948326434
-9,-4,206.32453212871363
-9,-4,282.8749530510359
-10,-4,269.54635320149873
-10,-4,246.57776150081008
-10,-4,367.92266008444057
-11,-4,193.17895215105978
-11,-4,248.30308777052383
-11,-4,157.44721437336733
-12,-4,319.194316429143
-12,-4,419.60477845709033
