-8,-7,566.3416483464403
-7,-7,494.63641859071527
-7,-7,482.7825848931095
-7,-6,660.3029994046902
-7,-6,284.21103674446476
-7,-5,901.9323641715033
-7,-5,998.5286100275636
-7,-4,1172.9190520213956
-7,-4,575.340574555109
-7,-5,530.8783687466859
-7,-5,532.1934956704199
-6,-5,590.0097932306518
-6,-5,359.8374961785014
-6,-4,832.4398895832167
-6,-4,648.3931462858571
-5,-4,913.0509483910675
-5,-4,531.430941610458
-4,-4,522.6837817112603
-4,-4,427.20384986625726
-4,-3,757.1047065689617
-4,-3,836.748972374065
-3,-3,392.96388230983246
-3,-3,514.950395270122
-3,-2,1202.4309464069395
-3,-2,462.18443310706755
-3,-1,1028.9469470542963
-3,-1,1081.6361775622472
-3,-2,930.5796058441841
-3,-2,1046.3085632396078
-2,-2,743.254655851782
-2,-2,663.310981979081
-2,-1,882.4007298285364
-2,-1,509.6168099320307
-1,-1,217.48856551023573
-1,-1,822.9742202638714
-1,0,727.9927220025793
-1,0,916.3820728310385
-1,1,567.2950521639548
-1,1,573.4848384459439
-1,0,775.0947008091209
-1,0,1021.8598382406473
0,0,1086.636985376532
0,0,914.7058196983538
0,1,525.4224790311689
0,1,910.2329556953839
1,1,829.5826702618001
1,1,446.5726548516492
1,2,795.6888856472169
1,2,874.0280543622596
1,3,808.5348036720429
1,3,808.5952605768772
1,4,594.8724333618243
1,4,468.8799397947521
1,5,720.5493402991265
1,5,496.04450727530207
1,6,818.0621592767411
1,6,529.2968680513084
1,7,310.960399184555
1,7,939.7070284734735
2,7,364.6090401687101
2,7,591.4527019572924
2,8,457.313068012867
2,8,671.5821788530493
3,8,128.49228141290877
3,8,350.43868080847824
3,9,275.98522793040956
3,9,588.2173423272453
4,9,343.9385165290306
4,9,357.1085745856106
4,8,458.78004122364575
4,8,427.5030070410864
4,9,916.2331454812127
4,9,526.998337294654
4,10,100.0
4,10,223.97108832317116
4,11,652.5684486229724
4,11,632.1761279729468
4,12,542.4252683756855
4,12,527.2938846835223
3,12,130.86314676641905
3,12,120.42471108115345
2,12,172.24208808463055
2,12,651.2894160367675
1,12,236.36380939930453
1,12,328.8114628667942
0,12,292.0868009941173
0,12,600.9672329243781
0,11,838.173886477578
0,11,352.4764822324463
-1,11,322.11423367283953
-1,11,304.177358289786
-2,11,260.67437932923923
-2,11,385.51978893299383
-3,11,529.2031896616379
-3,11,149.91780952200236
-3,10,836.8652080632824
-3,10,371.5475760484647
-4,10,935.2793888926597
-4,10,470.5642614888989
-5,10,248.72296206507588
-5,10,671.8093087597263
-6,10,320.49734549658876
-6,10,440.44670670634343
-7,10,546.0516000139165
-7,10,629.849573307139
-6,10,394.34601148307775
-6,10,249.4536056587139
-6,9,537.8707222789675
-6,9,627.2028557948223
-7,9,303.3684939675181
-7,9,358.54415306420526
-8,9,131.37076874165655
-8,9,100.0
-9,9,684.6798849893553
-9,9,490.86927414277045
-10,9,168.02708483919486
-10,9,699.9132271657757
-10,8,136.3219053314367
-10,8,226.62536033105184
-9,8,222.18381698062797
-9,8,329.35112833398443
-10,8,775.185746087209
-10,8,343.6249579503859
-11,8,684.840678642037
-11,8,534.7302823909558
-10,8,613.0945955940394
-10,8,415.3002051755551
-10,7,755.1487863298587
-10,7,292.0680953909538
-11,7,405.1767289225511
-11,7,931.5205178666471
-12,7,205.21074451570496
-12,7,707.5456658398587
-13,7,623.631959816174
-13,7,372.4710876479647
-14,7,617.6587437375001
-14,7,354.303702490582
-14,6,139.16499229261993
-14,6,186.46681855455955
-15,6,318.4584698346689
-15,6,185.95688927002558
-16,6,181.63038278501455
-16,6,188.72079635321853
-15,6,311.0624282001233
-15,6,172.83491129893622
-16,6,100.0
-16,6,519.73078652609
-16,5,386.3109707671971
-16,5,383.96740008339805
-17,5,105.50304884134925
-17,5,298.3478144813507
-17,4,384.27887799647465
-17,4,349.07870441821547
-18,4,366.2662434226397
-18,4,305.75602555347643
-19,4,179.64747839624863
-19,4,100.0
-20,4,100.0
-20,4,100.0
-19,4,100.0
-19,4,105.50304884134925
-18,4,293.6229179991784
-18,4,108.61438601189703
-17,4,563.9693626672131
-17,4,459.0507736838536
-16,4,370.1376751642531
-16,4,998.5082419231321
-15,4,354.7533741120542
-15,4,398.91929570334787
-15,3,138.57958487147312
-15,3,100.0
-15,2,250.10060850725762
-15,2,543.1938215598889
-14,2,682.9181089620712
-14,2,100.0
-14,1,420.4219227956739
-14,1,458.2461362349186
-14,0,255.64210970395828
-14,0,217.48421296908117
-13,0,404.7963716539478
-13,0,491.4244873364176
-12,0,447.3633466774993
-12,0,421.8815644206606
-13,0,774.5261761206139
-13,0,429.10478659876765
-12,0,105.50304884134925
-12,0,146.60026083176155
-12,-1,725.1644500166765
-12,-1,154.15696314974483
-12,0,492.8195215239964
-12,0,581.9367874096315
-13,0,676.617275299158
-13,0,394.09842405421034
-12,0,600.1796855389623
-12,0,335.59409098276666
-11,0,100.0
-11,0,490.82103088613763
-11,1,467.4007784336711
-11,1,286.34360426647163
-10,1,255.7668216673936
-10,1,602.2536281871678
-10,2,595.3549353996316
-10,2,489.2137445572637
-9,2,886.7091410747157
-9,2,591.9041365362256
-8,2,630.4499393470146
-8,2,105.50304884134925
-8,1,712.8772616268758
-8,1,143.81710482576977
-8,0,369.83957365758647
-8,0,486.71441626364026
-7,0,551.3268025631321
-7,0,797.040025798247
-6,0,252.71462140510283
-6,0,404.53311776855867
-6,-1,792.8364379708098
-6,-1,1064.2538099712674
-5,-1,720.3126824332687
-5,-1,748.0806766667317
-4,-1,461.9314263055756
-4,-1,1298.4854727128015
-4,-2,642.2968711209651
-4,-2,886.3681244706127
-5,-2,581.9536898025216
-5,-2,559.7442189579097
-6,-2,542.3132890917129
-6,-2,600.7745663691776
-5,-2,180.20418667439992
-5,-2,593.0034770320568
-4,-2,661.3332660016495
-4,-2,630.6057672615524
-4,-3,542.957812754983
-4,-3,453.0875794332696
-3,-3,591.9998896450218
-3,-3,394.0502324267492
-2,-3,373.7546823413024
-2,-3,643.4847021682693
-2,-4,919.3655944766122
-2,-4,1018.9775073258329
-2,-5,1363.0117570570824
-2,-5,617.6541907998248
-2,-6,824.9975470140546
-2,-6,141.94346698126202
-1,-6,535.0662788981501
-1,-6,745.9102184946667
-1,-5,432.9147181046413
-1,-5,235.2142243196903
0,-5,576.2987239928956
0,-5,686.6392354834986
0,-6,534.0787420580914
0,-6,895.7718012352195
0,-7,829.1328036398688
0,-7,322.88011377562805
0,-8,315.19023151235876
0,-8,186.29070246986282
1,-8,823.0836478612545
1,-8,976.922536484451
2,-8,489.59147317479716
2,-8,565.0041796405412
2,-9,943.9959128919579
2,-9,754.3322305417447
3,-9,507.71690191641915
3,-9,440.6431425321499
3,-10,529.8099180667174
3,-10,395.7957463887884
2,-10,790.1777602998942
2,-10,183.63966016193302
3,-10,138.4680878737999
3,-10,259.05003023040246
4,-10,651.6376160481454
4,-10,548.9143946299956
5,-10,324.9336168947627
5,-10,534.8624318729795
6,-10,796.9359819362127
6,-10,725.1118781161605
6,-9,636.6879660164551
6,-9,867.9232073258867
6,-8,930.8452054388861
6,-8,471.74337202759045
7,-8,522.9893116533221
7,-8,726.9490186345371
8,-8,268.3694418965042
8,-8,484.61396146754834
9,-8,435.1908777038209
9,-8,100.0
9,-9,100.0
9,-9,572.98400417685
10,-9,578.6997737725148
10,-9,621.4995907062189
10,-8,186.37718479155853
10,-8,245.652491678997
10,-9,105.50304884134925
10,-9,527.9431158808779
9,-9,367.32150097372005
9,-9,321.70883936508346
9,-8,197.58729910600786
9,-8,651.5197536523262
10,-8,217.8760709175832
10,-8,470.3081857398978
11,-8,820.9192547288185
11,-8,237.94757531959982
11,-9,432.19477648901005
11,-9,306.97255225380025
12,-9,269.9343498979443
12,-9,465.58830627667766
12,-10,762.2692779599806
12,-10,349.77804049401533
13,-10,380.19246450671574
13,-10,284.15894753280236
13,-9,170.45111440523644
13,-9,586.4246215600972
13,-10,363.25741656810385
13,-10,418.9682806554593
13,-11,100.0
13,-11,100.0
14,-11,202.1415500948805
14,-11,562.7332666783932
14,-12,452.92518248025175
14,-12,373.47932148138733
14,-13,105.50304884134925
14,-13,178.52641620510832
14,-14,153.97778453927214
14,-14,100.0
15,-14,396.42391105831433
15,-14,226.73860326712162
15,-15,100.0
15,-15,105.50304884134925
16,-15,227.3314796536905
16,-15,352.98300035253385
16,-16,195.4317628531969
16,-16,100.0
16,-17,121.14550325130992
16,-17,122.18344616738793
16,-18,255.28964679731106
16,-18,105.50304884134925
16,-19,225.05802696488323
16,-19,100.0
16,-20,100.0
16,-20,100.0
15,-20,509.5932682717855
15,-20,120.36408824598618
14,-20,139.31804501604068
14,-20,100.0
13,-20,107.84485837612996
13,-20,131.61966122135112
12,-20,141.7950419076914
12,-20,105.50304884134925
13,-20,100.0
13,-20,105.50304884134925
12,-20,100.0
12,-20,100.0
11,-20,355.92261331853695
11,-20,100.0
10,-20,105.50304884134925
10,-20,100.0
9,-20,493.6016811700509
9,-20,100.0
8,-20,100.0
8,-20,339.38272723404623
7,-20,380.4283498869653
7,-20,383.88873888348826
8,-20,100.0
8,-20,440.16085994588855
7,-20,207.5018574517785
7,-20,268.55694351413695
6,-20,389.6457558733779
6,-20,332.05011505064004
5,-20,140.46518602445946
5,-20,313.6877649375027
6,-20,100.0
6,-20,462.3694082943332
7,-20,125.02208521358435
7,-20,265.5140578362718
6,-20,114.39786689184805
6,-20,105.50304884134925
7,-20,545.2936526411224
7,-20,620.2618033311703
6,-20,328.66228701866095
6,-20,105.50304884134925
5,-20,105.50304884134925
5,-20,312.2350239089674
4,-20,143.88750164300842
4,-20,438.71177842257737
3,-20,100.0
3,-20,493.5893702610372
2,-20,347.6473164288806
2,-20,233.76441367499186
1,-20,187.12209223201464
1,-20,367.52024650624173
0,-20,100.0
0,-20,204.02987280120854
1,-20,123.32750879623416
1,-20,100.0
0,-20,218.1108281611848
0,-20,189.5741480187728
1,-20,100.0
1,-20,208.81495418461495
0,-20,429.58667652957445
0,-20,267.3934370075871
-1,-20,361.06650387172243
-1,-20,356.90440528056536
-2,-20,100.0
-2,-20,286.90365784842356
-3,-20,175.3919671968857
-3,-20,251.0095670199941
-4,-20,105.50304884134925
-4,-20,241.17783284932852
-3,-20,105.50304884134925
-3,-20,376.8190317092378
-4,-20,352.93593596377434
-4,-20,105.50304884134925
-5,-20,131.16498568544333
-5,-20,100.0
-6,-20,265.08916875015075
-6,-20,100.0
-7,-20,201.48501487478464
-7,-20,100.0
-6,-20,542.6879175364293
-6,-20,338.268589880027
-7,-20,403.2861073003955
-7,-20,100.0
-8,-20,210.0591999476496
-8,-20,198.37693233476065
-9,-20,320.5206217745383
-9,-20,100.0
-10,-20,105.50304884134925
-10,-20,100.0
-11,-20,100.0
-11,-20,100.0
-10,-20,358.25046082152284
-10,-20,100.0
-11,-20,100.0
-11,-20,105.50304884134925
-12,-20,135.85949544200193
-12,-20,470.1975376393197
-12,-19,100.0
-12,-19,100.0
-12,-18,105.50304884134925
-12,-18,312.9074109929841
-11,-18,406.7959237126331
-11,-18,100.0
-12,-18,100.0
-12,-18,382.29239310584154
-11,-18,178.58703726521128
-11,-18,100.0
-10,-18,176.18589210986804
-10,-18,100.0
-9,-18,203.92757030722578
-9,-18,114.8855626369245
-8,-18,465.2102676264222
-8,-18,425.2379043470834
-7,-18,100.0
-7,-18,199.23573381861317
-7,-17,100.0
-7,-17,105.50304884134925
-7,-16,256.65989920756095
-7,-16,360.9110839935261
-6,-16,100.0
-6,-16,100.0
-5,-16,100.0
-5,-16,198.1391291431865
-4,-16,292.7109289929509
-4,-16,261.6294039840696
-5,-16,409.925855479231
-5,-16,162.6886679212384
-4,-16,437.5132637160173
-4,-16,507.48491060413255
-3,-16,420.0264624425168
-3,-16,561.8186919074867
-2,-16,301.39632336612664
-2,-16,150.15110815291652
-3,-16,680.9136148004446
-3,-16,399.3433681781895
-2,-16,216.8677850453309
-2,-16,100.0
-3,-16,105.50304884134925
-3,-16,391.01536350129476
-2,-16,224.64635646113075
-2,-16,155.67554046775984
-1,-16,279.4766249419981
-1,-16,100.0
-1,-17,174.5105134817027
-1,-17,100.0
-2,-17,490.4393961632894
-2,-17,100.0
-1,-17,100.0
-1,-17,442.6902006941491
0,-17,421.65521701864697
0,-17,1027.885398641085
-1,-17,232.257617943555
-1,-17,105.50304884134925
-1,-16,652.9341632440392
-1,-16,477.96892284997267
-1,-15,501.3366643478429
-1,-15,507.92116151010725
-1,-14,342.2974031525353
-1,-14,505.9560987543044
0,-14,375.6710159728575
0,-14,100.0
1,-14,400.43846131634683
