  tasks:
    - id: 0
      execution_time_mu: 455.03258697639706
      execution_time_sigma: 199.04229493730324
      execution_time_min: 105.80974977351428
      execution_time_max: 933.3819678436768
      period: 2000
      deadline: 2000
      processorId: 0
      name: task_1
      sp_threshold: 0.568204880420239
      sp_weight: 1
      total_running_time: 1000000
    - id: 1
      execution_time_mu: 224.22940614103646
      execution_time_sigma: 118.4655302419722
      execution_time_min: 55.44661712879076
      execution_time_max: 589.1928175928041
      period: 1000
      deadline: 1000
      processorId: 0
      name: task_2
      sp_threshold: 0.5380232583275568
      sp_weight: 1
      total_running_time: 1000000
    - id: 2
      execution_time_mu: 5.549129889922402
      execution_time_sigma: 4.232006999789306
      execution_time_min: 1.6500000000000001
      execution_time_max: 24.545565350726534
      period: 33
      deadline: 33
      processorId: 0
      name: task_3
      sp_threshold: 0.8645064714910604
      sp_weight: 1
      total_running_time: 1000000
    - id: 3
      execution_time_mu: 17.821752298492648
      execution_time_sigma: 11.446292943866613
      execution_time_min: 5.0
      execution_time_max: 90.0
      period: 100
      deadline: 100
      processorId: 0
      name: task_4
      sp_threshold: 0.6013947903486734
      sp_weight: 2
      total_running_time: 1000000
      performance_records_time: 5.000 14.444 23.889 33.333 42.778 52.222 61.667 71.111 80.556 90.000
      performance_records_perf: 0.1 0.2 0.3 0.4 0.5 0.6 0.7 0.8 0.9 1.0
