  tasks:
    - id: 0
      execution_time_mu: 155.01800459847445
      execution_time_sigma: 81.15321439523382
      execution_time_min: 100.0
      execution_time_max: 454.28429288286765
      period: 2000
      deadline: 2000
      processorId: 0
      name: task_1
      sp_threshold: 0.568204880420239
      sp_weight: 1
      total_running_time: 1000000
    - id: 1
      execution_time_mu: 277.6556245204994
      execution_time_sigma: 131.1551129641396
      execution_time_min: 115.39820468463819
      execution_time_max: 722.6768516335949
      period: 1000
      deadline: 1000
      processorId: 0
      name: task_2
      sp_threshold: 0.5380232583275568
      sp_weight: 1
      total_running_time: 1000000
    - id: 2
      execution_time_mu: 5.561910481388787
      execution_time_sigma: 4.326052885599413
      execution_time_min: 1.6500000000000001
      execution_time_max: 25.681658007387078
      period: 33
      deadline: 33
      processorId: 0
      name: task_3
      sp_threshold: 0.8645064714910604
      sp_weight: 1
      total_running_time: 1000000
    - id: 3
      execution_time_mu: 13.793436259290711
      execution_time_sigma: 9.914114027370607
      execution_time_min: 5.0
      execution_time_max: 90.0
      period: 100
      deadline: 100
      processorId: 0
      name: task_4
      sp_threshold: 0.6013947903486734
      sp_weight: 2
      total_running_time: 1000000
      performance_records_time: 5.000 14.444 23.889 33.333 42.778 52.222 61.667 71.111 80.556 90.000
      performance_records_perf: 0.1 0.2 0.3 0.4 0.5 0.6 0.7 0.8 0.9 1.0
