  tasks:
    - id: 0
      execution_time_mu: 501.2027186328581
      execution_time_sigma: 188.63915793226178
      execution_time_min: 172.74080632264912
      execution_time_max: 1047.3619856496932
      period: 2000
      deadline: 2000
      processorId: 0
      name: task_1
      sp_threshold: 0.568204880420239
      sp_weight: 1
      total_running_time: 1000000
    - id: 1
      execution_time_mu: 337.0470198585801
      execution_time_sigma: 161.07289860954555
      execution_time_min: 126.2859626405166
      execution_time_max: 842.5436320957501
      period: 1000
      deadline: 1000
      processorId: 0
      name: task_2
      sp_threshold: 0.5380232583275568
      sp_weight: 1
      total_running_time: 1000000
    - id: 2
      execution_time_mu: 7.335640837650254
      execution_time_sigma: 4.782338717760384
      execution_time_min: 1.6500000000000001
      execution_time_max: 29.25276488178469
      period: 33
      deadline: 33
      processorId: 0
      name: task_3
      sp_threshold: 0.8645064714910604
      sp_weight: 1
      total_running_time: 1000000
    - id: 3
      execution_time_mu: 24.043231463276214
      execution_time_sigma: 12.771183445907658
      execution_time_min: 5.0
      execution_time_max: 90.0
      period: 100
      deadline: 100
      processorId: 0
      name: task_4
      sp_threshold: 0.6013947903486734
      sp_weight: 2
      total_running_time: 1000000
      performance_records_time: 5.000 14.444 23.889 33.333 42.778 52.222 61.667 71.111 80.556 90.000
      performance_records_perf: 0.1 0.2 0.3 0.4 0.5 0.6 0.7 0.8 0.9 1.0
