2.0
2.0
1.99539
1.99077
1.99539
1.99539
1.97914
1.9768
1.96267
1.94598
1.95316
1.95316
1.96503
2.0
1.99539
1.99539
1.99539
1.99077
2.0
2.0
2.0
1.99539
1.9977
1.99539
1.97914
1.99308
1.95792
1.92663
1.86163
1.84094
1.77125
1.73206
1.82255
1.85955
1.85906
1.8642
1.82783
1.85391
1.90203
1.91685
1.96739
1.94838
1.99539
1.98845
1.99539
1.99539
1.98613
1.99539
2.0
2.0
2.0
2.0
2.0
2.0
1.99539
1.9977
2.0
1.99308
1.99539
1.99539
1.9838
1.96267
1.94598
1.95077
1.93876
1.89954
1.89491
1.91685
1.91685
1.97914
1.96975
1.9721
1.9721
1.9838
1.99077
1.9977
2.0
2.0
2.0
2.0
