2.0
1.98613
1.97914
2.0
1.98147
1.97914
1.9768
1.96267
1.94838
1.95316
1.94358
1.95554
1.95554
1.9768
2.0
2.0
2.0
2.0
2.0
2.0
2.0
1.99077
1.99539
2.0
1.98845
1.99539
1.95077
1.94358
1.86163
1.8199
1.74901
1.76572
1.87185
1.86976
1.88199
1.82783
1.85649
1.84874
1.90451
1.92663
1.94838
1.96975
1.98147
1.99077
1.99539
1.99539
1.99308
2.0
2.0
2.0
2.0
2.0
2.0
1.9977
2.0
1.99077
2.0
1.9977
1.99077
1.98613
1.96975
1.96739
1.9721
1.94598
1.92907
1.87946
1.90977
1.90699
1.92175
1.93876
1.97445
1.96739
1.9721
1.98613
1.9768
1.99539
2.0
2.0
2.0
2.0
