2.0
1.99539
2.0
1.98613
1.99539
1.99539
1.97914
1.9721
1.9838
1.94598
1.95792
1.93876
1.96739
1.97914
1.98845
1.99539
1.9977
1.97914
2.0
2.0
2.0
2.0
2.0
1.9977
1.98147
1.98613
1.98613
1.92175
1.90946
1.8642
1.75739
1.77949
1.86675
1.79654
1.87185
1.89954
1.87439
1.91685
1.92663
1.89705
1.9721
1.97445
1.99077
1.98845
1.98147
1.97914
1.9838
1.99539
1.99539
1.9977
2.0
2.0
2.0
2.0
2.0
2.0
1.99539
1.98845
1.99539
1.99308
1.9721
1.96267
1.93392
1.94838
1.94358
1.91685
1.8824
1.90451
1.90946
1.93876
1.9768
1.9721
1.96975
1.98845
1.99077
2.0
2.0
2.0
2.0
2.0
