1.99541
2.0
1.99539
1.99539
1.99077
2.0
1.98147
1.96739
1.96739
1.96739
1.95792
1.96739
1.95554
1.96739
2.0
2.0
2.0
1.99539
2.0
2.0
2.0
2.0
2.0
1.99077
1.99308
1.99077
1.98147
1.93634
1.87693
1.83833
1.74338
1.79851
1.85133
1.82581
1.8642
1.81192
1.86163
1.92175
1.87439
1.92907
1.97445
1.9768
1.9768
1.98147
2.0
1.98845
2.0
2.0
2.0
2.0
2.0
2.0
2.0
2.0
2.0
1.99539
1.99539
1.99539
1.98147
1.99539
1.97445
1.93876
1.94358
1.9315
1.92663
1.90946
1.92688
1.9193
1.9315
1.93392
1.96267
1.97914
1.96975
1.98147
1.98613
2.0
1.99539
1.99539
2.0
2.0
