-19,-20,200.0
-19,-19,200.0
-19,-19,200.0
-19,-18,200.0
-19,-18,200.0
-19,-17,200.0
-19,-17,200.0
-19,-16,200.0
-19,-16,200.0
-19,-15,200.0
-19,-15,200.0
-19,-16,200.0
-19,-16,200.0
-18,-16,200.0
-18,-16,200.0
-17,-16,200.0
-17,-16,1533.0429940201634
-17,-15,200.0
-17,-15,200.0
-16,-15,200.0
-16,-15,200.0
-15,-15,200.0
-15,-15,424.34418777199164
-14,-15,200.0
-14,-15,200.0
-14,-16,532.3228959737307
-14,-16,576.6551312376698
-15,-16,200.0
-15,-16,200.0
-15,-15,200.0
-15,-15,200.0
-15,-14,200.0
-15,-14,200.0
-14,-14,200.0
-14,-14,200.0
-14,-13,1340.9542150804
-14,-13,200.0
-13,-13,792.1397930322316
-13,-13,200.0
-13,-12,262.43324374379654
-13,-12,3548.339155204605
-12,-12,200.0
-12,-12,200.0
-11,-12,582.328654997632
-11,-12,200.0
-10,-12,200.0
-10,-12,1083.3240754581636
-11,-12,200.0
-11,-12,200.0
-11,-11,200.0
-11,-11,200.0
-10,-11,757.0827225140754
-10,-11,200.0
-10,-10,2086.7377667800174
-10,-10,1996.7980691376335
-9,-10,249.0589216263255
-9,-10,200.0
-9,-11,1364.3889425441625
-9,-11,905.1227085176388
-9,-10,413.8725934103543
-9,-10,380.299432450537
-9,-9,200.0
-9,-9,207.98599204138986
-9,-8,272.5331145828761
-9,-8,647.8818321320438
-10,-8,200.0
-10,-8,200.0
-9,-8,278.8154535040776
-9,-8,621.2087157682231
-8,-8,1518.260134663481
-8,-8,200.0
-8,-7,219.89839626119408
-8,-7,2021.2211906237098
-8,-6,1544.3471464396455
-8,-6,2789.9913715964176
-8,-7,1483.1991280073103
-8,-7,200.0
-8,-6,2553.274694033118
-8,-6,2866.9369241572986
-8,-5,841.9531312334741
-8,-5,735.0392328877308
-8,-4,1205.6066133172446
-8,-4,939.1280416324237
-8,-3,2135.762917596965
-8,-3,200.0
-8,-2,480.61660130145367
-8,-2,1719.0988826674031
-7,-2,1142.5378392617542
-7,-2,1126.6289856389417
-6,-2,200.0
-6,-2,3099.3771542777863
-5,-2,3600.0
-5,-2,2871.844285553542
-4,-2,756.3015241681702
-4,-2,200.0
-4,-1,2764.000018635016
-4,-1,1893.667569412055
-3,-1,669.240504239868
-3,-1,3480.1547497171814
-2,-1,3600.0
-2,-1,1959.2621268998028
-2,0,1575.7296813187359
-2,0,3056.1733226312836
-1,0,1817.2922874560609
-1,0,605.7859690933503
0,0,1233.1229737897531
0,0,2462.9445841752313
-1,0,3531.8254136397495
-1,0,3241.9621184461557
0,0,2310.164295686615
0,0,3600.0
-1,0,2098.4877930281536
-1,0,2528.384880021956
0,0,2568.4350953459893
0,0,2214.2235430325322
1,0,3123.0355174623
1,0,1210.2307739002536
2,0,343.95047123045924
2,0,3600.0
3,0,2320.601158318509
3,0,1885.4628973915637
4,0,2983.0423976631155
4,0,308.3627058623322
4,1,2348.212787815566
4,1,810.7701115441628
5,1,3419.4574109318764
5,1,3298.7919723721207
5,2,200.0
5,2,3600.0
5,3,3594.117196234888
5,3,711.7700654134803
5,2,941.2888597230777
5,2,2271.3655725408403
5,3,3600.0
5,3,1521.8922483881774
4,3,647.7765263642139
4,3,2797.665341963343
5,3,909.6752463899534
5,3,1511.2076537140033
6,3,1590.428585814129
6,3,2173.998380609748
7,3,3600.0
7,3,200.0
7,2,200.0
7,2,3600.0
7,1,3585.934133810769
7,1,1289.7505043016927
8,1,200.0
8,1,887.4262154728306
8,0,3600.0
8,0,200.0
9,0,2510.7179298315386
9,0,1250.1072216345997
9,1,1552.4050742439101
9,1,908.7589755299641
9,2,3600.0
9,2,2596.6119358877504
10,2,200.0
10,2,1692.9845010438676
11,2,634.1037653094687
11,2,1931.9779087680427
11,3,1987.4534746229049
11,3,592.0768013041416
11,4,1718.9862908220448
11,4,1921.8571904608636
12,4,432.4999301519972
12,4,200.0
13,4,546.0840194622198
13,4,200.0
14,4,200.0
14,4,580.8804554278121
14,5,1619.5301420855974
14,5,200.0
14,6,200.0
14,6,200.37554144292955
15,6,253.27987954981975
15,6,200.0
16,6,556.6985161112343
16,6,200.0
16,7,1878.420202699276
16,7,778.701658871586
16,8,200.0
16,8,200.0
16,9,200.0
16,9,200.0
16,10,2248.0997834074224
16,10,200.0
16,11,200.0
16,11,200.0
16,10,200.0
16,10,200.0
16,9,311.95104348603945
16,9,200.0
16,8,200.0
16,8,472.0397720686044
16,9,200.0
16,9,200.0
16,10,200.0
16,10,200.0
16,11,200.0
16,11,200.0
17,11,200.0
17,11,1732.6340123878647
18,11,200.0
18,11,200.0
18,12,200.0
18,12,200.0
18,13,200.0
18,13,200.0
19,13,200.0
19,13,200.0
19,14,200.0
19,14,200.0
19,15,200.0
19,15,200.0
20,15,200.0
20,15,452.4652546984196
20,16,200.0
20,16,200.0
19,16,200.0
19,16,950.438747143312
19,17,200.0
19,17,200.0
19,16,200.0
19,16,200.0
20,16,200.0
20,16,200.0
20,15,200.0
20,15,829.851615326982
20,14,377.83821240529005
20,14,200.0
20,13,200.0
20,13,200.0
20,12,200.0
20,12,200.0
20,11,200.0
20,11,200.0
19,11,200.0
19,11,2469.107691359466
19,10,200.0
19,10,200.0
18,10,200.0
18,10,200.0
17,10,200.0
17,10,200.0
17,11,200.0
17,11,200.0
17,10,200.0
17,10,235.11762806342767
17,9,200.0
