-19,-20,100.0
-19,-20,100.0
-19,-19,518.8293226080455
-19,-19,100.0
-19,-19,100.0
-19,-18,1165.5322478069297
-19,-18,100.0
-19,-18,100.0
-19,-17,233.41734736531998
-19,-17,100.0
-19,-17,100.0
-19,-16,100.0
-19,-16,100.0
-19,-16,100.0
-19,-15,100.0
-19,-15,100.0
-19,-15,100.0
-19,-16,100.0
-19,-16,100.0
-19,-16,100.0
-18,-16,100.0
-18,-16,100.0
-18,-16,100.0
-17,-16,100.0
-17,-16,100.0
-17,-16,100.0
-17,-15,185.13812094682896
-17,-15,457.66549775876706
-17,-15,100.0
-16,-15,100.0
-16,-15,100.0
-16,-15,100.0
-15,-15,100.0
-15,-15,100.0
-15,-15,100.0
-14,-15,100.0
-14,-15,100.0
-14,-15,100.0
-14,-16,100.0
-14,-16,100.0
-14,-16,100.0
-15,-16,100.0
-15,-16,100.0
-15,-16,100.0
-15,-15,100.0
-15,-15,100.0
-15,-15,100.0
-15,-14,100.0
-15,-14,100.0
-15,-14,100.0
-14,-14,100.0
-14,-14,640.7503468265737
-14,-14,100.0
-14,-13,100.0
-14,-13,100.0
-14,-13,100.0
-13,-13,100.0
-13,-13,100.0
-13,-13,100.0
-13,-12,100.0
-13,-12,138.28886168238978
-13,-12,223.76706187469293
-12,-12,100.0
-12,-12,398.9930261874104
-12,-12,404.2529701893219
-11,-12,100.0
-11,-12,100.0
-11,-12,143.4151144611557
-10,-12,100.0
-10,-12,841.4446539139307
-10,-12,100.0
-11,-12,229.37716500577847
-11,-12,100.0
-11,-12,284.3323666908467
-11,-11,494.8119303225361
-11,-11,100.0
-11,-11,191.0067549000363
-10,-11,379.81346678153045
-10,-11,100.0
-10,-11,339.79611656114866
-10,-10,100.0
-10,-10,332.15159270628544
-10,-10,539.8775757301692
-9,-10,100.0
-9,-10,1268.428036823815
-9,-10,394.2463690799516
-9,-11,100.0
-9,-11,935.3484698117503
-9,-11,100.0
-9,-10,534.1990092789332
-9,-10,179.61151439523425
-9,-10,100.0
-9,-9,100.0
-9,-9,100.84361423374921
-9,-9,100.0
-9,-8,735.0569796332672
-9,-8,538.3566635530669
-9,-8,185.74010421327205
-10,-8,100.0
-10,-8,521.7969729070726
-10,-8,205.3786719640108
-9,-8,100.0
-9,-8,772.7011553007926
-9,-8,988.1695047719139
-8,-8,974.5290666308706
-8,-8,763.9600760358619
-8,-8,100.0
-8,-7,524.3394823251316
-8,-7,622.0167289782053
-8,-7,500.7225237129493
-8,-6,645.4562883492404
-8,-6,178.25719888769058
-8,-6,667.3765176704387
-8,-7,100.0
-8,-7,100.0
-8,-7,1081.0895310239364
-8,-6,306.02300078810407
-8,-6,100.0
-8,-6,100.0
-8,-5,100.0
-8,-5,100.0
-8,-5,232.0063028595145
-8,-4,863.8881957283742
-8,-4,379.64648636655386
-8,-4,605.617146575351
-8,-3,756.5997991486364
-8,-3,1098.0791868542628
-8,-3,821.1946809416313
-8,-2,100.0
-8,-2,589.7870328724044
-8,-2,1582.488574311718
-7,-2,338.4506353047922
-7,-2,699.6855205609747
-7,-2,947.8554614825808
-6,-2,374.41203859883194
-6,-2,1407.440353923293
-6,-2,1582.1092610643618
-5,-2,975.9566081792418
-5,-2,100.0
-5,-2,907.869487326028
-4,-2,100.0
-4,-2,1446.1527509667899
-4,-2,100.0
-4,-1,755.6512583028007
-4,-1,526.6053575836919
-4,-1,1006.8300926625549
-3,-1,964.625655359409
-3,-1,1073.7053118044194
-3,-1,912.8489270814952
-2,-1,116.21284495208909
-2,-1,444.060639231119
-2,-1,1277.4035021005811
-2,0,584.2852467029755
-2,0,100.0
-2,0,553.082866507017
-1,0,1085.8819905624007
-1,0,1337.3715726800217
-1,0,941.0384100100587
0,0,629.5945263543836
0,0,963.8848412517
0,0,828.6420006289675
-1,0,1187.5447234444732
-1,0,1583.5233717871824
-1,0,477.9860079656253
0,0,1800.0
0,0,720.4762952056909
0,0,1103.6798673942917
-1,0,1094.9018740946626
-1,0,903.5491997995254
-1,0,443.22815450144094
0,0,852.053118420693
0,0,1222.7024205821413
0,0,203.26708069884296
1,0,951.8989217205478
1,0,589.8855987426964
1,0,406.85641257893883
2,0,630.0666066347891
2,0,1539.099530475564
2,0,284.37396449873506
3,0,386.00619797327164
3,0,367.5557980294045
3,0,1470.2536693163734
4,0,530.8455153397159
4,0,100.0
4,0,964.6193343608844
4,1,339.5567139283237
4,1,910.6964057071536
4,1,351.81991439816295
5,1,413.8798649423432
5,1,100.0
5,1,687.863986590756
5,2,156.5773473738484
5,2,759.6328160542774
5,2,380.32205687270584
5,3,848.4513119395642
5,3,125.16313542004997
5,3,565.1482384888989
5,2,972.5271723083646
5,2,1128.5501822506476
5,2,837.371232228747
5,3,981.9180874974033
5,3,871.3014610491512
5,3,1233.914212429147
4,3,276.9009652052487
4,3,357.73586693984277
4,3,680.4404504745286
5,3,759.9883072959506
5,3,467.44224813023465
5,3,623.177110910056
6,3,301.4039338012649
6,3,100.0
6,3,955.3445987954448
7,3,100.0
7,3,413.4170699626691
7,3,332.31990080494
7,2,529.8327435052005
7,2,100.0
7,2,622.4833317313377
7,1,210.36724889139862
7,1,639.9126487932795
7,1,903.9504009139658
8,1,100.0
8,1,357.18307300309436
8,1,146.45074410919653
8,0,100.0
8,0,945.7613949784868
8,0,115.56354846031445
9,0,100.0
9,0,100.0
9,0,517.9035728562396
9,1,680.7469601719663
9,1,351.5690814304023
9,1,100.0
9,2,1504.549381848365
9,2,1050.282890552668
9,2,901.1568628126904
10,2,100.0
10,2,100.0
10,2,100.0
11,2,190.18533255680836
11,2,100.0
11,2,606.9243548006532
11,3,100.0
11,3,448.40522006874374
11,3,264.87527175325613
11,4,100.0
11,4,311.7349494772777
11,4,1071.989409582869
12,4,898.2716906067388
12,4,100.0
12,4,100.0
13,4,100.0
13,4,488.2142551503743
13,4,932.3556976669229
14,4,100.0
14,4,157.0330827464809
14,4,243.01132850332186
14,5,100.0
14,5,580.7193025956926
14,5,100.0
14,6,100.0
14,6,150.51560937501966
14,6,100.0
15,6,100.0
15,6,186.39699241528137
15,6,393.2915452205621
16,6,100.0
16,6,100.0
16,6,100.0
16,7,100.0
16,7,100.0
16,7,402.04284392416906
16,8,100.0
16,8,100.0
16,8,100.0
16,9,100.0
16,9,100.0
16,9,418.9439544053806
16,10,100.0
16,10,100.0
16,10,876.3346766229033
16,11,335.79424719252495
16,11,100.0
16,11,505.78313032343397
16,10,100.0
16,10,469.2282339699999
16,10,100.0
16,9,100.0
16,9,100.0
16,9,303.2731652842465
16,8,100.0
16,8,125.42061820293145
16,8,365.20599081457124
16,9,100.0
16,9,100.0
16,9,100.0
16,10,132.36178288787167
16,10,447.3714980247464
16,10,140.30798504267452
16,11,100.0
16,11,100.0
16,11,100.0
17,11,100.0
17,11,100.0
17,11,100.0
18,11,100.0
18,11,227.09641137127517
18,11,100.0
18,12,100.0
18,12,100.0
18,12,100.0
18,13,518.2499159256147
18,13,100.0
18,13,100.0
19,13,100.0
19,13,100.0
19,13,100.0
19,14,100.0
19,14,100.0
19,14,100.0
19,15,100.0
19,15,100.0
19,15,100.0
20,15,100.0
20,15,100.0
20,15,100.0
20,16,100.0
20,16,100.0
20,16,100.0
19,16,100.0
19,16,100.0
19,16,100.0
19,17,100.0
19,17,100.0
19,17,100.0
19,16,183.80454110341043
19,16,100.0
19,16,100.0
20,16,100.0
20,16,100.0
20,16,100.0
20,15,100.0
20,15,100.0
20,15,100.0
20,14,100.0
20,14,100.0
20,14,490.5750540269469
20,13,100.0
20,13,100.0
20,13,100.0
20,12,100.0
20,12,100.0
20,12,100.0
20,11,100.0
20,11,100.0
20,11,100.0
19,11,379.861654791706
19,11,100.0
19,11,100.0
19,10,100.0
19,10,100.0
19,10,100.0
18,10,100.0
18,10,201.29047507593043
18,10,100.0
17,10,100.0
17,10,100.0
17,10,100.0
17,11,100.0
17,11,100.0
17,11,100.0
17,10,100.0
17,10,100.0
17,10,100.0
17,9,100.0
17,9,100.0
17,9,100.0
17,8,100.0
17,8,100.0
17,8,100.0
17,7,232.4167925133297
17,7,747.0871190725813
17,7,548.1746650874805
17,6,100.0
17,6,845.3229861862347
17,6,100.0
17,5,100.0
17,5,460.0741733349755
17,5,392.0804092070081
17,4,100.0
17,4,100.0
17,4,128.84322730906263
16,4,135.5055389680411
16,4,100.0
16,4,100.0
15,4,100.0
15,4,100.0
15,4,478.0159691512924
14,4,1367.4255810757284
14,4,555.565657615658
14,4,100.0
14,3,100.0
14,3,100.0
14,3,153.0745517591458
14,4,100.0
14,4,307.50413233476877
14,4,161.18728004366827
14,3,849.3575915847763
14,3,1031.753918096436
14,3,100.0
14,2,1128.0942306418533
14,2,100.0
14,2,100.0
14,3,100.0
14,3,270.52928822327857
14,3,651.5960732867508
14,2,100.0
14,2,121.02065153545725
14,2,602.9797606777976
14,1,100.0
14,1,1135.4709553407274
14,1,100.0
14,2,530.7301075270966
14,2,100.0
14,2,478.90228287471433
14,1,100.0
14,1,857.0276606731987
14,1,100.0
14,0,100.0
14,0,100.0
14,0,448.97449632155053
14,1,100.0
14,1,550.6292292735866
14,1,100.0
13,1,952.268710407839
13,1,579.0817958800505
13,1,552.34186187354
13,0,605.3774647766999
13,0,100.0
13,0,100.0
13,-1,100.0
13,-1,619.2916878829444
13,-1,100.0
12,-1,193.9977711607393
12,-1,355.69070265059844
12,-1,100.0
12,-2,311.6869110488221
12,-2,978.2341096355951
12,-2,326.1297248137811
12,-3,100.0
12,-3,348.7888018267036
12,-3,238.3551662995855
12,-4,100.0
12,-4,100.0
12,-4,100.0
13,-4,129.53420859188364
13,-4,698.9956233396881
13,-4,100.0
12,-4,100.0
12,-4,1005.6211284517498
12,-4,660.793125248823
13,-4,100.0
13,-4,628.384957152231
13,-4,204.16506199274806
12,-4,100.0
12,-4,683.9724458778842
12,-4,334.3930785104955
11,-4,839.316688299847
11,-4,571.3778844213796
11,-4,100.0
10,-4,483.3146237169254
10,-4,927.9833874254356
10,-4,518.1929429345827
9,-4,100.0
9,-4,140.65706361849652
9,-4,244.17640424765807
9,-3,100.0
9,-3,100.0
9,-3,593.5489778738904
8,-3,872.2746645796267
8,-3,377.81150819762644
8,-3,1037.3332312149746
7,-3,1044.7483348596459
7,-3,100.0
7,-3,1044.9887278310757
8,-3,525.7186547212493
8,-3,1501.7276744452297
8,-3,629.0517509488025
7,-3,598.1763522721836
7,-3,1505.604713110894
7,-3,1336.8164519504467
6,-3,225.5068745787579
6,-3,1300.2211581809327
6,-3,733.2256397936837
5,-3,1260.0974405455065
5,-3,100.0
5,-3,243.17823925890707
5,-2,568.184424386148
5,-2,492.1934734779504
5,-2,100.0
