-19,-20,200.0
-19,-19,200.0
-19,-19,200.0
-19,-18,200.0
-19,-18,200.0
-19,-17,200.0
-19,-17,200.0
-19,-16,769.7257851522295
-19,-16,255.9302163897977
-19,-15,200.0
-19,-15,200.0
-19,-16,200.0
-19,-16,200.0
-18,-16,200.0
-18,-16,200.0
-17,-16,200.0
-17,-16,200.0
-17,-15,200.0
-17,-15,640.0781502308923
-16,-15,200.0
-16,-15,200.0
-15,-15,200.0
-15,-15,200.0
-14,-15,200.0
-14,-15,200.0
-14,-16,200.0
-14,-16,200.0
-15,-16,200.0
-15,-16,200.0
-15,-15,1260.8615433287614
-15,-15,200.0
-15,-14,200.0
-15,-14,200.0
-14,-14,200.0
-14,-14,200.0
-14,-13,217.28178540571184
-14,-13,619.7744872077096
-13,-13,565.4073534676508
-13,-13,358.1223390573274
-13,-12,1546.9208755483842
-13,-12,200.0
-12,-12,200.0
-12,-12,200.0
-11,-12,200.0
-11,-12,200.0
-10,-12,200.0
-10,-12,1171.0711392463654
-11,-12,200.0
-11,-12,200.0
-11,-11,2640.6296902522736
-11,-11,2516.56483291761
-10,-11,1127.5796416065864
-10,-11,200.0
-10,-10,200.0
-10,-10,200.0
-9,-10,2293.7028663251976
-9,-10,1072.6176754767157
-9,-11,200.0
-9,-11,2354.4218953417476
-9,-10,3450.184057551174
-9,-10,288.6339337407909
-9,-9,200.0
-9,-9,200.0
-9,-8,200.0
-9,-8,200.0
-10,-8,1754.7447941394557
-10,-8,200.0
-9,-8,200.0
-9,-8,200.0
-8,-8,1116.3014333816373
-8,-8,670.5584354667636
-8,-7,200.0
-8,-7,446.0256777177435
-8,-6,1705.1044800574941
-8,-6,1342.6972526666477
-8,-7,270.6717057461018
-8,-7,1054.9995806614975
-8,-6,200.0
-8,-6,1998.1675708063954
-8,-5,2698.238550510514
-8,-5,1138.5868051288608
-8,-4,758.8319710332192
-8,-4,438.9076777803633
-8,-3,200.0
-8,-3,200.0
-8,-2,2783.256434773178
-8,-2,200.0
-7,-2,761.0423680190343
-7,-2,1329.7503614553434
-6,-2,200.0
-6,-2,3600.0
-5,-2,3600.0
-5,-2,2501.132532918008
-4,-2,3008.5256676624635
-4,-2,1742.2841526252885
-4,-1,1754.8282201122847
-4,-1,2106.499346045122
-3,-1,2527.1672133018405
-3,-1,1937.036549964334
-2,-1,1170.5200941177523
-2,-1,3600.0
-2,0,2707.5599572457513
-2,0,1831.0232458014118
-1,0,3600.0
-1,0,2136.827288708276
0,0,3244.574220073483
0,0,3600.0
-1,0,200.0
-1,0,2408.906257704194
0,0,1849.0842416945043
0,0,1337.624688730838
-1,0,311.4512678271494
-1,0,3600.0
0,0,3600.0
0,0,1412.5450718696793
1,0,3353.012955455867
1,0,807.1101334740699
2,0,1617.7119868296006
2,0,3349.860784918666
3,0,1662.3863786488128
3,0,1477.3190182051549
4,0,3406.026478765802
4,0,1562.8565435408404
4,1,3196.0537249624126
4,1,3600.0
5,1,2038.7031899630424
5,1,200.0
5,2,988.6075194077852
5,2,3600.0
5,3,3600.0
5,3,1563.463777264109
5,2,2529.311254946818
5,2,328.6227794227227
5,3,1672.8360850484473
5,3,200.0
4,3,1533.2701275830389
4,3,3600.0
5,3,1483.615465688897
5,3,3202.6135886357947
6,3,1151.2824313885258
6,3,1779.1392172815185
7,3,3600.0
7,3,486.27674037342763
7,2,2452.4258400346807
7,2,511.81614926430325
7,1,2726.84411451503
7,1,1210.5019267136818
8,1,1457.1239989609057
8,1,461.6146767688414
8,0,643.4970319140247
8,0,200.0
9,0,2366.8788529112367
9,0,2379.7230665624816
9,1,200.0
9,1,200.0
9,2,1819.31489863151
9,2,1670.9285602266477
10,2,1508.4112809706353
10,2,3539.8436648655465
11,2,2549.021104138375
11,2,2235.4302365631715
11,3,1355.8265385837194
11,3,3600.0
11,4,944.8512703488982
11,4,1964.0425133948588
12,4,200.0
12,4,380.6449309135055
13,4,1082.5792619508225
13,4,1270.4612111847464
14,4,849.9608476359494
14,4,200.0
14,5,3358.374955036984
14,5,2107.101701133603
14,6,200.0
14,6,2058.4659719008837
15,6,200.0
15,6,3275.3651879612985
16,6,348.1038555287777
16,6,2659.4287067875766
16,7,200.0
16,7,200.0
16,8,200.0
16,8,200.0
16,9,200.0
16,9,200.0
16,10,200.0
16,10,200.0
16,11,200.0
16,11,1858.4658897609465
16,10,200.0
16,10,200.0
16,9,200.0
16,9,1503.716699845766
16,8,1166.505506137355
16,8,1410.9427513114354
16,9,200.0
16,9,200.0
16,10,381.8897790581798
16,10,200.0
16,11,200.0
16,11,200.0
17,11,200.0
17,11,200.0
18,11,200.0
18,11,200.0
18,12,200.0
18,12,200.0
18,13,200.0
18,13,314.81568911129375
19,13,200.0
19,13,200.0
19,14,200.0
19,14,536.3857340439056
19,15,200.0
19,15,200.0
20,15,473.5177882378907
20,15,200.0
20,16,1169.130522020932
20,16,200.0
19,16,200.0
19,16,200.0
19,17,200.0
19,17,200.0
19,16,200.0
19,16,200.0
20,16,200.0
20,16,200.0
20,15,200.0
20,15,200.0
20,14,1264.793719260991
20,14,200.0
20,13,200.0
20,13,200.0
20,12,200.0
20,12,200.0
20,11,200.0
20,11,200.0
19,11,200.0
19,11,1356.2834975942665
19,10,200.0
19,10,1444.5886070249098
18,10,1553.9197814282475
18,10,200.0
17,10,200.0
17,10,200.0
17,11,200.0
17,11,200.0
17,10,200.0
17,10,200.0
17,9,200.0
