-19,-20,200.0
-19,-19,200.0
-19,-19,200.0
-19,-18,200.0
-19,-18,200.0
-19,-17,200.0
-19,-17,200.0
-19,-16,1162.9583305728197
-19,-16,200.0
-19,-15,200.0
-19,-15,200.0
-19,-16,200.0
-19,-16,200.0
-18,-16,200.0
-18,-16,200.0
-17,-16,327.8521682452624
-17,-16,1358.5567601969888
-17,-15,200.0
-17,-15,200.0
-16,-15,200.0
-16,-15,200.0
-15,-15,775.9606931497613
-15,-15,200.0
-14,-15,273.21448115491205
-14,-15,200.0
-14,-16,200.0
-14,-16,200.0
-15,-16,731.2132589657679
-15,-16,200.0
-15,-15,675.8683288025798
-15,-15,200.0
-15,-14,200.0
-15,-14,200.0
-14,-14,3381.3347894730614
-14,-14,200.0
-14,-13,200.0
-14,-13,200.0
-13,-13,950.6759730204111
-13,-13,200.0
-13,-12,200.0
-13,-12,200.0
-12,-12,1307.4686928807535
-12,-12,3600.0
-11,-12,200.0
-11,-12,599.2434134760805
-10,-12,200.0
-10,-12,200.0
-11,-12,200.0
-11,-12,200.0
-11,-11,200.0
-11,-11,3600.0
-10,-11,200.0
-10,-11,1726.4648704613562
-10,-10,200.0
-10,-10,2455.9444316310446
-9,-10,368.185858010619
-9,-10,200.0
-9,-11,200.0
-9,-11,200.0
-9,-10,200.0
-9,-10,339.5399314223319
-9,-9,200.0
-9,-9,2743.544296460674
-9,-8,921.4252206353076
-9,-8,1078.523074981463
-10,-8,200.0
-10,-8,866.1439499232013
-9,-8,402.45153848775135
-9,-8,200.0
-8,-8,3600.0
-8,-8,1733.310808169161
-8,-7,2175.146651476248
-8,-7,851.1415079055246
-8,-6,2570.982560502279
-8,-6,1534.2431479880886
-8,-7,636.7202285552302
-8,-7,1147.2120368484623
-8,-6,1515.9384591061385
-8,-6,581.2317865930838
-8,-5,1696.4579103534725
-8,-5,581.1841394632563
-8,-4,486.38622148465674
-8,-4,1767.6507129068905
-8,-3,200.0
-8,-3,1598.0441462517988
-8,-2,200.0
-8,-2,2182.154486699352
-7,-2,1271.4931729762418
-7,-2,3600.0
-6,-2,1654.632088972623
-6,-2,2788.615374859957
-5,-2,1493.2638054562378
-5,-2,415.0457051003899
-4,-2,1109.9412781029355
-4,-2,200.0
-4,-1,200.0
-4,-1,200.0
-3,-1,200.0
-3,-1,3600.0
-2,-1,877.8386848242069
-2,-1,2404.9471334702143
-2,0,2068.8958077188236
-2,0,1727.7196323543424
-1,0,2158.28967888686
-1,0,936.0773051530641
0,0,2836.301353931214
0,0,2012.6355488792951
-1,0,2466.2500544892564
-1,0,3167.2633592340835
0,0,3436.8814329119537
0,0,3438.0099342049825
-1,0,3128.6933596721533
-1,0,903.7361312857109
0,0,2959.29725819287
0,0,2209.5996199364827
1,0,3118.242649377989
1,0,3201.2536392665006
2,0,759.8379576991081
2,0,2164.8148728956867
3,0,2262.4150387400214
3,0,545.3588806235473
4,0,974.5576524577596
4,0,1592.3554266182202
4,1,2304.1448612030335
4,1,200.0
5,1,2559.00286231291
5,1,2482.0525968092998
5,2,2613.5130056200005
5,2,3600.0
5,3,781.3106462808156
5,3,3600.0
5,2,1761.1277152596872
5,2,3600.0
5,3,1048.3565717984172
5,3,910.3624363892617
4,3,2309.0947334920247
4,3,3600.0
5,3,3267.937421620789
5,3,3600.0
6,3,851.4323897925835
6,3,1523.9098717001511
7,3,1201.6840543643966
7,3,2876.792512452912
7,2,876.4827013499231
7,2,200.0
7,1,1335.9340303444264
7,1,1394.3718649663233
8,1,1389.1451096291078
8,1,1714.2699306572727
8,0,2123.89659135547
8,0,421.0371000262003
9,0,2472.513919847561
9,0,1466.334953059043
9,1,1287.0553859711413
9,1,1113.783602825319
9,2,200.0
9,2,620.4268226572613
10,2,886.5739140785469
10,2,2782.1859520614635
11,2,200.0
11,2,568.9028724584268
11,3,3554.2115308687344
11,3,3283.4740566204246
11,4,200.0
11,4,200.0
12,4,986.8154109159949
12,4,677.2568100989779
13,4,2373.7676936055113
13,4,2038.8227933320418
14,4,200.0
14,4,200.0
14,5,463.7801517338056
14,5,265.40017779450125
14,6,2180.74163235926
14,6,200.0
15,6,816.1595986484903
15,6,200.0
16,6,200.0
16,6,1316.0715855368462
16,7,200.0
16,7,200.0
16,8,200.0
16,8,200.0
16,9,200.0
16,9,200.0
16,10,1107.1033515395427
16,10,200.0
16,11,200.0
16,11,200.0
16,10,200.0
16,10,200.0
16,9,200.0
16,9,200.0
16,8,200.0
16,8,200.0
16,9,751.9204384281622
16,9,200.0
16,10,200.0
16,10,1909.879625303855
16,11,200.0
16,11,200.0
17,11,200.0
17,11,200.0
18,11,200.0
18,11,2270.244534710695
18,12,1373.9708278563999
18,12,200.0
18,13,200.0
18,13,200.0
19,13,601.978021354897
19,13,200.0
19,14,200.0
19,14,200.0
19,15,200.0
19,15,200.0
20,15,200.0
20,15,341.27500744257554
20,16,1098.8454251704084
20,16,200.0
19,16,200.0
19,16,200.0
19,17,200.0
19,17,200.0
19,16,200.0
19,16,200.0
20,16,200.0
20,16,200.0
20,15,200.0
20,15,200.0
20,14,1292.882038848421
20,14,200.0
20,13,200.0
20,13,200.0
20,12,200.0
20,12,200.0
20,11,200.0
20,11,200.0
19,11,897.7615900726628
19,11,200.0
19,10,200.0
19,10,200.0
18,10,200.0
18,10,200.0
17,10,200.0
17,10,200.0
17,11,200.0
17,11,200.0
17,10,200.0
17,10,200.0
17,9,200.0
