-19,-20,100.0
-19,-20,100.0
-19,-19,100.0
-19,-19,100.0
-19,-19,100.0
-19,-18,100.0
-19,-18,100.0
-19,-18,100.0
-19,-17,100.0
-19,-17,100.0
-19,-17,100.0
-19,-16,100.0
-19,-16,100.0
-19,-16,100.0
-19,-15,100.0
-19,-15,100.0
-19,-15,100.0
-19,-16,100.0
-19,-16,100.0
-19,-16,100.0
-18,-16,100.0
-18,-16,100.0
-18,-16,100.0
-17,-16,100.0
-17,-16,100.0
-17,-16,100.0
-17,-15,100.0
-17,-15,100.0
-17,-15,100.0
-16,-15,100.0
-16,-15,100.0
-16,-15,100.0
-15,-15,100.0
-15,-15,100.0
-15,-15,712.6278490758776
-14,-15,100.0
-14,-15,100.0
-14,-15,199.89651863777817
-14,-16,100.0
-14,-16,100.0
-14,-16,100.0
-15,-16,104.68491740949202
-15,-16,329.21063398385513
-15,-16,100.0
-15,-15,100.0
-15,-15,584.9988226933953
-15,-15,100.0
-15,-14,100.0
-15,-14,393.2453124262278
-15,-14,100.0
-14,-14,100.0
-14,-14,100.0
-14,-14,100.0
-14,-13,536.7512067351339
-14,-13,237.24463337355598
-14,-13,100.0
-13,-13,100.0
-13,-13,374.7887155752735
-13,-13,238.61080222372124
-13,-12,100.0
-13,-12,100.0
-13,-12,100.0
-12,-12,100.0
-12,-12,577.5735776109926
-12,-12,100.0
-11,-12,100.0
-11,-12,362.1879644160935
-11,-12,100.0
-10,-12,117.62592113407695
-10,-12,100.0
-10,-12,634.3406404345985
-11,-12,100.0
-11,-12,100.0
-11,-12,100.0
-11,-11,100.0
-11,-11,904.5216998163306
-11,-11,230.31133655134803
-10,-11,100.0
-10,-11,100.0
-10,-11,412.1844060289479
-10,-10,1299.9960241144581
-10,-10,100.0
-10,-10,218.8710482061294
-9,-10,455.66832440123744
-9,-10,100.0
-9,-10,100.0
-9,-11,100.0
-9,-11,396.62694762383006
-9,-11,418.5298578748086
-9,-10,185.26855532595064
-9,-10,668.270016446821
-9,-10,100.0
-9,-9,100.0
-9,-9,332.23531313260446
-9,-9,311.15092112454374
-9,-8,809.1493317088658
-9,-8,816.9669710249591
-9,-8,141.93579214670916
-10,-8,409.65733747819985
-10,-8,100.0
-10,-8,1011.9939151933036
-9,-8,524.8634857042988
-9,-8,696.6226898608104
-9,-8,400.88917973929233
-8,-8,362.1691101890397
-8,-8,100.0
-8,-8,100.0
-8,-7,640.2002409891353
-8,-7,100.0
-8,-7,315.1741780500632
-8,-6,100.0
-8,-6,798.2207466874812
-8,-6,897.5404373742172
-8,-7,256.58560905690035
-8,-7,656.4571921658321
-8,-7,100.0
-8,-6,519.2785688579711
-8,-6,244.33756369201672
-8,-6,100.0
-8,-5,100.0
-8,-5,100.0
-8,-5,750.9012576240796
-8,-4,592.15225040704
-8,-4,699.8310449741302
-8,-4,126.50152816088138
-8,-3,1016.6417756534925
-8,-3,1055.9346413870762
-8,-3,515.5006944484543
-8,-2,1123.7169693285398
-8,-2,725.3660226587568
-8,-2,925.1013630244913
-7,-2,591.4123728374497
-7,-2,100.0
-7,-2,1242.533438981784
-6,-2,644.8068946563499
-6,-2,965.8547288857317
-6,-2,621.3071449312549
-5,-2,118.39172451948775
-5,-2,492.6389876273505
-5,-2,100.0
-4,-2,414.4161487974456
-4,-2,1516.6834973010739
-4,-2,1157.1410237203402
-4,-1,100.0
-4,-1,1800.0
-4,-1,491.63626553526444
-3,-1,891.9003877532514
-3,-1,1164.61306761075
-3,-1,1727.7753160327425
-2,-1,1420.582339129227
-2,-1,644.3185103641121
-2,-1,100.0
-2,0,522.6942690662488
-2,0,100.0
-2,0,829.311595007343
-1,0,1094.9651920950503
-1,0,333.96170904543214
-1,0,1121.5993294522343
0,0,1463.0168257080236
0,0,1800.0
0,0,865.1609124896388
-1,0,1800.0
-1,0,787.4508127729532
-1,0,1080.7277874615193
0,0,627.6884244070867
0,0,866.835552793335
0,0,959.4978466372934
-1,0,645.4603088208743
-1,0,623.7495218941625
-1,0,1297.6862226423764
0,0,1162.9209462724286
0,0,595.1621152308427
0,0,1800.0
1,0,838.6116026507423
1,0,850.7911290482858
1,0,355.34349657310605
2,0,1399.58722182591
2,0,947.7453977340183
2,0,1423.4778874137025
3,0,100.0
3,0,1528.2749825497833
3,0,644.838595844345
4,0,325.3790652231214
4,0,610.9195247439495
4,0,778.263664430657
4,1,722.3493936192037
4,1,1706.3099336094344
4,1,758.5519433911525
5,1,767.4685336840315
5,1,808.4617804931044
5,1,915.3930940456812
5,2,437.27095865048807
5,2,570.0051310517517
5,2,501.77005074876195
5,3,422.7623617538296
5,3,743.7192599738994
5,3,779.7079490037809
5,2,759.6856128268677
5,2,926.551634060305
5,2,100.0
5,3,632.4331198324112
5,3,1341.0453139016204
5,3,718.4263438069759
4,3,1174.32715573769
4,3,998.633488965476
4,3,430.966970712534
5,3,174.81747289491034
5,3,1043.0567976115867
5,3,957.7066829446778
6,3,100.0
6,3,448.6374102111233
6,3,1504.1149370884991
7,3,854.8041350423226
7,3,669.974102679825
7,3,235.23574874332613
7,2,732.9519102970005
7,2,959.2070987111556
7,2,332.389718490257
7,1,321.93395254116484
7,1,424.32480047132304
7,1,189.9442751323844
8,1,263.4208145183513
8,1,921.0725216048542
8,1,409.29370166229825
8,0,613.3411545324161
8,0,889.6955756790312
8,0,367.12318627952254
9,0,100.0
9,0,100.0
9,0,606.8559842272931
9,1,602.8022117552968
9,1,1406.0735825950571
9,1,1035.3918888368348
9,2,1151.0002455553745
9,2,100.0
9,2,535.844714799614
10,2,656.0816507399333
10,2,887.0877231141848
10,2,100.0
11,2,571.6972890076929
11,2,100.0
11,2,100.0
11,3,100.0
11,3,535.0582156880313
11,3,1307.2312123707661
11,4,190.66381822929935
11,4,454.4899930057836
11,4,100.0
12,4,100.0
12,4,100.0
12,4,100.0
13,4,100.0
13,4,100.0
13,4,100.0
14,4,100.0
14,4,877.3902333114947
14,4,628.7032726781391
14,5,100.0
14,5,282.61291194207547
14,5,285.76791679549797
14,6,100.0
14,6,100.0
14,6,100.0
15,6,291.3223715035357
15,6,100.0
15,6,101.15662719145726
16,6,100.0
16,6,656.0225050073396
16,6,479.8209818629588
16,7,100.0
16,7,238.201180401137
16,7,275.07267726458474
16,8,100.0
16,8,100.0
16,8,181.08946276852947
16,9,611.6390038105496
16,9,100.0
16,9,100.0
16,10,100.0
16,10,100.0
16,10,593.9668750859755
16,11,300.06227669744743
16,11,100.0
16,11,100.0
16,10,100.0
16,10,215.8255022120561
16,10,100.0
16,9,147.37328856356544
16,9,178.4117299154488
16,9,100.0
16,8,100.0
16,8,100.0
16,8,100.0
16,9,100.0
16,9,100.0
16,9,100.0
16,10,100.0
16,10,100.0
16,10,100.0
16,11,555.9937749715684
16,11,100.0
16,11,431.1301950278157
17,11,100.0
17,11,100.0
17,11,100.0
18,11,100.0
18,11,100.0
18,11,100.0
18,12,100.0
18,12,100.0
18,12,100.0
18,13,100.0
18,13,231.99634440129796
18,13,100.0
19,13,100.0
19,13,100.0
19,13,100.0
19,14,100.0
19,14,100.0
19,14,100.0
19,15,100.0
19,15,100.0
19,15,400.80399419071455
20,15,100.0
20,15,100.0
20,15,100.0
20,16,100.0
20,16,100.0
20,16,100.0
19,16,247.25309732174162
19,16,100.0
19,16,100.0
19,17,100.0
19,17,162.29385764203596
19,17,144.3607843036558
19,16,100.0
19,16,100.0
19,16,100.0
20,16,100.0
20,16,100.0
20,16,100.0
20,15,100.0
20,15,100.0
20,15,100.0
20,14,100.0
20,14,100.0
20,14,100.0
20,13,100.0
20,13,100.0
20,13,100.0
20,12,100.0
20,12,100.0
20,12,100.0
20,11,100.0
20,11,100.0
20,11,544.8835551228145
19,11,846.6830759900076
19,11,100.0
19,11,100.0
19,10,118.81517271806183
19,10,100.0
19,10,100.0
18,10,100.0
18,10,100.0
18,10,100.0
17,10,118.23096173618302
17,10,100.0
17,10,100.0
17,11,100.0
17,11,100.0
17,11,100.0
17,10,316.72022097707986
17,10,511.86347002686136
17,10,137.5776413279647
17,9,482.33831868637674
17,9,100.0
17,9,432.7925611865435
17,8,100.77279157735131
17,8,100.0
17,8,100.0
17,7,100.0
17,7,100.0
17,7,210.66932946885152
17,6,100.0
17,6,100.0
17,6,100.0
17,5,408.4569630900609
17,5,100.0
17,5,100.0
17,4,100.0
17,4,330.4709400609165
17,4,100.0
16,4,321.15731394488887
16,4,100.0
16,4,100.0
15,4,100.0
15,4,432.26753942952485
15,4,753.9975313101972
14,4,166.97842216070828
14,4,163.36993013562594
14,4,100.0
14,3,782.3431495067507
14,3,699.3131943994622
14,3,157.52027377294735
14,4,100.0
14,4,100.0
14,4,204.7924954907456
14,3,561.6952437066177
14,3,1090.8247247891034
14,3,100.0
14,2,100.0
14,2,496.18184835299735
14,2,100.0
14,3,746.2636165075754
14,3,384.8563039333068
14,3,181.09965249426267
14,2,100.0
14,2,100.0
14,2,310.2094881762415
14,1,1489.191614800531
14,1,241.9212998118347
14,1,363.8121958558718
14,2,235.3816362628573
14,2,100.0
14,2,100.0
14,1,547.1755129147563
14,1,219.8754083932257
14,1,550.8587873218244
14,0,150.1394256851097
14,0,891.1727871830374
14,0,100.0
14,1,921.9442429172935
14,1,194.10301030712418
14,1,100.0
13,1,169.71142397270376
13,1,184.66263788326157
13,1,100.0
13,0,253.4393334432477
13,0,100.0
13,0,100.0
13,-1,132.8235947920476
13,-1,290.11519977700715
13,-1,1204.2218401267155
12,-1,515.9595572024429
12,-1,100.0
12,-1,926.8754382756072
12,-2,100.0
12,-2,1396.9268274965038
12,-2,668.2777935098914
12,-3,474.01337631098954
12,-3,219.93016339856374
12,-3,590.4020719982915
12,-4,106.06933545101553
12,-4,628.8757573819616
12,-4,100.0
13,-4,100.0
13,-4,100.0
13,-4,706.9769358682748
12,-4,309.3964939300484
12,-4,100.0
12,-4,639.4512129359032
13,-4,751.1140166132293
13,-4,400.3226632943664
13,-4,181.72790479090332
12,-4,100.0
12,-4,242.97823794147945
12,-4,529.6952877600979
11,-4,100.86051217818192
11,-4,100.0
11,-4,100.0
10,-4,832.3043487216266
10,-4,316.63408665505193
10,-4,982.3312102045563
9,-4,532.1495259176938
9,-4,557.6910542423575
9,-4,339.5110801240994
9,-3,340.3756403162804
9,-3,100.0
9,-3,508.37503411100283
8,-3,681.2826532208366
8,-3,102.17816984408893
8,-3,246.81652236095522
7,-3,365.84053988139624
7,-3,433.94375766408825
7,-3,440.8747534645147
8,-3,855.1472708865012
8,-3,100.0
8,-3,125.22009201688547
7,-3,229.45080169111816
7,-3,385.281275633887
7,-3,1672.3174122848309
6,-3,1430.956412014601
6,-3,100.0
6,-3,695.5252880190983
5,-3,851.3335603659393
5,-3,785.8539119502489
5,-3,196.92528265688532
5,-2,796.5159509684651
5,-2,1624.7494363711726
5,-2,789.6073035997014
