-19,-20,200.0
-19,-19,200.0
-19,-19,429.50058685676913
-19,-18,200.0
-19,-18,200.0
-19,-17,200.0
-19,-17,200.0
-19,-16,449.4253676541907
-19,-16,200.0
-19,-15,200.0
-19,-15,200.0
-19,-16,200.0
-19,-16,200.0
-18,-16,200.0
-18,-16,200.0
-17,-16,200.0
-17,-16,200.0
-17,-15,200.0
-17,-15,200.0
-16,-15,200.0
-16,-15,200.0
-15,-15,200.0
-15,-15,200.0
-14,-15,200.0
-14,-15,200.0
-14,-16,200.0
-14,-16,200.0
-15,-16,200.0
-15,-16,200.0
-15,-15,241.7762853541766
-15,-15,200.0
-15,-14,200.0
-15,-14,200.0
-14,-14,792.5746591447994
-14,-14,200.0
-14,-13,200.0
-14,-13,1116.7096743026218
-13,-13,200.0
-13,-13,200.0
-13,-12,200.0
-13,-12,200.0
-12,-12,1388.4124174917397
-12,-12,355.7812807845124
-11,-12,200.0
-11,-12,904.252767192979
-10,-12,968.5305548280056
-10,-12,200.0
-11,-12,200.0
-11,-12,1457.5361117605069
-11,-11,338.30265212050926
-11,-11,200.0
-10,-11,200.0
-10,-11,200.0
-10,-10,200.0
-10,-10,200.0
-9,-10,200.0
-9,-10,200.0
-9,-11,803.4338796120486
-9,-11,2344.08431467861
-9,-10,381.14977139528105
-9,-10,390.5774967453265
-9,-9,200.0
-9,-9,200.0
-9,-8,1270.1801549347324
-9,-8,200.0
-10,-8,341.35612930492636
-10,-8,200.0
-9,-8,913.1348995354803
-9,-8,931.1063915648932
-8,-8,630.9865875129473
-8,-8,909.1332683147443
-8,-7,200.0
-8,-7,3010.32695325296
-8,-6,581.3678960983084
-8,-6,2505.3430016784328
-8,-7,200.0
-8,-7,200.0
-8,-6,1781.768670942532
-8,-6,854.0299548175045
-8,-5,2125.8966402481324
-8,-5,200.0
-8,-4,1167.9340310013135
-8,-4,2614.762586771636
-8,-3,912.2499193232359
-8,-3,200.0
-8,-2,1915.368057153886
-8,-2,1064.4447716981085
-7,-2,2048.6844819019707
-7,-2,1377.575328994677
-6,-2,1672.231621589366
-6,-2,1165.7500985829329
-5,-2,3092.7429922873616
-5,-2,2207.927414190499
-4,-2,2355.9210479633366
-4,-2,1965.9056082578143
-4,-1,662.3163171196486
-4,-1,1741.0795300059824
-3,-1,2169.8708885310243
-3,-1,200.0
-2,-1,1355.0972825295944
-2,-1,1126.4111045605136
-2,0,1682.798575202583
-2,0,1290.8142772874494
-1,0,2595.226974805261
-1,0,3300.4781061665344
0,0,3298.9067889960243
0,0,511.19048017093905
-1,0,3600.0
-1,0,1949.2754577141823
0,0,2610.749276927547
0,0,2540.5321449682942
-1,0,2463.683324168453
-1,0,3600.0
0,0,3600.0
0,0,966.2135764039494
1,0,3139.7568539334134
1,0,1794.5235861978808
2,0,444.50683221868485
2,0,3548.8441599079106
3,0,625.0148721642809
3,0,1163.7894041678508
4,0,2039.4476220003403
4,0,1591.5498257161244
4,1,907.1273494593031
4,1,3600.0
5,1,610.9210082363415
5,1,1806.5335720219002
5,2,1353.14868531506
5,2,2405.3106195125943
5,3,200.0
5,3,316.02343888003406
5,2,2475.4195775579155
5,2,1220.641206465037
5,3,1883.701309774398
5,3,1065.218779948998
4,3,2178.778013209666
4,3,567.570374098138
5,3,200.0
5,3,683.1677415746392
6,3,3106.0240353238682
6,3,501.13377228478475
7,3,200.0
7,3,3311.624443979775
7,2,200.0
7,2,1598.8428594487357
7,1,933.6631357490252
7,1,1543.417860468259
8,1,200.0
8,1,2527.673599518859
8,0,200.0
8,0,798.5078545850191
9,0,2294.878060310474
9,0,200.0
9,1,200.0
9,1,200.0
9,2,1322.288949863707
9,2,2566.1519324067876
10,2,704.967214826383
10,2,200.0
11,2,1152.0341626339523
11,2,200.0
11,3,719.1115944509911
11,3,1107.0224744578993
11,4,835.4559745603891
11,4,200.0
12,4,200.0
12,4,1354.1720712239226
13,4,1055.5942276099665
13,4,246.43225874520894
14,4,1878.2236708391124
14,4,327.78358054918067
14,5,200.0
14,5,1190.0171766868198
14,6,200.0
14,6,1158.9212611666921
15,6,1136.830444576997
15,6,200.0
16,6,200.0
16,6,1576.9182027479337
16,7,200.0
16,7,200.0
16,8,200.0
16,8,200.0
16,9,221.16226809416355
16,9,200.0
16,10,200.0
16,10,200.0
16,11,676.3468614390379
16,11,200.0
16,10,662.4430367924712
16,10,200.0
16,9,224.98985443050924
16,9,1204.823836260482
16,8,200.0
16,8,841.951688048825
16,9,1833.7612908666886
16,9,200.0
16,10,200.0
16,10,200.0
16,11,483.24198493708036
16,11,200.0
17,11,200.0
17,11,275.18408646709315
18,11,612.1278218669157
18,11,200.0
18,12,978.6567577206249
18,12,200.0
18,13,200.0
18,13,200.0
19,13,200.0
19,13,200.0
19,14,200.0
19,14,200.0
19,15,200.0
19,15,200.0
20,15,200.0
20,15,200.0
20,16,563.7834133245767
20,16,200.0
19,16,200.0
19,16,200.0
19,17,200.0
19,17,1035.4380081462987
19,16,200.0
19,16,200.0
20,16,200.0
20,16,200.0
20,15,217.5490119252887
20,15,200.0
20,14,362.41915642546155
20,14,200.0
20,13,200.0
20,13,200.0
20,12,200.0
20,12,200.0
20,11,200.0
20,11,200.0
19,11,200.0
19,11,200.0
19,10,200.0
19,10,794.627445362122
18,10,200.0
18,10,200.0
17,10,1289.208081755381
17,10,200.0
17,11,200.0
17,11,460.1340397795142
17,10,493.6270388396124
17,10,200.0
17,9,200.0
