-19,-20,100.0
-19,-20,100.0
-19,-19,100.0
-19,-19,100.0
-19,-19,100.0
-19,-18,100.0
-19,-18,100.0
-19,-18,100.0
-19,-17,100.0
-19,-17,100.0
-19,-17,100.0
-19,-16,299.2104184695786
-19,-16,100.0
-19,-16,100.0
-19,-15,100.0
-19,-15,100.0
-19,-15,100.0
-19,-16,100.0
-19,-16,100.0
-19,-16,100.0
-18,-16,100.0
-18,-16,100.0
-18,-16,100.0
-17,-16,100.0
-17,-16,100.0
-17,-16,399.3417428909388
-17,-15,100.0
-17,-15,100.0
-17,-15,100.0
-16,-15,310.4731176908114
-16,-15,457.06332827157735
-16,-15,377.7679134751736
-15,-15,100.0
-15,-15,100.0
-15,-15,100.0
-14,-15,100.0
-14,-15,100.0
-14,-15,100.0
-14,-16,100.0
-14,-16,100.0
-14,-16,100.0
-15,-16,100.0
-15,-16,100.0
-15,-16,100.0
-15,-15,100.0
-15,-15,100.0
-15,-15,100.0
-15,-14,100.0
-15,-14,100.0
-15,-14,485.51252464812535
-14,-14,301.21959380907504
-14,-14,557.7901351787584
-14,-14,100.0
-14,-13,281.0166228229215
-14,-13,100.0
-14,-13,100.0
-13,-13,100.0
-13,-13,100.0
-13,-13,100.0
-13,-12,100.0
-13,-12,1163.1935497382547
-13,-12,100.0
-12,-12,100.0
-12,-12,849.1277691150318
-12,-12,100.0
-11,-12,100.0
-11,-12,100.0
-11,-12,316.18981287985616
-10,-12,100.0
-10,-12,100.0
-10,-12,917.3261354402722
-11,-12,578.3227956019606
-11,-12,403.74695298150846
-11,-12,359.7974085280886
-11,-11,100.0
-11,-11,100.0
-11,-11,100.0
-10,-11,486.35106401747737
-10,-11,100.0
-10,-11,126.46946413459256
-10,-10,167.81629415210364
-10,-10,100.0
-10,-10,100.0
-9,-10,100.0
-9,-10,433.17764057431776
-9,-10,779.6451293380567
-9,-11,100.0
-9,-11,614.5541013901848
-9,-11,100.0
-9,-10,365.38993734969193
-9,-10,100.0
-9,-10,117.9620668980654
-9,-9,100.0
-9,-9,100.0
-9,-9,100.0
-9,-8,516.3524001282722
-9,-8,249.19570591460013
-9,-8,100.0
-10,-8,100.0
-10,-8,100.0
-10,-8,269.2324509619804
-9,-8,251.8040284217994
-9,-8,564.1940622663847
-9,-8,100.0
-8,-8,100.0
-8,-8,229.91225825247534
-8,-8,100.0
-8,-7,100.0
-8,-7,937.9881872284793
-8,-7,100.0
-8,-6,871.4592207492144
-8,-6,128.23197497074716
-8,-6,613.5932205091067
-8,-7,1800.0
-8,-7,100.0
-8,-7,465.21367380110445
-8,-6,100.0
-8,-6,300.6665072552222
-8,-6,100.0
-8,-5,517.0300125234756
-8,-5,498.26181024721785
-8,-5,672.6087656006362
-8,-4,100.0
-8,-4,100.0
-8,-4,525.2013349346911
-8,-3,156.72399691339126
-8,-3,100.0
-8,-3,100.0
-8,-2,100.0
-8,-2,1109.0149636909766
-8,-2,1133.1593133874997
-7,-2,100.0
-7,-2,939.7575655442586
-7,-2,378.886411980249
-6,-2,525.0095934505157
-6,-2,390.0035544860883
-6,-2,1108.8586514185781
-5,-2,100.0
-5,-2,119.6962666512062
-5,-2,756.7950840422728
-4,-2,211.23390428313894
-4,-2,858.4380545625626
-4,-2,1093.749097482286
-4,-1,100.0
-4,-1,1434.6166576256371
-4,-1,651.1084121517158
-3,-1,725.2171942119821
-3,-1,311.8791643057317
-3,-1,229.59035977710516
-2,-1,668.4586005217648
-2,-1,245.95900997570266
-2,-1,1196.2399437656027
-2,0,980.8109981677213
-2,0,1009.1387188974014
-2,0,1123.5202327294405
-1,0,941.8254210884022
-1,0,903.9278108556211
-1,0,916.1194666595585
0,0,840.150368900948
0,0,1226.9090128753492
0,0,899.4423225921986
-1,0,1191.9165547850025
-1,0,1272.2746746485984
-1,0,1081.745661974114
0,0,533.4141589215378
0,0,583.2809553858909
0,0,376.3913731933901
-1,0,1200.2696158030526
-1,0,1348.9651021172212
-1,0,872.9322960926831
0,0,438.8023107783675
0,0,1100.5565162864364
0,0,1289.2675785050624
1,0,1009.1172310282686
1,0,1011.6749631683484
1,0,906.5280134274069
2,0,1056.2909979814317
2,0,1770.166947071283
2,0,1103.146930256245
3,0,1136.8958027997724
3,0,251.07986893716276
3,0,100.0
4,0,751.7974195726318
4,0,317.38805730842546
4,0,660.0767231002989
4,1,861.9923311821442
4,1,417.85265410111583
4,1,100.0
5,1,398.38754496525496
5,1,439.1243498922876
5,1,1158.3021842211308
5,2,204.1136650970319
5,2,391.793239066835
5,2,100.0
5,3,821.7681300291517
5,3,695.5853040912255
5,3,456.5590488539162
5,2,441.0396274703958
5,2,362.9165070755203
5,2,444.7810036957932
5,3,1025.0749246556777
5,3,466.9943665682592
5,3,593.317598118516
4,3,100.0
4,3,1800.0
4,3,981.9498448724411
5,3,1026.225711276051
5,3,488.75139940685096
5,3,1007.3768848266916
6,3,363.26266387452233
6,3,1123.3422793465902
6,3,212.18816470444324
7,3,138.10580028000965
7,3,141.40659025993511
7,3,609.5950965198646
7,2,1069.9643787901814
7,2,921.873071296671
7,2,772.8259517509141
7,1,556.5500115797412
7,1,968.3709711118235
7,1,334.5122882328567
8,1,100.0
8,1,100.0
8,1,340.4494263529431
8,0,418.8838204334664
8,0,1800.0
8,0,809.3618886767675
9,0,168.4293896822025
9,0,1285.1882939867419
9,0,260.3869983079108
9,1,652.3424157169356
9,1,1017.2460856725615
9,1,556.7560116619514
9,2,400.84467011878394
9,2,100.0
9,2,218.32092900405064
10,2,139.52491331589533
10,2,100.0
10,2,577.0016646544684
11,2,157.19190152193084
11,2,800.0460532998927
11,2,1290.4344927319698
11,3,193.0890346431828
11,3,100.0
11,3,856.2374382962018
11,4,100.0
11,4,242.06841409013586
11,4,431.773471178416
12,4,100.0
12,4,328.68834757591327
12,4,116.65691957170415
13,4,291.26149141726285
13,4,100.0
13,4,185.66210485284796
14,4,276.9517977491342
14,4,177.88463936894334
14,4,100.0
14,5,132.48553543534194
14,5,449.84782773278357
14,5,479.47339270121796
14,6,224.82821646348032
14,6,100.0
14,6,100.0
15,6,100.0
15,6,219.67743103177398
15,6,100.0
16,6,267.19058793674117
16,6,100.0
16,6,100.0
16,7,100.0
16,7,100.0
16,7,100.0
16,8,258.0969775975169
16,8,247.1837968535936
16,8,100.0
16,9,100.0
16,9,100.0
16,9,236.8723049862337
16,10,100.0
16,10,100.0
16,10,100.0
16,11,456.17996858142374
16,11,100.0
16,11,100.0
16,10,100.0
16,10,100.0
16,10,100.0
16,9,107.43649948350776
16,9,148.63316517987914
16,9,100.0
16,8,100.0
16,8,100.0
16,8,100.0
16,9,100.0
16,9,100.0
16,9,740.3827748220154
16,10,100.0
16,10,100.0
16,10,100.0
16,11,115.42343291535803
16,11,100.0
16,11,100.0
17,11,303.9636682770773
17,11,790.4342251364794
17,11,100.0
18,11,100.0
18,11,100.0
18,11,100.0
18,12,100.0
18,12,100.0
18,12,167.81202808633213
18,13,100.0
18,13,100.0
18,13,100.0
19,13,100.0
19,13,100.0
19,13,100.0
19,14,100.0
19,14,100.0
19,14,100.0
19,15,225.2910290535599
19,15,807.9359874990375
19,15,120.45278545614127
20,15,130.62164787703972
20,15,100.0
20,15,100.0
20,16,100.0
20,16,100.0
20,16,510.13857964470515
19,16,100.0
19,16,100.0
19,16,100.0
19,17,100.0
19,17,100.0
19,17,100.0
19,16,100.0
19,16,720.6882120603866
19,16,100.0
20,16,668.7217269055429
20,16,100.0
20,16,100.0
20,15,100.0
20,15,100.0
20,15,100.0
20,14,100.0
20,14,100.0
20,14,100.0
20,13,100.0
20,13,100.0
20,13,100.0
20,12,100.0
20,12,100.0
20,12,100.0
20,11,100.0
20,11,409.9265893324424
20,11,100.0
19,11,100.0
19,11,100.0
19,11,100.0
19,10,100.0
19,10,100.0
19,10,314.2368146992049
18,10,100.0
18,10,100.0
18,10,100.0
17,10,145.45483938664836
17,10,100.0
17,10,100.0
17,11,316.3615286017473
17,11,100.0
17,11,100.0
17,10,100.0
17,10,100.0
17,10,100.0
17,9,100.0
17,9,100.0
17,9,100.0
17,8,301.6162142539122
17,8,100.0
17,8,100.0
17,7,100.0
17,7,100.0
17,7,760.447313879875
17,6,100.0
17,6,100.0
17,6,711.5407740442562
17,5,100.0
17,5,100.0
17,5,166.1215240932192
17,4,100.0
17,4,100.0
17,4,100.0
16,4,100.0
16,4,100.0
16,4,100.0
15,4,493.4856241609103
15,4,288.01583310563586
15,4,566.9981785796186
14,4,280.25360235065943
14,4,100.0
14,4,100.0
14,3,638.2763071693721
14,3,100.0
14,3,100.0
14,4,100.0
14,4,133.4067409337905
14,4,175.13097943338516
14,3,100.0
14,3,468.9620603229741
14,3,100.0
14,2,100.0
14,2,191.67019244801733
14,2,100.0
14,3,100.0
14,3,100.0
14,3,100.0
14,2,602.4735771402393
14,2,100.0
14,2,100.0
14,1,100.0
14,1,462.13368000933383
14,1,125.4294735041056
14,2,100.0
14,2,273.9876539711146
14,2,705.9722401181126
14,1,786.0976872817779
14,1,100.0
14,1,100.0
14,0,100.0
14,0,100.0
14,0,244.46240686091443
14,1,100.0
14,1,100.0
14,1,836.7722901230924
13,1,230.30135110488524
13,1,100.0
13,1,100.0
13,0,480.75541752059115
13,0,100.0
13,0,212.53641130987728
13,-1,170.8688175730932
13,-1,647.516276434963
13,-1,100.0
12,-1,272.2122660160663
12,-1,678.5970856782869
12,-1,215.78524870011037
12,-2,155.80644778942596
12,-2,187.38223370007628
12,-2,100.0
12,-3,100.0
12,-3,607.8089727955223
12,-3,100.0
12,-4,100.0
12,-4,740.9339329888095
12,-4,478.516045626366
13,-4,525.8519503876088
13,-4,263.090717162642
13,-4,100.0
12,-4,1059.751614719586
12,-4,540.8493922999473
12,-4,1029.3522812288284
13,-4,628.313783525294
13,-4,497.91874887853385
13,-4,653.0522685740909
12,-4,100.0
12,-4,873.657708130972
12,-4,382.6918194587896
11,-4,699.6419582904164
11,-4,893.9308846621235
11,-4,113.75119041151515
10,-4,884.1744950144579
10,-4,100.0
10,-4,100.0
9,-4,837.8645355889964
9,-4,394.705894169216
9,-4,999.1959469352101
9,-3,100.0
9,-3,759.3323537568483
9,-3,596.3016760799649
8,-3,288.81395867385913
8,-3,109.04442033395736
8,-3,1000.7457702168163
7,-3,372.87947528525854
7,-3,433.8393284324718
7,-3,651.616334485612
8,-3,324.6758313931462
8,-3,759.3044745709469
8,-3,585.0290042700357
7,-3,787.0400756330951
7,-3,918.9555007391554
7,-3,1248.7294676028432
6,-3,417.7087086297838
6,-3,638.6234620412688
6,-3,396.0218900496665
5,-3,1052.0945424180445
5,-3,677.4498417644241
5,-3,100.0
5,-2,1325.3282926701336
5,-2,952.7104884035391
5,-2,574.5476869557816
