3.49128
3.00518
2.86717
3.04287
3.156
3.01668
3.30275
3.22594
3.42672
3.49788
3.5
3.5
3.5
3.5
3.5
3.5
3.5
3.5
3.5
3.5
3.5
3.5
3.5
3.5
3.5
3.49788
3.5
3.5
3.5
3.5
3.5
3.5
3.5
3.5
3.5
3.5
3.34313
3.3121
2.93705
2.90895
2.83236
2.8224
2.8616
2.91475
2.87938
2.99113
3.02343
3.49347
3.49788
3.5
3.34313
3.5
3.5
3.5
3.5
3.5
3.5
3.5
3.5
3.5
3.5
3.5
3.5
3.5
3.5
3.5
3.5
3.5
3.33318
3.13828
3.01171
2.81704
2.78287
2.83557
2.95417
3.19982
3.14027
3.24374
3.5
3.34313
3.5
3.5
3.5
3.5
3.5
3.5
3.5
3.5
3.5
3.5
3.5
3.5
3.5
3.5
3.5
3.5
3.5
3.5
3.5
