1.9626
1.89374
1.80725
1.79208
1.72175
1.51284
1.34709
1.33156
1.30423
1.13931
1.28199
1.36528
1.41633
1.47394
1.71305
1.5771
1.56528
1.69261
1.76925
1.83973
1.66923
1.56454
1.84784
1.67923
1.58013
1.63944
1.39103
1.64292
1.33483
1.32628
1.35285
1.56358
1.56997
1.5048
1.49442
1.51329
1.47072
1.77327
1.81258
1.83945
1.7248
1.68765
1.60677
1.50996
1.55768
1.71399
1.62676
1.67168
2.07853
1.95833
1.96481
1.92
1.90869
1.84
1.64177
1.9677
1.84
1.70894
1.66675
1.72803
1.53934
1.58946
1.64542
1.74811
1.6064
1.74295
2.02191
1.88776
1.96492
1.83973
1.9152
1.82419
1.90404
1.88781
1.77038
1.77055
1.66518
1.71196
1.52556
1.51711
1.54423
1.5277
1.60037
1.55906
1.52125
1.64925
1.43645
1.43954
1.68096
1.59558
1.73201
1.74283
1.74837
1.70593
1.7224
1.5817
1.78124
1.61724
1.54543
