1.96537
1.81185
1.77329
1.65872
1.47607
1.50201
1.43049
1.34143
1.1847
1.22071
1.25743
1.39073
1.48153
1.56512
1.75321
1.597
1.85225
1.56086
1.84
1.83945
1.65713
1.9428
1.87758
1.80161
1.76752
1.58706
1.3976
1.39281
1.28206
1.27819
1.39868
1.41818
1.64662
1.45267
1.68251
1.51067
1.47181
1.73677
1.64918
1.83917
1.79746
1.67279
1.47002
1.55021
1.61274
1.67668
1.63631
1.81683
1.95511
1.72873
1.96492
1.92
1.89811
1.84
1.64402
1.96666
1.84
1.7353
1.68355
1.65134
1.49695
1.57332
1.54191
1.67113
1.61961
1.78735
1.68791
1.8526
1.96062
1.83973
1.90827
1.83328
1.90344
1.81451
1.62485
1.80803
1.63421
1.66407
1.48521
1.44302
1.5859
1.62508
1.55126
1.55941
1.56625
1.60887
1.46558
1.46384
1.43291
1.68531
1.55804
1.73286
1.44382
1.88556
1.67053
1.73164
1.79934
1.65583
1.66259
