2.82927
2.66513
2.69549
2.64756
2.66479
2.5674
1.82126
2.40521
2.2606
2.5207
2.585
2.51394
2.54742
2.64559
2.60807
2.6257
2.72451
2.82275
2.81919
2.82754
2.66779
2.71099
2.68841
2.68244
2.61167
2.57467
2.6125
2.5473
1.81743
2.37455
1.82997
2.65764
2.63958
2.56471
2.56342
2.57969
2.56515
2.57074
2.66691
2.74562
2.6391
2.60799
2.55795
2.65648
2.57713
2.62005
2.74345
2.62504
2.68125
2.63326
2.73491
2.77954
2.78463
2.83153
2.82495
2.86863
2.8279
2.67919
2.69388
2.6209
2.52961
2.71778
2.62773
2.70694
2.63327
2.69414
2.69117
2.72246
2.82899
2.82936
2.82836
2.80979
2.82137
2.73366
2.71691
2.71648
2.65412
2.62393
2.56312
2.56138
2.62768
2.61745
2.71469
2.67484
2.60397
2.62762
2.61743
2.57669
2.53569
2.62492
2.56661
2.64605
2.67032
2.68371
2.8233
2.73909
2.65891
2.66608
2.6381
