1.96537
1.8877
1.82703
1.45312
1.56957
1.39326
1.37081
1.31624
1.25361
1.15412
1.43938
1.33768
1.51998
1.64432
1.87295
1.52536
1.45082
1.61465
1.8038
1.84
1.62847
1.79509
1.89026
1.80967
1.59959
1.62062
1.40189
1.63911
1.23716
1.30104
1.45827
1.55023
1.55908
1.38004
1.60264
1.62285
1.67885
1.73418
1.80407
1.83973
1.88552
1.61924
1.5463
1.68953
1.4834
1.66706
1.64438
1.61477
1.94777
1.99186
1.85586
1.92
1.90113
1.84
1.63884
1.96751
1.84
1.7033
1.62586
1.62376
1.54504
1.57549
1.64997
1.67409
1.58793
2.09891
1.81027
1.88776
1.89394
1.84
1.9091
1.91349
1.9755
1.88828
1.6806
1.69631
1.81064
1.59975
1.48671
1.61849
1.63918
1.55598
1.69249
1.70783
1.52135
1.60457
1.52206
1.57408
1.71937
1.55571
1.80445
1.65567
1.81637
1.91167
1.81431
1.68635
1.9151
1.72833
1.59575
