2.82765
2.70019
2.67946
2.63704
2.6549
2.53784
1.82815
2.00831
2.28047
2.55461
2.51912
2.49216
2.58378
2.63517
2.61686
2.61589
2.69892
2.8299
2.82589
2.81478
2.67875
2.69674
2.66267
2.6303
2.63517
2.62076
2.5456
2.48098
1.8277
2.29125
1.83221
2.43571
2.6489
2.57189
2.60985
2.57199
2.62047
2.69336
2.68002
2.72654
2.69117
2.58545
2.59959
2.60555
2.50773
2.59335
2.72277
2.66549
2.69414
2.65363
2.72623
2.80055
2.83328
2.82936
2.8279
2.8679
2.8279
2.69502
2.71452
2.66796
2.51258
2.65775
2.63796
2.68141
2.58669
2.63691
2.65897
2.71379
2.83205
2.82936
2.82716
2.81419
2.82421
2.68847
2.70865
2.73876
2.62806
2.62706
2.65951
2.63232
2.68584
2.64787
2.70386
2.69341
2.58343
2.61129
2.54598
2.56524
2.5077
2.56151
2.64448
2.64475
2.6641
2.64012
2.82256
2.80576
2.7482
2.6928
2.64791
