1.96658
1.88781
1.81418
1.57587
1.56652
1.45799
1.34552
1.33882
1.18085
1.18399
1.24932
1.3595
1.41071
1.56957
1.69873
1.60651
1.61466
1.54771
1.83973
1.83945
1.6337
1.7391
1.84002
1.71461
1.82295
1.55941
1.42055
1.48915
1.25885
1.3038
1.49648
1.55958
1.55958
1.4047
1.64704
1.38884
1.71245
1.73549
1.63406
1.83945
1.79918
1.61204
1.54939
1.50287
1.57027
1.6319
1.69149
1.67185
1.86747
2.00423
1.96537
1.92
1.91278
1.84
1.63752
1.96764
1.84
1.71687
1.63931
1.66575
1.47264
1.57522
1.55662
1.67409
1.56126
1.8516
1.79013
1.85315
1.96365
1.84
1.91278
1.78154
1.86471
1.88537
1.62536
1.80697
1.79944
1.49006
1.5507
1.4488
1.5452
1.46725
1.63958
1.72542
1.52681
1.57252
1.51678
1.44259
1.58864
1.68055
1.65159
1.72808
1.59503
1.94886
1.80354
1.77856
1.95833
1.73725
1.87066
