1.96547
1.88792
1.81768
1.67857
1.56483
1.50593
1.38411
1.35778
1.25653
1.21056
1.60085
1.34578
1.54429
1.60423
1.57399
1.62368
1.41879
1.63153
1.84
1.83945
1.63715
1.79654
1.80114
1.71257
1.55851
1.52821
1.4029
1.49266
1.38845
1.32149
1.39314
1.46604
1.51429
1.40189
1.5859
1.44227
1.66944
1.65539
1.5256
1.76898
1.88197
1.60275
1.71358
1.49836
1.6159
1.56648
1.72909
1.77243
1.80529
1.9639
1.96337
1.92
1.90661
1.84
1.64338
1.96764
1.84
1.7351
1.62191
1.75604
1.41547
1.64781
1.65175
1.6766
1.56625
1.71574
1.98937
1.89108
1.9665
1.83973
1.91033
1.92208
1.93984
1.81332
1.55853
1.76861
1.72325
1.62845
1.50163
1.74823
1.70596
1.59536
1.43335
1.52132
1.64925
1.61445
1.51711
1.57625
1.49399
1.54727
1.63311
1.71621
1.74225
1.91337
1.82077
1.81125
1.77552
1.72711
1.82794
