0.622504
0.857545
0.400352
0.324144
0.290757
0.290757
0.504852
0.409524
0.704844
0.614057
0.704549
0.984184
1.1629
1.25097
1.10011
1.01888
0.750307
1.07238
1.17291
1.00222
1.20492
1.23266
1.06247
1.20492
1.20492
1.06247
1.00917
1.30535
1.09538
1.24227
1.07179
0.810262
0.567892
0.303472
0.452556
0.56926
0.356362
0.331738
0.411886
0.726389
0.423167
0.725585
0.639665
0.791237
0.432571
0.880079
1.21513
1.23823
0.867308
1.24286
1.24212
1.00947
1.24212
1.24227
1.22324
1.0105
1.17386
1.10772
1.31631
1.21513
1.40917
1.29603
1.23266
1.16275
1.29603
1.40902
1.40917
1.35179
1.14067
1.40917
1.26731
1.09996
0.937354
1.40932
1.36097
1.24168
1.0902
1.20934
1.09538
1.22709
1.24198
1.40947
1.36126
1.40917
1.35179
1.35179
1.15358
1.23266
1.04717
0.991408
0.991408
0.991408
0.739807
0.77926
0.749126
0.847157
0.813238
1.21469
0.695528
