0.516321
0.605033
0.605033
0.324144
0.290757
0.400352
0.299928
0.409524
0.409524
0.704696
0.909473
1.00932
0.797012
1.09982
0.994242
0.868489
0.847358
1.00947
0.788875
1.09967
1.36097
1.0
1.15358
1.23266
1.01192
1.16359
1.15358
1.40917
1.3052
1.26686
1.07179
0.938092
0.666033
0.568778
0.25019
0.346384
0.434581
0.412772
0.411443
0.616663
0.635241
1.12162
0.942467
0.466836
0.335319
0.61701
0.941433
0.867751
1.01916
1.00961
1.00961
1.24227
1.24198
1.3052
1.24257
1.26045
1.25266
1.22038
1.30579
1.24242
1.3135
1.36111
1.20492
1.35179
1.23266
1.4
1.40902
1.40917
1.36111
1.36111
1.40961
1.06492
1.36097
0.910235
1.25755
1.24183
0.739807
1.4
0.739807
1.06247
1.2191
1.36126
1.22352
1.40917
1.30505
1.25755
1.35179
1.25755
1.15358
1.0902
0.695377
0.400352
0.605276
0.695377
0.80318
0.72154
1.02183
0.759809
1.19814
