1.75
1.75
1.75
1.75
1.75
1.75
1.75
1.75
1.60445
1.75
1.75
1.75
1.75
1.75
1.59746
1.52674
1.49429
1.3372
1.52674
1.73595
1.75
1.75
1.75
1.75
1.75
1.75
1.75
1.75
1.74302
1.60445
1.75
1.60445
1.75
1.60445
1.60445
1.75
1.68219
1.68219
1.75
1.75
1.68219
1.68219
1.75
1.75
1.75
1.75
1.75
1.75
1.73595
1.68789
1.34643
1.40458
1.58031
1.58325
1.75
1.75
1.75
1.75
1.75
1.75
1.75
1.75
1.75
1.75
1.75
1.75
1.75
1.75
1.59746
1.5904
1.58683
1.73595
1.59746
1.74302
1.75
1.75
1.75
1.75
1.75
1.75
1.75
1.75
1.75
1.75
1.74652
1.75
1.75
1.7288
1.70309
1.72519
1.57964
1.74302
1.7288
1.59746
1.50285
1.46268
1.565
1.56869
1.47019
