1.75
1.75
1.75
1.75
1.75
1.74902
1.67924
1.75
1.74951
1.75
1.75
1.75
1.75
1.746
1.74147
1.72085
1.36793
1.29901
1.54061
1.66961
1.74951
1.68071
1.75
1.75
1.75
1.75
1.75
1.75
1.75
1.74902
1.75
1.75
1.75
1.75
1.75
1.748
1.74801
1.74951
1.74902
1.75
1.75
1.75
1.75
1.75
1.75
1.75
1.75
1.75
1.74853
1.73683
1.46051
1.44019
1.40021
1.50673
1.63543
1.74553
1.74801
1.75
1.75
1.75
1.75
1.75
1.75
1.75
1.75
1.75
1.75
1.75
1.74401
1.49567
1.61808
1.49613
1.32141
1.4552
1.60127
1.51212
1.74902
1.67872
1.75
1.74702
1.74951
1.67973
1.75
1.75
1.75
1.75
1.74902
1.74853
1.73525
1.52062
1.55611
1.5245
1.64561
1.62538
1.74151
1.74451
1.55438
1.56404
1.43104
