1.75
1.75
1.75
1.75
1.75
1.75
1.60097
1.75
1.75
1.75
1.75
1.75
1.75
1.75
1.74302
1.39188
1.42829
1.21054
1.62773
1.74302
1.60445
1.75
1.75
1.75
1.75
1.75
1.75
1.75
1.75
1.75
1.75
1.60445
1.75
1.68219
1.68219
1.60445
1.75
1.75
1.68219
1.68219
1.75
1.60445
1.75
1.75
1.75
1.75
1.75
1.75
1.74302
1.51478
1.47747
1.50603
1.388
1.66814
1.68219
1.75
1.75
1.75
1.75
1.75
1.75
1.75
1.75
1.60445
1.75
1.74302
1.60445
1.60445
1.60097
1.73595
1.59394
1.59394
1.75
1.75
1.75
1.75
1.75
1.68219
1.67521
1.75
1.75
1.68219
1.68219
1.75
1.75
1.75
1.60445
1.74302
1.69932
1.71055
1.71792
1.59394
1.57964
1.5904
1.73595
1.46645
1.31572
1.42577
1.26666
