1.75
1.75
1.75
1.75
1.75
1.75
1.75
1.60445
1.75
1.75
1.75
1.75
1.75
1.68219
1.67521
1.388
1.35099
1.53331
1.55754
1.74302
1.75
1.74302
1.75
1.75
1.75
1.75
1.75
1.75
1.75
1.75
1.74302
1.60445
1.75
1.75
1.60097
1.67871
1.68219
1.75
1.75
1.75
1.75
1.75
1.75
1.75
1.75
1.75
1.75
1.74302
1.67168
1.45804
1.38199
1.2817
1.66434
1.73239
1.75
1.75
1.75
1.75
1.75
1.75
1.75
1.75
1.75
1.75
1.75
1.75
1.75
1.75
1.74302
1.43305
1.57964
1.60097
1.59746
1.68219
1.67521
1.68219
1.75
1.75
1.75
1.75
1.75
1.75
1.75
1.75
1.75
1.74652
1.75
1.73595
1.73239
1.70683
1.28642
1.57601
1.4776
1.4776
1.60445
1.46268
1.28266
1.27506
1.27506
