1.48466
1.83537
2.07549
1.73149
1.59751
1.56112
1.34257
1.30086
1.12741
1.21801
1.3443
1.32462
1.3652
1.54679
1.69021
1.69691
1.90608
1.73414
1.68845
1.87451
1.86585
1.70826
1.84456
1.81176
1.4873
1.62828
1.51132
1.45751
1.33813
1.32378
1.34884
1.53913
1.49235
1.49082
1.55569
1.74263
1.78885
1.87687
2.06779
2.11107
1.93324
1.777
1.64668
1.6789
1.67599
1.80784
1.83291
1.91095
1.80285
1.74461
1.55081
1.28464
1.55966
1.24652
1.21169
1.21661
1.30963
1.30084
1.68842
1.73923
1.58381
1.50785
1.46149
1.66273
1.96796
1.68685
1.74899
1.98088
1.67634
1.55074
1.22872
1.61887
1.43317
1.79064
1.6537
1.71422
1.75063
1.6068
1.48869
1.48613
1.4737
1.56208
1.68956
1.72762
1.49492
1.64059
1.67017
1.5071
1.48507
1.54409
1.70295
1.91934
1.82915
1.63146
1.78292
1.62791
1.97988
1.85686
1.8231
