2.34133
2.23647
2.04399
1.94399
1.48885
1.21812
1.13939
1.06102
1.03675
1.08935
1.13671
1.22466
1.17994
1.33371
2.05657
2.00666
2.28026
2.02595
2.41846
2.46955
2.35339
1.98073
2.30986
1.99621
1.88014
1.60898
1.28547
1.26436
1.17602
1.16549
1.18188
1.3705
1.42117
1.45895
1.41021
1.56303
1.64745
2.04739
2.01959
2.47467
1.82892
1.81892
1.78352
1.73536
1.83549
1.7759
1.67012
1.86158
2.00119
2.42727
2.38062
2.31797
2.27005
2.12803
1.82314
2.02733
2.02488
2.41295
2.26074
1.67652
1.40988
1.55603
1.583
1.58411
1.79166
2.24404
2.43144
2.49836
2.32478
2.16673
1.75859
2.14634
2.4031
2.439
2.40308
2.18657
1.90324
1.85511
1.57713
1.37492
1.39211
1.42512
1.86365
1.57988
1.33314
1.40218
1.52233
1.48347
1.34723
1.52648
2.03548
2.06979
2.21783
2.44339
2.15059
2.42584
2.33265
1.9131
1.81373
