2.31804
2.39073
2.29135
1.99083
1.45441
1.23917
1.17868
1.1157
0.959825
1.07564
1.21105
1.27518
1.29845
1.40413
1.76943
2.29705
2.23073
2.46773
2.44645
2.49145
2.38165
2.18384
2.14734
2.29921
1.97111
1.63481
1.30164
1.18572
1.13155
1.11895
1.18496
1.43644
1.33481
1.42961
1.44589
1.58235
1.5871
1.88121
2.26693
2.26014
2.05134
1.67388
1.51981
1.56288
1.60399
1.79854
1.80708
1.76313
2.03097
2.03818
2.17183
2.29459
2.27508
2.06346
1.95997
1.95721
2.26642
2.17117
1.97498
1.68523
1.61822
1.51847
1.63338
1.64867
1.94359
1.95653
2.12248
2.48706
2.11109
2.13836
1.93347
2.40155
2.03182
2.43185
2.09932
1.91625
1.69319
1.70742
1.48441
1.48885
1.55627
1.43329
1.67337
1.86086
1.44601
1.491
1.5608
1.45633
1.45719
1.60437
1.8374
1.86194
2.18812
1.98491
2.30355
2.32848
2.3702
1.90009
2.04717
