2.31524
2.24932
1.98436
1.81914
1.48851
1.27969
1.1989
1.06705
0.916198
1.0519
1.14752
1.19363
1.2204
1.42218
1.85244
2.02992
2.19262
2.17479
2.36654
2.42094
2.48807
1.90745
2.13103
1.93537
1.92851
1.59502
1.25145
1.16264
1.09625
1.15849
1.17828
1.29323
1.37798
1.46456
1.55087
1.49896
1.52379
2.04057
2.18523
2.27675
1.97374
1.73158
1.53369
1.73921
1.51369
1.7211
1.69552
1.81633
2.22253
2.02614
2.27821
2.17088
2.17858
2.058
1.93054
2.03932
2.18878
2.1963
2.23309
1.61852
1.61393
1.64101
1.72086
1.6006
1.85939
2.34269
2.5072
2.46654
2.1077
1.82169
2.10296
2.22939
2.39414
2.46969
2.2491
2.04204
1.89862
1.90291
1.47298
1.42206
1.38438
1.40751
1.77216
1.77358
1.48481
1.66218
1.46949
1.46798
1.4452
1.52881
1.84451
1.97028
2.13095
2.24309
2.37108
2.47769
2.47358
2.04944
1.84843
