2.18035
2.43953
1.95826
2.00773
1.38539
1.23577
1.11695
1.072
1.06215
1.07146
1.16697
1.25994
1.20011
1.49819
1.55881
1.88102
2.3082
2.06531
2.35994
2.46234
2.11505
2.24779
2.25252
2.09382
1.82933
1.5767
1.2293
1.25842
1.11575
1.14029
1.17307
1.25115
1.39748
1.4131
1.54481
1.45945
1.72747
1.76157
2.03485
2.38094
1.84891
1.96239
1.39986
1.61342
1.48699
1.63205
2.01058
1.82641
2.1307
2.01348
2.49929
2.30432
2.23886
1.7177
2.06602
2.12026
2.279
2.18825
2.04653
1.66064
1.52728
1.72268
1.54991
1.63662
1.61471
1.95792
2.1885
1.98041
2.21438
2.1656
2.03157
2.16751
2.2018
2.09429
2.2817
2.09732
1.90185
1.8092
1.75759
1.46856
1.43455
1.40481
1.6227
1.73035
1.38642
1.41599
1.44637
1.5933
1.39402
1.51842
1.91686
1.79042
2.03007
2.27782
2.19574
2.37741
2.26514
1.92555
2.02735
