2.36524
2.46753
2.34047
1.84177
1.66792
1.40804
1.08975
1.12156
0.874563
1.10874
1.1817
1.26769
1.25092
1.39427
1.63346
1.84099
2.19339
2.31805
2.22017
2.16706
2.26917
1.7393
2.42622
2.04659
1.69894
1.65298
1.3988
1.20679
1.10893
1.12953
1.29458
1.33929
1.35794
1.42943
1.39808
1.55977
1.61774
1.89307
1.84229
2.22829
2.03292
1.85369
1.64124
1.65322
1.69528
1.52784
1.85676
2.163
2.50955
2.44773
2.28838
2.31037
2.26596
1.82126
1.59838
2.05608
2.16018
2.12446
2.22807
1.58454
1.50004
1.56823
1.61374
1.81982
1.74
1.92018
2.19536
2.2906
2.37848
2.26088
2.0772
2.1237
2.32339
2.16561
2.00029
2.10766
2.02151
1.81536
1.51404
1.45304
1.4091
1.42287
1.68822
1.70413
1.47822
1.39296
1.47001
1.46082
1.53223
1.59192
1.80514
1.73737
2.35202
2.08893
2.46781
2.27173
2.12743
1.81113
1.75213
