2.30343
2.21832
2.21498
1.73795
1.44556
1.53344
1.16728
1.0326
0.957034
1.10716
1.17773
1.2005
1.21803
1.43901
1.58738
2.14027
2.33508
2.02274
2.31379
2.50719
2.31253
2.03333
2.36773
1.90678
1.81092
1.58144
1.32252
1.15111
1.16624
1.16413
1.2248
1.32701
1.38718
1.39708
1.47003
1.52552
1.55511
1.85971
2.43182
2.08324
1.80534
1.77906
1.5197
1.61275
1.45399
1.6321
1.6837
1.93851
2.14357
2.06277
2.37697
2.29314
2.03751
1.88059
1.72224
2.15964
2.28001
2.33526
2.00251
1.6181
1.35875
1.50647
1.68368
1.79334
1.77442
2.03699
1.94932
2.30197
2.22019
2.12012
1.97098
2.42896
2.31816
2.49095
2.51216
2.40305
1.77909
1.71173
1.42583
1.59885
1.4441
1.36601
1.8077
1.6507
1.32648
1.56682
1.59939
1.51356
1.48337
1.46166
2.11007
2.05104
2.07195
2.27925
2.02766
2.24385
2.1055
1.80577
1.90333
