2.00622
2.43292
2.37302
1.95305
1.36336
1.47952
1.14121
1.03678
1.01327
1.08096
1.15349
1.21221
1.27167
1.39312
1.68739
2.06706
2.37643
2.25977
2.28929
2.35396
2.52261
1.8443
1.86796
1.89263
1.96274
1.50182
1.20121
1.25286
1.11783
1.16753
1.23928
1.55425
1.46037
1.35552
1.47793
1.54849
1.62718
2.03115
2.07216
2.10623
2.05407
1.74063
1.71665
1.47572
1.4438
1.65265
1.80816
1.83392
2.08813
2.12904
2.42802
2.33516
2.23338
1.77831
1.70559
2.11049
2.24273
2.10879
2.08459
1.62574
1.41858
1.52572
1.74045
1.61042
1.84346
2.41909
2.32564
2.35416
2.38999
2.23582
2.16769
2.34346
2.39269
2.44253
2.45465
1.98517
1.96386
1.73492
1.51353
1.46393
1.36832
1.44864
1.62306
1.73299
1.45059
1.36894
1.62895
1.52751
1.40524
1.48101
1.97039
2.03123
2.39063
2.21945
2.48901
2.46711
2.33992
1.99357
1.73277
