1.28975
1.43454
1.91526
1.70283
1.5275
1.47112
1.31565
1.26974
1.18346
1.2413
1.34922
1.44838
1.46133
1.57764
1.66987
1.84868
1.68034
1.7745
1.77259
1.8031
1.89967
1.73657
1.84038
1.81517
1.71408
1.6419
1.36362
1.385
1.34608
1.29199
1.29082
1.47818
1.41203
1.55539
1.59699
1.55309
1.55954
1.76159
1.78053
1.62974
1.75799
1.72519
1.67565
1.64993
1.60954
1.74868
1.98412
1.7967
1.95546
2.15604
2.09106
1.73577
1.33501
1.10846
1.20154
1.28343
1.63552
1.35498
1.92643
1.5724
1.55247
1.49783
1.51879
1.70703
1.56134
1.83037
1.90301
1.61716
1.37834
1.31684
1.22379
1.36595
1.75621
1.73687
1.7149
1.88211
1.65727
1.80269
1.45296
1.47672
1.48076
1.51626
1.63934
1.61909
1.51079
1.5383
1.57707
1.53431
1.5607
1.7624
1.62858
1.72724
1.72501
2.05969
1.61321
2.13886
2.06013
1.72956
1.89835
