2.38911
2.18035
2.05305
2.11269
1.42546
1.39812
1.21753
1.08767
0.889362
1.11947
1.15285
1.17298
1.26388
1.38885
1.66906
2.01459
2.40797
2.11551
2.33425
2.36497
2.06945
2.34351
2.05015
2.24265
1.75042
1.63524
1.30129
1.19814
1.10051
1.11951
1.16587
1.34192
1.42803
1.33541
1.52199
1.75501
1.61817
1.78322
2.13895
2.19483
2.1263
1.76802
1.57234
1.51525
1.54759
1.66645
1.70573
1.85844
2.0583
2.44772
2.18618
2.30123
2.05827
1.68326
1.8148
1.70455
2.27921
2.51905
2.36205
1.63505
1.44496
1.57911
1.6915
1.75752
1.793
2.11719
2.29809
2.46305
2.31734
2.11524
2.01993
2.07871
2.34116
2.45336
2.48173
2.40463
1.84919
1.99024
1.57721
1.45283
1.49694
1.46138
1.64863
1.78331
1.48207
1.44095
1.51568
1.48649
1.4251
1.51456
1.72628
2.12885
2.38967
1.89221
2.21598
2.34544
2.42819
2.03383
1.93812
