2.34081
2.18618
2.24222
1.66702
1.5289
1.41536
1.11791
1.04382
0.941288
1.03758
1.17117
1.23745
1.21964
1.46481
1.52418
1.8662
2.17789
2.37437
2.34963
2.24959
2.0551
2.18686
1.97892
1.73564
1.86263
1.68107
1.34134
1.19694
1.16615
1.1447
1.21973
1.39942
1.50628
1.28498
1.59601
1.47019
1.6008
2.25502
2.28561
2.33269
2.08505
1.69201
1.59483
1.5753
1.50911
1.94597
1.72709
1.97992
2.2993
2.22392
2.20933
2.08059
2.21339
1.97461
1.95529
1.78732
2.02607
2.44401
2.33012
1.71228
1.53467
1.71461
1.71696
1.6206
1.86377
1.97798
2.02883
2.22561
2.01373
2.22269
1.96043
2.31799
2.00627
2.03711
2.0511
2.11743
1.91502
1.58949
1.593
1.3687
1.4352
1.55094
1.75634
1.58519
1.49915
1.45029
1.41132
1.36366
1.33023
1.56418
1.81136
1.81026
1.82506
2.03032
2.08548
2.25867
2.3222
2.04468
2.2543
