1.42781
1.9744
2.02867
1.81088
1.59585
1.38277
1.28385
1.26697
1.26338
1.28699
1.38332
1.36105
1.36509
1.5178
1.70792
1.86192
1.74686
1.87378
1.47538
1.98427
1.66092
1.91286
1.73732
1.79737
2.01076
1.54461
1.45525
1.36125
1.29842
1.33128
1.40679
1.34116
1.49907
1.40505
1.49088
1.6249
1.7619
1.63716
1.63731
1.63103
1.81549
1.66506
1.67695
1.53951
1.65138
1.67269
1.72595
2.15076
1.78768
1.5711
1.45873
1.32606
1.29727
1.30927
1.28472
1.43546
1.19268
1.317
1.73956
1.61246
1.59928
1.6384
1.62532
1.66494
1.71979
1.80221
1.81264
1.64559
1.66164
1.18689
1.366
1.39578
1.70645
1.96472
1.82489
1.75134
1.65339
1.62994
1.53697
1.50425
1.55726
1.52204
1.68265
1.62006
1.60833
1.3824
1.62336
1.63633
1.48341
1.55725
1.63264
1.67807
1.8888
1.80575
1.5429
1.67309
1.94001
1.77136
1.94268
