2.23168
2.27295
2.50532
1.69799
1.46358
1.33139
1.19385
1.03904
1.00293
0.976685
1.18532
1.2399
1.18944
1.49555
1.67011
1.81914
2.1584
2.20882
2.42588
2.4779
2.02842
1.99031
2.07194
1.84162
2.13984
1.72692
1.21704
1.21124
1.14324
1.1096
1.24987
1.331
1.39995
1.29945
1.36784
1.66588
1.61794
2.18227
2.35321
2.31939
1.89409
1.72075
1.56989
1.5693
1.54111
1.82572
1.73376
2.26569
2.24342
2.12442
2.09833
2.06761
2.1642
1.86202
1.49581
2.029
2.05945
2.23867
2.2292
1.77985
1.71118
1.5209
1.62687
1.6494
1.67442
2.28826
2.43818
2.51385
2.31881
2.00172
2.22647
2.31036
2.45767
2.52514
2.1288
2.18031
1.88989
1.7238
1.64135
1.34921
1.38047
1.48576
1.56208
1.53604
1.4909
1.2937
1.34442
1.5323
1.34091
1.54362
1.92023
1.92912
2.05997
2.22534
2.26983
2.38967
2.25786
2.09034
1.99179
