2.3987
2.46513
2.2023
2.00261
1.45581
1.26586
1.15729
1.06744
1.04577
1.04131
1.18969
1.1578
1.23973
1.65195
1.61288
2.03243
2.48881
2.33532
2.23396
2.28583
2.2167
1.92068
1.88242
2.02713
1.92319
1.50081
1.34752
1.25629
1.14352
1.17511
1.20364
1.37984
1.32988
1.34938
1.50068
1.63096
1.79978
2.0581
2.31769
2.25354
1.96052
1.77368
1.55309
1.57363
1.5405
1.60761
1.89092
1.944
2.45569
1.86978
2.10253
2.3189
2.14544
1.96908
1.89425
2.01902
2.21758
2.19778
2.05841
1.65978
1.59851
1.51078
1.72674
1.77665
2.16572
1.99553
2.1312
2.27072
2.32122
2.15149
2.09707
2.08997
2.15925
2.48028
2.16883
1.9951
1.64112
1.56113
1.56311
1.45657
1.39761
1.54813
1.70017
1.57224
1.43129
1.36281
1.43316
1.3785
1.59498
1.53308
1.75486
2.07436
1.80766
1.87242
2.37863
2.22268
2.03442
1.95332
2.06914
