1.55516
1.63819
1.95696
1.62258
1.45833
1.49302
1.24315
1.29548
1.13932
1.26588
1.36046
1.34328
1.33329
1.44865
1.67237
1.79596
2.00732
1.71293
1.75442
1.67096
1.73991
1.76114
2.0667
1.70957
1.74111
1.6599
1.35561
1.34639
1.35575
1.28761
1.34811
1.39536
1.58819
1.53488
1.5305
1.64129
1.63607
1.56291
1.82275
1.63492
1.77475
1.62821
1.61433
1.63667
1.52428
1.60276
1.87149
1.62216
1.61692
1.67297
1.8389
1.59594
1.30246
1.1659
1.08568
1.24151
1.54019
2.09813
1.68393
1.77303
1.67906
1.54401
1.54808
1.66584
1.60416
1.93238
2.0329
1.50275
2.18045
1.46857
1.43005
1.56076
1.70075
2.10323
1.71298
1.70334
1.79694
1.51734
1.64876
1.47746
1.54414
1.61023
1.59439
1.71279
1.40918
1.74447
1.54026
1.56302
1.58274
1.59272
1.68977
1.65825
1.77602
1.87264
1.8206
1.60547
1.73781
1.65808
1.80867
