1.53906
1.68074
1.82226
1.85083
1.53072
1.37743
1.29369
1.22517
1.13417
1.26925
1.35487
1.37085
1.42189
1.46779
1.62501
1.98716
1.78336
1.80391
1.52405
2.19104
1.68377
1.73798
1.81251
1.71239
1.77781
1.53926
1.44552
1.47272
1.2907
1.30501
1.36386
1.58207
1.47343
1.35327
1.5947
1.4766
1.61145
1.706
1.71252
1.70289
1.68341
1.70363
1.50062
1.51433
1.63766
1.6616
1.69685
1.75155
1.59017
1.70082
1.52989
1.56511
1.30666
1.07983
1.17448
1.22333
1.4369
1.77367
1.55463
1.66887
1.52675
1.67343
1.67022
1.75169
1.81413
1.7295
1.81427
1.53607
1.76301
1.26583
1.28493
1.56035
1.66931
1.72384
1.70505
2.04841
1.57527
1.56447
1.50232
1.64598
1.60831
1.5457
1.53123
1.76656
1.44109
1.69153
1.58854
1.55859
1.55557
1.52112
1.64393
1.61246
1.91974
1.88843
1.94167
1.56126
2.00539
1.79709
1.75257
