1.01322
0.959653
0.939034
0.959653
0.856348
0.912516
0.831405
0.958051
0.912516
0.958051
0.747279
0.878072
0.84926
0.952503
0.77885
0.956446
0.644868
0.956446
0.942214
0.795465
0.887973
0.926483
0.846052
1.00825
1.06244
1.06215
0.967695
0.959653
0.939034
0.910893
0.911008
0.959653
0.939034
0.959784
0.895559
0.959653
0.939034
1.00656
1.0571
1.11183
1.03011
1.10977
1.08695
1.11183
1.08695
1.11183
1.08695
1.10977
1.08899
1.10977
1.08899
1.10977
1.08899
1.10977
1.08695
1.10977
1.08899
1.10977
1.08899
1.10977
1.08695
1.07246
0.974585
0.8547
0.902964
0.961251
0.976741
0.996891
0.901926
0.86591
0.939034
0.996753
0.732386
1.10977
1.02612
0.881285
0.940599
1.07872
1.05021
1.09935
0.831476
0.758804
1.00829
0.692884
0.919998
0.79193
0.606828
0.969203
0.702401
0.729936
0.51596
0.594814
0.68135
0.720516
0.593818
0.682617
0.728549
0.787044
0.467444
