1.17689
1.02635
1.17841
1.11861
1.15681
1.21807
1.16073
1.19635
1.14573
1.00806
1.03537
1.16924
1.18744
1.19487
1.14971
1.07626
1.16616
1.07119
1.17384
1.18893
1.11227
1.19117
1.18445
1.19042
1.17689
1.20367
1.21379
1.16616
1.18143
1.20367
1.11624
1.21163
1.21879
1.21879
1.21879
1.19782
1.20294
1.20875
1.21522
1.20294
1.19855
1.19708
1.20803
1.20222
1.18143
1.10534
1.18369
1.15524
1.07391
1.00876
1.14253
1.12379
1.09763
1.13527
1.03896
0.993573
0.791983
1.00405
1.04179
0.917038
0.847241
0.864175
0.919242
0.831302
0.899151
0.958439
0.91895
0.825066
0.84079
0.894621
0.625414
0.838374
0.932081
0.753343
0.833152
0.975418
1.01436
0.809779
0.985573
0.795015
0.982918
0.971684
0.908361
0.826581
0.905034
0.992612
0.989719
0.934072
0.93124
1.03896
1.06949
0.996448
1.03717
1.07373
1.07373
0.987401
1.08712
0.898577
1.03572
