1.01322
0.959653
0.904767
0.950111
0.895559
0.959653
0.940626
0.958051
0.940626
0.958051
0.837243
0.891996
0.867808
0.854974
0.923407
0.956446
0.942214
0.934293
0.844642
0.935886
0.940626
0.787023
0.940626
1.00644
0.929411
1.04947
0.95364
0.959653
0.740444
0.75904
0.836317
0.959653
0.929611
0.831927
0.898621
0.918717
0.939034
1.00841
0.995795
1.11183
1.07462
1.10977
1.08695
1.11183
0.951995
1.05831
1.08695
1.10977
1.08899
1.10977
1.08899
1.10977
1.08899
1.10977
1.08695
1.10977
1.08899
1.10977
1.08899
1.10977
0.967323
0.757554
0.948623
0.919108
0.901737
0.961251
0.673737
0.822389
0.900369
0.826664
0.853379
0.998343
0.694358
1.08902
0.936819
0.877662
0.719153
0.963477
1.06645
1.05021
1.02612
0.875756
0.923732
1.10977
0.746213
1.10977
0.622873
0.698943
0.805759
0.525893
0.819465
1.0849
0.641026
0.938645
0.659214
0.659214
0.614792
0.474288
0.757347
