0.720697
0.678091
0.678091
0.678091
0.678091
0.632719
0.557482
0.632719
0.62035
0.62035
0.616165
0.62035
0.632719
0.636782
0.628626
0.62035
0.640816
0.636782
0.632719
0.557482
0.636782
0.640816
0.640816
0.636782
0.640816
0.640816
0.636782
0.636782
0.557482
0.557482
0.557482
0.636782
0.682439
0.682439
0.682439
0.678091
0.678091
0.628626
0.624503
0.62035
0.62035
0.553449
0.557482
0.549386
0.545293
0.549386
0.553449
0.54117
0.545293
0.553449
0.545293
0.549386
0.603419
0.611949
0.611949
0.549386
0.599105
0.616165
0.6077
0.62035
0.62035
0.616165
0.624503
0.553449
0.549386
0.553449
0.553449
0.545293
0.549386
0.545293
0.6077
0.611949
0.599105
0.6077
0.616165
0.62035
0.553449
0.62035
0.67371
0.682439
0.678091
0.67371
0.678091
0.682439
0.720697
0.720697
0.838332
0.838332
0.720697
0.720697
0.720697
0.682439
0.682439
0.682439
0.682439
0.682439
0.678091
0.678091
0.632719
