1.00598
0.897127
0.904767
0.940626
0.745811
0.872849
0.940626
0.958051
0.74459
0.958051
0.682377
0.881421
0.867808
0.914641
0.926525
0.805305
0.765054
0.931153
0.765054
0.958051
0.769068
0.939034
0.931198
1.00085
1.05671
0.772845
0.92535
0.959653
0.939034
0.918313
0.775085
0.959653
0.939034
0.931419
0.798293
0.959653
0.818292
0.983205
0.758688
1.11183
1.08695
0.897629
1.08695
1.10766
1.08695
1.11183
1.08695
1.10977
1.08899
1.10977
1.08899
1.10977
1.08899
0.953849
1.08695
1.10977
1.08899
1.10977
1.08899
1.10977
1.08695
0.514503
0.995604
0.940573
0.881944
0.910997
0.949418
0.99867
0.74113
0.900293
0.939034
0.976878
0.904613
1.10977
0.994506
1.09935
1.08695
0.967323
1.08695
0.750869
0.76387
0.883007
0.860665
0.6763
0.686014
0.950705
0.852578
1.00036
0.829855
0.822663
0.693308
0.587142
0.621781
0.698943
0.921796
0.877662
0.712947
0.656344
0.656344
