0.720697
0.67371
0.678091
0.682439
0.682439
0.632719
0.557482
0.628626
0.628626
0.62035
0.628626
0.616165
0.62035
0.636782
0.636782
0.628626
0.636782
0.640816
0.632719
0.557482
0.632719
0.636782
0.640816
0.640816
0.640816
0.640816
0.632719
0.636782
0.557482
0.557482
0.557482
0.640816
0.682439
0.682439
0.682439
0.678091
0.682439
0.640816
0.632719
0.628626
0.62035
0.557482
0.557482
0.553449
0.557482
0.557482
0.545293
0.549386
0.553449
0.549386
0.549386
0.549386
0.62035
0.6077
0.599105
0.549386
0.6077
0.62035
0.616165
0.628626
0.62035
0.624503
0.616165
0.549386
0.553449
0.557482
0.557482
0.54117
0.545293
0.54117
0.599105
0.6077
0.616165
0.603419
0.62035
0.6077
0.553449
0.62035
0.678091
0.67371
0.682439
0.67371
0.682439
0.682439
0.720697
0.720697
0.838332
0.838332
0.720697
0.720697
0.720697
0.682439
0.682439
0.682439
0.67371
0.67371
0.669294
0.67371
0.632719
