0.949211
0.959653
0.77587
0.81406
0.939034
0.959653
0.779473
0.877708
0.849002
0.958051
0.900192
0.731543
0.867808
0.771691
0.865401
0.956446
0.910997
0.956446
0.862415
0.935886
0.915613
0.958051
0.940626
1.01592
0.618948
0.879143
0.897337
0.959653
0.910939
0.905063
0.850509
0.959653
0.939034
0.959784
0.939034
0.959653
0.82697
0.988078
0.592219
0.810747
1.08695
1.10977
1.08695
1.11183
1.08695
1.11183
1.08695
1.10977
0.923732
1.10977
1.08899
1.10977
1.08899
1.10977
1.08695
1.10977
1.08899
1.10977
1.08899
1.10977
1.00629
1.07933
0.981332
0.927588
0.896217
0.961251
0.912813
1.00376
0.908672
0.913278
0.935886
0.990128
1.04102
1.08902
1.05426
1.09935
0.933049
1.11183
0.814175
1.09521
0.925537
0.843624
0.821904
0.782983
0.511814
0.626693
0.636599
1.07668
0.619083
0.657537
0.666673
0.901309
0.627216
0.742654
0.760603
0.866851
0.566383
0.691592
0.735433
