3.31507
2.85456
2.74266
2.89359
3.19372
3.05016
2.86639
3.07771
3.23359
3.31863
3.45097
3.48605
3.48753
3.51534
3.5116
3.5223
3.50998
3.50545
3.50096
3.50777
3.50217
3.4947
3.47738
3.45509
3.41687
3.37155
3.38365
3.44982
3.44906
3.49237
3.49564
3.50618
3.4946
3.495
3.47459
3.44382
3.36227
3.13854
2.95351
2.89318
2.67139
2.69307
2.67612
2.7896
2.82976
3.13223
3.14717
3.21189
3.42191
3.46838
3.49271
3.49462
3.49729
3.5168
3.49785
3.51956
3.51211
3.51003
3.51878
3.52458
3.53339
3.62702
3.51202
3.50385
3.49168
3.47916
3.46331
3.46567
3.30261
3.13412
2.86345
2.64971
2.8075
2.52222
2.61782
3.02982
3.06303
3.38145
3.47362
3.48288
3.50502
3.5008
3.49813
3.51109
3.49399
3.49873
3.50042
3.49675
3.49882
3.50343
3.49666
3.49665
3.49575
3.49788
3.50632
3.49598
3.50982
3.50436
3.5156
