1.25
1.25
1.24105
1.25
1.24405
1.24405
1.24105
1.23803
1.23803
1.17425
1.23193
1.23498
1.24703
1.25
1.25
1.25
1.24703
1.25
1.25
1.25
1.25
1.25
1.25
1.25
1.25
1.25
1.25
1.25
1.24405
1.25
1.25
1.25
1.24405
1.25
1.24405
1.25
1.25
1.25
1.24405
1.23193
1.23498
1.22575
1.11375
1.18693
1.16979
1.07365
1.04396
0.80911
0.851721
0.697285
0.891233
0.71322
0.62413
0.690367
0.659912
0.655714
0.833314
0.819358
1.14015
0.987424
1.04628
1.00573
1.02459
0.971626
0.898273
0.850212
0.701531
0.712923
0.614715
0.583452
0.800047
0.872171
0.926572
1.16979
1.20022
1.19492
1.16822
1.24105
1.24405
1.17425
1.1802
1.1802
1.1802
1.1802
1.1802
1.1802
1.25
1.25
1.25
1.25
1.25
1.25
1.25
1.24405
1.23498
1.25
1.23498
1.24703
1.24105
