0.43494
0.43237
0.43494
0.43751
0.43237
0.43494
0.416667
0.416667
0.43494
0.43494
0.416667
0.416667
0.43237
0.43237
0.43494
0.43494
0.43237
0.43494
0.43494
0.43494
0.639389
0.525446
1.25
0.733037
1.181
0.525446
0.701747
1.25
0.639389
1.25
0.733037
0.639389
0.43751
0.44008
0.43751
0.44008
0.501568
0.43237
0.43494
0.43237
0.416667
0.416667
0.416667
0.416667
0.416667
0.416667
0.416667
0.416667
0.416667
0.416667
0.416667
0.416667
0.416667
0.416667
0.416667
0.416667
0.416667
0.416667
0.416667
0.416667
0.416667
0.416667
0.416667
0.416667
0.416667
0.416667
0.416667
0.416667
0.416667
0.416667
0.416667
0.416667
0.416667
0.416667
0.416667
0.416667
0.416667
0.416667
0.43494
0.416667
0.416667
0.43237
0.43751
0.44008
0.43751
0.44008
0.44008
0.819594
0.617362
0.639389
0.617362
0.525446
0.43751
0.43494
0.416667
0.416667
0.43494
0.416667
0.43237
