0.416667
0.43237
0.43494
0.43751
0.43237
0.43494
0.416667
0.43237
0.43237
0.43494
0.416667
0.43237
0.416667
0.43751
0.416667
0.43494
0.595334
0.43751
0.43751
0.43751
0.43494
0.595334
0.537385
0.595334
1.25
1.25
1.25
1.181
0.639389
0.617362
1.181
0.43751
0.525446
0.617362
0.43494
0.43751
0.43494
0.43237
0.43494
0.43237
0.416667
0.416667
0.416667
0.416667
0.416667
0.416667
0.416667
0.416667
0.416667
0.416667
0.416667
0.416667
0.416667
0.416667
0.416667
0.416667
0.416667
0.416667
0.416667
0.416667
0.416667
0.416667
0.416667
0.416667
0.416667
0.416667
0.416667
0.416667
0.416667
0.416667
0.416667
0.416667
0.416667
0.416667
0.416667
0.416667
0.416667
0.416667
0.416667
0.416667
0.43494
0.43494
0.701747
0.43751
0.43494
0.43751
0.44008
0.701747
0.701747
0.525446
0.525446
0.44008
0.43494
0.416667
0.43494
0.416667
0.416667
0.416667
0.43237
