0.43494
0.43494
0.416667
0.43237
0.43494
0.416667
0.416667
0.43494
0.43237
0.43494
0.43237
0.416667
0.501568
0.43494
0.43237
0.43751
0.43494
0.442649
0.43751
0.43751
0.537385
0.43751
1.25
1.181
0.779744
1.25
0.975233
1.25
0.617362
1.25
0.733037
0.44008
0.43494
0.43494
0.43751
0.43751
0.43751
0.43494
0.43494
0.43237
0.416667
0.416667
0.416667
0.416667
0.416667
0.416667
0.416667
0.416667
0.416667
0.416667
0.416667
0.416667
0.416667
0.416667
0.416667
0.416667
0.416667
0.416667
0.416667
0.416667
0.416667
0.43237
0.416667
0.416667
0.416667
0.416667
0.416667
0.416667
0.416667
0.416667
0.416667
0.416667
0.416667
0.416667
0.416667
0.43494
0.416667
0.416667
0.43237
0.43494
0.43494
0.43494
0.43751
0.43494
0.819594
0.513507
0.779744
0.639389
0.44008
1.25
0.537385
0.43751
0.537385
0.43751
0.416667
0.43237
0.416667
0.43494
0.416667
