3.20295
3.12247
2.99226
2.41079
2.18813
2.07834
1.91211
1.64904
1.66479
1.89648
2.12574
2.03332
2.12291
2.28137
2.45808
2.70051
2.80949
2.9432
3.14334
3.15091
2.98431
2.56522
2.8479
2.78329
2.69871
2.41392
2.2066
2.07958
2.06552
2.03205
2.07134
2.15999
2.38983
2.2453
2.33811
2.25053
2.36518
2.98503
2.95457
2.99563
2.59812
2.35046
2.30478
2.26574
2.37594
2.59685
2.41155
2.64434
2.73892
2.56754
3.12711
3.21894
3.19329
3.29956
3.26193
3.19015
3.22854
3.15177
3.09565
2.4243
2.29275
2.25392
2.34679
2.54685
2.48087
2.48379
3.12226
2.77658
3.23301
3.24466
3.27044
3.22117
2.79893
2.97815
3.10771
2.52114
2.76771
2.70132
2.10762
2.30205
2.15342
2.18673
2.2817
2.41831
2.18656
2.58925
2.26054
2.37277
2.2939
2.3314
2.74361
2.89945
2.48552
2.46803
3.16774
3.16432
2.85689
2.64672
2.46093
