3.17035
2.92507
2.85755
2.55183
2.03468
2.22344
1.90412
1.61155
1.75289
1.89363
2.19357
2.17116
2.03773
2.09955
2.27514
2.90879
3.03159
2.96291
3.18448
3.17938
2.97891
2.507
3.08876
2.59166
2.48629
2.24499
2.22034
2.1165
2.01928
2.0198
2.03375
2.20223
2.13751
2.22651
2.19264
2.36564
2.333
2.81403
2.84372
2.88149
2.57679
2.36833
2.23928
2.16869
2.22853
2.8379
2.40617
2.61955
3.09684
2.6996
3.13529
3.20502
3.22917
3.28946
3.28349
3.28719
3.23925
3.15881
2.6219
2.49576
2.30526
2.23329
2.32253
2.52046
2.46866
2.51798
2.61971
2.92725
3.17807
3.25541
3.27044
3.25451
3.15993
3.14459
2.89389
2.60466
2.55339
2.30428
2.19967
2.14301
2.34284
2.20337
2.53019
2.40335
2.19791
2.0902
2.28175
2.32532
2.20682
2.3014
2.58091
2.58316
2.68335
2.85242
3.18142
3.18281
2.87997
2.62712
2.7014
