2.99439
3.01991
3.01659
3.0085
2.84344
2.77139
2.64431
2.50618
2.20533
2.16088
2.83505
2.99282
2.49835
2.85234
3.00854
3.01317
3.01778
3.01713
3.01871
2.98684
3.03453
3.02479
3.0228
3.00565
2.85578
2.81547
2.85675
2.80134
2.13649
2.53794
2.79135
2.86778
2.82394
2.68504
2.84141
2.85757
2.86124
2.93409
3.00574
3.01016
3.01021
3.00863
2.52924
2.99358
2.70387
3.0052
3.00506
2.87336
3.01504
3.01497
3.01798
3.01885
3.01927
3.01941
3.02
3.02
3.01991
3.01982
3.01329
2.99996
2.99868
3.00001
3.00201
3.00259
3.0059
3.01645
3.00924
3.01509
3.01851
3.01871
3.01583
3.00881
3.03367
3.01517
3.01681
2.85865
3.0001
3.00179
2.98672
2.58613
2.78119
2.98726
3.00279
3.0167
2.8194
2.7777
2.87019
2.70069
2.80429
2.92362
2.92529
2.9973
3.00551
3.00877
3.02
3.00998
3.00551
2.99564
3.00877
