3.17837
3.09055
2.95476
2.45775
2.09493
2.15529
1.88833
1.58547
1.55641
1.92309
2.19262
2.37667
2.31161
2.22586
2.83599
2.70664
3.05495
2.73269
3.1954
3.11665
2.83235
2.68053
2.49946
2.53952
2.45755
2.66436
2.18962
2.15764
2.08196
2.05701
2.09065
2.13231
2.3194
2.19413
2.18632
2.30045
2.58572
2.64014
2.82946
3.12268
2.684
2.38998
2.43803
2.2436
2.4048
2.48312
2.54573
2.49593
2.86408
2.93482
2.93736
3.2096
3.24466
3.2656
3.28606
3.30069
3.25075
3.17665
2.89588
2.46118
2.23928
2.4345
2.31568
2.26303
2.55837
2.47851
3.00576
3.0334
3.23538
3.28349
3.27044
3.18489
3.15683
3.13017
2.92974
2.83773
2.8706
2.75285
2.2125
2.10717
2.17846
2.20726
2.39233
2.43607
2.15319
2.17803
2.26803
2.32177
2.20857
2.32681
2.31854
2.82905
2.49844
2.61518
3.16894
3.18066
2.9826
2.61453
2.65541
