2.99982
3.01836
3.01348
3.01191
2.96943
2.77871
2.1886
2.23471
2.08124
2.18053
2.28855
2.74937
2.69922
2.85324
3.0125
3.01377
3.0164
3.01656
3.0188
2.9907
3.03324
3.02295
2.89205
3.00761
3.0108
2.83195
2.82079
2.75136
2.58763
2.44039
2.79436
2.80384
2.77353
2.77754
2.60135
2.84899
2.99239
2.90445
3.01455
3.01499
3.01168
3.00174
2.6869
2.99288
2.99902
3.00352
2.85874
3.01672
3.01673
3.01177
3.01788
3.01875
3.01778
3.01875
3.01996
3.02
3.02
3.01776
3.01173
2.86362
2.84868
2.86052
2.86259
2.86579
3.01265
3.0079
3.01266
3.01688
3.01818
3.01875
3.00876
2.99767
3.03013
3.01494
3.01982
3.00024
2.99698
3.00183
2.8553
2.8587
2.80795
2.98557
3.00977
2.87521
2.79345
2.63471
2.72607
2.82065
2.86667
2.84746
2.8558
2.99895
3.00551
3.01361
3.01841
3.01836
3.01039
3.01039
3.012
