3.19956
3.15979
2.63463
2.65612
2.09321
2.14063
1.9457
1.66389
1.63299
1.88261
2.16596
2.21549
2.16394
2.33918
2.53667
2.55036
2.83822
2.84838
3.18294
3.02594
2.59735
3.09164
2.86256
2.78933
2.43176
2.30479
2.23418
2.10698
2.01971
1.9722
1.93847
2.43966
2.16148
2.24601
2.19801
2.31477
2.47613
2.30617
2.83339
3.0089
2.67331
2.33464
2.31526
2.48053
2.24129
2.309
2.39058
2.60788
3.00147
2.89361
3.16098
3.20151
3.01068
3.24568
3.29843
3.26681
3.26476
3.15792
2.86666
2.70177
2.29782
2.36425
2.33844
2.47258
2.33009
2.63035
2.78589
3.04056
3.16756
3.27569
3.23538
3.1577
3.18146
3.13937
3.161
2.95995
2.85895
2.76796
2.31271
2.40049
2.29088
2.21876
2.2977
2.27252
2.2283
2.37909
2.32339
2.25251
2.20822
2.26497
2.32678
2.79739
2.74074
2.39683
2.92815
3.22911
3.01101
2.63484
2.61273
