3.23364
2.67695
2.59061
2.53801
2.29354
2.07561
1.88895
1.64137
1.58785
2.02598
2.16107
1.99349
2.15532
2.45586
2.43139
2.82614
3.06764
2.74472
3.17924
3.04611
2.87642
2.77731
2.6465
2.65349
2.42822
2.4683
2.20043
2.13358
2.00348
2.00166
2.08627
2.17083
2.20199
2.55109
2.33953
2.59842
2.55978
2.85405
2.58973
3.12539
2.51253
2.68523
2.26995
2.4491
2.22299
2.50868
2.39687
2.58591
2.83908
2.72211
3.13482
3.24628
3.24448
3.29503
3.29389
3.28479
3.24574
3.18948
3.08785
2.49602
2.23289
2.19251
2.36847
2.50979
2.28018
2.67316
3.02587
2.9655
3.18174
3.26923
3.27879
3.23942
3.21902
2.91557
3.07902
2.75181
2.42536
2.39713
2.18637
2.14882
2.35125
2.24315
2.33662
2.73417
2.24852
2.14275
2.16526
2.12284
2.19823
2.33446
2.51385
2.58259
2.50508
3.02603
3.16446
3.19023
3.09471
2.46864
2.61259
