3.21252
3.13987
2.82746
2.39817
2.11925
2.06214
1.8858
1.66107
1.63498
2.06412
2.15447
2.01883
2.08819
2.29551
2.52146
2.90544
2.66384
2.88553
3.15819
3.17639
2.94929
2.66118
2.7453
2.54286
2.39988
2.23744
2.2002
2.09414
2.02115
2.01187
2.0011
2.16497
2.21644
2.39685
2.3444
2.31775
2.36565
2.60024
2.44781
2.91396
2.59291
2.40454
2.25713
2.14347
2.18813
2.61006
2.64865
2.78741
3.01571
2.5133
3.16718
3.2096
3.26681
3.29389
3.29274
3.25663
3.26055
3.04683
2.66868
2.53493
2.24516
2.45985
2.30781
2.29891
2.24648
2.6688
3.11387
2.76573
3.19872
3.27284
3.27761
3.16844
2.93325
2.89349
2.90855
2.37502
2.70348
2.24566
2.21429
2.21819
2.14811
2.21088
2.41476
2.37594
2.37085
2.21176
2.33672
2.24995
2.22704
2.30096
2.30649
2.5252
2.48655
2.7044
3.17969
3.15736
2.90348
2.52109
2.45054
