3.21333
3.17178
2.75085
2.65511
2.17996
2.07763
1.87613
1.63988
1.72824
1.89242
2.18796
2.02288
2.13007
2.16998
2.66287
2.82722
3.05118
2.75343
3.17347
3.17068
2.97635
2.76861
2.57737
2.65709
2.63994
2.2531
2.24401
2.33268
2.02511
2.0414
2.07483
2.18514
2.16223
2.10622
2.15739
2.49242
2.19196
2.59173
2.8365
3.1419
2.64264
2.34531
2.3207
2.21569
2.165
2.42481
2.57893
2.52536
3.11707
2.72115
2.94303
3.22387
3.25541
3.30293
3.27284
3.28466
3.23686
2.95291
2.85548
2.46979
2.3158
2.23748
2.25598
2.46434
2.58717
2.48665
2.98555
2.98548
3.21923
3.25451
3.26923
3.22661
3.15832
3.13789
2.7862
2.60105
2.37502
2.25177
2.17377
2.57777
2.0867
2.20056
2.2684
2.4951
2.36033
2.09268
2.36918
2.19431
2.2232
2.28725
2.33379
2.6179
2.44645
2.7082
3.19167
3.1803
3.11193
2.45016
2.96528
