3.21342
3.0022
3.01683
2.59282
2.0479
2.21615
1.93312
1.70304
1.6644
1.88894
2.18346
1.99259
2.05905
2.36019
2.41667
2.92332
2.78672
3.02292
3.16754
3.11648
2.59973
2.58759
3.08816
2.67377
2.39201
2.42949
2.20324
2.1612
2.05005
2.01692
2.23321
2.13336
2.15612
2.03484
2.10027
2.33141
2.48053
2.57018
2.83646
2.92306
2.81198
2.5205
2.28094
2.6217
2.28752
2.37032
2.40259
2.34784
3.04556
2.97065
3.15834
2.99095
3.25446
3.2893
3.26297
3.26026
3.22901
2.95442
2.57737
2.57273
2.28469
2.13839
2.35571
2.37139
2.68422
2.61776
2.80996
2.7585
3.18348
3.24052
3.28582
3.22255
2.94707
3.14257
2.78741
2.8865
2.39765
2.61846
2.20536
2.12971
2.34072
2.24186
2.33248
2.23497
2.32569
2.15332
2.42066
2.20875
2.23076
2.22488
2.5442
2.55615
2.64766
3.00806
3.20226
2.95263
2.86445
2.65096
2.44582
