3.18088
2.91106
2.6791
2.61201
2.09412
2.17505
1.8266
1.67133
1.67381
1.88355
2.19634
2.00389
2.15955
2.39446
2.43521
2.8121
3.02091
3.00543
3.19932
3.14293
2.97435
3.02586
2.96196
2.61643
2.61745
2.40747
2.25376
2.18264
2.03708
2.00913
2.03393
2.19233
2.10258
2.0905
2.20899
2.32506
2.16293
2.71105
2.83625
3.13163
2.46723
2.65668
2.23701
2.23468
2.23109
2.33893
2.55353
2.51027
2.8363
2.9134
3.16234
3.20791
2.99771
3.29843
3.28466
3.29666
3.23171
3.16044
2.34272
2.61249
2.30966
2.21008
2.2529
2.38646
2.34063
2.70656
2.82293
3.0295
3.18753
3.27997
3.28232
3.21452
3.02753
2.77119
2.91323
2.5204
2.66808
2.33549
2.19057
2.15601
2.14013
2.58084
2.35088
2.26959
2.20694
2.32562
2.30081
2.25785
2.27567
2.30153
2.50857
2.32825
2.49422
2.90707
3.21128
3.15333
2.82438
2.81856
2.47564
