2.9788
3.01677
3.01508
3.01338
2.83991
2.62737
2.46677
2.4482
2.13175
2.53513
2.98439
2.69089
2.82628
2.86969
3.01065
3.01334
3.01733
3.01798
3.01793
2.99536
3.03065
2.95931
2.96422
2.99881
3.00757
2.81301
2.84272
2.79547
2.42012
2.2321
2.81154
2.83482
2.78611
2.85849
2.70348
2.85412
3.00446
2.92028
3.01368
3.01012
3.01187
3.00338
2.81492
2.98408
3.00002
3.00356
2.8587
3.01293
3.01753
3.01609
3.0147
3.01861
3.01918
3.01941
3.01991
3.02
3.01996
3.01996
3.00524
2.92834
2.9331
2.86547
2.69343
3.0088
3.01726
3.01283
3.01235
3.01654
3.01894
3.01913
3.01338
3.00654
3.0337
3.01672
3.01841
3.00515
3.00506
3.00183
2.86203
2.67827
2.88053
2.91689
3.01338
2.87189
2.86146
2.77088
2.66325
2.83552
2.86029
2.99397
2.9973
3.00714
3.00224
3.01361
3.01841
3.0149
3.012
3.00388
2.86889
