3.22818
3.10934
2.74136
2.36442
2.08986
2.16949
1.8421
1.68464
1.68141
1.91048
2.18044
1.92961
2.08983
2.37772
2.45979
2.82693
3.03006
3.03214
2.93445
2.92099
2.96477
2.94597
2.64458
2.64036
2.43698
2.52557
2.20886
2.06712
2.11802
2.02006
2.08261
2.13952
2.15835
2.07399
2.30016
2.24536
2.4683
2.42387
2.95628
3.1232
2.8093
2.41535
2.24523
2.1585
2.31089
2.58584
2.55482
2.52661
2.89502
2.96555
2.92457
3.21539
3.27015
3.30069
3.30069
3.26147
3.25173
2.94819
2.8009
2.8408
2.37189
2.16451
2.37129
2.23943
2.49918
2.66142
2.97397
3.01311
3.20231
3.28698
3.29617
3.23697
3.1402
3.16673
3.02354
2.88335
2.31407
2.56012
2.35861
2.19702
2.31348
2.39685
2.39201
2.44986
2.2052
2.14188
2.3864
2.55623
2.23542
2.36378
2.81853
2.80373
2.71392
2.65677
3.18051
3.16582
3.10975
2.736
2.45434
