3.21158
3.1381
2.83412
2.5932
1.9867
2.14047
1.85697
1.70651
1.74369
1.86714
2.13902
1.93646
2.15061
2.20627
2.2834
2.93847
2.66585
2.96005
2.89386
3.15918
3.00574
3.03965
2.84284
2.57754
2.61068
2.60027
2.17458
2.02521
2.02239
2.02699
2.07591
2.32161
2.26296
2.13219
2.24519
2.27369
2.49578
2.831
3.07164
3.13278
2.68238
2.38983
2.30966
2.42431
2.19875
2.47628
2.36278
2.72761
2.72909
2.88733
3.16047
3.18388
3.24678
3.29617
3.29509
3.27997
3.23239
3.13017
2.88558
2.59407
2.25405
2.44269
2.28069
2.44016
2.67326
2.66845
2.64074
2.99304
2.94379
3.26509
3.27252
3.17886
3.14156
3.12996
2.74637
2.68582
2.61724
2.40892
2.11524
2.10483
2.13235
2.21498
2.36821
2.25903
2.3105
2.32835
2.17265
2.51824
2.21037
2.27817
2.479
2.55696
2.75163
3.05541
3.1736
3.19459
2.92613
2.49422
2.62544
