3.21423
3.12843
2.82055
2.4208
2.08004
2.16505
1.89888
1.64912
1.79365
1.89901
2.18011
1.9895
2.1074
2.14901
2.52035
2.46146
2.81601
3.00135
3.19051
2.9502
2.93492
2.65494
2.93334
2.58805
2.39633
2.24953
2.20424
2.16821
1.98819
2.0235
2.07994
2.32387
2.22152
2.0854
2.15503
2.23305
2.59643
2.76347
2.70529
3.15118
2.80878
2.46792
2.24529
2.31193
2.36451
2.16182
2.40147
2.7307
2.7446
2.87863
3.14246
3.16431
3.19948
3.29274
3.29843
3.27452
3.23866
2.92995
2.84557
2.22011
2.23674
2.15001
2.37627
2.18009
2.33595
2.76553
2.92114
3.01539
3.16001
3.23171
3.29274
3.2225
3.16778
2.90942
3.12222
2.81106
2.85131
2.58531
2.41782
2.13544
2.1323
2.19533
2.2977
2.50906
2.25319
2.38631
2.27863
2.56424
2.23154
2.28926
2.52681
2.38384
2.49031
3.05128
2.92387
3.16737
2.90593
2.47994
2.69444
