3.22584
3.14905
2.6762
2.60734
2.24879
2.06314
1.94966
1.73263
1.676
1.91046
2.15062
2.13741
2.02788
2.12679
2.50711
2.69605
2.82415
2.97079
3.19302
2.94352
2.94139
2.39684
2.96227
2.52593
2.64679
2.44844
2.19967
2.09244
1.99372
2.0288
2.07701
2.25741
2.14679
2.06901
2.121
2.35167
2.71016
3.06795
2.80755
2.91057
2.81529
2.32215
2.33518
2.40373
2.38984
2.19383
2.38129
2.63648
2.7911
2.95818
3.1701
3.20364
3.25784
3.2893
3.2893
3.29503
3.24949
3.06294
2.58345
2.72842
2.3147
2.18632
2.37103
2.68046
2.42838
2.47937
3.10406
3.02435
3.23571
3.23171
3.28303
3.20914
3.14931
2.93896
3.13585
2.63772
2.49266
2.29776
2.14897
2.18704
2.1881
2.39651
2.34064
2.24836
2.20265
2.49377
2.1049
2.30423
2.19284
2.2636
2.36356
2.78184
2.74863
2.70477
3.18998
3.19043
2.77288
2.66235
2.73458
