3.20886
2.92686
2.68383
2.44705
2.3381
2.11889
1.87456
1.6468
1.69476
1.87819
2.17088
2.38936
2.07511
2.53662
2.27649
2.55322
3.04377
3.01114
2.93358
2.92668
2.96439
2.4187
2.43085
2.80144
2.46041
2.29012
2.20035
2.1031
2.03481
2.02399
2.21589
2.12056
2.1822
2.09391
2.19201
2.22612
2.40071
2.74897
2.84268
3.03065
2.61231
2.38079
2.30788
2.24224
2.22249
2.47848
2.62878
2.46186
3.12275
2.84111
3.15242
3.21543
3.24678
3.27997
3.28303
3.29274
3.26297
3.13698
2.59194
2.82402
2.31814
2.52638
2.31042
2.41054
2.32453
2.64095
2.83431
2.9086
3.15898
3.29045
3.2916
3.20364
3.15594
2.92006
2.76436
2.61174
2.52077
2.4285
2.20536
2.26542
2.14939
2.22003
2.32156
2.47549
2.17904
2.08541
2.13736
2.29559
2.21907
2.25967
2.30617
2.59612
2.51687
2.82706
3.19605
3.06547
3.01332
2.86436
2.46018
