3.10741
2.91418
2.978
2.43335
2.11068
2.09972
1.92645
1.61612
1.59941
1.90376
2.10774
2.17804
2.15317
2.10885
2.55052
2.82478
2.60665
2.98701
2.94936
3.12223
2.96628
2.81084
2.84758
2.59207
2.39628
2.26655
2.22747
2.07368
2.04161
2.0149
2.06666
2.16591
2.10115
2.26034
2.34621
2.28418
2.3554
2.71247
2.79885
2.99898
2.59568
2.39125
2.28161
2.35823
2.47908
2.51351
2.42701
2.54456
2.92842
2.84395
3.14334
3.20601
3.23798
3.29503
3.2893
3.26193
3.24441
2.909
2.66016
2.47158
2.25827
2.36319
2.36582
2.28079
2.52779
2.69613
3.12756
3.0347
3.22014
3.22165
3.29503
3.22156
3.17122
3.13544
3.00448
2.6258
2.25549
2.41898
2.44414
2.17625
2.18235
2.36785
2.43744
2.28902
2.3779
2.13315
2.06747
2.23562
2.22611
2.31154
2.54638
2.67071
2.48368
2.69967
3.19778
3.17912
3.01436
2.5047
2.64418
