2.98414
3.01991
3.01503
3.01343
2.98994
2.83538
2.32715
2.33848
2.32816
2.20711
2.69283
2.93446
2.69087
3.01203
3.00628
3.01301
3.01645
3.01837
3.01827
2.9756
3.03406
2.96575
2.95515
3.00253
3.00928
2.66174
2.80882
2.65637
2.65656
2.42672
2.7709
2.84613
2.80318
2.50685
2.68834
2.85568
2.9978
2.93588
3.01629
3.01168
3.01508
2.86538
2.68025
3.00061
3.00196
2.85193
3.00993
3.01274
3.0144
3.01435
3.01678
3.01788
3.0195
3.01913
3.02
3.02
3.01977
3.01996
2.93661
2.93656
2.86705
2.86039
3.00071
2.86598
3.0158
3.01467
3.01266
3.01564
3.01768
3.01927
3.01545
3.01555
3.03611
3.01668
3.00841
3.01187
2.99338
2.85526
2.99523
2.97974
2.68016
2.77
2.8602
3.01449
2.81747
2.81016
2.83542
2.78874
2.80873
2.99063
2.86239
3.00551
3.00551
3.01361
3.01681
3.01836
3.01361
3.00224
3.00551
