3.21041
3.14563
2.82165
2.58354
2.15593
2.0088
1.95768
1.65269
1.6563
1.89118
2.13282
2.13165
2.12907
2.53443
2.44299
2.47639
2.81208
2.86051
3.19528
3.16605
2.96176
2.60232
2.62786
2.65105
2.37838
2.22701
2.1982
2.10642
2.02967
2.05194
2.07244
2.17285
2.18184
2.23012
2.20375
2.32638
2.37076
2.68372
2.95748
2.99141
2.95667
2.45235
2.31763
2.39261
2.27724
2.42264
2.58189
2.54407
2.8531
2.9615
3.18662
3.16223
3.25933
3.30069
3.28698
3.29045
3.25575
3.17542
3.08347
2.84489
2.29003
2.18899
2.31681
2.44301
2.57131
2.62278
2.89692
3.01835
3.16618
3.24248
3.29274
3.23627
2.92248
2.74607
2.91482
2.94968
2.87532
2.26742
2.17666
2.12164
2.13045
2.17335
2.35589
2.64762
2.34573
2.16642
2.37425
2.23985
2.21531
2.24218
2.44365
2.84316
2.65211
2.8417
3.14301
3.17467
3.09273
2.75851
2.73498
