2.99619
3.01841
3.02
3.00859
2.98517
2.65921
2.33186
2.33948
2.13514
2.18256
2.73261
2.60175
2.40359
2.86746
3.0082
3.01624
3.01656
3.01692
3.01822
2.9892
3.0317
3.02325
3.02732
3.0067
3.00393
2.85841
2.85253
2.74514
2.58419
2.25319
2.61968
2.85101
2.81709
2.69853
2.51519
2.85417
2.51486
2.89584
3.01507
3.00655
3.01002
2.99527
2.85334
2.9978
2.85412
3.00033
3.0052
3.01632
3.01203
3.01151
3.01758
3.01861
3.01822
3.01945
3.01996
3.02
3.02
3.01991
3.01311
2.86034
2.99171
2.99698
2.84746
2.86788
2.87271
3.01293
3.0155
3.01697
3.01875
3.01927
3.0132
3.01201
3.03217
3.01343
3.01517
3.00193
3.00502
3.00538
3.00361
2.77294
2.76669
2.75981
2.94581
3.01559
2.77659
2.70635
2.87015
2.62314
2.84512
2.98726
3.0006
3.00224
2.99397
3.00877
3.01361
3.01663
3.00714
3.00224
3.00551
