3.23343
2.93332
2.78554
2.69806
2.06101
2.11449
1.97366
1.70076
1.6342
2.0514
2.17962
1.98741
2.04391
2.26723
2.54229
2.68351
2.91858
3.01668
3.16518
2.91853
2.99491
2.96669
2.72458
2.40053
2.57649
2.26582
2.21313
2.08838
2.01726
2.06216
2.03845
2.15285
2.16593
2.09044
2.13831
2.29323
2.45257
2.81404
3.07066
2.72581
2.84805
2.52372
2.28094
2.16642
2.25697
2.53321
2.37103
2.76893
3.0092
2.93277
3.15472
3.20015
3.24966
3.2973
3.29274
3.28232
3.26777
3.20405
2.69111
2.49956
2.46819
2.32264
2.33141
2.44255
2.44359
2.63493
2.67613
2.90774
3.22255
3.25075
3.26764
3.23145
3.21402
3.12628
3.11707
3.06225
2.60535
2.48861
2.20967
2.13175
2.21077
2.36011
2.36278
2.23867
2.39386
2.3494
2.61267
2.32563
2.21187
2.2531
2.58012
2.64326
2.76253
2.91161
2.93956
3.19719
2.88063
2.75851
2.66273
