3.21068
3.11122
2.86298
2.58006
2.16612
2.13144
1.87688
1.73809
1.671
1.8476
2.20891
2.22521
2.14661
2.36364
2.789
2.79453
2.84368
2.97522
3.15209
3.13223
2.9668
2.71245
2.6226
2.55497
2.65212
2.42302
2.21706
2.10624
2.01097
2.04673
2.04978
2.22077
2.28525
2.3447
2.43102
2.26048
2.18024
2.57669
3.038
2.93708
2.84274
2.5325
2.45633
2.24402
2.35203
2.53712
2.3611
2.50828
2.73776
2.73272
2.8062
3.25811
3.24754
3.29274
3.29274
3.26681
3.24568
3.20596
2.8678
2.44215
2.29637
2.32947
2.45473
2.58251
2.34164
2.63062
2.84096
2.88319
3.17576
3.28409
3.28533
3.18696
3.19054
3.12263
2.92903
2.5465
2.71474
2.53925
2.1175
2.28689
2.20417
2.24183
2.35455
2.37957
2.23023
2.15326
2.26237
2.36034
2.2368
2.2636
2.55626
2.88084
2.49755
2.68811
3.15516
3.20776
3.09684
2.62673
2.63736
