3.2053
2.92572
3.07729
2.34695
2.1523
2.18342
1.94314
1.77885
1.71027
1.88151
2.12729
2.24549
2.14954
2.33348
2.43508
2.84303
2.94311
2.61714
3.21657
3.11744
2.93413
2.91466
3.01143
2.51755
2.42864
2.27174
2.19094
2.08161
2.01067
2.00845
2.0908
2.16745
2.18872
2.27813
2.14931
2.36222
2.39007
2.81596
2.70692
3.04447
2.52754
2.3946
2.28288
2.1844
2.22244
2.22165
2.4468
2.5216
2.74706
2.97003
3.14697
3.19872
3.25364
3.2893
3.29274
3.29274
3.25823
3.20642
3.05893
2.64707
2.33157
2.27593
2.31788
2.55422
2.55597
2.45683
2.89625
2.99977
3.20239
3.24574
3.28115
3.08578
3.09639
3.14063
3.11321
2.65837
2.87639
2.28835
2.15333
2.07788
2.13967
2.27799
2.34762
2.42608
2.19568
2.43997
2.25805
2.26113
2.20825
2.29029
2.56789
3.02738
2.81005
3.05981
3.19458
3.17491
2.84588
2.6448
2.48624
