2.99818
3.02
3.01677
3.00989
2.76443
2.76688
2.62731
2.40984
2.11439
2.24606
2.85129
2.835
2.69107
2.86949
3.0104
3.01582
3.01702
3.01768
3.01818
2.98724
3.0321
2.88344
3.03358
3.00559
3.00923
2.83374
2.79707
2.77714
2.63713
2.68578
2.75356
2.82058
2.81968
2.40098
2.50341
2.86888
2.99973
2.92835
3.01533
3.01187
3.00692
3.00511
2.75869
2.99975
2.86225
2.99361
2.79291
3.00998
3.01543
3.01718
3.01557
3.0189
3.01894
3.01913
3.02
3.02
3.01996
3.01986
3.01334
3.00174
2.99162
2.68852
3.00537
2.86717
2.86636
3.01439
3.01734
3.01465
3.0189
3.01837
3.01324
3.00774
3.03495
3.01659
3.01677
3.00664
3.00156
2.99698
2.99523
2.9968
2.85761
2.99397
3.02
3.0167
2.8054
2.6491
2.78174
2.8617
2.70362
3.00224
2.99063
3.00224
3.00877
3.00714
3.01361
3.01677
3.01039
3.00551
3.0006
