3.19794
2.88719
2.87065
2.54861
2.05196
2.09439
1.96527
1.67129
1.65953
2.05595
2.09698
2.14951
2.14067
2.40252
2.46152
2.91196
2.80108
2.99498
3.17724
3.15386
2.99556
2.59248
2.99634
2.80596
2.37319
2.30479
2.20886
2.0539
2.03479
2.06525
2.0873
2.17228
2.18658
2.08332
2.1369
2.24359
2.74941
2.69598
2.59448
3.12935
2.82147
2.36135
2.25925
2.17078
2.36754
2.59266
2.30619
2.61611
3.08462
2.94253
2.91831
3.21128
3.25999
3.30405
3.30181
3.28582
3.21811
3.16121
2.69197
2.42777
2.31664
2.38949
2.37246
2.28697
2.49663
2.6581
2.91359
3.03538
3.24052
3.00698
3.26193
3.20826
3.16737
3.15468
3.1215
2.75693
2.37554
2.42241
2.20899
2.3348
2.10414
2.21395
2.2947
2.24836
2.22685
2.20181
2.33383
2.13867
2.21139
2.32149
2.59405
2.66526
2.67251
2.70864
3.18833
3.14667
2.88275
2.63433
2.5035
