3.16864
3.16543
2.78287
2.40849
2.1256
1.99933
1.97222
1.80106
1.75752
1.87407
2.16596
2.0156
2.18244
2.14385
2.68478
2.70722
2.94443
2.86221
3.20184
3.15886
2.97041
2.79445
2.76347
2.78386
2.38838
2.40453
2.22807
2.05022
2.00868
2.05378
2.05022
2.16888
2.24417
2.02756
2.22915
2.30287
2.31348
2.63801
2.71549
3.12979
2.56532
2.40595
2.42974
2.50972
2.23166
2.38041
2.39999
2.46941
2.56325
2.61121
2.89111
3.20543
3.23668
3.29503
3.28349
3.28232
3.23171
3.1964
2.62898
2.55271
2.28371
2.14994
2.33742
2.26173
2.55045
2.46338
2.74085
3.05075
3.16953
3.28466
3.271
3.18975
3.16496
3.12003
3.13919
2.86288
2.47628
2.57308
2.36319
2.12684
2.19423
2.19643
2.3799
2.36527
2.21242
2.09641
2.10285
2.30629
2.39283
2.34458
2.4657
2.40089
2.72172
2.67428
3.0928
3.18944
2.89095
2.62431
2.89947
