3.23235
3.14139
2.84315
2.75774
2.11897
2.14905
1.87127
1.69818
1.65193
1.87484
2.14218
2.06589
2.15298
2.42453
2.39781
2.92844
3.04926
2.99353
3.20014
3.14656
2.9908
2.831
2.62985
2.55977
2.63809
2.28239
2.22861
2.12888
1.99111
2.06203
2.10487
2.17228
2.17674
2.05748
2.19273
2.32638
2.33306
2.79859
3.07452
3.13318
2.38996
2.4052
2.3092
2.22913
2.34079
2.54828
2.44378
2.37051
2.87222
2.95158
3.12406
3.17064
3.24491
3.28263
3.28606
3.28814
3.25947
2.94838
2.8678
2.3926
2.28269
2.42786
2.33952
2.2479
2.49311
2.61321
3.1076
3.0045
2.96088
3.24628
3.2656
3.24822
3.15455
3.13687
2.92281
2.87269
2.38763
2.30428
2.47352
2.11819
2.13551
2.17189
2.32139
2.33492
2.30719
2.19583
2.4714
2.66653
2.23415
2.30096
2.55707
2.65621
2.48169
2.95458
3.16377
3.16972
3.09654
2.4601
2.46652
