2.99982
3.01343
3.01178
3.00701
2.68806
2.84195
2.47236
2.57885
2.174
2.23768
2.83468
2.82685
2.77372
2.78236
2.86828
3.01503
3.01666
3.0165
3.01803
2.99255
3.03268
3.02994
3.02858
3.00542
2.94216
2.62513
2.71504
2.77956
2.42691
2.58814
2.76872
2.89357
2.82645
2.85344
2.68681
2.99683
3.00947
2.96194
3.01837
3.01818
3.0103
3.00678
2.83244
2.92638
2.86565
2.86221
2.86543
3.00975
3.01229
3.01425
3.01533
3.01793
3.01904
3.01904
3.02
3.02
3.01996
3.01991
3.01187
3.0085
2.99702
2.99167
2.70224
2.70559
3.00244
3.01127
3.01709
3.01856
3.01788
3.01875
3.01435
3.00774
3.03247
3.01986
3.01668
3.01182
3.00356
3.00042
2.49341
2.97835
2.68259
2.98726
2.873
3.01197
2.72034
2.80509
2.82867
2.84853
2.85815
2.99063
3.00714
2.85746
3.00224
3.012
3.01681
3.01832
3.01361
3.01361
3.00877
