3.18674
2.92112
3.06213
2.54885
2.08103
2.06043
1.97447
1.58546
1.66527
1.9329
2.13884
2.04358
2.13395
2.0958
2.28313
2.8255
3.03892
2.99257
3.17309
3.15895
2.95401
2.66835
2.68628
2.60146
2.44516
2.28293
2.20687
2.27751
2.01889
2.03183
2.03957
2.22716
2.23242
2.15109
2.12217
2.28574
2.38175
2.84946
3.04303
3.14964
2.78084
2.34199
2.3486
2.11344
2.39254
2.52864
2.41435
2.49516
2.98362
2.71958
3.11991
3.22292
3.25689
3.30069
3.28606
3.30181
3.23288
3.18855
2.89256
2.38529
2.30386
2.4285
2.31123
2.23332
2.45136
2.75072
2.81213
2.95207
2.92362
3.24056
3.27997
3.20692
3.16774
2.92579
2.90438
2.52318
2.57211
2.43832
2.30024
2.48028
2.36557
2.19243
2.31802
2.2988
2.17285
2.11972
2.12102
2.36565
2.26369
2.31908
2.56086
2.71542
2.49338
2.93553
3.19015
3.15572
3.07239
2.58002
2.49626
