3.20886
2.76457
2.73188
2.36778
2.12201
2.07578
1.82451
1.69923
1.71497
1.90031
2.13706
2.03889
2.13018
2.30391
2.50984
2.71707
2.59512
2.97683
3.18002
3.15468
2.97966
2.84102
2.98658
2.7624
2.41342
2.25394
2.20219
2.07173
2.03183
2.02354
2.10982
2.15134
2.23905
2.45339
2.25912
2.31547
2.14168
2.93257
2.84402
2.8508
2.59551
2.42951
2.31511
2.4322
2.16367
2.44349
2.40224
2.95014
3.0619
2.96526
3.19467
3.22768
3.21768
3.29274
3.27569
3.29217
3.21985
2.93439
2.85596
2.39052
2.29114
2.3232
2.35261
2.24011
2.56473
2.86194
2.61797
3.00368
3.24568
3.27284
3.27879
3.20999
3.06011
2.91524
2.93962
2.85435
2.68959
2.41022
2.43607
2.09908
2.1913
2.17605
2.30153
2.25454
2.22966
2.17727
2.10913
2.10181
2.23058
2.26332
2.31745
2.61634
2.6308
2.59575
3.17922
3.15227
3.07995
2.6381
2.65934
