2.95318
3.01672
3.01494
3.01659
2.93306
2.72514
2.45987
2.41553
2.33726
2.24683
2.47329
2.38562
2.69099
2.99425
3.01405
3.01702
3.01565
3.01748
3.01763
2.98956
2.96775
2.95519
3.03348
3.00525
3.00441
2.86318
2.86431
2.73425
2.78729
2.22768
2.82729
2.79714
2.60641
2.84505
2.68483
3.00056
3.001
2.92228
3.01798
3.01316
2.86705
3.00215
2.8868
2.99778
2.86071
2.98672
3.00042
3.01467
3.01319
3.0127
3.01683
3.01885
3.01894
3.01927
3.01991
3.02
3.01996
3.01881
3.01191
2.93155
2.99877
2.84864
2.86731
2.87243
3.00942
3.01618
3.01305
3.01832
3.01822
3.01894
3.00518
3.00556
3.03075
3.01503
3.01503
3.01334
3.00863
3.00005
2.78302
2.91981
2.75076
2.99063
2.99616
3.0167
2.83112
2.76452
2.85108
2.81719
2.73148
3.0006
3.0006
2.98613
3.00388
3.01361
3.01841
3.01002
3.01521
3.00714
2.9923
