3.00329
3.01668
3.00854
3.00845
2.98826
2.83046
2.633
2.44859
2.1707
2.15693
2.49025
2.69086
2.59424
3.00897
3.01405
3.01455
3.01677
3.01793
3.01861
2.99658
3.0352
2.88201
3.03542
2.99964
3.00585
2.7875
2.61134
2.74408
2.46641
2.64921
2.82074
2.87906
2.65201
2.70819
2.86027
2.85388
2.8564
2.93788
3.01497
3.01503
3.00356
3.00683
2.8721
2.99952
2.99215
3.00692
3.00515
3.01627
3.00736
3.01584
3.01644
3.01904
3.01894
3.01927
3.01996
3.02
3.01996
3.01996
3.01348
2.99148
3.00188
2.85378
3.01056
3.00752
3.00952
3.01641
3.00976
3.01803
3.01894
3.01945
3.01247
3.01228
3.03142
3.01173
3.01517
3.00993
2.99495
2.99013
2.84705
2.85203
2.83997
2.68388
3.01338
3.0178
2.67082
2.81491
2.77885
2.83784
2.89746
2.77
2.93683
2.86889
3.01521
3.00551
3.01681
3.00854
3.01521
3.00714
2.98449
