3.21837
3.03702
2.38576
2.71474
2.03722
2.13922
1.82392
1.629
1.66086
1.91471
2.15668
2.07607
2.14342
2.35617
2.67742
2.73437
2.84177
3.01645
3.1516
3.12547
2.9558
3.0644
2.49036
2.52265
2.69687
2.23152
2.23293
2.11903
2.01339
2.03183
2.35322
2.21476
2.20404
2.12687
2.1515
2.3142
2.50929
2.57294
2.93804
2.74167
2.40556
2.32226
2.24777
2.3475
2.19354
2.23832
2.43779
2.51809
3.09581
2.94632
2.93247
3.24792
3.25197
3.28698
3.29045
3.27956
3.25575
3.21946
2.42075
2.42924
2.39491
2.2244
2.49741
2.6449
2.49763
2.85798
2.63079
2.9894
3.23451
3.23277
3.27523
3.17498
3.19816
3.16584
3.15386
2.81637
2.47707
2.34796
2.4385
2.32802
2.46124
2.24678
2.48745
2.58179
2.14103
2.10995
2.29959
2.3178
2.22238
2.30565
2.35199
2.74764
2.7399
2.94692
3.165
3.19948
3.14792
2.75251
2.74103
