2.94189
3.16467
3.07969
2.53602
2.04874
2.16553
1.92132
1.7512
1.71114
1.91449
2.10854
2.00382
2.11755
2.40273
2.52279
2.70568
2.90732
2.87876
3.13154
2.93566
3.00368
2.36979
2.35566
2.54997
2.45248
2.23201
2.19872
2.19897
2.01443
2.02699
2.10762
2.17462
2.21935
2.23607
2.18802
2.31133
2.37195
2.80129
2.84133
3.11387
2.7864
2.39201
2.35662
2.20297
2.3576
2.25979
2.38585
2.36726
2.86216
2.75067
3.14809
3.20325
3.2472
3.27761
3.2916
3.26507
3.2543
2.96492
2.67982
2.38066
2.23283
2.15447
2.36531
2.3215
2.46019
2.61392
2.96959
2.92708
3.21128
3.27452
3.29217
3.20201
3.18178
3.1035
3.142
2.59395
2.78545
2.27939
2.13831
2.13868
2.16432
2.22363
2.3799
2.46704
2.2398
2.14784
2.49428
2.50934
2.23522
2.21723
2.58543
2.58085
2.62854
2.67551
3.16457
3.20286
3.08074
2.66233
2.39411
