2.98409
3.01841
3.01178
3.00998
2.68342
2.8079
2.71603
2.33671
2.18201
2.54423
2.83456
2.4732
2.85119
3.00987
3.0072
3.01598
3.01763
3.01768
3.01683
2.98688
3.03542
2.89125
2.89221
3.0038
3.0089
2.81473
2.83639
2.7477
2.45614
2.43773
2.81141
2.85946
2.75062
2.8482
2.67218
2.69533
3.00474
2.96002
3.00897
3.00854
2.94475
2.92981
2.80781
2.86725
2.70559
2.85521
3.00028
3.00998
3.01156
3.01649
3.01663
3.01866
3.01842
3.01945
3.02
3.02
3.02
3.01996
3.01672
3.00352
2.99537
2.99167
2.52551
3.00374
2.86603
3.01613
3.0161
3.01644
3.01743
3.01927
3.0115
3.0056
3.03374
3.01499
3.01508
3.00868
2.99486
3.00188
2.99022
2.97979
2.67063
2.98218
3.00535
3.0189
2.79136
2.65093
2.84002
2.8124
2.85167
2.86075
3.0006
3.01039
2.86565
3.01521
3.01521
3.01823
3.012
3.00714
3.00388
