11,4,100.0
10,4,100.0
10,4,100.0
9,4,100.0
9,4,100.0
8,4,123.85332160319793
8,4,100.0
7,4,100.0
7,4,100.0
6,4,553.5801209075324
6,4,100.0
5,4,100.0
5,4,100.0
4,4,624.2720791913285
4,4,120.37474723746062
3,4,100.0
3,4,100.0
2,4,100.0
2,4,100.0
1,4,112.89617113132806
1,4,263.10971297278854
0,4,117.94525749464327
0,4,396.97929697558027
-1,4,394.1432688267749
-1,4,175.79026676352777
-2,4,100.0
-2,4,433.91996301904294
-3,4,100.0
-3,4,100.0
-4,4,104.92378696495993
-4,4,100.0
-5,4,204.40289392524548
-5,4,100.0
-6,4,401.7472517709861
-6,4,436.4046483278065
-7,4,484.29601893340066
-7,4,173.43084171037563
-8,4,100.0
-8,4,206.65846399496206
-8,3,314.8001079259485
-8,3,100.0
-8,2,100.0
-8,2,114.34553383134894
-8,1,331.6288355547048
-8,1,439.87062231016637
-8,2,543.161580529115
-8,2,100.0
-8,1,134.07368695038758
-8,1,248.94002027588886
-7,1,195.16644080342093
-7,1,220.34858261674447
-7,0,180.54269414103794
-7,0,273.8390028869469
-7,1,246.83275191820405
-7,1,213.8537622543853
-7,0,100.0
-7,0,100.0
-7,-1,100.0
-7,-1,100.0
-6,-1,596.6736507557807
-6,-1,349.4860470535693
-6,-2,100.0
-6,-2,413.17239031984263
-6,-3,121.65198830152434
-6,-3,236.3289974248114
-6,-4,113.07051183710455
-6,-4,276.15840062116985
-5,-4,461.63267644724016
-5,-4,100.0
-5,-5,139.0116740360702
-5,-5,189.02685280577577
-5,-4,238.1907979786971
-5,-4,100.0
-5,-5,330.8285664049888
-5,-5,428.334278994065
-5,-6,100.0
-5,-6,100.0
-5,-7,100.0
-5,-7,408.9617346557699
-5,-8,100.0
-5,-8,327.7373741339685
-4,-8,100.0
-4,-8,271.2957233104486
-3,-8,331.90881813238843
-3,-8,100.0
-3,-9,425.89133409688793
-3,-9,100.0
-3,-10,336.82974193122635
-3,-10,162.84927067327806
-3,-11,100.0
-3,-11,184.5236049569052
-4,-11,100.0
-4,-11,100.0
-4,-12,100.0
-4,-12,100.0
-3,-12,100.0
-3,-12,100.0
-2,-12,184.70652825160653
-2,-12,130.40785445418385
-2,-13,100.0
-2,-13,177.78572518267262
-1,-13,100.0
-1,-13,100.0
-1,-14,153.92165014422903
-1,-14,147.07397258280912
-1,-15,255.63320600308947
-1,-15,100.0
-1,-16,100.0
-1,-16,100.0
-1,-15,100.0
-1,-15,361.3208047241781
-1,-14,193.25177596336226
-1,-14,158.07501729678637
-1,-13,100.0
-1,-13,122.13549150194405
-1,-14,240.1922631330354
-1,-14,100.0
-1,-15,233.0283425199989
-1,-15,100.0
-1,-16,159.41678831806087
-1,-16,100.0
-1,-17,172.6506683118736
-1,-17,100.0
-1,-18,486.2381518411712
-1,-18,100.0
-1,-17,100.0
-1,-17,100.0
0,-17,139.99670853771391
0,-17,100.0
0,-18,100.0
0,-18,100.0
0,-19,100.0
0,-19,100.0
0,-18,267.7521029987649
0,-18,100.0
0,-17,100.0
0,-17,100.0
0,-18,330.31356792309793
0,-18,117.64079443726268
0,-19,151.84058284603256
0,-19,100.0
0,-20,100.0
0,-20,100.0
0,-19,100.0
0,-19,100.0
-1,-19,100.0
-1,-19,100.0
0,-19,100.0
0,-19,100.0
1,-19,100.0
1,-19,100.0
2,-19,100.0
2,-19,100.0
2,-20,100.0
2,-20,100.0
2,-19,100.0
2,-19,100.0
1,-19,100.0
1,-19,210.15041656364411
1,-18,100.0
1,-18,100.0
1,-17,100.0
1,-17,100.0
2,-17,100.0
2,-17,100.0
2,-16,100.0
2,-16,100.0
3,-16,100.0
3,-16,100.0
4,-16,100.0
4,-16,100.0
3,-16,100.0
3,-16,100.0
4,-16,100.0
4,-16,106.25945327395816
5,-16,100.0
5,-16,100.0
6,-16,100.0
6,-16,100.0
7,-16,100.0
7,-16,100.0
8,-16,100.0
8,-16,309.7853011444917
9,-16,100.0
9,-16,100.0
10,-16,100.0
10,-16,100.0
11,-16,100.0
11,-16,100.0
12,-16,273.5768157641423
12,-16,100.0
12,-15,100.0
12,-15,246.61053424106183
11,-15,225.2694545819688
11,-15,100.0
10,-15,100.0
10,-15,100.0
10,-14,160.61885396938231
10,-14,100.0
10,-13,100.0
10,-13,386.33456716837856
9,-13,142.194524694398
9,-13,190.0032604639469
10,-13,100.0
10,-13,100.0
9,-13,100.0
9,-13,100.0
8,-13,100.0
8,-13,100.0
7,-13,100.0
7,-13,221.64763088729197
6,-13,100.0
6,-13,100.0
5,-13,100.0
5,-13,100.0
4,-13,100.0
4,-13,100.0
3,-13,158.57912869909848
3,-13,325.47412604740157
2,-13,100.0
2,-13,180.36549102678657
3,-13,297.71863234728653
3,-13,100.0
3,-12,100.0
3,-12,195.84252636737187
2,-12,249.02898125411343
2,-12,216.23925619183433
3,-12,613.8443491950386
3,-12,163.01987983715017
2,-12,100.0
2,-12,287.6849245193183
1,-12,100.0
1,-12,208.959932583028
0,-12,100.0
0,-12,135.66315792472247
-1,-12,201.27658964915867
-1,-12,100.0
-1,-11,100.0
-1,-11,144.5966690793797
-1,-10,100.0
-1,-10,364.0358373718567
-1,-9,100.0
-1,-9,492.0909053926761
0,-9,145.58525720133588
0,-9,367.9630344301315
-1,-9,100.0
-1,-9,100.0
-2,-9,122.40449332390375
-2,-9,100.0
-3,-9,501.6275221533938
-3,-9,331.7852739835163
-4,-9,100.0
-4,-9,271.4898241390931
-4,-8,100.0
-4,-8,100.0
-4,-9,100.0
-4,-9,100.0
-5,-9,358.6173488821206
-5,-9,100.0
-6,-9,164.86353252557342
-6,-9,100.0
-7,-9,285.8561114250004
-7,-9,100.0
-8,-9,100.0
-8,-9,533.9898045790634
-9,-9,158.53013496493764
-9,-9,156.79140243205313
-8,-9,100.0
-8,-9,226.52823613658384
-9,-9,100.0
-9,-9,100.0
-9,-8,100.0
-9,-8,207.95731962932234
-10,-8,174.5766131301236
-10,-8,100.0
-11,-8,100.0
-11,-8,100.0
-12,-8,100.0
-12,-8,100.0
-13,-8,137.2394084322597
-13,-8,100.0
-13,-7,282.4407788343891
-13,-7,100.0
-14,-7,100.0
-14,-7,100.0
-15,-7,307.2650610567426
-15,-7,100.0
-15,-6,100.0
-15,-6,132.61475635575042
-15,-5,100.0
-15,-5,100.0
-15,-6,193.3771216079794
-15,-6,100.0
-15,-5,308.25992378585534
-15,-5,187.7984068543468
-14,-5,100.0
-14,-5,153.34626265931894
-15,-5,100.0
-15,-5,348.78178362843687
-14,-5,487.05980460896103
-14,-5,100.0
-15,-5,100.0
-15,-5,100.0
-14,-5,123.1977902343736
-14,-5,145.64976219204553
-15,-5,100.0
-15,-5,100.0
-16,-5,100.0
-16,-5,100.0
-17,-5,121.49742400065074
-17,-5,100.0
-18,-5,100.0
-18,-5,100.0
-19,-5,100.0
-19,-5,100.0
-20,-5,100.0
-20,-5,100.0
-20,-4,100.0
-20,-4,333.72440261792923
-19,-4,100.0
-19,-4,100.0
-18,-4,100.0
-18,-4,112.85184223154795
-17,-4,100.0
-17,-4,100.0
-16,-4,100.0
-16,-4,100.0
-15,-4,100.0
-15,-4,100.0
-14,-4,100.0
-14,-4,100.0
-15,-4,185.36624587666063
-15,-4,100.0
-14,-4,100.0
-14,-4,100.0
-15,-4,100.0
-15,-4,100.0
-14,-4,104.34106127998012
-14,-4,390.0341663983442
-13,-4,167.25743338892778
-13,-4,100.0
-12,-4,101.07687714583187
-12,-4,100.0
-11,-4,100.0
-11,-4,100.0
-10,-4,258.22994887140464
-10,-4,100.0
-11,-4,161.18774193222492
-11,-4,108.38359605074471
-10,-4,341.1434826096425
-10,-4,100.0
-9,-4,157.62248891603548
-9,-4,409.64994131434463
-8,-4,100.0
-8,-4,549.1872635262824
-9,-4,100.0
-9,-4,179.89785426283942
-8,-4,482.74824990061575
-8,-4,116.92572161929692
-7,-4,316.9078133724818
-7,-4,109.12962241587172
-6,-4,338.9531523734961
-6,-4,507.3485298558898
-5,-4,100.0
-5,-4,100.0
-4,-4,100.0
-4,-4,100.0
-3,-4,143.54673557689188
-3,-4,155.02172126936597
-2,-4,318.0071428675443
-2,-4,100.0
-1,-4,100.0
-1,-4,132.87781302568368
0,-4,415.6247256248097
0,-4,137.93870753446916
1,-4,100.0
1,-4,309.55224962400814
2,-4,292.24065120942873
2,-4,100.0
2,-5,410.8893541400689
2,-5,435.76361808113455
2,-4,179.72625714709972
2,-4,149.90211463070062
2,-3,418.6268323401199
2,-3,100.0
2,-4,158.71440403423836
2,-4,306.6852783362681
2,-3,584.7939857906193
2,-3,100.0
2,-4,297.0029288988225
2,-4,100.0
2,-3,588.5624055319122
2,-3,633.7942629300089
2,-4,126.48208345421426
2,-4,375.99545803313316
2,-3,458.6580749114544
2,-3,208.19840040897142
2,-2,753.6502048846835
2,-2,101.38411245513697
3,-2,388.7515405392788
3,-2,100.0
3,-1,567.0185726898175
3,-1,139.45140981956177
3,0,100.0
3,0,372.7651569839361
4,0,111.54556500150206
4,0,359.40405945397913
4,1,258.08670549815645
4,1,100.0
4,2,560.3501871445061
4,2,306.8177439433463
4,1,230.70925992090207
4,1,100.0
4,0,100.0
4,0,433.6179778127853
4,-1,429.3118137180574
4,-1,100.0
4,0,398.82672084990674
4,0,100.0
4,1,155.6890620063998
4,1,100.0
4,2,100.0
4,2,152.43028457514706
4,3,325.2740105324517
4,3,100.0
4,2,174.30056888700102
4,2,100.0
4,1,100.0
4,1,370.9604167167416
4,2,100.0
4,2,100.0
4,1,231.10867828647525
4,1,310.16779088085525
4,2,421.87179822843285
4,2,114.81543712455111
4,3,100.0
4,3,100.0
4,2,105.54828302543585
4,2,100.0
4,3,231.88122767278873
4,3,553.1602810203992
4,4,123.85489254187334
4,4,100.0
4,5,100.0
4,5,474.6332283901967
4,6,225.16322059834545
4,6,100.0
4,5,486.87896802671094
4,5,110.66550174379424
4,6,301.23449800233107
4,6,181.63723324309697
4,7,218.77556505094464
4,7,100.0
4,6,100.0
4,6,100.0
4,5,112.75661617112121
4,5,168.71634978652543
4,6,100.0
4,6,254.78017741760405
4,7,106.74143026291884
4,7,220.7733125546755
4,8,257.9807901758452
4,8,100.0
4,9,387.65245805307245
4,9,100.0
3,9,243.70691195001638
3,9,140.2049969365104
3,10,100.0
3,10,100.0
3,11,134.34186601052244
3,11,100.0
3,12,100.0
3,12,100.0
3,13,100.0
3,13,119.00650595111084
3,12,185.59817280091724
3,12,100.0
3,13,100.0
3,13,100.0
2,13,100.0
2,13,100.0
2,14,169.89063893349362
2,14,137.02550580548706
2,15,100.0
2,15,100.0
1,15,100.0
1,15,100.0
1,16,100.0
1,16,157.22376089370528
1,17,100.0
1,17,100.0
0,17,331.973247689247
0,17,100.0
0,18,100.0
0,18,274.10861633526764
0,19,100.0
0,19,162.4820934940294
0,18,100.0
0,18,100.0
0,19,100.0
