11,4,100.0
10,4,119.91708668984134
10,4,100.0
9,4,100.0
9,4,162.67909546039965
8,4,413.632638066979
8,4,100.0
7,4,149.54307335782505
7,4,528.3040054667107
6,4,223.43299231425254
6,4,233.6385771977956
5,4,100.0
5,4,135.60381260868388
4,4,153.40614672328235
4,4,126.07546839092021
3,4,100.0
3,4,471.9912030698258
2,4,139.22417273627173
2,4,333.5651121162308
1,4,406.0370957344923
1,4,251.731727551012
0,4,357.4682705980175
0,4,100.0
-1,4,195.9857837650543
-1,4,356.7353885232703
-2,4,601.3297565286139
-2,4,100.0
-3,4,100.0
-3,4,231.30173106867474
-4,4,415.0812301501024
-4,4,100.0
-5,4,117.88346761729974
-5,4,112.54068505230154
-6,4,100.0
-6,4,101.93542767728022
-7,4,100.0
-7,4,105.60193510158554
-8,4,100.0
-8,4,540.8390406438543
-8,3,100.0
-8,3,207.67135438380652
-8,2,131.70086649893491
-8,2,100.0
-8,1,263.2522464081006
-8,1,131.8683577676227
-8,2,144.21800680188375
-8,2,146.70391642991737
-8,1,100.0
-8,1,256.72088300184544
-7,1,100.0
-7,1,100.0
-7,0,100.0
-7,0,100.0
-7,1,219.5996511049411
-7,1,247.67256693326118
-7,0,211.39000801759892
-7,0,166.11192752290117
-7,-1,100.0
-7,-1,390.16783709278707
-6,-1,312.8333898078408
-6,-1,100.0
-6,-2,568.0505731188262
-6,-2,396.4437764581861
-6,-3,220.16969751948668
-6,-3,100.0
-6,-4,413.5573615338367
-6,-4,515.4645548218148
-5,-4,240.5774344996854
-5,-4,314.1811555950825
-5,-5,100.0
-5,-5,263.3821177386748
-5,-4,106.29264517008478
-5,-4,100.0
-5,-5,100.0
-5,-5,100.0
-5,-6,512.4393526281337
-5,-6,471.7835395454576
-5,-7,117.02464393472485
-5,-7,100.0
-5,-8,253.24887381328801
-5,-8,100.0
-4,-8,100.0
-4,-8,100.0
-3,-8,100.0
-3,-8,100.0
-3,-9,100.0
-3,-9,100.0
-3,-10,281.9008155411541
-3,-10,296.89611495405927
-3,-11,321.1522238500087
-3,-11,100.0
-4,-11,153.28715971601557
-4,-11,100.0
-4,-12,394.24981865265454
-4,-12,687.5244811542848
-3,-12,328.846011360066
-3,-12,100.0
-2,-12,639.0173748387127
-2,-12,202.84617714489252
-2,-13,100.0
-2,-13,100.0
-1,-13,470.7039865745984
-1,-13,144.24452399286662
-1,-14,268.6544821809122
-1,-14,100.0
-1,-15,100.0
-1,-15,100.0
-1,-16,168.38420756766732
-1,-16,100.0
-1,-15,103.05647169566555
-1,-15,100.0
-1,-14,121.41917116450111
-1,-14,100.0
-1,-13,100.0
-1,-13,390.51527097382285
-1,-14,145.53907242473122
-1,-14,300.6634644631803
-1,-15,100.0
-1,-15,203.34541867895024
-1,-16,197.8910421635572
-1,-16,131.41977513125545
-1,-17,174.44524912547865
-1,-17,345.2852158553431
-1,-18,173.1840988448366
-1,-18,238.4016034819178
-1,-17,305.83781730190367
-1,-17,104.75729772134397
0,-17,100.0
0,-17,100.0
0,-18,100.0
0,-18,143.00789284332194
0,-19,100.0
0,-19,100.0
0,-18,292.79800977847066
0,-18,185.12960789908405
0,-17,100.0
0,-17,165.99405181763223
0,-18,100.0
0,-18,100.0
0,-19,100.0
0,-19,100.0
0,-20,100.0
0,-20,100.0
0,-19,127.90173540904931
0,-19,100.0
-1,-19,100.0
-1,-19,100.0
0,-19,100.0
0,-19,179.96253003365658
1,-19,100.0
1,-19,100.0
2,-19,181.88557244130553
2,-19,100.0
2,-20,100.0
2,-20,100.0
2,-19,100.0
2,-19,173.3118574163312
1,-19,100.0
1,-19,113.16877274931856
1,-18,100.0
1,-18,196.01946492846605
1,-17,100.0
1,-17,100.0
2,-17,100.0
2,-17,100.0
2,-16,240.1160890706433
2,-16,100.0
3,-16,100.0
3,-16,256.2143588460598
4,-16,100.0
4,-16,163.9271923883861
3,-16,149.7364382444816
3,-16,100.0
4,-16,100.0
4,-16,158.59540486471752
5,-16,197.82713557215612
5,-16,247.2651018774197
6,-16,100.0
6,-16,100.0
7,-16,100.0
7,-16,100.0
8,-16,100.0
8,-16,332.63960451169464
9,-16,100.0
9,-16,100.0
10,-16,100.0
10,-16,100.0
11,-16,100.0
11,-16,100.0
12,-16,100.0
12,-16,100.0
12,-15,207.87937493895228
12,-15,167.3935175453788
11,-15,100.0
11,-15,100.0
10,-15,100.0
10,-15,100.0
10,-14,120.51940536230873
10,-14,100.0
10,-13,100.0
10,-13,100.0
9,-13,100.0
9,-13,291.9925576276379
10,-13,105.51643926660833
10,-13,372.18230646009056
9,-13,168.47471838136676
9,-13,159.44751878126246
8,-13,100.0
8,-13,100.0
7,-13,158.91131421884882
7,-13,191.46727785719628
6,-13,100.0
6,-13,317.8163646860929
5,-13,184.93349379991187
5,-13,100.0
4,-13,100.0
4,-13,100.0
3,-13,100.0
3,-13,139.5436881853022
2,-13,100.0
2,-13,100.0
3,-13,100.0
3,-13,126.31893916448618
3,-12,100.0
3,-12,100.0
2,-12,100.0
2,-12,100.0
3,-12,185.13029689549788
3,-12,145.64937742127165
2,-12,221.10239404026493
2,-12,100.0
1,-12,532.511547531421
1,-12,241.490518430289
0,-12,100.0
0,-12,100.0
-1,-12,100.0
-1,-12,100.0
-1,-11,100.0
-1,-11,100.0
-1,-10,100.0
-1,-10,100.0
-1,-9,222.2395257506039
-1,-9,100.0
0,-9,100.0
0,-9,100.0
-1,-9,100.0
-1,-9,350.9178663150432
-2,-9,100.0
-2,-9,234.8081014312012
-3,-9,132.8338739606931
-3,-9,703.8658805928646
-4,-9,337.3937378276614
-4,-9,435.1966288671012
-4,-8,100.0
-4,-8,510.7788816507379
-4,-9,200.77353648233895
-4,-9,100.0
-5,-9,405.64681607182615
-5,-9,100.0
-6,-9,100.0
-6,-9,199.60621245771586
-7,-9,100.0
-7,-9,100.0
-8,-9,383.9944364919602
-8,-9,263.9935638128427
-9,-9,100.0
-9,-9,100.0
-8,-9,610.364602810532
-8,-9,331.94435278913386
-9,-9,100.0
-9,-9,107.4937424600055
-9,-8,100.0
-9,-8,100.0
-10,-8,262.99401010779934
-10,-8,321.7561747999347
-11,-8,100.0
-11,-8,239.43104389979047
-12,-8,100.0
-12,-8,190.06164917590934
-13,-8,100.0
-13,-8,100.0
-13,-7,100.0
-13,-7,100.0
-14,-7,182.96347604544542
-14,-7,100.0
-15,-7,100.0
-15,-7,100.0
-15,-6,169.18636646712827
-15,-6,100.0
-15,-5,100.0
-15,-5,100.0
-15,-6,231.89398851000632
-15,-6,245.18408412848015
-15,-5,100.0
-15,-5,100.0
-14,-5,102.0815720358684
-14,-5,100.0
-15,-5,100.0
-15,-5,100.0
-14,-5,100.0
-14,-5,100.0
-15,-5,100.0
-15,-5,100.0
-14,-5,100.0
-14,-5,100.0
-15,-5,100.0
-15,-5,100.0
-16,-5,100.0
-16,-5,100.0
-17,-5,100.0
-17,-5,100.0
-18,-5,100.0
-18,-5,100.0
-19,-5,100.0
-19,-5,100.0
-20,-5,256.991330955471
-20,-5,100.0
-20,-4,100.0
-20,-4,100.0
-19,-4,147.3735514326068
-19,-4,100.0
-18,-4,100.0
-18,-4,100.0
-17,-4,100.0
-17,-4,100.0
-16,-4,100.0
-16,-4,153.91251945407956
-15,-4,100.0
-15,-4,100.0
-14,-4,100.0
-14,-4,152.29551473007047
-15,-4,107.94149614901409
-15,-4,100.0
-14,-4,100.0
-14,-4,100.0
-15,-4,100.0
-15,-4,130.83299790906293
-14,-4,100.0
-14,-4,100.0
-13,-4,276.1726889155186
-13,-4,459.66508765367735
-12,-4,100.0
-12,-4,100.0
-11,-4,100.0
-11,-4,100.0
-10,-4,121.59175101434246
-10,-4,177.69378869518266
-11,-4,119.91257542079592
-11,-4,100.0
-10,-4,100.0
-10,-4,100.0
-9,-4,121.74941597544304
-9,-4,109.90048120750549
-8,-4,100.0
-8,-4,100.0
-9,-4,100.0
-9,-4,100.0
-8,-4,126.92258746062267
-8,-4,100.0
-7,-4,100.0
-7,-4,254.93795944367983
-6,-4,245.0383886578137
-6,-4,123.03273738500008
-5,-4,199.87476987469864
-5,-4,105.14549029747909
-4,-4,178.01837902175188
-4,-4,100.0
-3,-4,835.0284404605595
-3,-4,100.0
-2,-4,100.0
-2,-4,115.85477206161838
-1,-4,148.22438051409586
-1,-4,100.0
0,-4,100.0
0,-4,274.070465236098
1,-4,100.0
1,-4,720.4010843382428
2,-4,144.72927993038513
2,-4,107.25036334633751
2,-5,100.0
2,-5,256.74138904041024
2,-4,100.0
2,-4,195.42575633434043
2,-3,287.8236944388083
2,-3,100.0
2,-4,408.368391820081
2,-4,374.4889403428604
2,-3,787.9742004356585
2,-3,129.8951276883709
2,-4,291.9146138164896
2,-4,260.4563881762662
2,-3,206.1928215586118
2,-3,333.81578121116655
2,-4,147.4520882409058
2,-4,100.0
2,-3,630.4776092311903
2,-3,360.1674155426786
2,-2,121.78256467363312
2,-2,100.0
3,-2,374.233049177246
3,-2,340.18137040197894
3,-1,100.0
3,-1,238.83659077376555
3,0,100.0
3,0,363.3347480628663
4,0,100.0
4,0,100.0
4,1,100.0
4,1,307.41087747359006
4,2,150.26889816994782
4,2,287.68452817875203
4,1,611.2915372924231
4,1,212.8271558649515
4,0,220.63612503485342
4,0,514.5990476714587
4,-1,100.0
4,-1,150.39887446006983
4,0,704.4581942941018
4,0,324.1826230934649
4,1,100.0
4,1,528.8863112101754
4,2,100.0
4,2,232.4032954808367
4,3,236.28318614484908
4,3,177.02952023078615
4,2,104.35869495949648
4,2,131.33661652602828
4,1,254.6509973912675
4,1,147.4000479402969
4,2,403.4720736524195
4,2,100.0
4,1,242.2505783538829
4,1,259.8266289788227
4,2,386.5025962725098
4,2,100.0
4,3,355.9292036925493
4,3,120.78792544254985
4,2,523.2730021675782
4,2,100.0
4,3,124.06365648349049
4,3,263.9771430785013
4,4,179.47828849253415
4,4,217.0205944329988
4,5,100.0
4,5,497.2654454507098
4,6,350.04902429871004
4,6,387.1033525162749
4,5,396.86376471659855
4,5,498.1034995586818
4,6,117.61854000767475
4,6,109.88430546563626
4,7,256.7434606867095
4,7,135.26264396033753
4,6,175.08965174806838
4,6,461.2193261806125
4,5,149.12135217331044
4,5,214.78228435103725
4,6,100.0
4,6,308.66660580715944
4,7,241.9197614032525
4,7,100.0
4,8,100.0
4,8,139.43377833969444
4,9,159.85230486142189
4,9,100.0
3,9,100.0
3,9,287.242530819845
3,10,172.91157561088065
3,10,100.0
3,11,108.79070968728598
3,11,313.9731020499129
3,12,100.0
3,12,221.08073618865978
3,13,100.0
3,13,241.30417858415848
3,12,100.0
3,12,100.0
3,13,123.07817717020285
3,13,100.0
2,13,100.0
2,13,100.0
2,14,442.54849156566274
2,14,100.0
2,15,100.0
2,15,100.0
1,15,100.0
1,15,302.3874748970735
1,16,100.0
1,16,100.0
1,17,100.0
1,17,104.45072964743972
0,17,100.0
0,17,172.21412247813782
0,18,100.0
0,18,100.0
0,19,100.0
0,19,100.0
0,18,100.0
0,18,100.0
0,19,100.0
