11,4,50.0
11,4,81.20148585215873
10,4,127.0338052992239
10,4,292.0249625736269
10,4,50.0
9,4,157.895985646868
9,4,50.0
9,4,137.8793279293933
8,4,81.55163298155435
8,4,53.37393910060829
8,4,138.16667887548647
7,4,304.9428883451943
7,4,240.56613050449482
7,4,79.49738090327605
6,4,161.0316918270325
6,4,106.86907667787075
6,4,50.0
5,4,54.34306432618585
5,4,50.0
5,4,50.0
4,4,181.10905731349257
4,4,208.5488775703779
4,4,54.23823177031551
3,4,139.45422672158307
3,4,120.0616646236048
3,4,89.91266529406528
2,4,166.3089914500415
2,4,139.36456616143616
2,4,89.76125366105435
1,4,183.17346393070906
1,4,314.466647379892
1,4,326.0370347979739
0,4,316.07302843363925
0,4,146.7142194464526
0,4,156.1890567805753
-1,4,50.0
-1,4,125.6271564526183
-1,4,116.21791624531963
-2,4,236.51681351260854
-2,4,95.4964103096313
-2,4,77.47141109867349
-3,4,79.30171467688001
-3,4,259.45984058424233
-3,4,73.61206568142501
-4,4,230.8466389736248
-4,4,116.27312815834252
-4,4,64.49261211464852
-5,4,50.0
-5,4,260.8905763656952
-5,4,96.2603472053844
-6,4,60.09898395651925
-6,4,50.0
-6,4,129.12820375302437
-7,4,52.39513954336435
-7,4,181.7467197301467
-7,4,283.0648284761787
-8,4,50.0
-8,4,105.87516027219475
-8,4,79.206980269209
-8,3,50.0
-8,3,165.45983670587796
-8,3,126.69785348091852
-8,2,71.15420549582906
-8,2,319.98795320494673
-8,2,98.75390851096691
-8,1,51.11461529132766
-8,1,147.54533173840434
-8,1,108.28626953113503
-8,2,55.69230304147369
-8,2,50.0
-8,2,227.2388180134559
-8,1,61.099147719793876
-8,1,109.9269126687714
-8,1,85.89015915916463
-7,1,120.47890863277635
-7,1,263.66176573456346
-7,1,57.3340363181247
-7,0,126.57150056097933
-7,0,61.26376983186606
-7,0,70.92857500257504
-7,1,50.0
-7,1,50.0
-7,1,155.7325238845961
-7,0,50.0
-7,0,180.09805111344582
-7,0,79.18619881740405
-7,-1,50.0
-7,-1,231.3431516911748
-7,-1,77.94653973775202
-6,-1,50.0
-6,-1,202.4186157538258
-6,-1,115.80497971941641
-6,-2,202.21357144161647
-6,-2,245.95297858850876
-6,-2,106.69632068547914
-6,-3,50.0
-6,-3,147.87988605005344
-6,-3,283.28590103120075
-6,-4,101.26225125019934
-6,-4,209.65788091157725
-6,-4,50.0
-5,-4,61.2373893085624
-5,-4,154.33410475962188
-5,-4,63.842090702021665
-5,-5,136.67816565981659
-5,-5,106.38630416240699
-5,-5,50.0
-5,-4,50.0
-5,-4,126.81406261404767
-5,-4,104.04093944245062
-5,-5,191.23917302966288
-5,-5,50.0
-5,-5,300.4460287307999
-5,-6,118.5311446323663
-5,-6,77.32669540786759
-5,-6,50.0
-5,-7,50.0
-5,-7,50.0
-5,-7,131.3358163352577
-5,-8,50.9744183444225
-5,-8,142.55192179267365
-5,-8,50.0
-4,-8,50.0
-4,-8,164.11974472510093
-4,-8,50.0
-3,-8,85.92822437660234
-3,-8,102.17400577218689
-3,-8,184.11966101230837
-3,-9,130.0973800578819
-3,-9,50.0
-3,-9,50.0
-3,-10,127.64182276973303
-3,-10,67.80959885509446
-3,-10,56.23346197408999
-3,-11,112.86522923568694
-3,-11,61.467280226762405
-3,-11,50.0
-4,-11,104.60211948541196
-4,-11,165.40755324697142
-4,-11,96.89409455179222
-4,-12,50.0
-4,-12,62.810070647747835
-4,-12,50.2294682046479
-3,-12,139.0500615793269
-3,-12,50.0
-3,-12,50.0
-2,-12,50.0
-2,-12,53.607640971701315
-2,-12,81.3394680710789
-2,-13,89.3666568586105
-2,-13,50.0
-2,-13,75.64902706923806
-1,-13,50.0
-1,-13,50.0
-1,-13,70.18495718646244
-1,-14,105.58362124293582
-1,-14,50.0
-1,-14,50.0
-1,-15,50.0
-1,-15,50.0
-1,-15,50.0
-1,-16,50.0
-1,-16,62.69524256105562
-1,-16,50.0
-1,-15,50.0
-1,-15,50.0
-1,-15,65.89424760217926
-1,-14,72.52694157229993
-1,-14,50.0
-1,-14,172.49301128895462
-1,-13,65.40749752338996
-1,-13,71.98312833652113
-1,-13,50.0
-1,-14,50.0
-1,-14,63.795028936002204
-1,-14,50.0
-1,-15,50.0
-1,-15,50.0
-1,-15,265.4090649122299
-1,-16,50.0
-1,-16,50.0
-1,-16,50.0
-1,-17,55.86581739396284
-1,-17,50.0
-1,-17,50.0
-1,-18,50.0
-1,-18,50.0
-1,-18,50.0
-1,-17,50.0
-1,-17,127.95940910069858
-1,-17,50.0
0,-17,50.0
0,-17,88.30771428705705
0,-17,210.25822307581177
0,-18,50.0
0,-18,50.0
0,-18,80.83269508674934
0,-19,50.0
0,-19,68.18493237608033
0,-19,50.0
0,-18,50.0
0,-18,50.0
0,-18,50.0
0,-17,50.0
0,-17,85.83518545307551
0,-17,50.0
0,-18,50.0
0,-18,182.48538342335127
0,-18,50.0
0,-19,50.0
0,-19,50.0
0,-19,50.0
0,-20,50.0
0,-20,50.0
0,-20,50.0
0,-19,50.0
0,-19,103.45611168411666
0,-19,50.0
-1,-19,50.0
-1,-19,324.80728110062574
-1,-19,124.60307414414467
0,-19,50.0
0,-19,50.0
0,-19,65.02160844961412
1,-19,50.0
1,-19,194.48179324240863
1,-19,50.0
2,-19,50.0
2,-19,50.0
2,-19,50.0
2,-20,50.0
2,-20,50.0
2,-20,50.0
2,-19,50.0
2,-19,50.0
2,-19,50.0
1,-19,50.0
1,-19,50.0
1,-19,134.22480548725244
1,-18,50.0
1,-18,50.0
1,-18,50.0
1,-17,50.0
1,-17,50.0
1,-17,50.0
2,-17,75.35242851651644
2,-17,50.0
2,-17,50.0
2,-16,50.0
2,-16,62.25176609454347
2,-16,93.94574344321983
3,-16,80.86516645818836
3,-16,50.0
3,-16,50.0
4,-16,164.64160285756492
4,-16,50.0
4,-16,50.0
3,-16,50.0
3,-16,50.0
3,-16,50.0
4,-16,50.0
4,-16,50.0
4,-16,50.0
5,-16,50.0
5,-16,50.0
5,-16,195.92765137379402
6,-16,50.0
6,-16,50.0
6,-16,50.0
7,-16,50.0
7,-16,50.0
7,-16,50.0
8,-16,50.0
8,-16,50.0
8,-16,108.48191200809501
9,-16,50.0
9,-16,67.20269311594019
9,-16,199.34987294751448
10,-16,108.27187685020246
10,-16,50.0
10,-16,50.0
11,-16,50.0
11,-16,68.95368556152671
11,-16,50.0
12,-16,50.0
12,-16,50.0
12,-16,50.0
12,-15,148.09054907072624
12,-15,50.0
12,-15,50.0
11,-15,110.40274081317844
11,-15,50.0
11,-15,50.0
10,-15,58.00017647635384
10,-15,157.734098417456
10,-15,50.0
10,-14,50.0
10,-14,50.0
10,-14,50.0
10,-13,50.0
10,-13,50.0
10,-13,50.0
9,-13,50.0
9,-13,50.0
9,-13,50.0
10,-13,50.0
10,-13,50.0
10,-13,67.160053100896
9,-13,50.0
9,-13,50.0
9,-13,76.78526276097172
8,-13,50.0
8,-13,50.0
8,-13,50.0
7,-13,50.0
7,-13,70.24076383806664
7,-13,50.0
6,-13,50.0
6,-13,50.0
6,-13,72.31957149956736
5,-13,50.0
5,-13,50.0
5,-13,50.0
4,-13,50.0
4,-13,102.05234328325356
4,-13,64.90252636235252
3,-13,50.0
3,-13,50.0
3,-13,50.0
2,-13,216.86047630894677
2,-13,50.0
2,-13,305.0303018620192
3,-13,93.42303925857189
3,-13,50.0
3,-13,50.0
3,-12,50.0
3,-12,50.0
3,-12,196.48764150857704
2,-12,65.29789283055284
2,-12,50.0
2,-12,66.71880777572642
3,-12,94.86742216394036
3,-12,50.0
3,-12,50.0
2,-12,50.0
2,-12,64.89975699783615
2,-12,108.81266010600781
1,-12,313.6149217103148
1,-12,79.09303060922453
1,-12,63.49691457340172
0,-12,50.53937977185822
0,-12,50.0
0,-12,50.0
-1,-12,100.15870786803112
-1,-12,50.0
-1,-12,141.32320629104117
-1,-11,50.0
-1,-11,50.0
-1,-11,50.0
-1,-10,103.21604815096815
-1,-10,50.0
-1,-10,173.4192987643216
-1,-9,50.0
-1,-9,132.55864951278357
-1,-9,50.0
0,-9,127.69363600579726
0,-9,95.19833245419615
0,-9,50.0
-1,-9,184.96772601231606
-1,-9,118.79241156593096
-1,-9,99.40213478446765
-2,-9,102.64726008885738
-2,-9,50.0
-2,-9,216.21287068818356
-3,-9,158.59189493097472
-3,-9,64.5508570884282
-3,-9,102.23206068456096
-4,-9,176.90377329702667
-4,-9,64.73957331094876
-4,-9,106.20806348281589
-4,-8,75.78864827969615
-4,-8,126.7655841273534
-4,-8,106.2389589242024
-4,-9,50.0
-4,-9,50.0
-4,-9,183.3310264384234
-5,-9,84.57959579520966
-5,-9,176.1402058899858
-5,-9,50.0
-6,-9,50.0
-6,-9,108.13900479703206
-6,-9,50.0
-7,-9,89.57972174521865
-7,-9,172.33385112519107
-7,-9,75.62335138433775
-8,-9,50.0
-8,-9,50.0
-8,-9,50.0
-9,-9,85.26072988879787
-9,-9,50.0
-9,-9,113.78762404087392
-8,-9,67.42902421368134
-8,-9,50.0
-8,-9,74.56032082235356
-9,-9,70.80906259309222
-9,-9,132.95552728188989
-9,-9,50.0
-9,-8,259.90508988288286
-9,-8,242.96684387657226
-9,-8,50.0
-10,-8,190.49475508514183
-10,-8,50.0
-10,-8,50.0
-11,-8,124.04442603700844
-11,-8,54.72846640326179
-11,-8,50.0
-12,-8,50.0
-12,-8,50.0
-12,-8,50.0
-13,-8,50.0
-13,-8,50.0
-13,-8,50.0
-13,-7,50.0
-13,-7,50.0
-13,-7,86.19170316107997
-14,-7,50.0
-14,-7,148.92239235929043
-14,-7,50.0
-15,-7,50.0
-15,-7,50.0
-15,-7,50.0
-15,-6,50.0
-15,-6,55.395599623735485
-15,-6,50.0
-15,-5,50.0
-15,-5,269.30545149121576
-15,-5,50.0
-15,-6,87.5845879239555
-15,-6,50.0
-15,-6,50.0
-15,-5,66.85434741430413
-15,-5,50.0
-15,-5,50.0
-14,-5,106.32609535527529
-14,-5,75.35613317268378
-14,-5,50.0
-15,-5,225.77078359003178
-15,-5,159.79728626467573
-15,-5,50.0
-14,-5,50.0
-14,-5,50.0
-14,-5,50.0
-15,-5,50.0
-15,-5,50.0
-15,-5,50.0
-14,-5,50.0
-14,-5,282.1549543324717
-14,-5,50.0
-15,-5,50.0
-15,-5,56.84125692354734
-15,-5,137.026769887471
-16,-5,50.0
-16,-5,129.29102076427523
-16,-5,116.0483091165577
-17,-5,50.0
-17,-5,61.21484883704068
-17,-5,50.0
-18,-5,83.83555154114902
-18,-5,73.40296786475723
-18,-5,50.0
-19,-5,56.829828006536005
-19,-5,50.0
-19,-5,50.0
-20,-5,50.0
-20,-5,149.79697829585774
-20,-5,50.0
-20,-4,50.0
-20,-4,50.0
-20,-4,50.0
-19,-4,50.0
-19,-4,50.0
-19,-4,50.0
-18,-4,50.0
-18,-4,50.0
-18,-4,50.0
-17,-4,50.0
-17,-4,50.0
-17,-4,50.0
-16,-4,110.56385106611329
-16,-4,50.0
-16,-4,73.73637975293748
-15,-4,50.0
-15,-4,50.0
-15,-4,50.0
-14,-4,50.0
-14,-4,50.0
-14,-4,67.91660985243517
-15,-4,50.0
-15,-4,85.03009439784323
-15,-4,50.0
-14,-4,50.0
-14,-4,50.0
-14,-4,50.0
-15,-4,50.0
-15,-4,50.0
-15,-4,50.0
-14,-4,50.0
-14,-4,50.0
-14,-4,141.19109009040977
-13,-4,176.19559753030734
-13,-4,68.27366562213007
-13,-4,128.33797356251017
-12,-4,50.0
-12,-4,50.0
-12,-4,50.0
-11,-4,50.0
-11,-4,50.0
-11,-4,50.0
-10,-4,190.3590282379955
-10,-4,50.0
-10,-4,50.0
-11,-4,342.37772741172046
-11,-4,50.0
-11,-4,50.0
-10,-4,120.38541149654102
-10,-4,50.0
-10,-4,162.5917079742212
-9,-4,125.10326422631107
-9,-4,99.39492706781009
-9,-4,50.0
-8,-4,52.87520237484014
-8,-4,50.0
-8,-4,124.04257094689575
-9,-4,109.0162435309689
-9,-4,83.99754281764639
-9,-4,123.66397986287878
-8,-4,50.0
-8,-4,60.00324704344478
-8,-4,205.55560461799584
-7,-4,106.6163145269065
-7,-4,50.0
-7,-4,190.09834794207285
-6,-4,65.00909173419201
-6,-4,86.01943250099579
-6,-4,82.79056759690971
-5,-4,50.0
-5,-4,56.73314069238186
-5,-4,129.9799279538488
-4,-4,153.10099733212553
-4,-4,95.45749890819478
-4,-4,222.4783648291077
-3,-4,81.85260710263191
-3,-4,62.889843270329195
-3,-4,161.78753673289344
-2,-4,50.0
-2,-4,106.81814741963474
-2,-4,204.86368024255881
-1,-4,126.192805622058
-1,-4,190.03792247724695
-1,-4,152.28137636723682
0,-4,188.70981942639315
0,-4,119.06090773175858
0,-4,169.9616194431202
1,-4,183.57120996101295
1,-4,95.96814244389468
1,-4,140.21938624409026
2,-4,152.18165120383327
2,-4,108.58193562449597
2,-4,222.54313854091373
2,-5,50.0
2,-5,50.0
2,-5,109.41767736010202
2,-4,78.62836793398539
2,-4,50.0
2,-4,50.0
2,-3,50.0
2,-3,124.39376739304049
2,-3,281.0024620878172
2,-4,154.14115695500348
2,-4,86.12845039329756
2,-4,50.0
2,-3,60.39378324674114
2,-3,136.47737184087964
2,-3,54.96879401656926
2,-4,200.62734275683965
2,-4,122.21313265874143
2,-4,389.1742849724273
2,-3,164.3317093268068
2,-3,254.1123208222976
2,-3,104.83795894384983
2,-4,206.83148664491551
2,-4,298.2872441931778
2,-4,62.65161058537147
2,-3,464.7053094803498
2,-3,221.8200514770865
2,-3,157.87878237937338
2,-2,210.47787308305914
2,-2,348.5246111685302
2,-2,50.0
3,-2,194.41327217246499
3,-2,50.0
3,-2,103.92622299081664
3,-1,141.97767936229394
3,-1,116.91749080130613
3,-1,170.03996810600898
3,0,151.20801847419003
3,0,184.60940076054663
3,0,396.53923028818804
4,0,272.845442586326
4,0,170.91158706085
4,0,50.0
4,1,98.34436200778553
4,1,50.0
4,1,152.58978050750287
4,2,160.00123433433512
4,2,208.54542360163578
4,2,123.37214462728244
4,1,137.17472173042015
4,1,137.67290746337403
4,1,83.63889587697159
4,0,257.3700875911011
4,0,50.0
4,0,50.0
4,-1,149.12727256146638
4,-1,153.880623292072
4,-1,230.48989758645246
4,0,107.51677415485099
4,0,50.0
4,0,127.76560057085224
4,1,333.62579390793445
4,1,50.0
4,1,382.6378841845268
4,2,85.68468516732122
4,2,217.97367203107666
4,2,221.68289604879777
4,3,141.65222958827235
4,3,363.09811166022547
4,3,141.09735760165825
4,2,173.6058757846585
4,2,127.74898634723075
4,2,278.9364480375479
4,1,71.39467052285846
4,1,171.73447160386934
4,1,161.4901849957827
4,2,247.8832790462393
4,2,475.9553013193497
4,2,50.0
4,1,158.27414840327424
4,1,196.21079795602384
4,1,50.0
4,2,179.1554913673031
4,2,166.65210179116173
4,2,103.74669991179867
4,3,73.08536758185303
4,3,163.36316785818823
4,3,50.0
4,2,137.5468187812982
4,2,87.66793349104526
4,2,242.48793118836582
4,3,294.0911626993327
4,3,56.77968279296131
4,3,155.82617014522606
4,4,72.17115503588
4,4,173.01650368081212
4,4,94.52791213249657
4,5,257.64397714312787
4,5,50.0
4,5,125.01653486366646
4,6,145.401697253203
4,6,50.0
4,6,263.6874801394418
4,5,295.8474437300351
4,5,167.55249133672618
4,5,65.020817096694
4,6,188.65306669099027
4,6,50.0
4,6,146.2265522366995
4,7,123.39179602877226
4,7,292.9580962342265
4,7,54.9070178426562
4,6,123.50482808101951
4,6,66.31067398668736
4,6,62.173553000272264
4,5,53.91026287598385
4,5,104.6712666278637
4,5,77.09123454192803
4,6,53.972458723116326
4,6,75.0330166392154
4,6,86.85460859687008
4,7,527.8161590111264
4,7,361.9580165023731
4,7,67.58375236810281
4,8,313.7081354454125
4,8,133.07500862709998
4,8,50.0
4,9,190.3066359321603
4,9,50.0
4,9,243.62628976278333
3,9,72.97201980334157
3,9,189.58656766904897
3,9,129.6362162124285
3,10,50.0
3,10,299.7490657700421
3,10,96.1394258493085
3,11,127.54030538155229
3,11,55.59192936198864
3,11,50.0
3,12,50.0
3,12,50.0
3,12,50.0
3,13,50.0
3,13,71.85483810765196
3,13,50.0
3,12,50.0
3,12,50.0
3,12,50.0
3,13,50.0
3,13,50.0
3,13,83.94247165154222
2,13,140.02448363508816
2,13,108.90029367230909
2,13,50.0
2,14,89.1816474607287
2,14,82.55217285102054
2,14,50.0
2,15,107.49964786257792
2,15,50.0
2,15,190.51391359144787
1,15,84.7726990331679
1,15,50.0
1,15,50.0
1,16,50.0
1,16,50.0
1,16,50.0
1,17,53.91997728004516
1,17,61.19908208173164
1,17,70.09956726072078
0,17,96.35138565625492
0,17,50.0
0,17,50.0
0,18,50.0
0,18,50.0
0,18,66.65627731156033
0,19,50.0
0,19,50.0
0,19,50.0
0,18,50.0
0,18,50.0
0,18,50.0
0,19,50.0
0,19,50.0
0,19,409.9275849469286
0,20,50.0
0,20,50.0
0,20,166.6153483248759
0,19,50.0
0,19,149.4079448001529
0,19,50.0
-1,19,80.29496049676267
-1,19,50.0
-1,19,116.79821460883883
-2,19,50.0
-2,19,50.0
-2,19,50.0
-3,19,50.0
-3,19,50.0
-3,19,50.0
-3,18,50.0
-3,18,50.0
-3,18,50.0
-3,19,50.0
-3,19,50.0
-3,19,50.0
-3,18,50.0
-3,18,50.0
-3,18,50.0
-4,18,50.0
-4,18,50.0
-4,18,50.0
-4,17,57.074335083441824
-4,17,50.0
-4,17,50.0
-5,17,101.35890364680557
-5,17,131.66845044785606
-5,17,50.0
-6,17,50.0
-6,17,57.52248520380482
-6,17,50.0
-7,17,50.0
-7,17,50.0
-7,17,50.0
-7,16,50.0
-7,16,50.0
-7,16,218.4023459791442
-7,15,50.0
-7,15,50.0
-7,15,106.4635985309866
-7,14,264.90212688508063
-7,14,212.72425854744387
-7,14,50.0
-8,14,126.96236830979646
-8,14,50.0
-8,14,86.5203015598247
-9,14,50.0
-9,14,50.0
-9,14,50.0
-10,14,50.0
-10,14,50.0
-10,14,50.0
-10,13,50.0
-10,13,95.29886910936611
-10,13,50.0
-10,14,50.0
-10,14,50.0
-10,14,50.0
-10,13,50.0
-10,13,50.0
-10,13,123.86375199039318
-9,13,50.0
-9,13,50.0
-9,13,50.0
-9,12,50.0
-9,12,91.87894168967149
-9,12,84.52436133573157
-10,12,50.0
-10,12,82.25391437700046
-10,12,64.29387195113274
-10,11,59.9613916875515
-10,11,50.0
-10,11,86.62610212400467
-11,11,301.5076209302872
-11,11,53.4304617808712
-11,11,50.0
-12,11,50.0
-12,11,50.0
-12,11,50.0
-13,11,182.7311169813728
-13,11,50.0
-13,11,50.0
-14,11,131.14096565009137
-14,11,247.73556879785772
-14,11,50.0
-14,10,68.10726421696812
-14,10,50.0
-14,10,89.77578002389201
-15,10,50.0
-15,10,50.0
-15,10,50.0
-16,10,50.0
-16,10,50.0
-16,10,50.0
-16,9,50.0
-16,9,50.0
-16,9,50.0
-16,10,157.1029820844321
-16,10,50.0
-16,10,50.0
-16,9,50.0
-16,9,50.0
-16,9,50.0
-16,8,50.0
-16,8,50.0
-16,8,50.0
-16,7,50.0
-16,7,50.0
-16,7,50.0
-17,7,50.0
-17,7,50.0
-17,7,50.0
-18,7,50.0
-18,7,50.0
-18,7,50.0
-19,7,50.0
-19,7,122.85808702658377
-19,7,50.0
-19,8,50.0
-19,8,50.0
-19,8,50.0
-19,7,50.0
-19,7,50.0
-19,7,50.0
-19,6,50.0
-19,6,50.0
-19,6,50.0
-19,5,63.62430101675592
-19,5,50.0
-19,5,50.0
-19,4,50.0
-19,4,50.0
-19,4,50.0
-19,3,50.0
-19,3,50.0
-19,3,50.0
-19,2,95.22663317735223
-19,2,50.0
-19,2,50.0
-19,1,50.0
-19,1,50.0
-19,1,50.0
-19,0,52.99493653720417
-19,0,63.31811709680636
-19,0,50.0
-20,0,50.0
-20,0,50.0
-20,0,172.618169335345
-20,1,50.0
-20,1,50.0
-20,1,50.0
-19,1,50.0
-19,1,112.77364508800662
-19,1,50.0
-18,1,103.98150867136462
-18,1,57.56395197335975
-18,1,50.0
-17,1,50.0
-17,1,98.33296064514094
-17,1,107.67834491587938
-17,2,50.0
-17,2,75.33898781087565
-17,2,50.0
-16,2,50.0
-16,2,91.82425626175355
-16,2,50.0
-15,2,50.0
-15,2,50.0
-15,2,50.0
-15,3,72.89567391005795
-15,3,50.0
-15,3,50.0
-14,3,50.18520076296698
-14,3,98.0034659752221
-14,3,50.0
-14,4,50.0
-14,4,50.0
-14,4,50.0
-13,4,50.0
-13,4,50.0
-13,4,50.0
-12,4,50.0
-12,4,50.0
-12,4,158.4319413693571
-12,5,50.0
-12,5,68.57195870216806
-12,5,108.39785199815488
-12,6,164.6137044477839
-12,6,61.36946633850029
-12,6,50.0
-12,5,142.77105771073403
-12,5,50.0
-12,5,50.0
-12,6,113.69163522824294
-12,6,50.0
-12,6,50.0
-12,5,79.91107295817702
-12,5,68.77045588015838
-12,5,50.0
-12,6,218.88264032198816
-12,6,50.0
-12,6,50.0
-12,7,107.3456730021223
-12,7,50.0
-12,7,100.81619729323968
-12,8,50.0
-12,8,50.0
-12,8,56.6310218005586
-11,8,77.42319192318135
-11,8,109.48741908855195
-11,8,170.82530404506377
-10,8,50.0
-10,8,50.0
-10,8,50.0
-11,8,50.0
-11,8,50.0
-11,8,50.0
-10,8,105.46858805683134
-10,8,50.0
-10,8,256.1181076553397
-10,7,50.0
-10,7,50.0
-10,7,101.21282031716038
-10,8,50.0
-10,8,50.0
-10,8,55.13239847033314
-10,7,69.58154493574992
-10,7,50.0
-10,7,62.18716355391726
-9,7,50.0
-9,7,50.0
-9,7,67.83802647538107
-9,6,50.0
-9,6,117.81309522450269
-9,6,50.0
-8,6,50.0
-8,6,51.4240869052708
-8,6,83.98685112220004
-8,7,93.27436637067214
-8,7,92.52489513744138
-8,7,54.671535990547326
-7,7,84.0190667058819
-7,7,50.0
