11,4,50.0
11,4,322.2035560670048
10,4,141.55924515147916
10,4,50.0
10,4,200.19248476417292
9,4,51.20528033955871
9,4,159.83801492019228
9,4,57.140775321993075
8,4,178.9885665627932
8,4,118.71115612156262
8,4,109.39178961186275
7,4,306.6087594157747
7,4,139.46925350801786
7,4,188.9862618604805
6,4,50.0
6,4,58.594701280106456
6,4,139.92473262999056
5,4,164.13826221962103
5,4,50.0
5,4,70.88624261317125
4,4,157.02492654175467
4,4,144.73151110555924
4,4,412.9860774405753
3,4,109.6814682996829
3,4,100.28721199268536
3,4,224.317543038955
2,4,111.01035657789686
2,4,246.75249071675177
2,4,65.45832079721617
1,4,98.11086449908557
1,4,437.58553607687696
1,4,58.771996135054565
0,4,88.58527722460623
0,4,50.0
0,4,54.72467668686839
-1,4,115.47604622608074
-1,4,110.43552583911828
-1,4,50.0
-2,4,84.15901043119138
-2,4,123.54870622252282
-2,4,213.40847529894097
-3,4,315.806959068967
-3,4,50.0
-3,4,172.4757687236941
-4,4,50.0
-4,4,50.0
-4,4,133.15656621860623
-5,4,97.69380367388662
-5,4,120.83197378084228
-5,4,161.71107540784897
-6,4,201.51146324951512
-6,4,177.66209606667897
-6,4,299.4604055291419
-7,4,110.67046001636922
-7,4,254.06409310635462
-7,4,51.437244793902764
-8,4,145.31102886681555
-8,4,95.71003058932168
-8,4,90.85252987320533
-8,3,140.14569005704695
-8,3,50.0
-8,3,110.59820602832286
-8,2,50.0
-8,2,207.04348006495383
-8,2,115.48817941825973
-8,1,351.2701508226259
-8,1,111.59120415037852
-8,1,50.0
-8,2,94.38418748203223
-8,2,100.08567246723341
-8,2,118.9302783904948
-8,1,137.39536450355286
-8,1,50.0
-8,1,127.58244465378439
-7,1,126.5926773132528
-7,1,136.90794831288466
-7,1,216.9059955408203
-7,0,59.024308074582535
-7,0,51.10660003405852
-7,0,129.29411369485413
-7,1,112.02805351566056
-7,1,92.79384170795723
-7,1,205.22929874672133
-7,0,94.36695173288443
-7,0,124.42010585916638
-7,0,478.77324035343014
-7,-1,50.0
-7,-1,77.02678144137569
-7,-1,50.0
-6,-1,126.26733566559753
-6,-1,50.0
-6,-1,166.99927865621441
-6,-2,61.76615211639454
-6,-2,166.63602701355484
-6,-2,54.70298006961941
-6,-3,50.0
-6,-3,128.71000798239743
-6,-3,50.0
-6,-4,292.46075503894116
-6,-4,55.80790210648694
-6,-4,50.0
-5,-4,50.73349288388268
-5,-4,447.32250388543997
-5,-4,122.26630281366712
-5,-5,165.5716453698527
-5,-5,50.0
-5,-5,70.4251916436228
-5,-4,196.841036548593
-5,-4,144.9863374005206
-5,-4,50.0
-5,-5,81.03775396493351
-5,-5,176.51614849469036
-5,-5,106.31704673311864
-5,-6,56.134206174574615
-5,-6,106.39736679037588
-5,-6,66.38612982015633
-5,-7,96.88223384986641
-5,-7,75.91523790378976
-5,-7,187.19852027336393
-5,-8,61.29897599378639
-5,-8,73.82104292183166
-5,-8,50.0
-4,-8,50.0
-4,-8,50.0
-4,-8,94.51152299206848
-3,-8,213.18354562347125
-3,-8,54.59017435065965
-3,-8,79.46899027470856
-3,-9,64.70657885523705
-3,-9,50.0
-3,-9,138.04878604337028
-3,-10,50.0
-3,-10,121.62972099811837
-3,-10,61.6743716403193
-3,-11,164.55483812495842
-3,-11,115.34263774943489
-3,-11,100.21898718894681
-4,-11,174.70345101380707
-4,-11,50.0
-4,-11,50.0
-4,-12,200.88678186855478
-4,-12,50.0
-4,-12,50.0
-3,-12,50.0
-3,-12,50.0
-3,-12,50.0
-2,-12,50.0
-2,-12,50.0
-2,-12,132.202990627879
-2,-13,70.92018332241578
-2,-13,50.0
-2,-13,50.0
-1,-13,50.0
-1,-13,156.51674249841608
-1,-13,68.57477761023245
-1,-14,50.0
-1,-14,194.82551102576426
-1,-14,74.2935940372015
-1,-15,50.0
-1,-15,50.0
-1,-15,50.0
-1,-16,50.0
-1,-16,50.0
-1,-16,117.24761704016856
-1,-15,160.0931217597311
-1,-15,68.89956584751955
-1,-15,57.63073213785012
-1,-14,50.0
-1,-14,50.0
-1,-14,144.42985815784232
-1,-13,50.0
-1,-13,63.6863901394446
-1,-13,148.3722038900187
-1,-14,295.4927735984161
-1,-14,64.7570287337575
-1,-14,103.73139298542867
-1,-15,50.0
-1,-15,50.0
-1,-15,151.92274094949659
-1,-16,50.0
-1,-16,100.05852130705094
-1,-16,50.0
-1,-17,59.77453605529764
-1,-17,50.0
-1,-17,50.0
-1,-18,50.0
-1,-18,62.84774695230114
-1,-18,50.0
-1,-17,76.5294715692581
-1,-17,72.48207329935893
-1,-17,50.0
0,-17,154.24696438980294
0,-17,50.0
0,-17,50.0
0,-18,50.0
0,-18,58.01939807552415
0,-18,95.42177187972374
0,-19,50.0
0,-19,50.0
0,-19,50.0
0,-18,50.0
0,-18,50.0
0,-18,154.1062461257524
0,-17,50.0
0,-17,50.0
0,-17,67.31445864942758
0,-18,50.0
0,-18,50.0
0,-18,50.0
0,-19,50.0
0,-19,74.7882548887093
0,-19,50.0
0,-20,54.542982129378316
0,-20,50.0
0,-20,50.0
0,-19,50.0
0,-19,50.0
0,-19,50.0
-1,-19,50.0
-1,-19,50.0
-1,-19,50.0
0,-19,91.21054792618142
0,-19,50.0
0,-19,50.0
1,-19,50.0
1,-19,50.0
1,-19,50.0
2,-19,50.0
2,-19,50.0
2,-19,50.0
2,-20,50.0
2,-20,50.0
2,-20,50.0
2,-19,50.0
2,-19,50.0
2,-19,50.0
1,-19,50.0
1,-19,50.0
1,-19,74.00194158751115
1,-18,50.0
1,-18,198.41456656959056
1,-18,50.0
1,-17,120.3496497444951
1,-17,94.97875688773631
1,-17,113.36767138878037
2,-17,54.62649519930274
2,-17,50.0
2,-17,50.0
2,-16,101.7403523429055
2,-16,50.0
2,-16,58.23743385925087
3,-16,50.0
3,-16,50.0
3,-16,50.0
4,-16,145.475537419011
4,-16,192.90578556034552
4,-16,50.0
3,-16,50.0
3,-16,50.0
3,-16,61.993840656425526
4,-16,59.636137693360496
4,-16,50.0
4,-16,50.0
5,-16,50.0
5,-16,50.0
5,-16,50.0
6,-16,50.0
6,-16,50.0
6,-16,50.0
7,-16,50.0
7,-16,50.0
7,-16,50.0
8,-16,50.0
8,-16,158.6605369811036
8,-16,50.0
9,-16,50.0
9,-16,50.0
9,-16,50.0
10,-16,50.0
10,-16,50.0
10,-16,121.496261412069
11,-16,50.0
11,-16,50.0
11,-16,50.0
12,-16,50.0
12,-16,209.55372118654924
12,-16,50.0
12,-15,60.98124509271193
12,-15,50.0
12,-15,50.0
11,-15,50.0
11,-15,50.0
11,-15,50.0
10,-15,50.0
10,-15,50.0
10,-15,107.84154087305038
10,-14,50.0
10,-14,50.0
10,-14,50.0
10,-13,50.0
10,-13,50.0
10,-13,50.0
9,-13,50.0
9,-13,50.0
9,-13,50.0
10,-13,50.0
10,-13,50.0
10,-13,56.65313508478789
9,-13,50.0
9,-13,50.0
9,-13,69.56769991321205
8,-13,68.83839332955549
8,-13,50.0
8,-13,103.53861158926529
7,-13,50.0
7,-13,50.0
7,-13,176.32935230648954
6,-13,141.7848818556211
6,-13,50.0
6,-13,102.61253880476
5,-13,50.0
5,-13,220.62232069494362
5,-13,50.0
4,-13,103.32631352803018
4,-13,108.91094820386917
4,-13,50.0
3,-13,116.15757086101377
3,-13,50.0
3,-13,113.64257210124143
2,-13,50.0
2,-13,343.2535656883439
2,-13,96.94191685637617
3,-13,50.0
3,-13,85.75977209295225
3,-13,50.0
3,-12,66.44397881107636
3,-12,140.49788710111002
3,-12,150.2662647155609
2,-12,50.0
2,-12,286.9352906394263
2,-12,80.05358832650353
3,-12,50.0
3,-12,162.13977875250276
3,-12,50.0
2,-12,334.82192714544817
2,-12,70.2039570360256
2,-12,50.0
1,-12,64.26508910391954
1,-12,50.0
1,-12,148.14258722725202
0,-12,80.35983997147464
0,-12,59.33370816009704
0,-12,50.0
-1,-12,275.41305892427124
-1,-12,91.90190614861423
-1,-12,50.0
-1,-11,231.78735608323092
-1,-11,50.0
-1,-11,86.27127824094603
-1,-10,64.73946143277914
-1,-10,50.0
-1,-10,108.44648450158499
-1,-9,50.0
-1,-9,89.63770493065626
-1,-9,105.5578134077623
0,-9,200.88090238690992
0,-9,165.73846477823423
0,-9,178.33111546407864
-1,-9,115.31980310904072
-1,-9,159.7571581508767
-1,-9,50.0
-2,-9,142.05039893888016
-2,-9,62.63586200711884
-2,-9,89.50511221373348
-3,-9,69.68692867813334
-3,-9,298.19895968950004
-3,-9,59.70029025229216
-4,-9,50.0
-4,-9,50.0
-4,-9,160.65216671014485
-4,-8,50.0
-4,-8,112.76249009166716
-4,-8,50.0
-4,-9,61.793932031862006
-4,-9,119.85815104669126
-4,-9,84.22217443315492
-5,-9,195.4029714322669
-5,-9,50.0
-5,-9,50.0
-6,-9,50.0
-6,-9,120.32464407190858
-6,-9,227.29372497928065
-7,-9,129.56581021101698
-7,-9,50.0
-7,-9,50.0
-8,-9,190.69234396097576
-8,-9,50.0
-8,-9,50.0
-9,-9,50.0
-9,-9,53.87484015822622
-9,-9,151.4616457947979
-8,-9,50.0
-8,-9,50.0
-8,-9,50.0
-9,-9,50.0
-9,-9,50.0
-9,-9,50.0
-9,-8,73.20797525057318
-9,-8,50.0
-9,-8,169.55698431470142
-10,-8,87.07288522044561
-10,-8,50.0
-10,-8,148.93021422873682
-11,-8,50.0
-11,-8,109.39866962398074
-11,-8,50.0
-12,-8,106.11171543137635
-12,-8,50.0
-12,-8,50.0
-13,-8,50.0
-13,-8,122.97594985805212
-13,-8,50.0
-13,-7,50.0
-13,-7,50.0
-13,-7,99.94569483375533
-14,-7,50.0
-14,-7,50.0
-14,-7,50.0
-15,-7,50.0
-15,-7,50.0
-15,-7,50.0
-15,-6,50.0
-15,-6,50.0
-15,-6,177.6319032580702
-15,-5,50.0
-15,-5,50.0
-15,-5,50.0
-15,-6,130.26217688199867
-15,-6,154.7987233694492
-15,-6,50.0
-15,-5,50.0
-15,-5,50.0
-15,-5,50.0
-14,-5,79.3542584002479
-14,-5,231.89191883431937
-14,-5,151.81535699695064
-15,-5,50.0
-15,-5,90.51859215657242
-15,-5,50.0
-14,-5,73.4719274927584
-14,-5,348.6828624341557
-14,-5,50.0
-15,-5,50.0
-15,-5,61.37050633954809
-15,-5,50.0
-14,-5,50.0
-14,-5,50.0
-14,-5,50.0
-15,-5,50.0
-15,-5,72.3276349148718
-15,-5,50.0
-16,-5,100.70269776182506
-16,-5,50.0
-16,-5,55.776982651894365
-17,-5,50.0
-17,-5,50.0
-17,-5,50.0
-18,-5,50.0
-18,-5,50.0
-18,-5,50.0
-19,-5,50.0
-19,-5,50.0
-19,-5,50.0
-20,-5,50.0
-20,-5,63.84576124100205
-20,-5,50.0
-20,-4,50.0
-20,-4,50.0
-20,-4,50.0
-19,-4,50.0
-19,-4,50.0
-19,-4,56.50196358671057
-18,-4,50.0
-18,-4,50.0
-18,-4,50.0
-17,-4,50.0
-17,-4,50.0
-17,-4,51.509112512421716
-16,-4,105.76242801122336
-16,-4,50.0
-16,-4,50.0
-15,-4,50.0
-15,-4,50.0
-15,-4,80.3749353129027
-14,-4,50.0
-14,-4,50.0
-14,-4,87.98820094991376
-15,-4,50.0
-15,-4,55.97727955887202
-15,-4,50.0
-14,-4,50.0
-14,-4,50.0
-14,-4,60.79728052079771
-15,-4,50.0
-15,-4,132.88610559989687
-15,-4,50.0
-14,-4,50.0
-14,-4,50.0
-14,-4,50.0
-13,-4,50.0
-13,-4,50.0
-13,-4,216.0923792976724
-12,-4,72.97666410404469
-12,-4,50.0
-12,-4,75.52324708398777
-11,-4,50.0
-11,-4,50.0
-11,-4,50.0
-10,-4,56.32062772843709
-10,-4,79.27676528097805
-10,-4,50.0
-11,-4,50.0
-11,-4,205.84806833239765
-11,-4,96.2551501616221
-10,-4,148.56139348517905
-10,-4,95.49796757479133
-10,-4,50.0
-9,-4,50.0
-9,-4,116.2349804523476
-9,-4,277.0153010288118
-8,-4,50.0
-8,-4,50.0
-8,-4,50.0
-9,-4,50.0
-9,-4,50.0
-9,-4,81.22777969178058
-8,-4,80.53368545957488
-8,-4,50.0
-8,-4,50.0
-7,-4,214.1399433613555
-7,-4,65.24879600163642
-7,-4,50.0
-6,-4,118.01356007008
-6,-4,237.2750710683162
-6,-4,225.46412220995063
-5,-4,50.5558559471351
-5,-4,212.13524368639423
-5,-4,50.0
-4,-4,136.5050037817141
-4,-4,50.0
-4,-4,127.43383642612469
-3,-4,153.35495835468035
-3,-4,216.13347453897066
-3,-4,59.74725364469452
-2,-4,270.1663082392448
-2,-4,188.29809685836182
-2,-4,120.0257560465024
-1,-4,145.66215219112465
-1,-4,50.0
-1,-4,87.47604010583325
0,-4,115.84740039097186
0,-4,50.0
0,-4,111.6180052742034
1,-4,67.14729580463779
1,-4,90.51520213330714
1,-4,87.45976268419162
2,-4,151.57598078388244
2,-4,166.93118981861028
2,-4,116.18080829008464
2,-5,50.0
2,-5,84.63167470621951
2,-5,151.8094981574754
2,-4,50.0
2,-4,50.0
2,-4,50.0
2,-3,88.74279280095755
2,-3,96.95837107854616
2,-3,133.83748708485842
2,-4,160.23923787722703
2,-4,50.0
2,-4,146.56699861672277
2,-3,53.516954451523354
2,-3,169.67308688937763
2,-3,50.0
2,-4,159.88747952290663
2,-4,50.0
2,-4,134.53894565874697
2,-3,170.9813748329188
2,-3,127.2227591623206
2,-3,100.17032034435937
2,-4,50.0
2,-4,232.23985077485662
2,-4,176.19847518016556
2,-3,98.38888560659328
2,-3,103.07740361471423
2,-3,164.73927328301517
2,-2,74.21667389958672
2,-2,54.87754386404686
2,-2,70.79159385396463
3,-2,101.78693284115141
3,-2,137.40801017589257
3,-2,76.34371696775007
3,-1,219.0634189062922
3,-1,82.14697033118156
3,-1,66.1702726938681
3,0,50.0
3,0,284.2723627522507
3,0,123.73060057734558
4,0,110.89417171333471
4,0,132.8639617593862
4,0,77.21677224738465
4,1,50.0
4,1,151.33132276119457
4,1,118.44985472272106
4,2,66.40134959590912
4,2,146.76325950252712
4,2,94.48092763436783
4,1,50.0
4,1,162.57722654942765
4,1,63.6848088177086
4,0,377.3344070413223
4,0,107.9926804332083
4,0,94.47449261472664
4,-1,150.10874549629153
4,-1,123.44908424232972
4,-1,56.126924540311066
4,0,250.14876383402023
4,0,118.35625832181728
4,0,91.94416627991662
4,1,451.7085073450718
4,1,468.18818472804514
4,1,144.5858293800386
4,2,217.90112346622135
4,2,113.14817426722763
4,2,229.20629386756158
4,3,212.86436186816337
4,3,309.75684299865725
4,3,382.80991099097605
4,2,50.0
4,2,391.5261479119198
4,2,196.23792121305632
4,1,101.36814278344313
4,1,50.0
4,1,215.59752800633993
4,2,50.0
4,2,50.0
4,2,96.9934193917884
4,1,97.00085930549238
4,1,118.34284562052439
4,1,92.10323007920707
4,2,79.0581153163432
4,2,156.10736815479936
4,2,199.43254579953862
4,3,74.50014569282303
4,3,128.9927487639337
4,3,143.2823525497106
4,2,162.15747174463672
4,2,198.53415521417523
4,2,131.07461763256174
4,3,158.96970899766603
4,3,178.1877109928417
4,3,159.31040499049067
4,4,50.0
4,4,297.90830619753774
4,4,110.50075697063093
4,5,99.95936612627172
4,5,381.2831155429542
4,5,222.67731141624125
4,6,332.7270166993268
4,6,50.0
4,6,57.45417429455355
4,5,289.0289032128785
4,5,182.52879471350417
4,5,100.68146019206843
4,6,159.99821917881354
4,6,300.20009931387347
4,6,50.0
4,7,123.5992819305765
4,7,189.785722633535
4,7,153.30148358651437
4,6,287.38936383336755
4,6,96.84615633329021
4,6,50.0
4,5,196.12991550700283
4,5,212.432336504312
4,5,195.51483895122368
4,6,51.843489029724054
4,6,355.18951885793854
4,6,114.74393443978659
4,7,56.730755388566664
4,7,110.98568357837578
4,7,302.9167714734443
4,8,174.6322774641376
4,8,72.95307750575108
4,8,53.85300651429783
4,9,244.06194088847604
4,9,438.57033465567656
4,9,50.0
3,9,213.60209194156948
3,9,79.0210737138271
3,9,173.51020984051064
3,10,50.0
3,10,50.0
3,10,115.09978943414036
3,11,68.92062335527355
3,11,135.67734451723592
3,11,223.80095067554043
3,12,74.04851536310841
3,12,50.0
3,12,370.47288786425935
3,13,54.04032275197302
3,13,50.0
3,13,52.617732551988226
3,12,60.913088488570814
3,12,62.326249259423676
3,12,96.7293597474796
3,13,50.0
3,13,50.0
3,13,50.2819610179409
2,13,50.0
2,13,50.0
2,13,50.0
2,14,50.0
2,14,83.5388866471035
2,14,161.06395027036524
2,15,336.28204064469236
2,15,50.0
2,15,69.7275993654016
1,15,50.0
1,15,68.72382947402008
1,15,51.151386121846514
1,16,147.5248416779893
1,16,127.72375176894386
1,16,151.16308800055222
1,17,50.0
1,17,60.75576918036194
1,17,50.0
0,17,50.0
0,17,50.0
0,17,272.77715114104956
0,18,50.0
0,18,214.9249439732326
0,18,111.601387208269
0,19,50.0
0,19,50.0
0,19,72.30116201649564
0,18,50.0
0,18,131.14032485012106
0,18,50.0
0,19,112.67652068764542
0,19,50.0
0,19,50.0
0,20,83.29837024242627
0,20,50.0
0,20,50.0
0,19,50.0
0,19,50.0
0,19,50.0
-1,19,50.0
-1,19,50.0
-1,19,50.0
-2,19,50.0
-2,19,50.0
-2,19,50.0
-3,19,50.0
-3,19,50.0
-3,19,50.0
-3,18,50.0
-3,18,50.0
-3,18,50.0
-3,19,87.22956962700124
-3,19,52.53883940324308
-3,19,50.0
-3,18,50.0
-3,18,50.0
-3,18,50.0
-4,18,83.36854846499014
-4,18,50.0
-4,18,50.0
-4,17,50.0
-4,17,50.0
-4,17,50.0
-5,17,50.0
-5,17,52.330907673132984
-5,17,50.0
-6,17,50.0
-6,17,50.0
-6,17,50.0
-7,17,380.8412631718086
-7,17,50.0
-7,17,102.00399711023566
-7,16,50.0
-7,16,50.0
-7,16,50.0
-7,15,50.0
-7,15,63.74553637958208
-7,15,84.64981880690407
-7,14,50.0
-7,14,154.69017529926373
-7,14,50.0
-8,14,50.0
-8,14,50.0
-8,14,50.0
-9,14,50.0
-9,14,50.0
-9,14,101.51459156141064
-10,14,50.0
-10,14,50.0
-10,14,50.0
-10,13,50.0
-10,13,50.0
-10,13,50.0
-10,14,50.0
-10,14,59.82009206541748
-10,14,50.0
-10,13,65.46851005044894
-10,13,50.0
-10,13,162.65467721272134
-9,13,50.0
-9,13,50.0
-9,13,50.0
-9,12,264.8490829029876
-9,12,182.16981752049827
-9,12,50.0
-10,12,127.84478074678829
-10,12,200.9934890819726
-10,12,50.0
-10,11,86.034201383386
-10,11,50.0
-10,11,50.0
-11,11,52.26093414637758
-11,11,79.42864427246256
-11,11,50.0
-12,11,203.2381627439161
-12,11,50.0
-12,11,50.0
-13,11,50.0
-13,11,124.86720789407558
-13,11,50.0
-14,11,50.0
-14,11,128.7956873728027
-14,11,197.2554500633987
-14,10,50.0
-14,10,50.0
-14,10,50.0
-15,10,50.0
-15,10,50.0
-15,10,80.08449792177885
-16,10,59.753256230794946
-16,10,218.40073926436284
-16,10,50.0
-16,9,50.0
-16,9,50.0
-16,9,62.19884127658966
-16,10,100.57038694860496
-16,10,50.0
-16,10,50.0
-16,9,50.0
-16,9,50.0
-16,9,50.0
-16,8,50.0
-16,8,68.27081126674882
-16,8,50.0
-16,7,50.0
-16,7,50.0
-16,7,160.1956720220524
-17,7,50.0
-17,7,50.0
-17,7,50.0
-18,7,50.0
-18,7,50.0
-18,7,50.0
-19,7,50.0
-19,7,50.0
-19,7,50.0
-19,8,50.0
-19,8,50.0
-19,8,50.0
-19,7,50.694166209671224
-19,7,50.0
-19,7,50.0
-19,6,50.0
-19,6,67.43728311470626
-19,6,50.0
-19,5,50.0
-19,5,50.0
-19,5,50.0
-19,4,50.0
-19,4,50.0
-19,4,50.0
-19,3,50.0
-19,3,50.0
-19,3,50.0
-19,2,50.0
-19,2,50.0
-19,2,50.0
-19,1,50.0
-19,1,50.0
-19,1,50.0
-19,0,50.0
-19,0,73.0558946598327
-19,0,50.0
-20,0,50.0
-20,0,50.0
-20,0,50.0
-20,1,50.0
-20,1,50.0
-20,1,50.0
-19,1,50.0
-19,1,50.0
-19,1,142.33352444599882
-18,1,50.0
-18,1,50.0
-18,1,50.0
-17,1,50.0
-17,1,75.45512879375546
-17,1,50.0
-17,2,50.0
-17,2,74.13896475014266
-17,2,50.0
-16,2,77.26592183500384
-16,2,50.0
-16,2,72.62480564344251
-15,2,50.0
-15,2,89.49664821584241
-15,2,50.0
-15,3,50.0
-15,3,75.85316086821992
-15,3,50.0
-14,3,79.32511922066246
-14,3,50.0
-14,3,50.0
-14,4,50.0
-14,4,50.0
-14,4,142.6333514436048
-13,4,139.64496861951187
-13,4,50.0
-13,4,50.0
-12,4,56.12297779775974
-12,4,172.70959705422536
-12,4,50.0
-12,5,72.01301512600719
-12,5,50.0
-12,5,203.15456694751896
-12,6,50.0
-12,6,74.33498103921994
-12,6,50.0
-12,5,117.61088671118816
-12,5,189.8055607419949
-12,5,50.0
-12,6,50.0
-12,6,50.0
-12,6,57.79576277956758
-12,5,50.0
-12,5,50.0
-12,5,50.0
-12,6,96.76229172876273
-12,6,148.57143193916738
-12,6,178.79978005456724
-12,7,154.96107757654477
-12,7,50.0
-12,7,93.02937499989864
-12,8,50.0
-12,8,50.0
-12,8,82.64424578064799
-11,8,50.0
-11,8,50.0
-11,8,50.0
-10,8,115.31756001791682
-10,8,75.81138180702877
-10,8,81.63706814198648
-11,8,50.0
-11,8,86.00700032707175
-11,8,109.46866398315251
-10,8,71.42734179239038
-10,8,50.0
-10,8,50.0
-10,7,58.1750109160229
-10,7,50.0
-10,7,50.0
-10,8,50.0
-10,8,84.71463207495901
-10,8,50.0
-10,7,306.006434842358
-10,7,50.0
-10,7,180.69995852625644
-9,7,128.4091049736847
-9,7,62.600377982101634
-9,7,96.90020634219624
-9,6,52.885109803542214
-9,6,174.81477622606351
-9,6,177.2917988570685
-8,6,102.53557516790583
-8,6,50.0
-8,6,144.62406769700294
-8,7,75.04568128510394
-8,7,160.71509513933145
-8,7,50.0
-7,7,236.21958099416355
-7,7,324.9266382691862
