1.82413
1.83333
1.83333
1.82178
1.81013
1.81013
1.80778
1.8148
1.80778
1.77209
1.81247
1.796
1.7841
1.8241
1.82873
1.82873
1.83103
1.82873
1.83333
1.83333
1.83333
1.83333
1.82873
1.82873
1.83103
1.81013
1.79837
1.76726
1.70009
1.65058
1.60458
1.62372
1.6924
1.6826
1.65324
1.65058
1.70519
1.74032
1.71785
1.75508
1.76968
1.80778
1.82178
1.8241
1.81247
1.81946
1.82642
1.83333
1.83333
1.83333
1.83333
1.83333
1.83333
1.83333
1.83333
1.82873
1.82873
1.82642
1.81714
1.83333
1.8148
1.79837
1.79363
1.75263
1.74772
1.74526
1.7431
1.77209
1.74279
1.78171
1.78171
1.80544
1.82178
1.80778
1.8241
1.83333
1.83333
1.83333
1.83333
1.83333
