19,-12,347.2267934856849
19,-12,100.0
19,-13,100.0
19,-13,100.0
19,-13,100.0
18,-13,100.0
18,-13,100.0
18,-13,100.0
17,-13,100.0
17,-13,100.0
17,-13,588.5554037039897
16,-13,100.0
16,-13,163.1814873898009
16,-13,100.0
15,-13,100.0
15,-13,100.0
15,-13,350.56019757205445
14,-13,100.0
14,-13,347.9736323658663
14,-13,100.0
14,-14,100.0
14,-14,100.0
14,-14,100.0
13,-14,378.0107651302392
13,-14,100.0
13,-14,100.0
13,-15,130.74130515864238
13,-15,100.0
13,-15,353.73764674897706
12,-15,100.0
12,-15,100.0
12,-15,546.5327246033667
11,-15,249.38858702441928
11,-15,100.0
11,-15,100.0
10,-15,100.0
10,-15,183.12948923395095
10,-15,100.0
9,-15,166.30144771816975
9,-15,181.80879107214034
9,-15,100.0
8,-15,276.94629088003364
8,-15,100.0
8,-15,1172.1539115317273
7,-15,243.8493674438477
7,-15,100.0
7,-15,273.0084137551703
6,-15,100.0
6,-15,100.0
6,-15,584.0206002550315
5,-15,100.0
5,-15,100.0
5,-15,399.9168397516563
4,-15,260.795828805125
4,-15,100.0
4,-15,100.0
3,-15,100.0
3,-15,965.7057557546256
3,-15,400.2745197393253
2,-15,270.52446246968884
2,-15,100.0
2,-15,100.0
3,-15,205.5437408906959
3,-15,201.66504441821633
3,-15,800.9980843355854
3,-16,100.0
3,-16,735.3995075723724
3,-16,378.83615599682753
2,-16,100.0
2,-16,100.0
2,-16,100.0
3,-16,1068.938627098643
3,-16,402.70851218264664
3,-16,100.0
2,-16,100.0
2,-16,100.0
2,-16,100.0
3,-16,100.0
3,-16,100.0
3,-16,100.0
2,-16,1011.5239045574513
2,-16,100.0
2,-16,100.0
1,-16,100.0
1,-16,100.0
1,-16,100.0
0,-16,100.0
0,-16,100.0
0,-16,182.1927503509603
1,-16,156.09660405481992
1,-16,100.0
1,-16,174.16710109761124
0,-16,100.0
0,-16,144.55163532131417
0,-16,323.7178521549109
-1,-16,272.7284900839516
-1,-16,100.0
-1,-16,243.45544859610254
-2,-16,100.0
-2,-16,100.0
-2,-16,100.0
-3,-16,374.3583529237101
-3,-16,100.0
-3,-16,568.5843683970656
-4,-16,434.07749496445956
-4,-16,504.21233471313843
-4,-16,110.60652623991761
-5,-16,220.93471368109215
-5,-16,381.8618947751
-5,-16,100.0
-6,-16,426.90053229466514
-6,-16,552.8850006426585
-6,-16,100.0
-7,-16,588.8505935930108
-7,-16,100.0
-7,-16,100.0
-8,-16,100.0
-8,-16,287.02520428353245
-8,-16,258.93051234059266
-7,-16,100.0
-7,-16,100.0
-7,-16,100.0
-8,-16,446.242313267201
-8,-16,100.0
-8,-16,229.19497773340976
-9,-16,214.34732278603008
-9,-16,100.0
-9,-16,816.6058310755805
-10,-16,100.0
-10,-16,362.4580319435872
-10,-16,462.4822691339688
-11,-16,233.55868335790862
-11,-16,100.0
-11,-16,491.4460913950608
-10,-16,100.0
-10,-16,100.0
-10,-16,100.0
-9,-16,100.0
-9,-16,100.0
-9,-16,100.0
-10,-16,100.0
-10,-16,100.0
-10,-16,100.0
-11,-16,450.11116378790473
-11,-16,100.0
-11,-16,100.0
-12,-16,100.0
-12,-16,100.0
-12,-16,100.0
-11,-16,235.3187692139672
-11,-16,100.0
-11,-16,100.0
-12,-16,100.0
-12,-16,458.8595934790761
-12,-16,100.0
-11,-16,100.0
-11,-16,255.8568507083802
-11,-16,291.86951990183513
-12,-16,100.0
-12,-16,100.0
-12,-16,1238.0880066227319
-13,-16,100.0
-13,-16,100.0
-13,-16,100.0
-14,-16,220.6235642986345
-14,-16,1066.7637672911603
-14,-16,100.0
-13,-16,112.2704390481338
-13,-16,100.0
-13,-16,100.0
-12,-16,100.0
-12,-16,100.0
-12,-16,100.0
-13,-16,100.0
-13,-16,100.0
-13,-16,337.52069194540394
-14,-16,100.0
-14,-16,100.0
-14,-16,100.0
-15,-16,100.0
-15,-16,100.0
-15,-16,100.0
-16,-16,550.2148534618269
-16,-16,100.0
-16,-16,100.0
-16,-17,327.5304476937325
-16,-17,100.0
-16,-17,100.0
-16,-18,100.0
-16,-18,100.0
-16,-18,100.0
-17,-18,111.28713075524234
-17,-18,100.0
-17,-18,100.0
-17,-17,795.745202296956
-17,-17,100.0
-17,-17,100.0
-17,-18,100.0
-17,-18,100.0
-17,-18,100.0
-17,-19,100.0
-17,-19,100.0
-17,-19,100.0
-18,-19,100.0
-18,-19,100.0
-18,-19,100.0
-18,-18,100.0
-18,-18,100.0
-18,-18,100.0
-18,-19,100.0
-18,-19,162.66262872291577
-18,-19,100.0
-18,-18,100.0
-18,-18,100.0
-18,-18,100.0
-17,-18,100.0
-17,-18,100.0
-17,-18,100.0
-17,-17,100.0
-17,-17,100.0
-17,-17,100.0
-17,-18,100.0
-17,-18,628.4798848026024
-17,-18,766.3000152454318
-17,-17,100.0
-17,-17,100.0
-17,-17,100.0
-17,-16,100.0
-17,-16,100.0
-17,-16,100.0
-18,-16,100.0
-18,-16,100.0
-18,-16,100.0
-18,-17,100.0
-18,-17,100.0
-18,-17,642.6069023108805
-18,-18,100.0
-18,-18,100.0
-18,-18,100.0
-18,-19,100.0
-18,-19,100.0
-18,-19,100.0
-19,-19,100.0
-19,-19,100.0
-19,-19,100.0
-20,-19,234.2416264545402
-20,-19,100.0
-20,-19,100.0
-20,-18,100.0
-20,-18,100.0
-20,-18,100.0
-20,-17,100.0
-20,-17,100.0
-20,-17,100.0
-20,-18,100.0
-20,-18,100.0
-20,-18,100.0
-20,-17,100.0
-20,-17,100.0
-20,-17,100.0
-20,-16,100.0
-20,-16,100.0
-20,-16,100.0
-20,-17,100.0
-20,-17,100.0
-20,-17,100.0
-20,-18,100.0
-20,-18,100.0
-20,-18,100.0
-20,-19,100.0
-20,-19,100.0
-20,-19,100.0
-20,-18,100.0
-20,-18,100.0
-20,-18,100.0
-20,-19,100.0
-20,-19,100.0
-20,-19,100.0
-20,-20,100.0
-20,-20,100.0
-20,-20,150.77407075190092
-20,-19,100.0
-20,-19,100.0
-20,-19,100.0
-20,-18,100.0
-20,-18,100.0
-20,-18,100.0
-20,-17,100.0
-20,-17,100.0
-20,-17,100.0
-20,-16,100.0
-20,-16,100.0
-20,-16,100.0
-20,-17,100.0
-20,-17,100.0
-20,-17,100.0
-20,-16,100.0
-20,-16,100.0
-20,-16,100.0
-20,-15,100.0
-20,-15,100.0
-20,-15,411.5836091031233
-20,-14,100.0
-20,-14,100.0
-20,-14,168.73790860078458
-20,-13,100.0
-20,-13,100.0
-20,-13,100.0
-20,-12,100.0
-20,-12,100.0
-20,-12,100.0
-20,-11,100.0
-20,-11,100.0
-20,-11,100.0
-20,-10,100.0
-20,-10,100.0
-20,-10,100.0
-20,-11,100.0
-20,-11,100.0
-20,-11,100.0
-20,-10,100.0
-20,-10,100.0
-20,-10,100.0
-20,-9,371.06785141591297
-20,-9,100.0
-20,-9,100.0
-20,-8,151.08840044106654
-20,-8,100.0
-20,-8,100.0
-20,-7,100.0
-20,-7,128.11109098419246
-20,-7,771.9803472868864
-20,-6,230.69908738139605
-20,-6,100.0
-20,-6,534.6443001475893
-20,-5,100.0
-20,-5,162.4233502718768
-20,-5,100.0
-20,-4,472.6114377020416
-20,-4,454.2740106246366
-20,-4,100.0
-20,-3,100.0
-20,-3,100.0
-20,-3,100.0
-20,-2,100.0
-20,-2,100.0
-20,-2,280.46048603883565
-20,-1,429.6731588087953
-20,-1,100.0
-20,-1,100.0
-20,0,808.4478603840909
-20,0,203.84129509666627
-20,0,100.0
-20,1,100.0
-20,1,100.0
-20,1,1132.3351276225117
-20,0,100.0
-20,0,100.0
-20,0,100.0
-20,1,100.0
-20,1,100.0
-20,1,167.74282139169645
-20,2,100.0
-20,2,100.0
-20,2,100.0
-20,3,100.0
-20,3,100.0
-20,3,767.7782771506147
-20,4,100.0
-20,4,100.0
-20,4,100.0
-19,4,316.505927447537
-19,4,163.24619728924205
-19,4,100.0
-19,5,432.9765902765841
-19,5,171.28885343958262
-19,5,100.0
-19,4,430.17848437450425
-19,4,100.0
-19,4,256.64338979983756
-20,4,100.0
-20,4,100.0
-20,4,100.0
-19,4,512.8234574636408
-19,4,155.4710662702181
-19,4,100.0
-18,4,100.0
-18,4,100.0
-18,4,100.0
-18,3,480.79695679519045
-18,3,100.0
-18,3,100.0
-18,2,268.94803262640465
-18,2,309.26709788786826
-18,2,100.0
-17,2,100.0
-17,2,100.0
-17,2,100.0
-16,2,695.5997575658358
-16,2,100.0
-16,2,100.0
-15,2,100.0
-15,2,223.63176349168197
-15,2,610.6715424147092
-14,2,100.0
-14,2,687.935970648771
-14,2,249.20749202624953
-14,1,403.73794464278444
-14,1,839.504501891496
-14,1,214.40141664313347
-14,0,100.0
-14,0,100.0
-14,0,100.0
-13,0,100.0
-13,0,371.7110382808355
-13,0,286.3704406773172
-13,-1,471.08610177940335
-13,-1,822.6627586431886
-13,-1,498.44546082014796
-13,-2,430.20687843251136
-13,-2,729.3761317490929
-13,-2,100.0
-13,-3,100.0
-13,-3,277.7312111872517
-13,-3,100.0
-12,-3,100.0
-12,-3,1404.1131046191465
-12,-3,885.268682261168
-12,-4,100.0
-12,-4,282.17303372630545
-12,-4,510.8723338263224
-12,-5,100.0
-12,-5,349.03086037374754
-12,-5,100.0
-12,-4,988.5218706144454
-12,-4,100.0
-12,-4,1056.9526301316419
-12,-5,100.0
-12,-5,862.9692289993152
-12,-5,100.0
-12,-6,100.0
-12,-6,100.0
-12,-6,100.0
-12,-7,113.83553226711905
-12,-7,100.0
-12,-7,352.01326114236474
-12,-8,100.0
-12,-8,777.1767232322889
-12,-8,100.0
-13,-8,1098.8731319006424
-13,-8,100.0
-13,-8,113.76616130552611
-12,-8,295.63880197598564
-12,-8,941.2038707709198
-12,-8,100.0
-12,-9,123.96493939183914
-12,-9,478.8424854418503
-12,-9,644.3068911408345
-11,-9,952.3759239757624
-11,-9,100.0
-11,-9,325.95361247733183
-10,-9,100.0
-10,-9,460.1731024328473
-10,-9,492.8070579070638
-9,-9,271.56635025607466
-9,-9,911.522202398171
-9,-9,822.154557375199
-8,-9,401.4975044446861
-8,-9,801.5883852967994
-8,-9,334.0991275774299
-7,-9,100.0
-7,-9,222.16595254811867
-7,-9,811.4264892983437
-7,-8,286.8195516495379
-7,-8,513.9586033482359
-7,-8,550.7754141238993
-7,-9,556.6062610221716
-7,-9,118.25400717444887
-7,-9,975.7056404458162
-7,-10,187.25198527566926
-7,-10,100.0
-7,-10,342.337799509549
-7,-11,855.5065190179827
-7,-11,100.0
-7,-11,100.0
-6,-11,134.02099843849825
-6,-11,193.78508831833844
-6,-11,100.0
-5,-11,378.47568239107386
-5,-11,823.1013012444181
-5,-11,714.8002938916421
-5,-12,100.0
-5,-12,174.2484233667049
-5,-12,100.0
-4,-12,857.0456183379412
-4,-12,361.43899204364936
-4,-12,886.2714434945334
-4,-13,711.8866972168842
-4,-13,440.3447738425107
-4,-13,312.4957504952339
