19,-12,100.0
19,-12,100.0
19,-13,156.5561073782357
19,-13,268.94123342751834
19,-13,100.0
18,-13,100.0
18,-13,100.0
18,-13,100.0
17,-13,100.0
17,-13,100.0
17,-13,100.0
16,-13,100.0
16,-13,100.0
16,-13,100.0
15,-13,100.0
15,-13,124.94780388931065
15,-13,145.40035097585942
14,-13,249.14134019879623
14,-13,117.85756051289445
14,-13,100.0
14,-14,100.0
14,-14,100.0
14,-14,100.0
13,-14,169.99987066873825
13,-14,164.5236009272083
13,-14,244.31495471774184
13,-15,100.0
13,-15,100.0
13,-15,100.0
12,-15,319.98801236613906
12,-15,260.15260958162054
12,-15,631.1049712618452
11,-15,100.0
11,-15,564.120577212458
11,-15,195.1290816115087
10,-15,100.0
10,-15,268.1033021033175
10,-15,654.0699267175958
9,-15,100.0
9,-15,369.8426583120331
9,-15,100.0
8,-15,100.0
8,-15,100.0
8,-15,243.66129667581106
7,-15,100.0
7,-15,1185.6817137451574
7,-15,388.7850272412481
6,-15,100.0
6,-15,100.0
6,-15,100.0
5,-15,638.5736103193501
5,-15,100.0
5,-15,713.2067919183905
4,-15,625.4652320238606
4,-15,100.0
4,-15,100.0
3,-15,100.0
3,-15,100.0
3,-15,883.764951555016
2,-15,127.79603716348807
2,-15,100.0
2,-15,100.0
3,-15,100.0
3,-15,100.0
3,-15,429.6447453844368
3,-16,169.30078717409094
3,-16,100.0
3,-16,307.5564249159461
2,-16,356.68387529506396
2,-16,100.0
2,-16,422.66360413904204
3,-16,1412.7189242372087
3,-16,100.0
3,-16,100.0
2,-16,100.0
2,-16,100.0
2,-16,712.0975853320172
3,-16,251.04475197061282
3,-16,100.0
3,-16,219.39153878000795
2,-16,100.0
2,-16,100.0
2,-16,100.0
1,-16,100.0
1,-16,100.0
1,-16,100.0
0,-16,340.481187302507
0,-16,100.0
0,-16,1009.1394146416101
1,-16,100.0
1,-16,100.0
1,-16,100.0
0,-16,273.5736560108231
0,-16,100.0
0,-16,638.7896522624031
-1,-16,148.93522995387877
-1,-16,100.0
-1,-16,100.0
-2,-16,648.4599368371838
-2,-16,1321.4703327742784
-2,-16,100.0
-3,-16,100.0
-3,-16,176.82502327583276
-3,-16,100.0
-4,-16,306.37556937017627
-4,-16,287.66473176044974
-4,-16,349.53158105404816
-5,-16,383.30742641966106
-5,-16,980.341976334113
-5,-16,100.0
-6,-16,100.0
-6,-16,100.0
-6,-16,100.0
-7,-16,100.0
-7,-16,511.51076378882397
-7,-16,636.9702377461439
-8,-16,100.0
-8,-16,100.0
-8,-16,100.0
-7,-16,518.0693306614974
-7,-16,100.0
-7,-16,100.0
-8,-16,870.9969667409468
-8,-16,100.0
-8,-16,100.0
-9,-16,100.0
-9,-16,100.0
-9,-16,100.0
-10,-16,100.0
-10,-16,160.98620896408272
-10,-16,100.0
-11,-16,100.0
-11,-16,100.0
-11,-16,976.5326602197932
-10,-16,100.0
-10,-16,100.0
-10,-16,100.0
-9,-16,707.8789130903831
-9,-16,211.2005720854736
-9,-16,100.0
-10,-16,100.0
-10,-16,100.0
-10,-16,252.0875582756026
-11,-16,100.0
-11,-16,463.84240670410543
-11,-16,100.0
-12,-16,100.0
-12,-16,100.0
-12,-16,100.0
-11,-16,280.607150015976
-11,-16,100.0
-11,-16,451.92300588646697
-12,-16,100.0
-12,-16,701.8596658158735
-12,-16,100.0
-11,-16,100.0
-11,-16,100.0
-11,-16,100.0
-12,-16,100.0
-12,-16,409.5430100499742
-12,-16,150.7508456557553
-13,-16,380.1737857152184
-13,-16,176.62328996392637
-13,-16,100.0
-14,-16,100.0
-14,-16,738.002490534844
-14,-16,100.0
-13,-16,100.0
-13,-16,100.0
-13,-16,106.42827355490573
-12,-16,390.52826078655846
-12,-16,100.0
-12,-16,100.0
-13,-16,100.0
-13,-16,100.0
-13,-16,100.0
-14,-16,100.0
-14,-16,456.8721123468183
-14,-16,100.0
-15,-16,100.0
-15,-16,300.05944500793544
-15,-16,100.0
-16,-16,217.85666138769454
-16,-16,100.0
-16,-16,100.0
-16,-17,186.17393810258943
-16,-17,100.0
-16,-17,100.0
-16,-18,100.0
-16,-18,100.0
-16,-18,421.8458748530451
-17,-18,384.78424773574295
-17,-18,100.0
-17,-18,100.0
-17,-17,100.0
-17,-17,100.0
-17,-17,100.0
-17,-18,100.0
-17,-18,100.0
-17,-18,100.0
-17,-19,100.0
-17,-19,100.0
-17,-19,295.2636743935137
-18,-19,100.0
-18,-19,100.0
-18,-19,100.0
-18,-18,100.0
-18,-18,100.0
-18,-18,100.0
-18,-19,100.0
-18,-19,131.27363947829417
-18,-19,100.0
-18,-18,100.0
-18,-18,100.0
-18,-18,100.0
-17,-18,100.0
-17,-18,100.0
-17,-18,100.0
-17,-17,100.0
-17,-17,100.0
-17,-17,100.0
-17,-18,100.0
-17,-18,100.0
-17,-18,100.0
-17,-17,100.0
-17,-17,100.0
-17,-17,100.0
-17,-16,435.9971433948085
-17,-16,221.1405702910016
-17,-16,100.0
-18,-16,100.0
-18,-16,100.0
-18,-16,100.0
-18,-17,100.0
-18,-17,100.0
-18,-17,100.0
-18,-18,100.0
-18,-18,100.0
-18,-18,100.0
-18,-19,100.0
-18,-19,100.0
-18,-19,690.7070843018712
-19,-19,100.0
-19,-19,100.0
-19,-19,100.0
-20,-19,100.0
-20,-19,613.2423056988513
-20,-19,100.0
-20,-18,162.6133436044189
-20,-18,100.0
-20,-18,100.0
-20,-17,100.0
-20,-17,100.0
-20,-17,100.0
-20,-18,100.0
-20,-18,182.4778153739207
-20,-18,100.0
-20,-17,100.0
-20,-17,100.0
-20,-17,100.0
-20,-16,100.0
-20,-16,100.0
-20,-16,100.0
-20,-17,100.0
-20,-17,100.0
-20,-17,173.25620177437315
-20,-18,100.0
-20,-18,100.0
-20,-18,100.0
-20,-19,100.0
-20,-19,100.0
-20,-19,100.0
-20,-18,100.0
-20,-18,100.0
-20,-18,100.0
-20,-19,100.0
-20,-19,100.0
-20,-19,100.0
-20,-20,100.0
-20,-20,100.0
-20,-20,100.0
-20,-19,100.0
-20,-19,100.0
-20,-19,100.0
-20,-18,100.0
-20,-18,100.0
-20,-18,100.0
-20,-17,100.0
-20,-17,100.0
-20,-17,100.0
-20,-16,100.0
-20,-16,100.0
-20,-16,100.0
-20,-17,100.0
-20,-17,100.0
-20,-17,100.0
-20,-16,100.0
-20,-16,100.0
-20,-16,100.0
-20,-15,100.0
-20,-15,100.0
-20,-15,340.96199833039077
-20,-14,100.0
-20,-14,222.19734638963507
-20,-14,100.0
-20,-13,100.0
-20,-13,100.0
-20,-13,100.0
-20,-12,100.0
-20,-12,100.0
-20,-12,100.0
-20,-11,100.0
-20,-11,165.23581714939945
-20,-11,100.0
-20,-10,100.0
-20,-10,249.05657848131273
-20,-10,100.0
-20,-11,100.0
-20,-11,100.0
-20,-11,339.603001724165
-20,-10,100.0
-20,-10,100.0
-20,-10,498.0151196149967
-20,-9,100.0
-20,-9,100.0
-20,-9,100.0
-20,-8,100.0
-20,-8,100.0
-20,-8,100.0
-20,-7,211.28582406882083
-20,-7,100.0
-20,-7,100.0
-20,-6,100.0
-20,-6,100.0
-20,-6,100.0
-20,-5,100.0
-20,-5,100.0
-20,-5,115.02209228415171
-20,-4,477.88275314940086
-20,-4,100.0
-20,-4,100.0
-20,-3,100.0
-20,-3,100.0
-20,-3,100.0
-20,-2,100.0
-20,-2,100.0
-20,-2,100.0
-20,-1,100.0
-20,-1,258.98604454525577
-20,-1,100.0
-20,0,668.6777868232076
-20,0,100.0
-20,0,100.0
-20,1,100.0
-20,1,671.4786434222185
-20,1,100.0
-20,0,328.6305188801896
-20,0,100.0
-20,0,100.0
-20,1,100.0
-20,1,100.0
-20,1,105.66415392897022
-20,2,100.0
-20,2,100.0
-20,2,100.0
-20,3,974.5830895935864
-20,3,100.0
-20,3,100.0
-20,4,100.0
-20,4,100.0
-20,4,100.0
-19,4,100.0
-19,4,248.31631342786926
-19,4,100.0
-19,5,100.0
-19,5,235.16304469334005
-19,5,170.07247091988657
-19,4,100.0
-19,4,100.0
-19,4,271.2083215195308
-20,4,100.0
-20,4,100.0
-20,4,100.0
-19,4,100.0
-19,4,183.93132327604667
-19,4,100.0
-18,4,347.80613254124347
-18,4,545.4398145803004
-18,4,325.90340252484754
-18,3,353.0754767276882
-18,3,723.6689845463357
-18,3,100.0
-18,2,100.0
-18,2,108.72884523021017
-18,2,100.0
-17,2,100.0
-17,2,100.0
-17,2,100.0
-16,2,277.67709428049136
-16,2,254.6989481469879
-16,2,100.0
-15,2,166.6116491861078
-15,2,730.2000483506183
-15,2,525.0032233297061
-14,2,100.0
-14,2,1411.7704308231428
-14,2,100.0
-14,1,100.0
-14,1,100.0
-14,1,100.0
-14,0,100.0
-14,0,100.0
-14,0,1026.8342799618256
-13,0,415.5301727266493
-13,0,100.0
-13,0,190.8653012651957
-13,-1,357.6375838822545
-13,-1,341.70550616865853
-13,-1,407.09710481977874
-13,-2,615.054770161649
-13,-2,100.0
-13,-2,100.0
-13,-3,787.8798095826494
-13,-3,100.0
-13,-3,100.0
-12,-3,684.0299133390215
-12,-3,705.7457652395208
-12,-3,100.0
-12,-4,674.80934923265
-12,-4,942.9114273176762
-12,-4,1008.9941718649324
-12,-5,684.6522316459183
-12,-5,327.685345909244
-12,-5,220.99390744110391
-12,-4,100.0
-12,-4,100.0
-12,-4,501.40978000631094
-12,-5,647.00099579888
-12,-5,100.0
-12,-5,803.6638499243068
-12,-6,220.1460212936896
-12,-6,100.0
-12,-6,216.29967394465882
-12,-7,100.0
-12,-7,100.0
-12,-7,100.0
-12,-8,268.87867946901014
-12,-8,100.0
-12,-8,178.90612385390233
-13,-8,317.1163960843987
-13,-8,100.0
-13,-8,100.0
-12,-8,937.0864191812033
-12,-8,100.0
-12,-8,100.0
-12,-9,143.6863796634087
-12,-9,233.65668831562084
-12,-9,100.0
-11,-9,100.0
-11,-9,100.0
-11,-9,100.0
-10,-9,463.16303580566074
-10,-9,100.0
-10,-9,374.15793100622386
-9,-9,100.0
-9,-9,208.2388274768122
-9,-9,714.8632576469734
-8,-9,106.61427202164379
-8,-9,1037.2284909795476
-8,-9,906.3087404466667
-7,-9,183.38321503351034
-7,-9,1342.9922977288788
-7,-9,100.0
-7,-8,100.0
-7,-8,343.18804492708364
-7,-8,1303.1675539508346
-7,-9,296.71397623654656
-7,-9,366.3052205833673
-7,-9,728.8066079776088
-7,-10,100.0
-7,-10,100.0
-7,-10,126.32127941050672
-7,-11,100.0
-7,-11,358.14592164994116
-7,-11,100.0
-6,-11,167.53746426022548
-6,-11,129.9569260017031
-6,-11,100.0
-5,-11,100.0
-5,-11,291.520260406648
-5,-11,968.9820431497578
-5,-12,1011.077276223862
-5,-12,123.3457596761964
-5,-12,100.0
-4,-12,129.240522412387
-4,-12,100.0
-4,-12,241.34627336273624
-4,-13,100.0
-4,-13,607.6002679754488
-4,-13,100.0
