19,-12,200.0
19,-13,729.4909539103846
19,-13,200.0
18,-13,200.0
18,-13,200.0
17,-13,200.0
17,-13,396.8145609742786
16,-13,200.0
16,-13,200.0
15,-13,1476.5847603030625
15,-13,308.45365774183824
14,-13,200.0
14,-13,1115.2456253351993
14,-14,259.74156294043684
14,-14,812.288401901654
13,-14,200.0
13,-14,200.0
13,-15,884.0969235121171
13,-15,567.6674023232656
12,-15,200.0
12,-15,200.0
11,-15,736.132386714858
11,-15,200.0
10,-15,582.5391690649911
10,-15,632.6699912143783
9,-15,593.4676854647252
9,-15,200.0
8,-15,200.0
8,-15,266.76938263897375
7,-15,200.0
7,-15,200.0
6,-15,568.5054878615025
6,-15,200.0
5,-15,200.0
5,-15,934.8205922447067
4,-15,200.0
4,-15,1156.1160104335645
3,-15,1283.8879891613312
3,-15,668.0479170087984
2,-15,808.1625331140049
2,-15,494.3008482880277
3,-15,892.8539779087248
3,-15,200.0
3,-16,200.0
3,-16,200.0
2,-16,1077.983436505665
2,-16,883.0631745816589
3,-16,301.19285082163105
3,-16,708.581947593736
2,-16,200.0
2,-16,200.0
3,-16,200.0
3,-16,200.0
2,-16,200.0
2,-16,1362.542174529889
1,-16,200.0
1,-16,364.6971175772739
0,-16,236.35639115443706
0,-16,623.5373468160676
1,-16,200.0
1,-16,200.0
0,-16,250.89835338184463
0,-16,200.0
-1,-16,1801.7527871396076
-1,-16,200.0
-2,-16,600.3993104199582
-2,-16,1907.6279852215505
-3,-16,1105.7269060623823
-3,-16,876.9226442865249
-4,-16,1910.2338461174822
-4,-16,200.0
-5,-16,790.2972299051046
-5,-16,200.0
-6,-16,200.0
-6,-16,203.46446522669083
-7,-16,1087.2665709819871
-7,-16,829.162794190126
-8,-16,364.61409873843485
-8,-16,200.0
-7,-16,200.0
-7,-16,200.0
-8,-16,496.41700962724076
-8,-16,200.0
-9,-16,200.0
-9,-16,200.0
-10,-16,200.0
-10,-16,200.0
-11,-16,200.0
-11,-16,200.0
-10,-16,1230.6145943981421
-10,-16,200.0
-9,-16,200.0
-9,-16,235.35564162369593
-10,-16,977.0712382634604
-10,-16,591.6650194995234
-11,-16,602.5740131588425
-11,-16,516.518906325019
-12,-16,1209.4616780889892
-12,-16,263.9832850241343
-11,-16,620.4766322115654
-11,-16,575.6963646466328
-12,-16,200.0
-12,-16,1137.0339473355484
-11,-16,986.3474370245254
-11,-16,200.0
-12,-16,848.1592180046196
-12,-16,899.517408369077
-13,-16,251.49933876037466
-13,-16,200.0
-14,-16,254.3466025010609
-14,-16,1008.1855282492559
-13,-16,200.0
-13,-16,855.742445982634
-12,-16,200.0
-12,-16,935.9728560188266
-13,-16,200.0
-13,-16,200.0
-14,-16,200.0
-14,-16,2791.570016948346
-15,-16,307.9034525674763
-15,-16,760.9584943690339
-16,-16,200.0
-16,-16,200.0
-16,-17,200.0
-16,-17,200.0
-16,-18,200.0
-16,-18,903.5570960850036
-17,-18,200.0
-17,-18,200.0
-17,-17,200.0
-17,-17,200.0
-17,-18,200.0
-17,-18,200.0
-17,-19,410.8094396399604
-17,-19,200.0
-18,-19,200.0
-18,-19,200.0
-18,-18,201.02420702387155
-18,-18,200.0
-18,-19,200.0
-18,-19,200.0
-18,-18,200.0
-18,-18,511.51177076361193
-17,-18,200.0
-17,-18,200.0
-17,-17,200.0
-17,-17,200.0
-17,-18,200.0
-17,-18,200.0
-17,-17,200.0
-17,-17,200.0
-17,-16,261.08056578833896
-17,-16,200.0
-18,-16,200.0
-18,-16,200.0
-18,-17,200.0
-18,-17,200.0
-18,-18,200.0
-18,-18,200.0
-18,-19,428.3230428559551
-18,-19,200.0
-19,-19,708.8761017665495
-19,-19,200.0
-20,-19,200.0
-20,-19,200.0
-20,-18,200.0
-20,-18,276.06707002929545
-20,-17,200.0
-20,-17,200.0
-20,-18,200.0
-20,-18,200.0
-20,-17,200.0
-20,-17,200.0
-20,-16,492.5076851862549
-20,-16,200.0
-20,-17,200.0
-20,-17,200.0
-20,-18,200.0
-20,-18,200.0
-20,-19,200.0
-20,-19,200.0
-20,-18,200.0
-20,-18,200.0
-20,-19,200.0
-20,-19,200.0
-20,-20,200.0
-20,-20,200.0
-20,-19,200.0
-20,-19,200.0
-20,-18,200.0
-20,-18,200.0
-20,-17,200.0
-20,-17,200.0
-20,-16,200.0
-20,-16,332.67767019487974
-20,-17,200.0
-20,-17,200.0
-20,-16,466.3305193835655
-20,-16,200.0
-20,-15,200.0
-20,-15,200.0
-20,-14,1054.194705073794
-20,-14,200.0
-20,-13,200.0
-20,-13,200.0
-20,-12,200.0
-20,-12,200.0
-20,-11,200.0
-20,-11,200.0
-20,-10,200.0
-20,-10,200.0
-20,-11,200.0
-20,-11,1335.257160014295
-20,-10,200.0
-20,-10,200.0
-20,-9,708.3661217212623
-20,-9,200.0
-20,-8,200.0
-20,-8,200.0
-20,-7,200.0
-20,-7,1525.7857586395546
-20,-6,436.33326991818114
-20,-6,200.0
-20,-5,419.93420325877304
-20,-5,387.7277213977132
-20,-4,480.2763081419222
-20,-4,334.01398491835477
-20,-3,200.0
-20,-3,200.0
-20,-2,200.0
-20,-2,200.0
-20,-1,200.0
-20,-1,200.0
-20,0,200.0
-20,0,200.0
-20,1,200.0
-20,1,200.0
-20,0,200.0
-20,0,200.0
-20,1,200.0
-20,1,200.0
-20,2,200.0
-20,2,296.94014749261936
-20,3,200.0
-20,3,200.0
-20,4,200.0
-20,4,200.0
-19,4,1820.5081610708241
-19,4,505.68032394255886
-19,5,200.0
