19,-12,164.5798243639362
19,-12,100.0
19,-13,100.0
19,-13,100.0
19,-13,100.0
18,-13,407.54275432285704
18,-13,100.0
18,-13,100.0
17,-13,100.0
17,-13,397.3714575007565
17,-13,100.0
16,-13,100.0
16,-13,100.0
16,-13,100.0
15,-13,100.0
15,-13,100.0
15,-13,100.0
14,-13,100.0
14,-13,560.5087235895061
14,-13,100.0
14,-14,100.0
14,-14,589.5852758996891
14,-14,234.5735389697436
13,-14,175.79549132257813
13,-14,100.0
13,-14,210.25422344298266
13,-15,100.0
13,-15,100.0
13,-15,153.15528688979913
12,-15,100.0
12,-15,100.0
12,-15,100.0
11,-15,100.0
11,-15,757.1854474099094
11,-15,224.36102957101343
10,-15,100.0
10,-15,100.0
10,-15,594.9962443528015
9,-15,100.0
9,-15,100.0
9,-15,499.4883632223739
8,-15,100.0
8,-15,100.0
8,-15,100.0
7,-15,100.0
7,-15,100.0
7,-15,330.3495684755808
6,-15,100.0
6,-15,531.7405764280866
6,-15,100.0
5,-15,532.7781435629753
5,-15,431.76820193952676
5,-15,190.22145921083955
4,-15,713.6722782197972
4,-15,100.0
4,-15,872.153741662041
3,-15,572.9060214663249
3,-15,100.0
3,-15,234.59222678130698
2,-15,100.0
2,-15,291.35104918661784
2,-15,100.0
3,-15,100.0
3,-15,980.6431729072133
3,-15,100.0
3,-16,100.0
3,-16,316.65917385428884
3,-16,289.4442663787639
2,-16,127.30907222131776
2,-16,100.0
2,-16,598.3284549369528
3,-16,100.0
3,-16,100.0
3,-16,425.4172892087412
2,-16,285.1463262060922
2,-16,100.0
2,-16,252.37842195520165
3,-16,100.0
3,-16,246.3514311958891
3,-16,165.44510843619864
2,-16,326.0193697015534
2,-16,324.4477248616218
2,-16,100.0
1,-16,204.83344361078798
1,-16,739.0723536280107
1,-16,100.0
0,-16,100.0
0,-16,100.0
0,-16,246.6058490579345
1,-16,100.0
1,-16,100.0
1,-16,100.0
0,-16,127.71075176527911
0,-16,711.4586738239356
0,-16,115.41949245620478
-1,-16,100.0
-1,-16,258.6554839655993
-1,-16,113.88159216668394
-2,-16,100.0
-2,-16,567.4013122608795
-2,-16,210.25883539473102
-3,-16,100.0
-3,-16,100.0
-3,-16,100.0
-4,-16,100.0
-4,-16,100.0
-4,-16,100.0
-5,-16,100.0
-5,-16,100.0
-5,-16,121.31943786923091
-6,-16,402.8229431089867
-6,-16,215.13861084168224
-6,-16,100.0
-7,-16,628.5783547099107
-7,-16,100.0
-7,-16,168.22158022068075
-8,-16,100.0
-8,-16,729.3808160343018
-8,-16,354.3044016412874
-7,-16,100.0
-7,-16,100.0
-7,-16,100.0
-8,-16,100.0
-8,-16,100.0
-8,-16,1312.9379193645846
-9,-16,100.0
-9,-16,436.1824912312238
-9,-16,662.0345195443656
-10,-16,887.601330652013
-10,-16,100.0
-10,-16,100.0
-11,-16,391.6866064630641
-11,-16,411.3749714090646
-11,-16,100.0
-10,-16,137.3597726610855
-10,-16,100.0
-10,-16,100.0
-9,-16,781.7347458675351
-9,-16,333.1590097526906
-9,-16,339.3057862320628
-10,-16,100.0
-10,-16,100.0
-10,-16,500.7971302681377
-11,-16,100.0
-11,-16,143.84862271609342
-11,-16,100.0
-12,-16,100.0
-12,-16,100.0
-12,-16,234.01050072036503
-11,-16,100.0
-11,-16,112.49243687170161
-11,-16,100.0
-12,-16,100.0
-12,-16,100.0
-12,-16,100.0
-11,-16,495.2089702615948
-11,-16,143.4143468896079
-11,-16,100.0
-12,-16,100.0
-12,-16,100.0
-12,-16,100.0
-13,-16,100.0
-13,-16,219.10128335651288
-13,-16,100.0
-14,-16,100.0
-14,-16,100.0
-14,-16,100.0
-13,-16,100.0
-13,-16,100.0
-13,-16,100.0
-12,-16,100.0
-12,-16,100.0
-12,-16,100.0
-13,-16,100.0
-13,-16,428.3146814789038
-13,-16,100.0
-14,-16,100.0
-14,-16,100.0
-14,-16,100.0
-15,-16,372.7534078031334
-15,-16,100.0
-15,-16,100.0
-16,-16,945.6194019570702
-16,-16,100.0
-16,-16,100.0
-16,-17,100.0
-16,-17,100.0
-16,-17,100.0
-16,-18,100.0
-16,-18,234.17199328757692
-16,-18,100.0
-17,-18,320.9068348378811
-17,-18,606.458977844724
-17,-18,100.0
-17,-17,100.0
-17,-17,141.4635814126724
-17,-17,100.0
-17,-18,100.0
-17,-18,100.0
-17,-18,100.0
-17,-19,100.0
-17,-19,100.0
-17,-19,100.0
-18,-19,100.0
-18,-19,100.0
-18,-19,163.35655147711918
-18,-18,494.6255322793795
-18,-18,100.0
-18,-18,100.0
-18,-19,100.0
-18,-19,100.0
-18,-19,100.0
-18,-18,100.0
-18,-18,100.0
-18,-18,100.0
-17,-18,100.0
-17,-18,100.0
-17,-18,100.0
-17,-17,100.0
-17,-17,100.0
-17,-17,100.0
-17,-18,100.0
-17,-18,100.0
-17,-18,100.0
-17,-17,100.0
-17,-17,100.0
-17,-17,100.0
-17,-16,100.0
-17,-16,100.0
-17,-16,100.0
-18,-16,100.0
-18,-16,248.73161236552244
-18,-16,100.0
-18,-17,100.0
-18,-17,100.0
-18,-17,100.0
-18,-18,100.0
-18,-18,739.3103721743465
-18,-18,100.0
-18,-19,100.0
-18,-19,100.0
-18,-19,427.21900319711756
-19,-19,100.0
-19,-19,100.0
-19,-19,100.0
-20,-19,100.0
-20,-19,100.0
-20,-19,100.0
-20,-18,100.0
-20,-18,100.0
-20,-18,100.0
-20,-17,100.0
-20,-17,100.0
-20,-17,100.0
-20,-18,104.05433823108376
-20,-18,100.0
-20,-18,100.0
-20,-17,100.0
-20,-17,100.0
-20,-17,100.0
-20,-16,100.0
-20,-16,100.0
-20,-16,100.0
-20,-17,100.0
-20,-17,100.0
-20,-17,302.57060276713196
-20,-18,100.0
-20,-18,100.0
-20,-18,371.4131526855821
-20,-19,508.8979365509824
-20,-19,100.0
-20,-19,171.94465230814103
-20,-18,100.0
-20,-18,100.0
-20,-18,100.0
-20,-19,100.0
-20,-19,100.0
-20,-19,100.0
-20,-20,100.0
-20,-20,100.0
-20,-20,100.0
-20,-19,100.0
-20,-19,100.0
-20,-19,100.0
-20,-18,100.0
-20,-18,100.0
-20,-18,100.0
-20,-17,100.0
-20,-17,100.0
-20,-17,100.0
-20,-16,100.0
-20,-16,105.63856153809172
-20,-16,100.0
-20,-17,100.0
-20,-17,100.0
-20,-17,100.0
-20,-16,100.0
-20,-16,100.0
-20,-16,100.0
-20,-15,100.0
-20,-15,413.310114245509
-20,-15,100.0
-20,-14,100.0
-20,-14,100.0
-20,-14,100.0
-20,-13,100.0
-20,-13,132.57925460691393
-20,-13,100.0
-20,-12,100.0
-20,-12,100.0
-20,-12,100.0
-20,-11,100.0
-20,-11,100.0
-20,-11,318.4588594003758
-20,-10,100.0
-20,-10,100.0
-20,-10,100.0
-20,-11,362.80732552773236
-20,-11,572.7683077521054
-20,-11,100.0
-20,-10,100.0
-20,-10,100.0
-20,-10,100.0
-20,-9,100.0
-20,-9,100.0
-20,-9,159.9049656766968
-20,-8,100.0
-20,-8,100.0
-20,-8,100.0
-20,-7,100.0
-20,-7,100.0
-20,-7,100.0
-20,-6,100.0
-20,-6,531.1770274571239
-20,-6,163.3420660515997
-20,-5,100.0
-20,-5,100.0
-20,-5,100.0
-20,-4,100.0
-20,-4,100.0
-20,-4,100.0
-20,-3,272.38372600809845
-20,-3,100.0
-20,-3,100.0
-20,-2,100.0
-20,-2,100.0
-20,-2,444.7285142486204
-20,-1,444.63759778351397
-20,-1,100.0
-20,-1,100.0
-20,0,305.12444356882276
-20,0,100.0
-20,0,378.996999088277
-20,1,100.0
-20,1,135.42307864410324
-20,1,100.0
-20,0,100.0
-20,0,100.0
-20,0,100.0
-20,1,100.0
-20,1,100.0
-20,1,100.0
-20,2,100.0
-20,2,294.44960831085604
-20,2,237.28389396982607
-20,3,100.0
-20,3,100.0
-20,3,100.0
-20,4,100.0
-20,4,100.0
-20,4,100.0
-19,4,251.29958582426556
-19,4,292.0534174139658
-19,4,100.0
-19,5,195.86446187527065
-19,5,100.0
-19,5,100.0
-19,4,349.4851379227347
-19,4,528.9898950265012
-19,4,100.0
-20,4,381.6574173121688
-20,4,100.0
-20,4,1029.8035960469188
-19,4,100.0
-19,4,100.0
-19,4,100.0
-18,4,100.0
-18,4,212.9104858134543
-18,4,100.0
-18,3,182.65010799770445
-18,3,100.0
-18,3,126.77813406989188
-18,2,329.83101944876216
-18,2,100.0
-18,2,100.0
-17,2,100.0
-17,2,188.93725843650049
-17,2,100.0
-16,2,692.0429650632394
-16,2,146.8838049494927
-16,2,375.4813125621397
-15,2,353.3498272059306
-15,2,373.03192570744864
-15,2,138.461104588471
-14,2,287.20317095406585
-14,2,100.0
-14,2,496.6007965804816
-14,1,475.2788806362875
-14,1,358.49882808570015
-14,1,252.84270536819804
-14,0,503.2905213669646
-14,0,100.0
-14,0,526.8130899100596
-13,0,100.0
-13,0,922.4246948224234
-13,0,126.8960579781638
-13,-1,100.0
-13,-1,100.0
-13,-1,408.6010992299693
-13,-2,100.0
-13,-2,100.0
-13,-2,1274.5003913349383
-13,-3,665.7930125644693
-13,-3,100.0
-13,-3,171.12164063469513
-12,-3,100.0
-12,-3,931.3571735476999
-12,-3,100.0
-12,-4,453.72665760520266
-12,-4,404.495739770343
-12,-4,100.0
-12,-5,250.83779597019216
-12,-5,100.0
-12,-5,762.7533862345639
-12,-4,100.0
-12,-4,233.43458652630983
-12,-4,133.82672176214874
-12,-5,482.42039448348066
-12,-5,475.1946385957476
-12,-5,532.1137316206047
-12,-6,100.0
-12,-6,488.54639230690793
-12,-6,100.0
-12,-7,520.1188872230109
-12,-7,100.0
-12,-7,100.0
-12,-8,271.4020908818764
-12,-8,100.0
-12,-8,100.0
-13,-8,570.3347488879285
-13,-8,934.7689732544169
-13,-8,100.0
-12,-8,100.0
-12,-8,100.0
-12,-8,100.0
-12,-9,308.9712305368869
-12,-9,429.9036598907912
-12,-9,753.5826682143593
-11,-9,378.8972576558622
-11,-9,100.0
-11,-9,100.0
-10,-9,980.7975781800982
-10,-9,496.02491654053193
-10,-9,213.52245907035604
-9,-9,486.89232335621
-9,-9,448.94840157913023
-9,-9,686.780558871
-8,-9,202.69659824510362
-8,-9,595.3019423242463
-8,-9,100.0
-7,-9,1165.8986596649725
-7,-9,100.0
-7,-9,249.07215284956183
-7,-8,144.37411014822922
-7,-8,100.0
-7,-8,605.3890511691005
-7,-9,225.96757094174134
-7,-9,531.7783097842484
-7,-9,835.8838118001247
-7,-10,208.74827857701464
-7,-10,785.6853117179801
-7,-10,527.3881969684686
-7,-11,500.14303479231995
-7,-11,588.0507380382936
-7,-11,100.0
-6,-11,1017.7907383120651
-6,-11,905.4953901588588
-6,-11,438.01066616851205
-5,-11,1024.2434704215686
-5,-11,260.12664647398134
-5,-11,100.0
-5,-12,100.0
-5,-12,431.9622806034641
-5,-12,100.0
-4,-12,279.61780858786256
-4,-12,145.47457812944816
-4,-12,346.3301036566571
-4,-13,364.9522851228061
-4,-13,807.4150952116486
-4,-13,518.882207859448
