19,-12,100.0
19,-12,100.0
19,-13,100.0
19,-13,291.0236904792814
19,-13,224.59515625188192
18,-13,100.0
18,-13,605.8973101361685
18,-13,100.0
17,-13,292.84267253635664
17,-13,552.0065310263168
17,-13,100.0
16,-13,100.0
16,-13,100.0
16,-13,100.0
15,-13,100.0
15,-13,257.274223369304
15,-13,100.0
14,-13,100.0
14,-13,100.0
14,-13,100.0
14,-14,323.1315104514276
14,-14,100.0
14,-14,138.42382559012805
13,-14,100.0
13,-14,1453.586973340834
13,-14,388.0457054588695
13,-15,100.0
13,-15,506.0766665527478
13,-15,100.0
12,-15,232.6734334958312
12,-15,296.09395521085054
12,-15,100.0
11,-15,346.74398196537624
11,-15,100.0
11,-15,100.0
10,-15,100.0
10,-15,866.6684475271215
10,-15,100.0
9,-15,457.02479793683324
9,-15,100.0
9,-15,481.8683203416558
8,-15,100.0
8,-15,100.0
8,-15,100.0
7,-15,115.11373858886195
7,-15,454.0925253500573
7,-15,100.0
6,-15,302.6576532475673
6,-15,145.92905737593605
6,-15,1018.9022084917565
5,-15,100.0
5,-15,172.25913194222767
5,-15,742.7297660195835
4,-15,432.8542531787315
4,-15,185.19950931695527
4,-15,100.0
3,-15,100.0
3,-15,100.0
3,-15,100.0
2,-15,478.61047751206996
2,-15,100.0
2,-15,1221.0443263155853
3,-15,456.93433982171206
3,-15,100.0
3,-15,287.0133501240749
3,-16,1024.7953826586852
3,-16,442.33611575559576
3,-16,906.9800939734956
2,-16,100.0
2,-16,100.0
2,-16,100.0
3,-16,379.83154832196726
3,-16,100.0
3,-16,733.1897703096355
2,-16,527.6041529239758
2,-16,365.5759158852087
2,-16,100.0
3,-16,374.56791065926524
3,-16,402.0553860153207
3,-16,100.0
2,-16,793.678950064097
2,-16,100.0
2,-16,100.0
1,-16,340.2930862764821
1,-16,289.4343573204372
1,-16,812.9644605855439
0,-16,340.56941702806705
0,-16,100.0
0,-16,100.0
1,-16,302.85902476797395
1,-16,391.78991663633775
1,-16,100.0
0,-16,100.0
0,-16,100.0
0,-16,100.0
-1,-16,274.911004021023
-1,-16,100.0
-1,-16,100.0
-2,-16,100.0
-2,-16,511.04018173453767
-2,-16,100.0
-3,-16,100.0
-3,-16,887.0953355233286
-3,-16,100.0
-4,-16,524.3600359836478
-4,-16,100.0
-4,-16,946.3939548050347
-5,-16,294.1001892007911
-5,-16,279.20741109063323
-5,-16,100.0
-6,-16,100.0
-6,-16,100.0
-6,-16,100.0
-7,-16,130.86612729700772
-7,-16,100.0
-7,-16,100.0
-8,-16,100.0
-8,-16,100.0
-8,-16,366.10147032019444
-7,-16,100.0
-7,-16,100.0
-7,-16,100.0
-8,-16,949.9501024683697
-8,-16,128.98185618797805
-8,-16,204.18274220599633
-9,-16,100.0
-9,-16,100.0
-9,-16,100.0
-10,-16,100.0
-10,-16,100.0
-10,-16,100.0
-11,-16,100.0
-11,-16,100.0
-11,-16,100.0
-10,-16,100.0
-10,-16,100.0
-10,-16,109.71161592634444
-9,-16,100.0
-9,-16,100.0
-9,-16,100.0
-10,-16,760.8681465959971
-10,-16,100.0
-10,-16,100.0
-11,-16,100.0
-11,-16,100.0
-11,-16,100.0
-12,-16,100.0
-12,-16,743.9279870671169
-12,-16,100.0
-11,-16,100.0
-11,-16,100.0
-11,-16,100.0
-12,-16,315.4769636010701
-12,-16,167.22360222734102
-12,-16,216.60943595825887
-11,-16,475.59001898254235
-11,-16,100.0
-11,-16,112.33730261209743
-12,-16,100.0
-12,-16,100.0
-12,-16,178.76245527327274
-13,-16,100.0
-13,-16,100.0
-13,-16,100.0
-14,-16,100.0
-14,-16,100.0
-14,-16,100.0
-13,-16,100.0
-13,-16,100.0
-13,-16,182.02835321793435
-12,-16,100.0
-12,-16,206.01620598176925
-12,-16,229.25466324354332
-13,-16,482.74278136334476
-13,-16,275.9792610908192
-13,-16,100.0
-14,-16,100.0
-14,-16,100.0
-14,-16,100.0
-15,-16,100.0
-15,-16,100.0
-15,-16,100.0
-16,-16,100.0
-16,-16,100.0
-16,-16,100.0
-16,-17,851.4374240162722
-16,-17,350.7501723397446
-16,-17,100.0
-16,-18,100.0
-16,-18,100.0
-16,-18,175.25036984850203
-17,-18,100.0
-17,-18,100.0
-17,-18,100.0
-17,-17,100.0
-17,-17,371.44310108268087
-17,-17,215.18770915633456
-17,-18,100.0
-17,-18,100.0
-17,-18,100.0
-17,-19,100.0
-17,-19,100.0
-17,-19,483.6136351648631
-18,-19,100.0
-18,-19,100.0
-18,-19,100.0
-18,-18,127.98969536408026
-18,-18,100.0
-18,-18,100.0
-18,-19,100.0
-18,-19,100.0
-18,-19,100.0
-18,-18,100.0
-18,-18,100.0
-18,-18,100.0
-17,-18,100.0
-17,-18,100.0
-17,-18,100.0
-17,-17,174.38429822404566
-17,-17,100.0
-17,-17,353.40739335114324
-17,-18,100.0
-17,-18,100.0
-17,-18,389.77630535581386
-17,-17,100.0
-17,-17,658.3118029731684
-17,-17,100.0
-17,-16,100.0
-17,-16,100.0
-17,-16,100.0
-18,-16,100.0
-18,-16,100.0
-18,-16,100.0
-18,-17,236.21734890007883
-18,-17,171.95760436801584
-18,-17,100.0
-18,-18,100.0
-18,-18,100.0
-18,-18,100.0
-18,-19,100.0
-18,-19,100.0
-18,-19,100.0
-19,-19,100.0
-19,-19,100.0
-19,-19,100.0
-20,-19,100.0
-20,-19,100.0
-20,-19,100.0
-20,-18,100.0
-20,-18,100.0
-20,-18,100.0
-20,-17,110.72574029017403
-20,-17,100.0
-20,-17,100.0
-20,-18,100.0
-20,-18,100.0
-20,-18,100.0
-20,-17,100.0
-20,-17,100.0
-20,-17,100.0
-20,-16,100.0
-20,-16,100.0
-20,-16,1211.0473609651667
-20,-17,100.0
-20,-17,100.0
-20,-17,100.0
-20,-18,100.0
-20,-18,111.56194128661582
-20,-18,100.0
-20,-19,165.2731489030839
-20,-19,100.0
-20,-19,100.0
-20,-18,100.0
-20,-18,208.414678367757
-20,-18,100.0
-20,-19,100.0
-20,-19,100.0
-20,-19,100.0
-20,-20,100.0
-20,-20,100.0
-20,-20,100.0
-20,-19,100.0
-20,-19,100.0
-20,-19,100.0
-20,-18,100.0
-20,-18,100.0
-20,-18,100.0
-20,-17,494.93979218172376
-20,-17,100.0
-20,-17,100.0
-20,-16,100.0
-20,-16,100.0
-20,-16,100.0
-20,-17,100.0
-20,-17,100.0
-20,-17,102.57679612245698
-20,-16,100.0
-20,-16,100.0
-20,-16,100.0
-20,-15,100.0
-20,-15,100.0
-20,-15,100.0
-20,-14,100.0
-20,-14,100.0
-20,-14,100.0
-20,-13,100.0
-20,-13,100.0
-20,-13,242.1054230295968
-20,-12,100.0
-20,-12,100.0
-20,-12,100.0
-20,-11,100.0
-20,-11,100.0
-20,-11,100.0
-20,-10,469.5664819497929
-20,-10,100.0
-20,-10,100.0
-20,-11,100.0
-20,-11,100.0
-20,-11,100.0
-20,-10,128.32628205077242
-20,-10,100.0
-20,-10,100.0
-20,-9,100.0
-20,-9,100.0
-20,-9,100.0
-20,-8,430.5169178037876
-20,-8,100.0
-20,-8,366.4946258241201
-20,-7,100.0
-20,-7,100.0
-20,-7,100.0
-20,-6,100.0
-20,-6,100.0
-20,-6,100.0
-20,-5,537.3532593862445
-20,-5,100.0
-20,-5,362.4986066514148
-20,-4,204.89374277693838
-20,-4,100.0
-20,-4,100.0
-20,-3,100.0
-20,-3,202.03816813922205
-20,-3,100.0
-20,-2,170.70242736454134
-20,-2,265.55154756361355
-20,-2,100.0
-20,-1,164.851162527844
-20,-1,473.0837577656839
-20,-1,878.9995780827003
-20,0,100.0
-20,0,100.0
-20,0,156.19275126164234
-20,1,100.0
-20,1,100.0
-20,1,100.0
-20,0,100.0
-20,0,155.40281573425744
-20,0,366.03046157802066
-20,1,100.0
-20,1,604.2702361898464
-20,1,100.0
-20,2,100.0
-20,2,100.0
-20,2,100.0
-20,3,100.0
-20,3,100.0
-20,3,100.0
-20,4,100.0
-20,4,100.0
-20,4,132.6320632046234
-19,4,772.0845427095886
-19,4,100.0
-19,4,573.8491396752089
-19,5,100.0
-19,5,100.0
-19,5,100.0
-19,4,493.3892783414907
-19,4,100.0
-19,4,101.43005020676145
-20,4,100.0
-20,4,100.0
-20,4,379.3689182962278
-19,4,100.0
-19,4,100.0
-19,4,121.9750501099118
-18,4,145.42191517041155
-18,4,100.0
-18,4,220.8162063584249
-18,3,248.98033213261277
-18,3,100.0
-18,3,100.0
-18,2,179.685047329053
-18,2,916.3342973080042
-18,2,100.0
-17,2,100.0
-17,2,100.0
-17,2,295.1715643425586
-16,2,339.28970608118607
-16,2,100.0
-16,2,176.39091752825107
-15,2,100.0
-15,2,191.75389578528615
-15,2,100.0
-14,2,100.0
-14,2,100.0
-14,2,218.62991087565814
-14,1,654.3530310246266
-14,1,100.0
-14,1,125.47697174974076
-14,0,734.9491090742117
-14,0,665.5092086661796
-14,0,233.1622829983083
-13,0,359.91491143273544
-13,0,276.85595286112243
-13,0,292.1449671244799
-13,-1,148.17287194838414
-13,-1,351.94144772460004
-13,-1,100.0
-13,-2,759.9040719369127
-13,-2,123.78165956294208
-13,-2,100.0
-13,-3,100.0
-13,-3,100.0
-13,-3,434.8453358982141
-12,-3,100.0
-12,-3,100.0
-12,-3,100.0
-12,-4,697.4639972459997
-12,-4,708.9315812121148
-12,-4,323.58185904912943
-12,-5,100.0
-12,-5,978.9171890619983
-12,-5,163.2052987994114
-12,-4,329.5006736456797
-12,-4,100.0
-12,-4,299.77657117141933
-12,-5,212.24306276006877
-12,-5,275.3192703581753
-12,-5,100.0
-12,-6,520.6545180148196
-12,-6,100.0
-12,-6,100.0
-12,-7,844.3647167244508
-12,-7,302.3249143664148
-12,-7,670.6322115940281
-12,-8,537.0900578263088
-12,-8,100.0
-12,-8,100.0
-13,-8,127.4769607318743
-13,-8,100.0
-13,-8,100.0
-12,-8,461.3211088023613
-12,-8,100.0
-12,-8,1331.9812455777608
-12,-9,274.9564627436806
-12,-9,392.68102205197476
-12,-9,100.0
-11,-9,100.0
-11,-9,258.7651931564675
-11,-9,131.31496051722698
-10,-9,100.0
-10,-9,100.0
-10,-9,1009.0375630742725
-9,-9,424.2022354429375
-9,-9,100.0
-9,-9,100.0
-8,-9,100.0
-8,-9,272.05859204501076
-8,-9,323.68688162131406
-7,-9,1097.5897137559546
-7,-9,100.0
-7,-9,956.9145739342497
-7,-8,301.7944442294942
-7,-8,1199.6187027804162
-7,-8,221.92918154832472
-7,-9,1033.0287950721372
-7,-9,100.0
-7,-9,100.0
-7,-10,100.0
-7,-10,147.78272531380577
-7,-10,237.14222961468678
-7,-11,577.0481478748625
-7,-11,286.06770738145747
-7,-11,100.0
-6,-11,100.0
-6,-11,100.0
-6,-11,788.50276122012
-5,-11,433.09359080636807
-5,-11,290.38480081826333
-5,-11,146.10960158714298
-5,-12,186.10075940824626
-5,-12,656.430698339123
-5,-12,714.5033317810061
-4,-12,397.3466221721888
-4,-12,488.156127624386
-4,-12,583.0930938350623
-4,-13,264.51700616362615
-4,-13,427.9294017104858
-4,-13,100.0
