19,-12,510.44672785325326
19,-13,200.0
19,-13,200.0
18,-13,838.7099445089491
18,-13,200.0
17,-13,1015.7719880198754
17,-13,354.0601550963814
16,-13,200.0
16,-13,200.0
15,-13,2100.4056737432165
15,-13,200.0
14,-13,253.29263884860478
14,-13,200.0
14,-14,804.5005729217563
14,-14,582.0099846247109
13,-14,200.0
13,-14,369.58358306187665
13,-15,200.0
13,-15,200.0
12,-15,1489.2855880089721
12,-15,200.0
11,-15,2125.802239095193
11,-15,1111.8555738099644
10,-15,1461.4178849308078
10,-15,270.5888038803507
9,-15,200.0
9,-15,200.0
8,-15,200.0
8,-15,848.8735982888791
7,-15,200.0
7,-15,950.3787984666156
6,-15,643.2621169401856
6,-15,529.9325530280428
5,-15,2189.920068048942
5,-15,968.8309539568592
4,-15,200.0
4,-15,672.3081811658672
3,-15,1697.181765863812
3,-15,526.6092083394245
2,-15,660.9471330934227
2,-15,200.0
3,-15,1728.246202821035
3,-15,2009.697278652443
3,-16,927.6770295698178
3,-16,200.0
2,-16,200.0
2,-16,529.4893537470646
3,-16,200.0
3,-16,200.0
2,-16,817.9486274607592
2,-16,507.9970755195137
3,-16,200.0
3,-16,218.76365800409894
2,-16,200.0
2,-16,200.0
1,-16,505.91973498904224
1,-16,731.6463877916872
0,-16,200.0
0,-16,545.2221534790167
1,-16,200.0
1,-16,512.0491944504519
0,-16,200.0
0,-16,874.7121250396136
-1,-16,464.96970087243824
-1,-16,203.93576000059892
-2,-16,200.0
-2,-16,284.216366540549
-3,-16,1147.137304318837
-3,-16,200.0
-4,-16,1270.0562193125484
-4,-16,200.0
-5,-16,200.0
-5,-16,200.0
-6,-16,1179.7617262091576
-6,-16,200.0
-7,-16,200.0
-7,-16,514.9460045685069
-8,-16,956.9404521953422
-8,-16,327.39702601135116
-7,-16,1941.8941274925571
-7,-16,200.0
-8,-16,200.0
-8,-16,200.0
-9,-16,200.0
-9,-16,200.0
-10,-16,200.0
-10,-16,200.0
-11,-16,676.6596562616317
-11,-16,392.3541914571858
-10,-16,268.8937900073652
-10,-16,200.0
-9,-16,200.0
-9,-16,200.0
-10,-16,401.53099406606987
-10,-16,200.0
-11,-16,200.0
-11,-16,200.0
-12,-16,200.0
-12,-16,200.0
-11,-16,200.0
-11,-16,200.0
-12,-16,994.5192186162504
-12,-16,2371.8789423036624
-11,-16,200.0
-11,-16,200.0
-12,-16,1194.768491576592
-12,-16,541.1637359616129
-13,-16,1098.5224638739865
-13,-16,548.032691166107
-14,-16,200.0
-14,-16,739.6705466405882
-13,-16,200.0
-13,-16,200.0
-12,-16,200.0
-12,-16,1082.65992836345
-13,-16,200.0
-13,-16,200.0
-14,-16,570.1137978245439
-14,-16,200.0
-15,-16,599.6875057444636
-15,-16,200.0
-16,-16,200.0
-16,-16,200.0
-16,-17,200.0
-16,-17,200.0
-16,-18,200.0
-16,-18,200.0
-17,-18,200.0
-17,-18,239.65247813159408
-17,-17,200.0
-17,-17,200.0
-17,-18,200.0
-17,-18,200.0
-17,-19,200.0
-17,-19,200.0
-18,-19,200.0
-18,-19,200.0
-18,-18,200.0
-18,-18,200.0
-18,-19,200.0
-18,-19,1077.5665958737793
-18,-18,200.0
-18,-18,200.0
-17,-18,200.0
-17,-18,200.0
-17,-17,200.0
-17,-17,544.3555307881664
-17,-18,200.0
-17,-18,1273.360276790659
-17,-17,200.0
-17,-17,342.5976675752883
-17,-16,200.0
-17,-16,200.0
-18,-16,200.0
-18,-16,200.0
-18,-17,200.0
-18,-17,422.75548725502915
-18,-18,200.0
-18,-18,200.0
-18,-19,200.0
-18,-19,200.0
-19,-19,419.99349528477
-19,-19,200.0
-20,-19,528.4461896978447
-20,-19,656.423872865033
-20,-18,200.0
-20,-18,200.0
-20,-17,217.08627862467284
-20,-17,200.0
-20,-18,200.0
-20,-18,200.0
-20,-17,200.0
-20,-17,200.0
-20,-16,200.0
-20,-16,200.0
-20,-17,200.0
-20,-17,200.0
-20,-18,200.0
-20,-18,200.0
-20,-19,200.0
-20,-19,200.0
-20,-18,200.0
-20,-18,200.0
-20,-19,200.0
-20,-19,200.0
-20,-20,881.7541746664747
-20,-20,200.0
-20,-19,200.0
-20,-19,200.0
-20,-18,200.0
-20,-18,200.0
-20,-17,200.0
-20,-17,200.0
-20,-16,200.0
-20,-16,200.0
-20,-17,200.0
-20,-17,657.2994027471109
-20,-16,200.0
-20,-16,227.42713148914186
-20,-15,200.0
-20,-15,1751.7167320913293
-20,-14,200.0
-20,-14,200.0
-20,-13,711.4903286422054
-20,-13,200.0
-20,-12,347.8934986981387
-20,-12,200.0
-20,-11,252.55632853262742
-20,-11,200.0
-20,-10,363.15467921633837
-20,-10,1033.8061956434042
-20,-11,200.0
-20,-11,200.0
-20,-10,200.0
-20,-10,612.825032681357
-20,-9,200.0
-20,-9,200.0
-20,-8,858.8468012052256
-20,-8,200.0
-20,-7,200.0
-20,-7,200.0
-20,-6,200.0
-20,-6,200.0
-20,-5,200.0
-20,-5,200.0
-20,-4,200.0
-20,-4,200.0
-20,-3,200.0
-20,-3,200.0
-20,-2,276.780119673484
-20,-2,338.1739661014457
-20,-1,979.5132105967098
-20,-1,283.5617765125436
-20,0,576.5312509047537
-20,0,200.0
-20,1,887.6926790012942
-20,1,579.9738078451096
-20,0,487.8393948150833
-20,0,977.507721205491
-20,1,200.0
-20,1,200.0
-20,2,200.0
-20,2,1129.6377615713006
-20,3,200.0
-20,3,200.0
-20,4,200.0
-20,4,200.0
-19,4,200.0
-19,4,200.0
-19,5,200.0
