19,-12,100.0
19,-12,100.0
19,-13,100.0
19,-13,100.0
19,-13,100.0
18,-13,100.0
18,-13,100.0
18,-13,100.0
17,-13,155.2838194704427
17,-13,100.0
17,-13,995.7554056472068
16,-13,100.0
16,-13,100.0
16,-13,100.0
15,-13,100.0
15,-13,100.0
15,-13,100.0
14,-13,141.15993901828642
14,-13,100.0
14,-13,100.0
14,-14,568.5391768631869
14,-14,854.8350355590427
14,-14,156.38346307368906
13,-14,100.0
13,-14,100.0
13,-14,108.80991382188074
13,-15,100.0
13,-15,100.0
13,-15,100.0
12,-15,448.5692221641498
12,-15,768.8016971194677
12,-15,100.0
11,-15,100.0
11,-15,594.017319177977
11,-15,266.632140618049
10,-15,100.0
10,-15,100.0
10,-15,100.0
9,-15,534.314984275513
9,-15,100.0
9,-15,108.00509658558761
8,-15,100.0
8,-15,100.0
8,-15,100.0
7,-15,136.03009680567678
7,-15,100.0
7,-15,100.0
6,-15,100.0
6,-15,100.0
6,-15,184.08893745994584
5,-15,421.2825478102535
5,-15,100.0
5,-15,100.0
4,-15,489.2465456188864
4,-15,279.9848547286798
4,-15,100.0
3,-15,100.0
3,-15,121.86731687054005
3,-15,100.0
2,-15,100.0
2,-15,270.2718446438829
2,-15,621.6765950560957
3,-15,340.5051524992077
3,-15,100.0
3,-15,235.89588842239107
3,-16,271.4877332637538
3,-16,559.0560535298132
3,-16,100.0
2,-16,100.0
2,-16,258.9199471239715
2,-16,100.0
3,-16,401.2629102114463
3,-16,100.0
3,-16,100.0
2,-16,655.7317518099035
2,-16,100.0
2,-16,100.0
3,-16,100.0
3,-16,684.4780770249014
3,-16,100.0
2,-16,352.43285175008765
2,-16,165.24511838093147
2,-16,234.76005260838366
1,-16,100.0
1,-16,100.0
1,-16,100.0
0,-16,499.27976187280063
0,-16,100.0
0,-16,100.0
1,-16,100.0
1,-16,100.0
1,-16,100.0
0,-16,100.0
0,-16,100.0
0,-16,100.0
-1,-16,212.03602137967027
-1,-16,650.3038774231286
-1,-16,100.0
-2,-16,100.0
-2,-16,425.3723635858564
-2,-16,523.5609833452731
-3,-16,178.4918441211337
-3,-16,100.0
-3,-16,100.0
-4,-16,522.1643788916019
-4,-16,100.0
-4,-16,100.0
-5,-16,167.75008400045004
-5,-16,100.0
-5,-16,100.0
-6,-16,100.0
-6,-16,250.63505108600347
-6,-16,100.0
-7,-16,784.0816776863602
-7,-16,100.0
-7,-16,100.0
-8,-16,100.0
-8,-16,420.5259725231758
-8,-16,100.0
-7,-16,297.88908374700895
-7,-16,100.0
-7,-16,321.7892645594545
-8,-16,100.0
-8,-16,100.0
-8,-16,100.0
-9,-16,297.36169095932763
-9,-16,100.0
-9,-16,100.0
-10,-16,100.0
-10,-16,100.0
-10,-16,167.98633792825896
-11,-16,204.26484796039077
-11,-16,100.0
-11,-16,100.0
-10,-16,236.7605036475269
-10,-16,100.0
-10,-16,515.1802021773915
-9,-16,100.0
-9,-16,100.0
-9,-16,100.0
-10,-16,100.0
-10,-16,100.0
-10,-16,100.0
-11,-16,100.0
-11,-16,100.0
-11,-16,225.19008700407335
-12,-16,382.87733506288896
-12,-16,100.0
-12,-16,139.0042201366915
-11,-16,100.0
-11,-16,185.5611779398664
-11,-16,100.0
-12,-16,522.3887027841795
-12,-16,100.0
-12,-16,100.0
-11,-16,100.0
-11,-16,100.0
-11,-16,323.6100667453114
-12,-16,100.0
-12,-16,100.0
-12,-16,100.0
-13,-16,100.0
-13,-16,100.0
-13,-16,100.0
-14,-16,722.6757371138214
-14,-16,100.0
-14,-16,100.0
-13,-16,100.0
-13,-16,100.0
-13,-16,100.0
-12,-16,100.0
-12,-16,576.3017282167472
-12,-16,100.0
-13,-16,100.0
-13,-16,100.0
-13,-16,100.0
-14,-16,100.0
-14,-16,100.0
-14,-16,100.0
-15,-16,100.0
-15,-16,100.0
-15,-16,100.0
-16,-16,100.0
-16,-16,581.7692423584887
-16,-16,100.0
-16,-17,824.1684172891014
-16,-17,100.0
-16,-17,100.0
-16,-18,100.0
-16,-18,100.0
-16,-18,280.6979907365329
-17,-18,100.0
-17,-18,100.0
-17,-18,100.0
-17,-17,100.0
-17,-17,100.0
-17,-17,100.0
-17,-18,100.0
-17,-18,190.74739596572647
-17,-18,100.0
-17,-19,100.0
-17,-19,100.0
-17,-19,100.0
-18,-19,100.0
-18,-19,100.0
-18,-19,100.0
-18,-18,100.0
-18,-18,194.14929464016313
-18,-18,184.55438661008571
-18,-19,100.0
-18,-19,100.0
-18,-19,100.0
-18,-18,100.0
-18,-18,100.0
-18,-18,100.0
-17,-18,100.0
-17,-18,100.0
-17,-18,100.0
-17,-17,100.0
-17,-17,100.0
-17,-17,315.1586875750069
-17,-18,100.0
-17,-18,116.52304964019538
-17,-18,386.4741669958403
-17,-17,100.0
-17,-17,335.86785053720826
-17,-17,329.0845768151513
-17,-16,100.0
-17,-16,163.32066955543633
-17,-16,100.0
-18,-16,100.0
-18,-16,100.0
-18,-16,100.0
-18,-17,173.90996720996986
-18,-17,100.0
-18,-17,100.0
-18,-18,423.65014701348275
-18,-18,100.0
-18,-18,100.0
-18,-19,100.0
-18,-19,100.0
-18,-19,100.0
-19,-19,100.0
-19,-19,100.0
-19,-19,100.0
-20,-19,100.0
-20,-19,177.03302869891695
-20,-19,100.0
-20,-18,100.0
-20,-18,100.0
-20,-18,100.0
-20,-17,100.0
-20,-17,100.0
-20,-17,100.0
-20,-18,100.0
-20,-18,100.0
-20,-18,100.0
-20,-17,100.0
-20,-17,100.0
-20,-17,100.0
-20,-16,100.0
-20,-16,100.0
-20,-16,100.0
-20,-17,100.0
-20,-17,100.0
-20,-17,100.0
-20,-18,100.0
-20,-18,100.0
-20,-18,100.0
-20,-19,100.0
-20,-19,100.0
-20,-19,100.0
-20,-18,100.0
-20,-18,634.0043649668697
-20,-18,100.0
-20,-19,100.0
-20,-19,100.0
-20,-19,100.0
-20,-20,100.0
-20,-20,100.0
-20,-20,100.0
-20,-19,100.0
-20,-19,100.0
-20,-19,100.0
-20,-18,100.0
-20,-18,293.50680953297694
-20,-18,100.0
-20,-17,100.0
-20,-17,100.0
-20,-17,100.0
-20,-16,100.0
-20,-16,100.0
-20,-16,100.0
-20,-17,100.0
-20,-17,100.0
-20,-17,100.0
-20,-16,100.0
-20,-16,100.0
-20,-16,100.0
-20,-15,100.0
-20,-15,152.16175365719363
-20,-15,100.0
-20,-14,100.0
-20,-14,100.0
-20,-14,100.0
-20,-13,100.0
-20,-13,100.0
-20,-13,460.7396745144979
-20,-12,145.1593529577607
-20,-12,100.0
-20,-12,100.0
-20,-11,130.25716904720136
-20,-11,100.0
-20,-11,100.0
-20,-10,636.1124225077336
-20,-10,100.0
-20,-10,100.0
-20,-11,100.0
-20,-11,100.0
-20,-11,100.0
-20,-10,100.0
-20,-10,100.0
-20,-10,100.0
-20,-9,100.0
-20,-9,100.0
-20,-9,100.0
-20,-8,100.0
-20,-8,100.0
-20,-8,100.0
-20,-7,394.9696436359594
-20,-7,615.854610773811
-20,-7,615.1787161030646
-20,-6,175.95327731694746
-20,-6,474.18002264069435
-20,-6,138.6012236117852
-20,-5,100.0
-20,-5,100.0
-20,-5,100.0
-20,-4,100.0
-20,-4,100.0
-20,-4,100.0
-20,-3,100.0
-20,-3,100.0
-20,-3,100.0
-20,-2,100.0
-20,-2,100.0
-20,-2,100.0
-20,-1,100.0
-20,-1,188.8276893265343
-20,-1,100.0
-20,0,658.5400469209196
-20,0,100.0
-20,0,100.0
-20,1,100.0
-20,1,297.1849380093659
-20,1,559.3298051537221
-20,0,100.0
-20,0,100.0
-20,0,348.43657030699103
-20,1,100.0
-20,1,100.0
-20,1,100.0
-20,2,180.88626894600418
-20,2,100.0
-20,2,100.0
-20,3,100.0
-20,3,108.11605203708649
-20,3,100.0
-20,4,664.9174249076339
-20,4,100.0
-20,4,607.4466750507523
-19,4,375.2116408476117
-19,4,676.602854457822
-19,4,954.3969858221144
-19,5,100.0
-19,5,104.87891693775458
-19,5,100.0
-19,4,100.0
-19,4,147.74591094548447
-19,4,100.0
-20,4,100.0
-20,4,100.0
-20,4,100.0
-19,4,100.0
-19,4,100.0
-19,4,100.0
-18,4,384.84431594529616
-18,4,100.0
-18,4,100.0
-18,3,251.33969036007352
-18,3,325.2600129883342
-18,3,100.0
-18,2,100.0
-18,2,100.0
-18,2,127.27762871955147
-17,2,100.0
-17,2,100.0
-17,2,217.20384122637313
-16,2,100.0
-16,2,783.8942826765433
-16,2,100.0
-15,2,104.54844518825064
-15,2,670.0368260447368
-15,2,292.52881389271647
-14,2,100.0
-14,2,306.76692546824614
-14,2,100.0
-14,1,659.4571581867762
-14,1,100.0
-14,1,897.4902494550612
-14,0,1034.8801439863373
-14,0,100.0
-14,0,100.0
-13,0,1485.8585797340324
-13,0,100.0
-13,0,1311.0717951460028
-13,-1,474.7687983492896
-13,-1,202.97107714605244
-13,-1,915.5222572201492
-13,-2,100.0
-13,-2,100.0
-13,-2,100.0
-13,-3,499.9114248699468
-13,-3,100.0
-13,-3,100.0
-12,-3,465.19806576894854
-12,-3,100.0
-12,-3,598.1279667774727
-12,-4,100.0
-12,-4,100.0
-12,-4,300.10236167091824
-12,-5,455.28333345463847
-12,-5,275.69178258887
-12,-5,648.2292066127677
-12,-4,258.30632616846214
-12,-4,100.0
-12,-4,190.25634290622475
-12,-5,100.0
-12,-5,325.52413009184363
-12,-5,100.0
-12,-6,100.0
-12,-6,100.0
-12,-6,181.9078558653023
-12,-7,100.0
-12,-7,462.4993444083069
-12,-7,669.2968150464118
-12,-8,100.0
-12,-8,200.63787894301538
-12,-8,100.0
-13,-8,951.1200012210481
-13,-8,235.45765944646146
-13,-8,379.6359266096402
-12,-8,461.45970789072254
-12,-8,487.2572816481615
-12,-8,100.0
-12,-9,357.4018091687159
-12,-9,100.0
-12,-9,503.0782176068023
-11,-9,100.0
-11,-9,105.55042616902074
-11,-9,362.32533624742655
-10,-9,100.0
-10,-9,100.0
-10,-9,100.0
-9,-9,591.453961709533
-9,-9,423.3398315127839
-9,-9,391.4135178857495
-8,-9,383.05781652690166
-8,-9,100.0
-8,-9,100.0
-7,-9,100.0
-7,-9,100.0
-7,-9,301.7200940999105
-7,-8,107.41829170210755
-7,-8,756.3662075025327
-7,-8,100.0
-7,-9,794.8978403851997
-7,-9,308.9751068958141
-7,-9,479.20089632822607
-7,-10,206.05808534875305
-7,-10,554.7674722016168
-7,-10,625.1713293674611
-7,-11,100.0
-7,-11,552.8730063978732
-7,-11,100.0
-6,-11,100.0
-6,-11,100.0
-6,-11,100.0
-5,-11,518.3494354904451
-5,-11,747.6765639727344
-5,-11,100.0
-5,-12,100.0
-5,-12,1334.8340871809116
-5,-12,395.36815979495833
-4,-12,585.4783552546569
-4,-12,302.89517459444573
-4,-12,301.7575256945579
-4,-13,1309.7970337899503
-4,-13,100.0
-4,-13,100.0
