19,-12,373.6677221919508
19,-12,100.0
19,-13,132.18133876613814
19,-13,174.72351626874558
19,-13,100.0
18,-13,100.0
18,-13,100.0
18,-13,302.45018851680896
17,-13,259.4713995465589
17,-13,100.0
17,-13,100.0
16,-13,100.0
16,-13,283.15308241355046
16,-13,187.83560445099647
15,-13,100.0
15,-13,100.0
15,-13,100.0
14,-13,100.0
14,-13,100.0
14,-13,300.6520898306677
14,-14,100.0
14,-14,100.0
14,-14,100.0
13,-14,597.3143653818911
13,-14,1011.1876421104406
13,-14,100.0
13,-15,709.3125228380211
13,-15,100.0
13,-15,100.0
12,-15,100.0
12,-15,100.0
12,-15,100.0
11,-15,863.8508574885605
11,-15,134.55835869273136
11,-15,100.0
10,-15,100.0
10,-15,954.7933109970096
10,-15,391.11440698577746
9,-15,100.0
9,-15,100.0
9,-15,100.0
8,-15,100.0
8,-15,100.0
8,-15,100.0
7,-15,100.0
7,-15,1097.956807267043
7,-15,100.0
6,-15,100.0
6,-15,148.61517551965954
6,-15,100.0
5,-15,217.27959136105517
5,-15,427.9300239333907
5,-15,100.0
4,-15,411.88898928455075
4,-15,100.0
4,-15,408.22689974171305
3,-15,261.8002809237231
3,-15,100.0
3,-15,100.0
2,-15,247.32440581862795
2,-15,100.0
2,-15,100.0
3,-15,237.64282620169297
3,-15,185.42957545962662
3,-15,100.0
3,-16,100.0
3,-16,107.75873820090338
3,-16,100.0
2,-16,317.6256210293883
2,-16,455.1218931789746
2,-16,100.0
3,-16,100.0
3,-16,100.0
3,-16,594.4284378262823
2,-16,374.497981852167
2,-16,610.266831960052
2,-16,100.0
3,-16,387.0180558683858
3,-16,171.64011372246182
3,-16,202.4479874125131
2,-16,546.1589709242808
2,-16,149.43485668357005
2,-16,100.0
1,-16,568.6548121914391
1,-16,100.0
1,-16,416.7592512960156
0,-16,100.0
0,-16,1034.5913005660368
0,-16,100.0
1,-16,1049.6744453363415
1,-16,603.3322781943066
1,-16,315.9737529136395
0,-16,100.0
0,-16,100.0
0,-16,398.95045049891564
-1,-16,100.0
-1,-16,863.4392777752512
-1,-16,100.0
-2,-16,100.0
-2,-16,248.63762756971946
-2,-16,526.266363869716
-3,-16,100.0
-3,-16,100.0
-3,-16,100.0
-4,-16,100.0
-4,-16,100.0
-4,-16,492.25417048642396
-5,-16,272.1482598258787
-5,-16,174.96877217246637
-5,-16,266.7825011111348
-6,-16,212.4499865800093
-6,-16,1203.1650298379252
-6,-16,100.0
-7,-16,252.52536746126827
-7,-16,250.11219338310806
-7,-16,100.0
-8,-16,100.0
-8,-16,227.29599300321428
-8,-16,151.21398260227107
-7,-16,556.8953519313312
-7,-16,100.0
-7,-16,100.0
-8,-16,166.48605783563602
-8,-16,100.0
-8,-16,100.0
-9,-16,100.0
-9,-16,100.0
-9,-16,100.0
-10,-16,100.0
-10,-16,100.0
-10,-16,100.0
-11,-16,100.0
-11,-16,100.0
-11,-16,100.0
-10,-16,131.84726753842074
-10,-16,100.0
-10,-16,129.99351852625267
-9,-16,438.01167567404195
-9,-16,357.2770363281157
-9,-16,263.7369466272388
-10,-16,100.0
-10,-16,100.0
-10,-16,156.85608596617342
-11,-16,100.0
-11,-16,217.18061949864995
-11,-16,100.0
-12,-16,337.88816055337173
-12,-16,344.28659815429853
-12,-16,513.6806881194302
-11,-16,484.6726462332614
-11,-16,100.0
-11,-16,100.0
-12,-16,100.0
-12,-16,100.0
-12,-16,100.0
-11,-16,228.7090566615872
-11,-16,100.0
-11,-16,459.7334460683152
-12,-16,100.0
-12,-16,100.0
-12,-16,100.0
-13,-16,100.0
-13,-16,100.0
-13,-16,790.7509722982066
-14,-16,100.0
-14,-16,191.84374155337042
-14,-16,813.1523645633301
-13,-16,100.0
-13,-16,100.0
-13,-16,100.0
-12,-16,264.68590609757257
-12,-16,159.98424514926552
-12,-16,100.0
-13,-16,174.69632415232206
-13,-16,100.0
-13,-16,326.61873685311105
-14,-16,100.0
-14,-16,100.0
-14,-16,159.75699504473283
-15,-16,320.8147729876873
-15,-16,100.0
-15,-16,100.0
-16,-16,249.16568006555883
-16,-16,100.0
-16,-16,100.0
-16,-17,100.0
-16,-17,100.0
-16,-17,100.0
-16,-18,100.0
-16,-18,100.0
-16,-18,100.0
-17,-18,100.0
-17,-18,100.0
-17,-18,100.0
-17,-17,164.71081688269953
-17,-17,100.0
-17,-17,100.0
-17,-18,100.0
-17,-18,100.0
-17,-18,100.0
-17,-19,199.2065124387433
-17,-19,442.5630852266348
-17,-19,100.0
-18,-19,100.0
-18,-19,100.0
-18,-19,100.0
-18,-18,100.0
-18,-18,100.0
-18,-18,100.0
-18,-19,100.0
-18,-19,271.0301624200414
-18,-19,100.0
-18,-18,407.5070703646247
-18,-18,100.0
-18,-18,132.3642715474566
-17,-18,203.8188975895623
-17,-18,100.0
-17,-18,100.0
-17,-17,100.0
-17,-17,100.0
-17,-17,100.0
-17,-18,100.0
-17,-18,100.0
-17,-18,100.0
-17,-17,100.0
-17,-17,100.0
-17,-17,100.0
-17,-16,100.0
-17,-16,100.0
-17,-16,100.0
-18,-16,100.0
-18,-16,100.0
-18,-16,100.0
-18,-17,100.0
-18,-17,100.0
-18,-17,100.0
-18,-18,100.0
-18,-18,100.0
-18,-18,100.0
-18,-19,100.0
-18,-19,100.0
-18,-19,100.0
-19,-19,100.0
-19,-19,100.0
-19,-19,100.0
-20,-19,169.51101258519793
-20,-19,100.0
-20,-19,100.0
-20,-18,100.0
-20,-18,100.0
-20,-18,100.0
-20,-17,212.9600632190727
-20,-17,100.0
-20,-17,100.0
-20,-18,100.0
-20,-18,100.0
-20,-18,100.0
-20,-17,151.42596845257412
-20,-17,100.0
-20,-17,100.0
-20,-16,100.0
-20,-16,311.64253564228454
-20,-16,100.0
-20,-17,100.0
-20,-17,100.0
-20,-17,100.0
-20,-18,100.0
-20,-18,100.0
-20,-18,100.0
-20,-19,100.0
-20,-19,100.0
-20,-19,100.0
-20,-18,100.0
-20,-18,364.8000506426414
-20,-18,100.0
-20,-19,100.0
-20,-19,100.0
-20,-19,100.0
-20,-20,100.0
-20,-20,100.0
-20,-20,100.0
-20,-19,100.0
-20,-19,100.0
-20,-19,100.0
-20,-18,100.0
-20,-18,100.0
-20,-18,100.0
-20,-17,100.0
-20,-17,100.0
-20,-17,100.0
-20,-16,100.0
-20,-16,100.0
-20,-16,100.0
-20,-17,100.0
-20,-17,100.0
-20,-17,100.0
-20,-16,100.0
-20,-16,100.0
-20,-16,100.0
-20,-15,100.0
-20,-15,100.0
-20,-15,100.0
-20,-14,100.0
-20,-14,100.0
-20,-14,339.92990397466565
-20,-13,100.0
-20,-13,100.0
-20,-13,100.0
-20,-12,100.0
-20,-12,100.0
-20,-12,100.0
-20,-11,229.53100838480822
-20,-11,100.0
-20,-11,100.0
-20,-10,100.0
-20,-10,100.0
-20,-10,100.0
-20,-11,100.0
-20,-11,187.7659101416623
-20,-11,100.0
-20,-10,100.0
-20,-10,441.57770976529616
-20,-10,329.369304956577
-20,-9,100.0
-20,-9,100.0
-20,-9,100.0
-20,-8,125.89259914538599
-20,-8,100.0
-20,-8,100.0
-20,-7,100.0
-20,-7,100.0
-20,-7,100.0
-20,-6,100.0
-20,-6,100.0
-20,-6,231.21918158693182
-20,-5,100.0
-20,-5,211.68337064346957
-20,-5,100.0
-20,-4,100.0
-20,-4,100.0
-20,-4,100.0
-20,-3,223.75459562703293
-20,-3,441.8930719278733
-20,-3,100.0
-20,-2,100.0
-20,-2,100.0
-20,-2,186.99343954958823
-20,-1,100.0
-20,-1,256.9699537612787
-20,-1,569.1483173416873
-20,0,136.92204922608863
-20,0,100.0
-20,0,100.0
-20,1,100.0
-20,1,198.56379203052268
-20,1,100.0
-20,0,100.0
-20,0,100.0
-20,0,100.0
-20,1,536.1662702745937
-20,1,100.0
-20,1,100.0
-20,2,311.70348855831855
-20,2,100.0
-20,2,100.0
-20,3,100.0
-20,3,100.0
-20,3,100.0
-20,4,100.0
-20,4,333.3699612365658
-20,4,361.036924990908
-19,4,100.0
-19,4,176.5390508596652
-19,4,100.0
-19,5,253.4704604725315
-19,5,100.0
-19,5,186.4934814418744
-19,4,812.0975338663242
-19,4,100.0
-19,4,259.13028035953175
-20,4,230.42788517956524
-20,4,348.87192325498177
-20,4,100.0
-19,4,100.0
-19,4,174.2607337837809
-19,4,100.0
-18,4,382.3098216747804
-18,4,296.4436495478093
-18,4,100.0
-18,3,105.79415897500783
-18,3,100.0
-18,3,100.0
-18,2,361.75508793600295
-18,2,100.0
-18,2,100.0
-17,2,100.0
-17,2,100.0
-17,2,204.07380997395256
-16,2,100.0
-16,2,543.4856226700322
-16,2,100.0
-15,2,100.0
-15,2,100.0
-15,2,100.0
-14,2,100.0
-14,2,511.3846722663213
-14,2,100.0
-14,1,718.9894898749652
-14,1,100.0
-14,1,327.4513139277602
-14,0,100.0
-14,0,335.16781903064907
-14,0,243.27337175443236
-13,0,546.04628122338
-13,0,100.0
-13,0,100.0
-13,-1,100.0
-13,-1,100.0
-13,-1,100.0
-13,-2,100.0
-13,-2,100.0
-13,-2,116.94690179762884
-13,-3,417.2336615185683
-13,-3,100.0
-13,-3,539.6268235864707
-12,-3,100.0
-12,-3,100.0
-12,-3,542.2205825127855
-12,-4,633.0278717238181
-12,-4,100.0
-12,-4,100.0
-12,-5,119.1348847137231
-12,-5,100.0
-12,-5,237.47091205972768
-12,-4,710.4991235737988
-12,-4,319.6577073819592
-12,-4,467.34485347886533
-12,-5,100.0
-12,-5,100.0
-12,-5,796.1017706617367
-12,-6,381.19516426277994
-12,-6,100.0
-12,-6,100.0
-12,-7,100.0
-12,-7,100.0
-12,-7,236.52191715270254
-12,-8,100.0
-12,-8,419.9469891188943
-12,-8,100.0
-13,-8,296.5207943434549
-13,-8,100.0
-13,-8,233.95082406409114
-12,-8,100.0
-12,-8,343.8961464515503
-12,-8,100.0
-12,-9,100.0
-12,-9,150.99703497478913
-12,-9,186.17437924977975
-11,-9,163.87964322674335
-11,-9,483.81356711765613
-11,-9,100.0
-10,-9,100.0
-10,-9,140.6142811909471
-10,-9,100.0
-9,-9,573.9956347895292
-9,-9,982.196072546627
-9,-9,100.0
-8,-9,100.0
-8,-9,458.0256716865118
-8,-9,128.29792630972722
-7,-9,255.32994519996657
-7,-9,966.1721157283393
-7,-9,100.0
-7,-8,502.9286956062481
-7,-8,555.5441628433191
-7,-8,568.7702401040426
-7,-9,575.8618248716432
-7,-9,100.0
-7,-9,100.0
-7,-10,120.26131924316331
-7,-10,100.0
-7,-10,537.4274642579064
-7,-11,265.8534910045222
-7,-11,404.635693064904
-7,-11,100.0
-6,-11,334.79599946625444
-6,-11,1207.8784023554408
-6,-11,100.0
-5,-11,375.6403854071341
-5,-11,270.3987258565771
-5,-11,763.6893582385081
-5,-12,100.0
-5,-12,932.3093274328504
-5,-12,568.5013306666922
-4,-12,399.0822808843465
-4,-12,977.5931351275258
-4,-12,211.55183839521226
-4,-13,156.75129274802921
-4,-13,100.0
-4,-13,684.8094359665033
