19,-12,100.0
19,-12,100.0
19,-13,100.0
19,-13,100.0
19,-13,149.13480835680133
18,-13,100.0
18,-13,166.6132892903388
18,-13,100.0
17,-13,203.12902103426887
17,-13,199.28885551682993
17,-13,100.0
16,-13,100.0
16,-13,405.2059530318752
16,-13,100.0
15,-13,168.66551183170583
15,-13,100.0
15,-13,100.0
14,-13,100.0
14,-13,198.82470377763917
14,-13,100.0
14,-14,239.38437385577754
14,-14,173.72153854214343
14,-14,113.22443673764374
13,-14,100.0
13,-14,898.8251091902684
13,-14,100.0
13,-15,100.0
13,-15,100.0
13,-15,100.0
12,-15,100.0
12,-15,360.95409679210337
12,-15,599.9167289360314
11,-15,100.0
11,-15,332.1604232718073
11,-15,165.2430953332413
10,-15,100.0
10,-15,239.24545502195096
10,-15,100.0
9,-15,549.1313757199105
9,-15,298.06855081490795
9,-15,421.68237721814563
8,-15,100.0
8,-15,248.03477018703
8,-15,100.0
7,-15,430.96965323100267
7,-15,100.0
7,-15,342.39710142915885
6,-15,100.0
6,-15,407.5721695608706
6,-15,156.60943046844042
5,-15,116.90349734520086
5,-15,100.0
5,-15,100.0
4,-15,1205.3375792587397
4,-15,104.64002633455827
4,-15,442.6027662330265
3,-15,100.0
3,-15,491.63053961438055
3,-15,625.1700152686487
2,-15,503.21526038346497
2,-15,664.9439588695499
2,-15,100.0
3,-15,250.36504251110574
3,-15,143.87089333172185
3,-15,100.0
3,-16,812.5875814533681
3,-16,562.7426199729047
3,-16,303.7296733791563
2,-16,460.4696393346089
2,-16,294.25146299102283
2,-16,100.0
3,-16,126.17473543621531
3,-16,690.2762103956743
3,-16,100.0
2,-16,193.74065260540388
2,-16,100.0
2,-16,100.0
3,-16,1008.4643280414817
3,-16,873.9415984835044
3,-16,100.0
2,-16,502.52536435436997
2,-16,100.0
2,-16,100.0
1,-16,100.0
1,-16,372.6413205784239
1,-16,483.2899257657224
0,-16,100.0
0,-16,376.3854705508803
0,-16,561.30127932652
1,-16,100.0
1,-16,498.7324403837671
1,-16,100.0
0,-16,100.0
0,-16,100.0
0,-16,302.58698090117053
-1,-16,100.0
-1,-16,100.0
-1,-16,725.7230781848363
-2,-16,333.5501803756756
-2,-16,100.0
-2,-16,1169.6448591465405
-3,-16,267.0392206211159
-3,-16,447.19687324346995
-3,-16,623.5643173384912
-4,-16,100.0
-4,-16,100.0
-4,-16,100.0
-5,-16,100.0
-5,-16,582.0090022083314
-5,-16,413.65831203937944
-6,-16,100.0
-6,-16,100.0
-6,-16,344.31137525325545
-7,-16,100.0
-7,-16,100.0
-7,-16,294.53008846887604
-8,-16,100.0
-8,-16,100.0
-8,-16,228.35181013821853
-7,-16,628.2335131305506
-7,-16,100.0
-7,-16,736.3694707562025
-8,-16,100.0
-8,-16,100.0
-8,-16,100.0
-9,-16,100.0
-9,-16,100.0
-9,-16,213.35106090385398
-10,-16,400.1542996023535
-10,-16,746.0308190308864
-10,-16,100.0
-11,-16,100.0
-11,-16,100.0
-11,-16,100.0
-10,-16,100.0
-10,-16,100.0
-10,-16,265.96001023919666
-9,-16,100.0
-9,-16,100.0
-9,-16,100.0
-10,-16,100.0
-10,-16,100.0
-10,-16,100.0
-11,-16,100.0
-11,-16,100.0
-11,-16,100.0
-12,-16,152.46415113230796
-12,-16,100.0
-12,-16,100.0
-11,-16,100.0
-11,-16,100.0
-11,-16,341.0440806949834
-12,-16,568.3771528997213
-12,-16,100.0
-12,-16,100.0
-11,-16,741.6053445390162
-11,-16,100.0
-11,-16,100.0
-12,-16,100.0
-12,-16,135.69653845061885
-12,-16,211.22296323901048
-13,-16,100.0
-13,-16,100.0
-13,-16,100.0
-14,-16,100.0
-14,-16,100.0
-14,-16,100.0
-13,-16,434.01073449800174
-13,-16,100.0
-13,-16,100.0
-12,-16,167.9632292943953
-12,-16,100.0
-12,-16,100.0
-13,-16,120.49852033683561
-13,-16,100.0
-13,-16,100.0
-14,-16,100.0
-14,-16,100.0
-14,-16,100.0
-15,-16,255.45397168584623
-15,-16,100.0
-15,-16,201.7872932791643
-16,-16,100.0
-16,-16,361.6089599412341
-16,-16,100.0
-16,-17,100.0
-16,-17,100.0
-16,-17,259.8678458172362
-16,-18,739.9367213949103
-16,-18,100.0
-16,-18,100.0
-17,-18,100.0
-17,-18,100.0
-17,-18,100.0
-17,-17,361.93974281147507
-17,-17,169.1581368279679
-17,-17,100.0
-17,-18,100.0
-17,-18,100.0
-17,-18,216.2496476402373
-17,-19,100.0
-17,-19,100.0
-17,-19,100.0
-18,-19,100.0
-18,-19,100.0
-18,-19,100.0
-18,-18,100.0
-18,-18,176.02245660166602
-18,-18,100.0
-18,-19,100.0
-18,-19,360.8032761576717
-18,-19,100.0
-18,-18,100.0
-18,-18,100.0
-18,-18,100.0
-17,-18,100.0
-17,-18,100.0
-17,-18,100.0
-17,-17,100.0
-17,-17,100.0
-17,-17,100.0
-17,-18,100.0
-17,-18,325.19382742394816
-17,-18,100.0
-17,-17,100.0
-17,-17,100.0
-17,-17,100.0
-17,-16,100.0
-17,-16,100.0
-17,-16,108.90797242879563
-18,-16,100.0
-18,-16,100.0
-18,-16,100.0
-18,-17,100.0
-18,-17,100.0
-18,-17,100.0
-18,-18,100.0
-18,-18,125.89685080732079
-18,-18,100.0
-18,-19,245.4107129001958
-18,-19,100.0
-18,-19,100.0
-19,-19,100.0
-19,-19,100.0
-19,-19,100.0
-20,-19,100.0
-20,-19,154.6316593179959
-20,-19,100.0
-20,-18,100.0
-20,-18,100.0
-20,-18,100.0
-20,-17,100.0
-20,-17,100.0
-20,-17,100.0
-20,-18,100.0
-20,-18,100.0
-20,-18,100.0
-20,-17,184.50567436569418
-20,-17,610.5008066434943
-20,-17,326.5031576999793
-20,-16,100.0
-20,-16,100.0
-20,-16,100.0
-20,-17,100.0
-20,-17,318.89208143630947
-20,-17,100.0
-20,-18,100.0
-20,-18,100.0
-20,-18,100.0
-20,-19,100.0
-20,-19,100.0
-20,-19,100.0
-20,-18,115.62864999308715
-20,-18,100.0
-20,-18,100.0
-20,-19,100.0
-20,-19,100.0
-20,-19,100.0
-20,-20,100.0
-20,-20,100.0
-20,-20,100.0
-20,-19,167.17172849754047
-20,-19,100.0
-20,-19,100.0
-20,-18,100.0
-20,-18,100.0
-20,-18,100.0
-20,-17,100.0
-20,-17,100.0
-20,-17,100.0
-20,-16,120.00865120671455
-20,-16,100.0
-20,-16,100.0
-20,-17,100.0
-20,-17,100.0
-20,-17,100.0
-20,-16,100.0
-20,-16,100.0
-20,-16,351.78529845684216
-20,-15,100.0
-20,-15,234.24229095950307
-20,-15,100.0
-20,-14,100.0
-20,-14,100.0
-20,-14,100.0
-20,-13,100.0
-20,-13,100.0
-20,-13,465.5162374215057
-20,-12,100.0
-20,-12,100.0
-20,-12,100.0
-20,-11,100.0
-20,-11,100.0
-20,-11,100.0
-20,-10,100.0
-20,-10,404.2785151216874
-20,-10,100.0
-20,-11,125.64350301133891
-20,-11,100.0
-20,-11,100.0
-20,-10,100.0
-20,-10,100.0
-20,-10,100.0
-20,-9,161.2821357007217
-20,-9,100.0
-20,-9,100.0
-20,-8,204.34586161362228
-20,-8,100.0
-20,-8,100.0
-20,-7,100.0
-20,-7,100.0
-20,-7,100.0
-20,-6,100.0
-20,-6,285.37228397107555
-20,-6,100.0
-20,-5,100.0
-20,-5,100.0
-20,-5,392.17116060366715
-20,-4,100.0
-20,-4,100.0
-20,-4,978.7876837978353
-20,-3,100.0
-20,-3,100.0
-20,-3,100.0
-20,-2,133.36994458236921
-20,-2,100.0
-20,-2,100.0
-20,-1,100.0
-20,-1,100.0
-20,-1,103.73879473411017
-20,0,100.0
-20,0,100.0
-20,0,100.0
-20,1,100.0
-20,1,100.0
-20,1,110.84139831703453
-20,0,464.30795472065597
-20,0,100.0
-20,0,483.5406674464889
-20,1,100.0
-20,1,100.0
-20,1,100.0
-20,2,100.0
-20,2,100.0
-20,2,100.0
-20,3,100.0
-20,3,100.0
-20,3,118.4355407826615
-20,4,100.0
-20,4,100.0
-20,4,636.6635599166739
-19,4,115.42958473572375
-19,4,782.3517458704449
-19,4,100.0
-19,5,257.8715301240973
-19,5,100.0
-19,5,100.0
-19,4,100.0
-19,4,100.0
-19,4,100.0
-20,4,100.0
-20,4,100.0
-20,4,100.0
-19,4,100.0
-19,4,176.1216308360319
-19,4,246.4198568083258
-18,4,100.0
-18,4,100.0
-18,4,100.0
-18,3,100.0
-18,3,100.0
-18,3,100.0
-18,2,182.9327012461664
-18,2,100.0
-18,2,100.0
-17,2,167.04945035937135
-17,2,100.0
-17,2,100.0
-16,2,100.0
-16,2,100.0
-16,2,100.0
-15,2,240.4656300475176
-15,2,498.5157978482335
-15,2,216.62014124828352
-14,2,723.5864853020676
-14,2,100.0
-14,2,100.0
-14,1,426.05005202442015
-14,1,496.16844768487664
-14,1,756.0950175583447
-14,0,382.43990142206803
-14,0,923.0580840428743
-14,0,315.1237008329257
-13,0,100.0
-13,0,176.5675420797614
-13,0,1120.0249528638378
-13,-1,100.0
-13,-1,100.0
-13,-1,320.3454850211151
-13,-2,100.0
-13,-2,100.0
-13,-2,132.60563916396111
-13,-3,100.0
-13,-3,100.0
-13,-3,419.4878454589554
-12,-3,100.0
-12,-3,347.2569008329748
-12,-3,572.0467626461564
-12,-4,1035.0966646516385
-12,-4,198.97187430956046
-12,-4,644.8075799920332
-12,-5,219.97637021161322
-12,-5,1326.6180210975467
-12,-5,100.0
-12,-4,106.01456757987495
-12,-4,100.0
-12,-4,256.521244187795
-12,-5,100.0
-12,-5,210.24955319963948
-12,-5,100.0
-12,-6,201.82831309724372
-12,-6,100.0
-12,-6,590.8067401762044
-12,-7,544.8593283616332
-12,-7,821.3214059671693
-12,-7,100.0
-12,-8,565.3993947195135
-12,-8,100.0
-12,-8,175.12781092301458
-13,-8,192.79602077087276
-13,-8,100.0
-13,-8,100.0
-12,-8,100.0
-12,-8,105.93323859250852
-12,-8,100.0
-12,-9,100.0
-12,-9,425.11477808954237
-12,-9,435.0799601890486
-11,-9,297.43987882052727
-11,-9,100.0
-11,-9,795.3673677942471
-10,-9,100.0
-10,-9,631.6091515000204
-10,-9,100.0
-9,-9,652.2484203294509
-9,-9,296.2856062862811
-9,-9,131.6876285213736
-8,-9,116.97501420182817
-8,-9,100.0
-8,-9,335.6110584648859
-7,-9,100.0
-7,-9,100.0
-7,-9,510.68013762254844
-7,-8,1007.0833706029042
-7,-8,106.43451254352135
-7,-8,765.7644922918967
-7,-9,407.5823240301618
-7,-9,805.9378212356397
-7,-9,957.1348473647903
-7,-10,439.49378862209204
-7,-10,601.1529315437429
-7,-10,357.35867085245366
-7,-11,100.0
-7,-11,487.84480949163327
-7,-11,619.7499993953775
-6,-11,100.0
-6,-11,527.0106330147431
-6,-11,214.12741369417546
-5,-11,105.70578541922157
-5,-11,119.51588406763136
-5,-11,180.11246194608077
-5,-12,260.4765890070079
-5,-12,364.5908606328471
-5,-12,126.82310844284504
-4,-12,471.0192626146161
-4,-12,543.2496455942833
-4,-12,677.7306730043383
-4,-13,411.80469775930754
-4,-13,100.0
-4,-13,100.0
