0.921503
0.802519
0.729514
0.728915
0.727111
0.729514
0.727713
0.725298
0.650937
0.650937
0.599199
0.599199
0.600814
0.602955
0.602955
0.602421
0.602955
0.597577
0.60402
0.606142
0.607724
0.607724
0.61191
0.666528
0.730709
0.807417
0.921503
0.806809
0.921503
0.921503
0.921503
0.921503
1.00191
0.921503
0.921503
0.921503
0.921503
0.999425
0.921503
0.921503
0.921503
0.810444
0.813445
0.921503
0.921503
0.921503
0.921503
1.0011
1.0517
1.05001
1.04257
1.04736
1.03946
1.04454
1.05001
1.03383
1.01155
1.03383
1.03383
1.04454
1.03838
1.04454
1.0517
1.05001
1.05636
1.05636
1.00278
0.921503
0.921503
0.921503
0.921503
0.921503
0.921503
0.921503
0.921503
0.808631
0.807417
0.921503
0.921503
0.921503
0.921503
0.921503
0.921503
0.921503
0.921503
0.921503
1.00423
0.921503
1.00434
0.921503
1.00454
0.921503
1.00444
0.921503
0.921503
1.00401
0.921503
0.921503
0.921503
