0.921503
0.801283
0.730112
0.729514
0.729514
0.727713
0.727111
0.726508
0.652705
0.650937
0.595948
0.598119
0.60402
0.601886
0.605612
0.60135
0.602421
0.600276
0.602955
0.606142
0.604552
0.60667
0.612949
0.664262
0.730709
0.805588
0.921503
0.806199
0.921503
0.921503
0.921503
0.921503
1.0025
0.921503
0.921503
0.921503
0.921503
0.997897
0.921503
0.921503
0.921503
0.811648
0.812847
0.921503
0.921503
0.921503
0.921503
0.999626
1.04257
1.04644
1.04454
1.04826
1.03615
1.04454
1.04454
1.04257
1.02358
1.04051
1.03838
1.04454
1.04454
1.04454
1.04826
1.04257
1.05487
1.05001
1.00264
0.921503
0.921503
0.921503
0.921503
0.921503
0.921503
0.921503
0.921503
0.812847
0.807417
0.921503
0.921503
0.921503
0.921503
0.921503
0.921503
0.921503
0.921503
0.921503
1.00401
0.921503
1.00464
0.921503
1.00454
0.921503
1.00464
0.921503
0.921503
1.00423
0.921503
0.921503
0.921503
