0.921503
0.800043
0.730112
0.729514
0.730112
0.729514
0.727713
0.727713
0.654463
0.651527
0.601886
0.59431
0.602955
0.605612
0.600814
0.603488
0.599738
0.601886
0.60825
0.604552
0.606142
0.6093
0.61191
0.657953
0.730709
0.805588
0.921503
0.806809
0.921503
0.921503
0.921503
0.921503
1.0011
0.921503
0.921503
0.921503
0.921503
0.999425
0.921503
0.921503
0.921503
0.812847
0.811047
0.921503
0.921503
0.921503
0.921503
1.00075
1.04826
1.0517
1.04051
1.05001
1.05001
1.04454
1.04826
1.03383
1.01474
1.03383
1.04051
1.04826
1.04454
1.04644
1.05001
1.04826
1.04826
1.05636
1.00264
0.921503
0.921503
0.921503
0.921503
0.921503
0.921503
0.921503
0.921503
0.810444
0.808631
0.921503
0.921503
0.921503
0.921503
0.921503
0.921503
0.921503
0.921503
0.921503
1.0039
0.921503
1.00454
0.921503
1.00474
0.921503
1.00464
0.921503
0.921503
1.00423
0.921503
0.921503
0.921503
