1.1186
1.12625
1.0625
1.09772
1.03181
0.955196
0.979303
0.879118
1.00262
0.961487
0.989852
0.939483
0.825446
0.990407
0.948729
0.928159
1.02784
0.959225
0.914151
0.957127
1.03732
1.01943
0.962119
0.949188
1.05281
0.943645
0.94769
1.05495
0.938144
0.909551
1.02212
1.11779
1.04018
0.932682
1.05345
1.12069
1.0044
1.124
1.07646
1.09972
1.13097
1.11872
1.15739
1.12928
1.11419
1.16502
1.07644
1.15054
1.14867
0.967476
1.03941
1.13949
1.02191
1.08708
1.07085
1.08665
0.948097
0.935894
1.07125
1.03834
1.0785
1.088
1.12809
1.16114
1.07804
1.13604
1.06336
1.0682
1.07543
1.17315
1.11349
1.12892
1.0487
1.0761
1.1366
1.00051
1.05708
0.963454
0.987794
0.97481
1.00947
1.09881
0.915146
0.916375
0.900818
1.01262
1.09333
1.07105
1.11976
1.0245
1.03883
1.00053
1.12904
1.09179
1.12124
1.05613
1.08863
1.08912
1.08912
