0.990659
1.06069
0.972223
1.04459
1.04027
0.983677
0.908769
0.94523
0.93749
0.989345
0.952794
0.950167
0.914285
0.857586
0.983965
0.847112
0.939079
0.93835
1.02488
1.0417
1.00007
0.973112
0.896999
1.03216
0.999376
0.957109
0.994556
1.00405
0.900954
0.918813
1.01251
1.08457
0.952364
1.07434
1.00307
1.06672
1.06249
0.997087
1.08498
1.1398
1.12666
1.08748
1.15253
1.14742
1.10518
1.12899
1.07081
1.1421
1.13933
1.14063
1.09406
1.08906
1.07693
1.12199
0.978209
0.939708
1.1036
1.04075
0.991554
1.07125
1.09338
1.07605
1.15553
1.10888
1.13854
1.127
1.17535
1.17875
1.06697
1.0833
1.05942
1.14707
0.914491
1.09234
1.02915
1.12431
1.00278
1.10005
1.12963
1.04945
1.07277
1.06541
0.98351
0.976855
1.01188
1.10136
1.11136
1.0324
0.982309
1.10625
1.13085
1.0608
1.0568
1.04037
1.00071
1.03676
1.18938
1.04997
1.0435
