1.85564
1.85124
1.84683
1.86
1.85124
1.86
1.86
1.86
1.86
1.86
1.86
1.86
1.86
1.86
1.86
1.86
1.86
1.86
1.86
1.86
1.86
1.86
1.86
1.86
1.86
1.86
1.86
1.86
1.86
1.86
1.86
1.86
1.86
1.86
1.86
1.86
1.86
1.86
1.85563
1.86
1.86
1.86
1.85563
1.85343
1.84904
1.84683
1.83691
1.85343
1.83575
1.83352
1.84241
1.83575
1.83798
1.85782
1.84463
1.83352
1.83251
1.60964
1.79633
1.72986
1.51727
1.56184
1.5682
1.7127
1.52709
1.72396
1.86
1.83047
1.84567
1.85124
1.63398
1.86
1.86
1.84904
1.84683
1.86
1.83691
1.61855
1.83129
1.57995
1.80574
1.73462
1.31009
1.4356
1.54808
1.55209
1.39348
1.79038
1.67767
1.60222
1.46843
1.63835
1.80749
1.8016
1.56793
1.77892
1.40805
1.68928
1.39674
