2.0
3.0
2.98729
2.99048
2.0
2.98729
1.97765
1.97442
2.5196
2.30358
1.97117
1.93142
1.96465
1.96465
1.97442
2.5196
1.99048
2.52599
3.0
2.53551
2.70678
3.0
3.0
3.0
2.3422
2.53551
2.3422
3.0
3.0
3.0
3.0
3.0
3.0
2.53551
2.70678
3.0
2.3422
2.53551
2.70678
3.0
3.0
3.0
3.0
3.0
3.0
3.0
3.0
2.99366
3.0
2.53551
2.70678
3.0
2.99366
3.0
3.0
2.0
2.98729
3.0
3.0
2.99048
2.99366
2.97117
2.32949
2.98087
2.66487
1.89004
2.4936
2.64828
2.31012
1.98729
1.96792
1.96138
1.97442
1.97765
2.99048
3.0
2.99366
3.0
3.0
3.0
