tasks:
  - id: 0
    execution_time_mu: 3004.4654839999998
    execution_time_sigma: 5.0453149910105877
    execution_time_min: 3000.9881919999998
    execution_time_max: 3015.6570880000004
    period: 2000
    deadline: 2000
    processorId: 0
    name: TSP
    sp_threshold: 0.5
    sp_weight: 1
    total_running_time: 300e3
  - id: 1
    execution_time_mu: 6.2492531199999997
    execution_time_sigma: 0.22283947869841847
    execution_time_min: 6.0578560000000001
    execution_time_max: 7.3168959999999998
    period: 20
    deadline: 20
    processorId: 1
    name: MPC
    sp_threshold: 0.5
    sp_weight: 1
    total_running_time: 300e3
  - id: 2
    execution_time_mu: 1226.7180719999999
    execution_time_sigma: 766.05056359811044
    execution_time_min: 346.384096
    execution_time_max: 4235.6999999999998
    period: 3000
    deadline: 3000
    processorId: 1
    name: RRT
    sp_threshold: 0.5
    sp_weight: 1
    total_running_time: 300e3
  - id: 3
    execution_time_mu: 2663.6004648888884
    execution_time_sigma: 3552.3020966936874
    execution_time_min: 531.81478400000003
    execution_time_max: 16393.618112
    period: 3000
    deadline: 3000
    processorId: 0
    name: SLAM
    sp_threshold: 0.5
    sp_weight: 2
    total_running_time: 300e3