tasks:
  - id: 0
    execution_time_mu: 433.26767360000002
    execution_time_sigma: 81.394590632830997
    execution_time_min: 404.99520000000001
    execution_time_max: 677.40086399999996
    period: 1500
    deadline: 1500
    processorId: 0
    name: TSP
    sp_threshold: 0.5
    sp_weight: 1
    total_running_time: 650e3
    performance_records_time: 184.1  397.5  657.9 1285.1
    performance_records_perf: 0.5        0.89660927 0.93292741 0.97812056
  - id: 1
    execution_time_mu: 6.5457504000000002
    execution_time_sigma: 0.13433880362959932
    execution_time_min: 6.3919040000000003
    execution_time_max: 6.7754560000000001
    period: 10
    deadline: 10
    processorId: 1
    name: MPC
    sp_threshold: 0.99
    sp_weight: 1
    total_running_time: 650e3
  - id: 2
    execution_time_mu: 954.90647999999999
    execution_time_sigma: 695.43391584683116
    execution_time_min: 63.040224000000009
    execution_time_max: 2415.171104
    period: 4000
    deadline: 4000
    processorId: 1
    name: RRT
    sp_threshold: 0.5
    sp_weight: 1
    total_running_time: 650e3
  - id: 3
    execution_time_mu: 424.56640959999993
    execution_time_sigma: 429.44215971155387
    execution_time_min: 69.665087999999997
    execution_time_max: 1001.175264
    period: 2000
    deadline: 2000
    processorId: 0
    name: SLAM
    sp_threshold: 0.9
    sp_weight: 2
    total_running_time: 650e3