tasks:
  - id: 0
    execution_time_mu: 10002.72563456
    execution_time_sigma: 6.3725092009777429
    execution_time_min: 10000.845407999999
    execution_time_max: 10041.713056000001
    period: 10000
    deadline: 10000
    name: TSP
  - id: 1
    execution_time_mu: 7.0935763199999986
    execution_time_sigma: 1.3485602834354289
    execution_time_min: 6.6274560000000005
    execution_time_max: 12.893088000000001
    period: 20
    deadline: 20
    name: MPC
  - id: 2
    execution_time_mu: 1394.5818105600001
    execution_time_sigma: 1052.5277308695104
    execution_time_min: 164.31852799999999
    execution_time_max: 7691.7296320000005
    period: 2000
    deadline: 2000
    name: RRT
  - id: 3
    execution_time_mu: 6117.1159468799979
    execution_time_sigma: 5181.278865940636
    execution_time_min: 1259.4431039999999
    execution_time_max: 17507.414304000002
    period: 1000
    deadline: 1000
    name: SLAM