tasks:
  - id: 0
    execution_time_mu: 3004.4232520000005
    execution_time_sigma: 8.6002229506292966
    execution_time_min: 3000.8684799999996
    execution_time_max: 3034.073856
    period: 10000
    deadline: 10000
    processorId: 0
    name: TSP
    sp_threshold: 0.5
    sp_weight: 1
  - id: 1
    execution_time_mu: 6.7781996800000011
    execution_time_sigma: 0.091564172346381673
    execution_time_min: 6.6626880000000002
    execution_time_max: 7.1657279999999997
    period: 20
    deadline: 20
    processorId: 1
    name: MPC
    sp_threshold: 0.5
    sp_weight: 1
  - id: 2
    execution_time_mu: 1348.35383232
    execution_time_sigma: 951.05338594034708
    execution_time_min: 210.874112
    execution_time_max: 6308.2372160000004
    period: 2000
    deadline: 2000
    processorId: 1
    name: RRT
    sp_threshold: 0.5
    sp_weight: 1
  - id: 3
    execution_time_mu: 5003.4111807999998
    execution_time_sigma: 5412.0523765547568
    execution_time_min: 592.68166399999996
    execution_time_max: 20270.225087999999
    period: 2000
    deadline: 2000
    processorId: 0
    name: SLAM
    sp_threshold: 0.5
    sp_weight: 1