tasks:
  - id: 0
    execution_time_mu: 1054.2583264
    execution_time_sigma: 109.79697699178065
    execution_time_min: 759.64739199999997
    execution_time_max: 1163.7321279999999
    period: 1500
    deadline: 1500
    processorId: 0
    name: TSP
    sp_threshold: 0.5
    sp_weight: 1
    total_running_time: 700e3
    performance_records_time: 150  250 300 450 850 900 950 1000 1050 1100 1200 1500
    performance_records_perf: 0.1  0.73 0.80 0.86 0.88 0.91 0.94 0.95 0.97 0.98 0.99 1
  - id: 1
    execution_time_mu: 6.2774815999999998
    execution_time_sigma: 0.047314131409595325
    execution_time_min: 6.2001280000000003
    execution_time_max: 6.3469440000000006
    period: 10
    deadline: 10
    processorId: 1
    name: MPC
    sp_threshold: 0.99
    sp_weight: 1
    total_running_time: 700e3
  - id: 2
    execution_time_mu: 1422.0151775999998
    execution_time_sigma: 686.98999747607422
    execution_time_min: 241.53779200000002
    execution_time_max: 2957.6911040000005
    period: 4000
    deadline: 4000
    processorId: 1
    name: RRT
    sp_threshold: 0.5
    sp_weight: 1
    total_running_time: 700e3
  - id: 3
    execution_time_mu: 125.95038079999999
    execution_time_sigma: 125.69655322553869
    execution_time_min: 41.170943999999999
    execution_time_max: 330.72409599999997
    period: 2000
    deadline: 2000
    processorId: 0
    name: SLAM
    sp_threshold: 0.9
    sp_weight: 2
    total_running_time: 700e3