tasks:
  - id: 0
    execution_time_mu: 1101.7062112000001
    execution_time_sigma: 63.834269448677489
    execution_time_min: 910.30083200000001
    execution_time_max: 1125.8376960000001
    period: 1500
    deadline: 1500
    processorId: 0
    name: TSP
    sp_threshold: 0.5
    sp_weight: 1
    total_running_time: 650e3
    performance_records_time: 150  250 300 450 850 900 950 1000 1050 1100 1200 1500
    performance_records_perf: 0.1  0.73 0.80 0.86 0.88 0.91 0.94 0.95 0.97 0.98 0.99 1
  - id: 1
    execution_time_mu: 6.2036192000000003
    execution_time_sigma: 0.038185613408167653
    execution_time_min: 6.1503039999999993
    execution_time_max: 6.2563519999999997
    period: 10
    deadline: 10
    processorId: 1
    name: MPC
    sp_threshold: 0.99
    sp_weight: 1
    total_running_time: 650e3
  - id: 2
    execution_time_mu: 1253.7887904000002
    execution_time_sigma: 625.6263577383337
    execution_time_min: 495.04659200000003
    execution_time_max: 2348.5556160000001
    period: 4000
    deadline: 4000
    processorId: 1
    name: RRT
    sp_threshold: 0.5
    sp_weight: 1
    total_running_time: 650e3
  - id: 3
    execution_time_mu: 549.53381120000006
    execution_time_sigma: 738.16260093838753
    execution_time_min: 64.937759999999997
    execution_time_max: 1823.2321920000002
    period: 2000
    deadline: 2000
    processorId: 0
    name: SLAM
    sp_threshold: 0.9
    sp_weight: 2
    total_running_time: 650e3