tasks:
  - id: 0
    execution_time_mu: 10002.48852672
    execution_time_sigma: 3.133693975359407
    execution_time_min: 10000.973792
    execution_time_max: 10013.790912
    period: 10000
    deadline: 10000
    processorId: 0
    name: TSP
    sp_threshold: 0.5
    sp_weight: 1
  - id: 1
    execution_time_mu: 58.14528960000001
    execution_time_sigma: 6.527760905237979
    execution_time_min: 12.756704
    execution_time_max: 60.698368
    period: 20
    deadline: 20
    processorId: 1
    name: MPC
    sp_threshold: 0.5
    sp_weight: 1
  - id: 2
    execution_time_mu: 1128.0019616
    execution_time_sigma: 678.2485558057352
    execution_time_min: 204.776896
    execution_time_max: 3270.125888
    period: 2000
    deadline: 2000
    processorId: 1
    name: RRT
    sp_threshold: 0.5
    sp_weight: 1
  - id: 3
    execution_time_mu: 60781.24272831999
    execution_time_sigma: 383724.0403412285
    execution_time_min: 538.48128
    execution_time_max: 2745169.19824
    period: 1000
    deadline: 1000
    processorId: 0
    name: SLAM
    sp_threshold: 0.5
    sp_weight: 1