tasks:
  - id: 0
    execution_time_mu: 427.99182079999991
    execution_time_sigma: 102.27445313801697
    execution_time_min: 175.65763200000001
    execution_time_max: 494.44540800000004
    period: 1500
    deadline: 1500
    processorId: 0
    name: TSP
    sp_threshold: 0.5
    sp_weight: 1
    total_running_time: 850e3
    performance_records_time: 150  250 300 450 850 900 950 1000 1050 1100 1200 1500
    performance_records_perf: 0.1  0.73 0.80 0.86 0.88 0.91 0.94 0.95 0.97 0.98 0.99 1
  - id: 1
    execution_time_mu: 6.2848960000000016
    execution_time_sigma: 0.054832350626064584
    execution_time_min: 6.1955200000000001
    execution_time_max: 6.3567679999999998
    period: 10
    deadline: 10
    processorId: 1
    name: MPC
    sp_threshold: 0.99
    sp_weight: 1
    total_running_time: 850e3
  - id: 2
    execution_time_mu: 1174.42768
    execution_time_sigma: 680.25524218868009
    execution_time_min: 266.62956800000001
    execution_time_max: 2369.8965439999997
    period: 4000
    deadline: 4000
    processorId: 1
    name: RRT
    sp_threshold: 0.5
    sp_weight: 1
    total_running_time: 850e3
  - id: 3
    execution_time_mu: 361.38785279999991
    execution_time_sigma: 577.33202467870478
    execution_time_min: 68.300479999999993
    execution_time_max: 1560.2162879999998
    period: 2000
    deadline: 2000
    processorId: 0
    name: SLAM
    sp_threshold: 0.9
    sp_weight: 2
    total_running_time: 850e3