tasks:
  - id: 0
    execution_time_mu: 463.43325440000007
    execution_time_sigma: 2.3219016365134988
    execution_time_min: 459.33395200000001
    execution_time_max: 467.86799999999994
    period: 1500
    deadline: 1500
    processorId: 0
    name: TSP
    sp_threshold: 0.5
    sp_weight: 1
    total_running_time: 350e3
    performance_records_time: 184.1  397.5  657.9 1285.1
    performance_records_perf: 0.5        0.89660927 0.93292741 0.97812056
  - id: 1
    execution_time_mu: 6.3780063999999994
    execution_time_sigma: 0.044130097818211866
    execution_time_min: 6.3320319999999999
    execution_time_max: 6.4897280000000004
    period: 10
    deadline: 10
    processorId: 1
    name: MPC
    sp_threshold: 0.99
    sp_weight: 1
    total_running_time: 350e3
  - id: 2
    execution_time_mu: 1690.6825023999997
    execution_time_sigma: 1044.7387984469915
    execution_time_min: 526.64732800000002
    execution_time_max: 4440.3253759999998
    period: 4000
    deadline: 4000
    processorId: 1
    name: RRT
    sp_threshold: 0.5
    sp_weight: 1
    total_running_time: 350e3
  - id: 3
    execution_time_mu: 717.66822720000005
    execution_time_sigma: 432.4901756950286
    execution_time_min: 59.629439999999995
    execution_time_max: 1098.433632
    period: 2000
    deadline: 2000
    processorId: 0
    name: SLAM
    sp_threshold: 0.9
    sp_weight: 2
    total_running_time: 350e3
