tasks:
  - id: 0
    execution_time_mu: 1033.3636128000001
    execution_time_sigma: 314.16428377733081
    execution_time_min: 143.78880000000004
    execution_time_max: 1272.3170559999999
    period: 1500
    deadline: 1500
    processorId: 0
    name: TSP
    sp_threshold: 0.5
    sp_weight: 1
    total_running_time: 650e3
    performance_records_time: 150  250 300 450 850 900 950 1000 1050 1100 1200 1500
    performance_records_perf: 0.1  0.73 0.80 0.86 0.88 0.91 0.94 0.95 0.97 0.98 0.99 1
  - id: 1
    execution_time_mu: 6.0440800000000001
    execution_time_sigma: 0.028444959117611378
    execution_time_min: 6.0040960000000005
    execution_time_max: 6.101216
    period: 10
    deadline: 10
    processorId: 1
    name: MPC
    sp_threshold: 0.99
    sp_weight: 1
    total_running_time: 650e3
  - id: 2
    execution_time_mu: 1278.5330144
    execution_time_sigma: 650.1976937061653
    execution_time_min: 622.797056
    execution_time_max: 2742.5539840000001
    period: 4000
    deadline: 4000
    processorId: 1
    name: RRT
    sp_threshold: 0.5
    sp_weight: 1
    total_running_time: 650e3
  - id: 3
    execution_time_mu: 798.49496000000011
    execution_time_sigma: 892.98329476932463
    execution_time_min: 70.635903999999996
    execution_time_max: 2104.1074880000001
    period: 2000
    deadline: 2000
    processorId: 0
    name: SLAM
    sp_threshold: 0.9
    sp_weight: 2
    total_running_time: 650e3