tasks:
  - id: 0
    execution_time_mu: 5006.0116000000007
    execution_time_sigma: 8.864927844172513
    execution_time_min: 5000.8156479999998
    execution_time_max: 5025.9232000000002
    period: 10000
    deadline: 10000
    processorId: 0
    name: TSP
    sp_threshold: 0.5
    sp_weight: 1
  - id: 1
    execution_time_mu: 6.7326566400000027
    execution_time_sigma: 0.11050264783746241
    execution_time_min: 6.5420160000000003
    execution_time_max: 7.0358080000000003
    period: 20
    deadline: 20
    processorId: 1
    name: MPC
    sp_threshold: 0.5
    sp_weight: 1
  - id: 2
    execution_time_mu: 1342.7211782400004
    execution_time_sigma: 809.1316143631193
    execution_time_min: 415.72835200000003
    execution_time_max: 3585.7658879999999
    period: 2000
    deadline: 2000
    processorId: 1
    name: RRT
    sp_threshold: 0.5
    sp_weight: 1
  - id: 3
    execution_time_mu: 4246.1503712000012
    execution_time_sigma: 1302.9277968073031
    execution_time_min: 1427.6195839999998
    execution_time_max: 11098.318464
    period: 2000
    deadline: 2000
    processorId: 0
    name: SLAM
    sp_threshold: 0.5
    sp_weight: 1