tasks:
  - id: 0
    execution_time_mu: 5003.0397589333334
    execution_time_sigma: 6.676514922005568
    execution_time_min: 5000.9619199999997
    execution_time_max: 5027.9677759999995
    period: 10000
    deadline: 10000
    processorId: 0
    name: TSP
    sp_threshold: 0.5
    sp_weight: 1
  - id: 1
    execution_time_mu: 6.7716524800000011
    execution_time_sigma: 0.074330228207235491
    execution_time_min: 6.5989760000000004
    execution_time_max: 7.0619519999999998
    period: 20
    deadline: 20
    processorId: 1
    name: MPC
    sp_threshold: 0.5
    sp_weight: 1
  - id: 2
    execution_time_mu: 1201.0274041600001
    execution_time_sigma: 651.0465470925684
    execution_time_min: 175.43420800000001
    execution_time_max: 3441.3354880000002
    period: 2000
    deadline: 2000
    processorId: 1
    name: RRT
    sp_threshold: 0.5
    sp_weight: 1
  - id: 3
    execution_time_mu: 4875.15564352
    execution_time_sigma: 7165.7260484584222
    execution_time_min: 531.30239999999992
    execution_time_max: 30274.840543999999
    period: 2000
    deadline: 2000
    processorId: 0
    name: SLAM
    sp_threshold: 0.5
    sp_weight: 1