1.66667
1.66667
1.47643
1.63299
1.47643
1.32618
1.37888
1.25
1.51941
1.51941
1.66667
1.55961
1.59738
1.5179
1.38039
1.23123
1.17606
1.16099
1.19977
1.24237
1.37888
1.42875
1.32618
1.32618
1.32618
1.59738
1.32618
1.47643
1.51941
1.59738
1.51941
1.38039
1.55961
1.55961
1.66667
1.63299
1.59738
1.66667
1.51941
1.66667
1.66667
1.59738
1.66667
1.55961
1.66667
1.47643
1.55961
1.63299
1.51638
1.41472
1.20672
1.15539
1.14868
1.21253
1.36963
1.47188
1.51941
1.59738
1.55961
1.51941
1.66667
1.59738
1.51941
1.66667
1.66667
1.59738
1.51941
1.47492
1.24849
1.25465
1.2468
1.23285
1.23607
1.24698
1.25923
1.24849
1.32618
1.32618
1.32618
1.38039
1.38039
1.47643
1.25
1.51941
1.59738
1.66667
1.51941
1.47492
1.23607
1.23195
1.22122
1.23924
1.23195
1.24997
1.25465
1.25465
1.22628
1.21951
1.22628
