1.66667
1.66667
1.66667
1.66667
1.59738
1.37888
1.26073
1.25
1.32468
1.51941
1.66667
1.51941
1.51941
1.4734
1.37888
1.24196
1.25637
1.16972
1.20533
1.24081
1.25771
1.38039
1.38039
1.47643
1.47643
1.55961
1.55961
1.51941
1.38039
1.51941
1.32618
1.55961
1.59738
1.63299
1.66667
1.63299
1.51941
1.55961
1.55961
1.51941
1.59738
1.66667
1.32618
1.51941
1.59738
1.66667
1.59738
1.55961
1.4734
1.24196
1.19407
1.14843
1.1467
1.20349
1.41792
1.42875
1.59738
1.66667
1.66667
1.63299
1.63299
1.66667
1.59738
1.59738
1.38039
1.51941
1.66667
1.51941
1.25
1.23607
1.24237
1.23867
1.24698
1.24849
1.24849
1.24545
1.26073
1.26073
1.32618
1.32618
1.43026
1.55961
1.38039
1.59738
1.66667
1.66667
1.38039
1.47492
1.23766
1.35833
1.23019
1.24359
1.23607
1.41792
1.25465
1.32468
1.2452
1.22628
1.22959
