1.22515
1.23424
1.22586
1.15969
1.22233
1.23076
1.21594
1.14635
1.02316
1.20513
1.1385
1.21307
1.13562
1.22374
1.13778
1.2195
1.22656
1.16797
1.23839
1.23977
1.24114
1.23977
1.13054
1.24865
1.24524
1.2432
1.25
1.24593
1.24797
1.24865
1.24729
1.24183
1.23908
1.23493
1.24183
1.24456
1.23493
1.23424
1.22304
1.22796
1.23285
1.1269
1.21379
1.21665
1.21807
1.17841
1.18669
1.14733
1.16847
1.10908
1.13416
1.08139
1.05076
1.10534
0.877712
0.697143
0.858132
0.749646
1.04062
0.905966
0.817144
0.846378
0.780581
0.79184
0.595062
0.759748
0.459945
0.540158
0.53823
0.880289
0.759643
0.905111
0.740494
0.883338
0.893018
1.14573
1.17001
0.745792
0.922761
0.705084
1.22021
1.04397
0.8652
1.02755
1.07185
1.11716
1.16177
1.16384
1.01701
1.20116
1.00085
1.02625
1.01627
0.990947
1.08321
1.07194
1.11953
1.21451
1.17992
