0.57147
0.641667
0.594515
0.511617
0.55
0.560015
0.560015
0.526682
0.606238
0.59004
0.562106
0.536617
0.608333
0.614993
0.718235
0.562106
0.56189
0.591667
0.576682
0.526682
0.583333
0.585015
0.558333
0.560015
0.6
0.691667
0.541667
0.583333
0.6
0.6
0.541667
0.5
0.568348
0.5
0.566667
0.493348
0.508333
0.493348
0.511617
0.549336
0.595942
0.554803
0.54647
0.593352
0.499361
0.521295
0.653154
0.514565
0.444351
0.488147
0.473112
0.507475
0.437803
0.459309
0.58508
0.456222
0.422563
0.443652
0.494332
0.548832
0.693713
0.625179
0.514545
0.454496
0.493459
0.375138
0.469349
0.501242
0.35787
0.421066
0.374068
0.477466
0.47709
0.642182
0.545913
0.520412
0.678667
0.679927
0.652204
0.703283
0.749044
0.742131
0.901682
0.615763
0.832003
0.731126
0.741472
0.734937
1.01667
0.916667
0.793348
0.743348
0.728283
0.710015
0.611617
0.652274
0.54828
0.596672
0.603283
