1.24464
1.22451
1.23599
1.24194
1.23327
1.22753
1.22451
1.22916
1.1466
1.21565
1.20044
1.22778
1.21427
1.23569
1.23922
1.23463
1.24194
1.25
1.22693
1.24405
1.24194
1.24464
1.25
1.25
1.25
1.25
1.25
1.25
1.25
1.25
1.24733
1.25
1.25
1.25
1.24733
1.24733
1.22926
1.23327
1.21497
1.22725
1.2011
1.1721
1.14018
1.03765
1.10649
0.966211
0.874854
0.959697
0.873627
0.734673
0.787387
0.790219
0.786215
0.585208
0.545537
0.505523
0.831305
0.830712
0.841654
0.968654
1.10986
0.910325
0.953063
0.882718
0.596688
0.700888
0.637561
0.598374
0.675439
0.641782
0.563744
0.870298
1.00054
1.08332
1.10005
1.12765
1.13022
1.13694
1.21148
1.20531
1.21148
1.19523
1.21072
1.0903
1.24733
1.25
1.25
1.24194
1.23803
1.24138
1.23922
1.23599
1.23053
1.22725
1.23511
1.22451
1.21427
1.21185
1.20391
