1.24464
1.21841
1.23327
1.23267
1.22725
1.24194
1.23536
1.22284
1.19685
1.22778
1.20219
1.24733
1.23299
1.24004
1.22115
1.23536
1.24138
1.22387
1.25
1.24405
1.24733
1.24733
1.25
1.24733
1.25
1.25
1.24733
1.25
1.25
1.25
1.25
1.25
1.24464
1.24405
1.24405
1.24464
1.24464
1.24464
1.24329
1.1973
1.22115
1.1851
1.12672
1.11989
1.04506
0.937038
0.973017
0.720498
0.752973
0.747431
0.793404
0.734684
0.893117
0.848956
0.62788
0.633359
0.675975
0.802201
0.88098
0.975665
0.947527
0.988863
0.883241
0.958215
0.784473
0.821843
0.856862
0.581346
0.60447
0.810545
0.774121
0.980966
1.05093
1.04146
1.15173
1.16188
1.16657
1.17852
1.18448
1.10222
1.22037
1.19874
0.935546
1.08392
1.08759
1.24464
1.24733
1.24733
1.24138
1.17214
1.24599
1.24464
1.15471
1.19449
1.23648
1.21427
1.18283
1.19343
1.20391
