1.1534
1.15059
1.24251
1.22445
1.14422
1.22092
1.21879
1.13562
1.12616
1.17435
1.17579
1.23285
1.22445
1.13054
1.22374
1.23146
1.23493
1.24114
1.24045
1.24183
1.16591
1.24729
1.23908
1.24456
1.25
1.24865
1.24865
1.24865
1.24865
1.25
1.24524
1.24114
1.24045
1.24661
1.24045
1.24524
1.23908
1.16443
1.18558
1.22796
1.21522
1.22515
1.22233
1.22162
1.21736
1.11209
1.19265
1.18968
1.16228
0.950599
0.941832
0.938385
1.11798
0.874757
0.842307
0.880657
0.976937
0.837743
1.06411
1.00165
0.577342
0.529219
0.857986
0.64733
0.79012
0.817378
0.511316
0.570655
0.75441
0.58819
0.567123
0.631536
0.801777
1.08452
0.776507
0.939949
0.680857
0.765082
1.0086
1.07607
0.78018
0.957656
0.861171
1.05699
1.07255
1.1534
1.1534
1.16177
1.15481
1.16246
1.07603
1.1435
1.13634
0.961412
0.692137
1.09922
1.20875
1.17001
1.21019
