0.58424
0.597724
0.444124
0.378073
0.595894
0.594609
0.605199
0.611218
0.618129
0.641497
0.617863
0.599972
0.585259
0.583685
0.577603
0.558856
0.564823
0.559681
0.553234
0.565178
0.534653
0.527228
0.525028
0.523332
0.510204
0.519527
0.513486
0.511551
0.507976
0.515127
0.524298
0.53017
0.537007
0.549426
0.567609
0.562442
0.55675
0.602182
0.633006
0.620008
0.694039
0.75282
0.761027
0.80778
0.807976
0.878733
0.862155
0.920883
0.828561
0.959707
0.950192
0.936425
0.896995
0.909662
0.859584
0.837398
0.731955
0.701052
0.647511
0.627714
0.638823
0.66942
0.706839
0.773635
0.72072
0.803235
0.810932
0.912305
0.884167
0.888308
0.84338
0.814316
0.796202
0.754819
0.726675
0.672775
0.641564
0.611946
0.593687
0.571468
0.562714
0.546029
0.552345
0.523904
0.522757
0.52207
0.521564
0.518152
0.523727
0.515401
0.39892
0.351378
0.430192
0.386608
0.60303
0.622655
0.308035
0.190602
0.630199
