1.22233
1.21092
1.04834
1.23355
1.22726
1.21451
1.22936
1.23839
1.14208
1.20148
1.00866
1.14065
1.15411
1.22515
1.21163
1.22656
0.894748
1.14065
1.22796
1.23493
1.24183
1.24729
1.24661
1.17207
1.24251
1.24524
1.25
1.24456
1.24593
1.24729
1.25
1.24456
1.24593
1.2432
1.2432
1.24183
1.23701
1.23493
1.22866
1.23076
1.21736
1.22233
1.21594
1.20222
1.22092
1.11284
1.19487
0.947584
1.14812
1.03825
1.08687
1.05241
0.860654
0.819936
1.07744
0.933178
0.851358
0.888551
0.852679
0.920581
0.600375
0.810459
0.802852
0.735448
0.719696
0.689643
0.613787
0.408945
0.637744
0.615679
0.661378
1.10704
0.968587
1.17461
0.506411
0.831814
1.12525
0.53698
0.842156
1.02842
0.950422
1.0356
0.993013
0.901254
0.953086
0.801637
1.01346
0.408908
1.16384
0.975385
1.1534
1.05556
1.13778
1.02467
1.18595
0.911233
1.18595
1.15524
0.962666
