0.525
0.654803
0.560015
0.653283
0.560015
0.681238
0.743348
0.628283
0.576682
0.65
0.618872
0.602839
0.635015
0.64495
0.593348
0.701682
0.651682
0.55
0.585015
0.583333
0.6
0.516667
0.5
0.566667
0.633333
0.616667
0.5
0.533333
0.5
0.516667
0.568348
0.5
0.5
0.558333
0.493348
0.525
0.575
0.6
0.525
0.486617
0.518348
0.506867
0.539572
0.581238
0.489572
0.590009
0.450643
0.467581
0.433767
0.488005
0.468752
0.40306
0.509338
0.409594
0.363091
0.448197
0.470567
0.568721
0.634645
0.531051
0.499762
0.503637
0.485803
0.322615
0.52249
0.544721
0.467091
0.47709
0.53707
0.470911
0.326409
0.596546
0.518021
0.575406
0.569086
0.670412
0.627763
0.568836
0.659172
0.641181
0.68677
0.769503
0.7
0.891667
0.883333
0.991667
0.783329
0.903283
0.790424
0.741667
0.916667
0.801682
0.575
0.66995
0.555474
0.638433
0.704803
0.615921
0.555715
