0.578283
0.54495
0.636617
0.676682
0.61078
0.668348
0.618348
0.558333
0.54647
0.718235
0.550598
0.585015
0.543348
0.678283
0.560015
0.618348
0.54495
0.633333
0.643348
0.643348
0.501682
0.65
0.675
0.651682
0.575
0.541667
0.541667
0.55
0.5
0.5
0.5
0.5
0.533333
0.5
0.626682
0.493348
0.616667
0.5
0.465921
0.5
0.511617
0.5224
0.57147
0.489572
0.580709
0.500515
0.506388
0.522079
0.53712
0.305219
0.455905
0.474835
0.513407
0.554335
0.422219
0.349366
0.515588
0.463891
0.629969
0.50741
0.640388
0.389572
0.571537
0.456976
0.396037
0.562458
0.356429
0.53707
0.476592
0.487226
0.30878
0.477466
0.5053
0.506617
0.595412
0.524254
0.537527
0.593352
0.706238
0.774254
0.651682
0.678006
0.691551
0.776713
0.675615
0.866027
0.97147
1.04167
0.685015
0.718348
0.75
0.725
0.718348
0.768348
0.685015
0.603585
0.622905
0.591667
0.575
