1.22866
1.23076
1.23908
1.24114
1.22726
1.22796
1.13127
1.13778
1.22021
1.22726
1.2073
1.20513
1.1385
1.22233
1.15059
1.15059
1.06623
1.23839
1.1569
1.24114
1.24388
1.24456
1.24456
1.24456
1.24661
1.24729
1.24593
1.24661
1.24524
1.24729
1.25
1.2432
1.24729
1.2377
1.24251
1.24729
1.15481
1.22726
1.22515
1.23006
1.22586
1.22162
1.21665
1.19117
1.18294
1.18968
1.19708
1.19265
0.858132
1.05815
1.15209
1.11059
1.06947
1.02339
0.924416
0.702622
0.760026
1.01934
0.968407
0.910633
0.799816
0.776246
0.564425
0.872687
0.840191
0.585984
0.536542
0.530313
0.390532
0.708676
0.689779
0.568906
1.06528
0.845938
0.992041
0.769961
1.19042
0.714879
0.966816
1.04324
0.846541
1.04941
0.781199
0.806074
0.851609
0.872397
0.969766
1.07811
1.07324
1.16522
0.956926
1.22515
1.14777
1.04761
0.900622
1.02918
1.05216
0.7625
1.00186
