1.22245
1.03612
0.83418
1.17278
0.778816
0.682935
0.645073
0.649428
0.608765
0.620404
0.636246
0.676825
0.660148
0.676825
0.718516
0.672709
0.676825
0.678409
0.692952
0.850742
1.01716
0.972148
0.791877
0.756114
1.03277
0.94793
1.12727
1.02602
0.960816
0.791407
0.959224
1.14817
1.21929
0.85241
0.860477
1.06834
1.04437
1.12065
0.865254
1.20645
1.20807
1.23026
1.0867
1.24401
1.24851
1.08218
1.21452
1.06834
1.21929
1.18142
0.89995
1.09148
1.11225
0.929638
1.02261
0.811721
0.802801
0.901747
0.694931
0.757559
0.898146
1.07713
1.06234
1.09325
1.16928
1.20645
1.22245
1.06834
1.06206
1.20969
1.21291
1.06048
0.970263
1.13863
1.05088
1.0541
1.15907
1.07454
0.874671
0.959224
1.22245
0.959224
0.963985
1.15287
1.24401
1.07914
1.24401
1.0882
1.25
1.25
1.25
1.0897
1.25
1.24851
1.25
1.08369
1.0852
1.24552
1.24099
