0.912638
0.915164
0.908537
0.906458
0.894122
0.879908
0.872916
0.879186
0.868479
0.863686
0.864119
0.857742
0.882823
0.889107
0.879321
0.887977
0.885701
0.867861
0.894122
0.902243
0.895222
0.898489
0.902243
0.908537
0.912129
0.913145
0.914661
0.915164
0.914661
0.916667
0.916667
0.915164
0.916167
0.916167
0.916167
0.916667
0.913652
0.913652
0.914668
0.913642
0.916169
0.916667
0.916667
0.916167
0.916667
0.916167
0.916167
0.915666
0.915666
0.914157
0.914661
0.913145
0.910083
0.912129
0.910597
0.906458
0.902774
0.903833
0.904886
0.906458
0.911109
0.908537
0.910597
0.909569
0.912129
0.916167
0.915666
0.916667
0.916667
0.915666
0.915164
0.916667
0.915164
0.916667
0.916167
0.916169
0.915164
0.916667
0.916667
0.915666
0.915164
0.913652
0.916667
0.916667
0.916667
0.916667
0.916667
0.916667
0.916667
0.916667
0.916667
0.916667
0.916667
0.916667
0.916667
0.916667
0.916667
0.916667
0.916667
