0.914157
0.913652
0.906979
0.905935
0.899029
0.886842
0.874566
0.884667
0.864119
0.851846
0.870933
0.873361
0.886842
0.887876
0.886842
0.883519
0.881079
0.861589
0.890791
0.896316
0.894672
0.894672
0.905411
0.91162
0.913652
0.913652
0.915164
0.914157
0.915164
0.916167
0.916167
0.916167
0.916167
0.916167
0.915666
0.914661
0.915164
0.913145
0.913652
0.916169
0.916167
0.916667
0.915666
0.916667
0.916667
0.916167
0.915666
0.916167
0.914655
0.913662
0.913652
0.912129
0.911109
0.910597
0.912129
0.908537
0.908019
0.895769
0.903833
0.9075
0.905935
0.90436
0.909569
0.909053
0.914157
0.916667
0.916667
0.916167
0.915669
0.916167
0.914661
0.914661
0.916667
0.914661
0.915159
0.914668
0.916667
0.916167
0.916667
0.915666
0.914661
0.916167
0.916167
0.916667
0.916667
0.916667
0.916667
0.916667
0.916667
0.916667
0.916667
0.916667
0.916667
0.916667
0.916667
0.916667
0.916667
0.916667
0.916667
