0.912638
0.913145
0.912129
0.90436
0.890791
0.877098
0.876361
0.880364
0.867423
0.852263
0.873361
0.856671
0.880951
0.884094
0.885701
0.888543
0.881079
0.873361
0.883978
0.895769
0.894672
0.901176
0.905935
0.91162
0.914157
0.915164
0.915164
0.915164
0.916167
0.914661
0.915164
0.916167
0.916667
0.916167
0.914661
0.914157
0.914157
0.912638
0.914668
0.914149
0.915666
0.916667
0.916667
0.916167
0.916667
0.915164
0.915666
0.913145
0.915666
0.912129
0.911109
0.912129
0.910083
0.908019
0.913652
0.905411
0.900641
0.902243
0.905935
0.90436
0.9075
0.9075
0.912129
0.913652
0.911109
0.914157
0.916667
0.915666
0.916667
0.914157
0.915669
0.916667
0.916167
0.916167
0.915666
0.916167
0.916165
0.915669
0.915666
0.915164
0.916167
0.915666
0.916667
0.916667
0.916167
0.916667
0.916167
0.916667
0.916667
0.916667
0.916667
0.916667
0.916667
0.916667
0.916667
0.916667
0.916667
0.916667
0.916667
