0.914157
0.913652
0.909593
0.898426
0.893017
0.872757
0.869709
0.880623
0.862021
0.857963
0.874566
0.871988
0.878279
0.889669
0.883978
0.877549
0.878732
0.878002
0.886947
0.898489
0.899029
0.895769
0.905935
0.908019
0.912638
0.91162
0.916167
0.912129
0.915666
0.915164
0.915164
0.915666
0.916167
0.916667
0.916667
0.914668
0.913145
0.911109
0.915164
0.915164
0.916667
0.916667
0.916667
0.916667
0.916667
0.915666
0.915666
0.915164
0.915164
0.914157
0.909569
0.913145
0.913145
0.911109
0.912638
0.9075
0.902243
0.895769
0.910597
0.906979
0.908537
0.910597
0.91162
0.909053
0.910083
0.915666
0.915666
0.916667
0.915669
0.915164
0.916667
0.916167
0.915164
0.914157
0.914157
0.916167
0.915164
0.915164
0.915666
0.916167
0.914661
0.916167
0.916667
0.916167
0.916667
0.916667
0.916667
0.916167
0.916667
0.916667
0.916667
0.916667
0.916667
0.916667
0.916667
0.916667
0.916667
0.916667
0.915666
