0.85241
1.0573
0.804598
0.883471
0.97593
0.94079
0.704708
0.658022
0.649428
0.613454
0.673743
0.694399
0.658022
0.655888
0.75558
0.686967
0.629519
0.629519
0.651591
0.741498
0.718516
0.780703
0.740173
1.03277
0.837546
0.829088
1.04109
1.11225
0.873114
0.951183
1.07454
1.22402
0.976461
1.15598
1.04109
1.14343
0.949559
1.11394
1.02772
1.19326
1.23947
1.24401
1.23947
1.24401
1.23947
1.2425
1.22871
1.22402
1.21929
1.20482
1.15684
1.21291
1.02941
1.02941
0.926237
0.76646
1.07347
0.883471
0.745563
0.93468
1.07713
1.08971
1.0034
1.17278
1.17452
1.20482
1.22559
1.22715
1.19158
1.13217
1.13054
1.19326
0.974918
1.05889
0.850781
1.13217
1.04273
1.21452
1.20969
1.06364
1.04926
0.960816
1.05249
1.0699
1.08218
1.24552
1.24099
1.24701
1.24701
1.24851
1.25
1.25
1.24701
1.17274
1.08066
1.0867
1.23795
1.08369
1.0852
