0.801787
0.779641
0.753769
0.725895
0.687545
0.665217
0.664122
0.664445
0.656819
0.653333
0.662474
0.662029
0.664339
0.672131
0.677813
0.665217
0.662029
0.658498
0.677813
0.696352
0.69299
0.712068
0.738617
0.766111
0.772127
0.778044
0.791142
0.779641
0.805761
0.802286
0.805267
0.809203
0.811642
0.805267
0.798274
0.796757
0.783341
0.765559
0.784914
0.801287
0.814064
0.824531
0.829191
0.830577
0.824531
0.815509
0.813581
0.810181
0.791142
0.78596
0.765006
0.789078
0.765006
0.754339
0.772127
0.733823
0.720302
0.699683
0.71014
0.731402
0.74217
0.735628
0.74452
0.746272
0.791656
0.796757
0.810668
0.813581
0.802286
0.794216
0.797263
0.800286
0.805267
0.78856
0.793705
0.806255
0.804276
0.801787
0.807732
0.808223
0.805267
0.79625
0.817905
0.813581
0.823592
0.824531
0.829653
0.832417
0.831038
0.832875
0.832875
0.831498
0.831498
0.830115
0.831038
0.830577
0.827334
0.823122
0.821234
