1.7538
1.49515
1.07876
1.37348
0.98378
0.874174
0.698655
1.31653
1.23935
1.20337
1.29836
1.58813
1.48949
1.6105
1.56976
1.59879
1.61793
1.6874
1.53297
1.674
1.76573
1.68554
1.674
1.92365
1.79588
1.7683
1.71474
1.59956
1.45399
1.62134
1.67861
1.29267
1.43589
1.49077
1.42094
1.25442
1.38494
1.44417
1.53
1.37108
1.56607
1.6654
1.5901
1.38239
1.56976
1.58959
1.52498
1.47218
1.73268
1.74227
1.74256
1.6304
1.54747
1.5902
1.6848
1.83676
1.79174
1.95435
1.59116
1.674
1.89707
1.8418
1.72475
1.95052
1.76155
1.94741
1.73359
1.95643
1.95491
1.95145
1.94757
1.95415
1.68718
1.71252
1.56647
1.7915
1.67325
1.94477
1.66919
1.74025
1.79617
1.9013
1.84931
1.95473
1.95491
1.80511
1.94371
1.77166
1.78951
1.94258
1.83247
1.4994
1.38817
1.42439
1.25287
1.45934
1.70624
1.66421
1.81845
