1.24715
1.25
1.25
1.25
1.2477
1.24715
1.24715
1.24599
1.24396
1.22216
1.20676
1.18964
1.19141
1.18023
1.08733
1.04504
0.995722
1.00005
0.784616
0.822795
0.669173
0.660248
0.671992
0.238158
0.671687
0.878971
0.796744
0.598957
0.959281
0.85966
0.528887
0.478002
0.71556
1.13964
1.18934
1.09833
1.22628
1.22452
0.934699
1.20828
1.23211
1.23328
1.24369
1.24253
1.24715
1.2477
1.25
0.822411
1.2286
1.24021
0.924395
1.24427
1.1987
1.18418
1.03131
0.95701
1.12214
0.681207
0.824296
1.08577
0.791444
1.15832
1.06041
1.12414
1.05667
0.704337
0.347132
0.885663
0.378114
0.825369
0.78687
0.76752
0.763299
0.670453
0.367421
0.53895
0.773985
1.01221
1.01623
0.754834
1.01671
1.16705
1.15638
1.1987
1.23677
0.803124
1.23966
1.24885
1.24484
1.2477
1.24422
1.24484
1.24253
1.23966
1.24137
1.23554
1.2292
1.20195
1.2286
