0.914118
0.916667
0.921667
0.9225
0.917006
0.919818
0.921618
0.919312
0.9238
0.928729
0.926065
0.936484
0.94053
0.954605
0.945392
0.93306
0.824419
0.859475
0.796854
0.810198
0.627779
0.67525
0.450469
0.496373
0.497255
0.537062
0.56942
0.860445
0.80814
0.574983
0.580399
0.365292
0.779607
0.777251
0.790308
0.870989
0.888363
0.82938
0.808686
0.938389
0.93187
0.934343
0.916484
0.922582
0.920082
0.917452
0.919952
0.923224
0.919732
0.915467
0.929451
0.930581
0.931399
0.923151
0.98602
0.939023
0.94718
0.971326
0.965324
0.978563
0.92251
0.940494
0.956604
0.927952
0.920855
0.946299
0.897932
0.926455
0.892163
0.882811
0.862306
0.83671
0.817028
0.67085
0.770214
0.720609
0.961928
0.99384
0.960548
0.949203
0.975058
0.973512
0.932642
0.929674
0.942922
0.926797
0.928526
0.931812
0.909442
0.941106
0.918065
0.93946
0.936106
0.919815
0.922787
0.931678
0.904112
0.805694
0.896641
