0.833333
0.833333
0.833333
0.833333
0.824629
0.833333
0.830159
0.831601
0.825805
0.811402
0.823715
0.791168
0.783073
0.784605
0.719461
0.745016
0.671404
0.629579
0.558482
0.481763
0.439487
0.422462
0.429037
0.418889
0.452414
0.519009
0.539731
0.511891
0.58877
0.586229
0.64917
0.685082
0.732606
0.756905
0.80607
0.814636
0.829864
0.825228
0.833333
0.826968
0.828132
0.831601
0.829861
0.833333
0.833333
0.831024
0.833333
0.833333
0.833333
0.833333
0.831024
0.827552
0.828423
0.818788
0.787625
0.810143
0.80308
0.806352
0.797991
0.792096
0.783327
0.778471
0.759079
0.760916
0.650033
0.646388
0.608584
0.552895
0.526319
0.47661
0.459105
0.466453
0.451335
0.413504
0.446674
0.510831
0.588327
0.678389
0.699576
0.685227
0.755591
0.77809
0.787366
0.816419
0.823769
0.827238
0.823481
0.831601
0.830732
0.830732
0.830159
0.832468
0.829861
0.829292
0.826099
0.830732
0.823171
0.822605
0.825228
