0.833333
0.832468
0.830159
0.831024
0.831601
0.833333
0.833333
0.826968
0.826099
0.805774
0.803983
0.79582
0.791336
0.754629
0.75875
0.722946
0.698163
0.655254
0.57174
0.51128
0.443981
0.429449
0.430277
0.424297
0.452439
0.502756
0.507313
0.510115
0.583723
0.645736
0.626152
0.66919
0.727084
0.750195
0.798592
0.810518
0.828989
0.825228
0.826968
0.828132
0.829292
0.827552
0.833333
0.833333
0.833333
0.833333
0.833333
0.833333
0.833333
0.831601
0.831601
0.82636
0.813158
0.806973
0.797043
0.793445
0.793158
0.800399
0.7849
0.773819
0.77186
0.785539
0.782164
0.756231
0.689605
0.661774
0.564569
0.526744
0.471196
0.473207
0.49386
0.4669
0.4542
0.437062
0.440407
0.518608
0.588745
0.710091
0.685098
0.653808
0.750166
0.772818
0.806082
0.814636
0.804572
0.828423
0.831601
0.832468
0.833333
0.831601
0.833333
0.832468
0.829292
0.829292
0.830732
0.828423
0.823715
0.828114
0.815272
