0.916667
0.917061
0.916667
0.943018
0.922199
0.906399
0.926864
0.921484
0.953899
0.934349
0.929273
0.947446
0.943378
0.924888
0.937795
0.954816
0.848088
0.817521
0.89329
0.745754
0.623718
0.612415
0.630802
0.572708
0.649379
0.565688
0.503926
0.454121
0.657092
0.640755
0.73779
0.684381
0.692259
0.758372
0.806505
0.834541
0.843721
0.937014
0.950714
0.916303
0.927607
0.947108
0.943198
0.917129
0.924118
0.929952
0.907601
0.918285
0.921713
0.926157
0.943429
0.932049
0.939433
0.966135
0.962104
0.956919
0.967808
0.952001
0.963998
0.97338
0.946921
0.936409
0.944631
0.917838
0.944675
0.944184
0.918171
0.89849
0.904487
0.860132
0.902192
0.865176
0.821104
0.754664
0.815395
0.844683
0.804282
0.925799
0.951332
0.828821
1.02351
0.951231
0.96788
0.963138
0.948766
0.92714
0.926148
0.926295
0.931295
0.916749
0.919861
0.930449
0.928745
0.919439
0.928916
0.934996
0.911924
0.880053
0.882687
