0.921809
0.917061
0.922175
0.917006
0.920339
0.922199
0.92186
0.924818
0.91686
0.926647
0.928159
0.963711
0.927973
0.96211
0.900922
0.935763
0.949119
0.868182
0.92676
0.840066
0.782855
0.586524
0.469664
0.675806
0.687353
0.766314
0.645082
0.658365
0.605137
0.764807
0.614253
0.678715
0.462032
0.801952
0.815589
0.801363
0.932037
0.925168
0.930742
0.921358
0.880075
0.891336
0.91976
0.918795
0.923727
0.822734
0.920394
0.918923
0.909996
0.947889
0.927234
0.938115
0.947446
0.939702
0.946701
0.980438
0.953807
0.96535
0.95803
0.94567
0.929441
0.978031
0.930779
0.906266
0.901527
0.949363
0.935655
0.868849
0.903336
0.90581
0.851354
0.824983
0.796044
0.777683
0.832248
0.856485
0.916601
0.949475
0.929798
0.902048
0.971666
0.962663
0.976191
0.984271
0.943034
0.929395
0.930006
0.935896
0.920101
0.919891
0.925101
0.922232
0.916026
0.910889
0.910231
0.912967
0.924222
0.906519
0.902948
