1.25
1.25
1.25
1.25
1.24627
1.25
1.22977
1.24599
1.24885
1.23473
1.2254
1.19541
1.20977
0.638459
1.09208
1.11933
0.806645
0.700265
0.96156
0.875635
0.212902
0.448703
0.54016
0.675242
0.628705
0.4824
0.876645
0.566271
0.293438
0.427802
0.873523
0.978819
1.03065
1.09149
1.15107
0.750351
1.19901
1.23644
1.2477
0.791179
1.22216
1.23966
1.235
1.03966
1.11374
1.24715
1.24197
1.24021
1.23966
1.24538
1.21716
0.807271
0.783237
0.962003
0.738107
0.707105
0.99063
0.987978
1.12984
1.05908
0.758873
1.12725
1.15896
0.68466
0.597959
1.0256
0.697949
0.675034
0.85226
0.267335
0.725365
0.788718
0.739378
0.71538
0.697385
0.909462
0.940545
1.0582
1.06009
1.03879
1.15464
1.10951
1.17899
1.22243
1.23299
1.23383
1.23153
1.25
1.25
1.2477
1.24422
1.24484
1.24484
1.24484
1.23444
1.25
1.23908
1.24538
1.21539
