1.25
1.25
1.25
1.25
1.24715
1.24484
1.2477
1.23908
1.23444
1.23501
1.18784
1.1999
1.19901
1.18747
1.06485
1.10138
0.626377
1.01288
0.87124
0.865791
0.697385
0.23545
0.692633
0.661529
0.769614
0.805648
0.895593
0.775193
0.801043
0.41112
0.669779
0.742041
0.989088
1.08209
1.09014
1.19924
0.900472
1.23005
1.22334
0.782902
1.20583
1.2286
1.11488
1.03851
0.953905
1.25
1.2477
0.833333
1.235
1.22151
0.941123
0.803394
1.20858
0.751643
0.843688
1.14451
0.782207
0.934081
1.03905
0.88485
0.579709
1.1483
0.752825
1.06708
0.861656
0.85966
0.920386
0.924446
0.713233
0.877929
0.753924
0.489224
0.656911
0.718481
0.374342
0.876645
0.936995
1.06928
1.0568
1.14479
1.12204
1.1569
1.20796
1.23386
1.23966
1.235
1.23005
1.24715
1.24253
1.24885
1.2477
1.25
1.24715
1.25
1.23966
1.24484
1.23239
1.24021
1.23788
