0.917894
0.920394
0.92
0.922006
0.918865
0.925082
0.922078
0.934366
0.925651
0.91342
0.933335
0.931539
0.9562
0.945641
0.956938
1.00533
0.867847
0.919215
0.877622
0.677593
0.539725
0.617875
0.724532
0.56713
0.60781
0.675701
0.496219
0.636401
0.51571
0.642302
0.77917
0.622681
0.792715
0.76581
0.896687
0.809894
0.936727
0.922415
0.925213
0.846552
0.920889
0.835699
0.926365
0.865739
0.875406
0.923537
0.916106
0.91809
0.921028
0.917046
0.933867
0.928284
0.935466
0.953518
0.956851
0.945657
0.962689
0.959552
0.949353
0.94866
0.935046
0.950665
0.952649
0.942976
0.912954
0.923772
0.913399
0.939641
0.880793
0.872129
0.813008
0.8118
0.8093
0.759603
0.745329
0.8397
0.957255
0.984518
0.953762
0.959138
0.91406
0.938605
0.970436
0.965259
0.934279
0.914748
0.932794
0.93987
0.941173
0.935649
0.918151
0.917046
0.929548
0.908982
0.930724
0.922693
0.908099
0.901238
0.897257
