0.833333
0.833333
0.833333
0.833333
0.833333
0.833333
0.832468
0.828423
0.817914
0.821406
0.809943
0.795878
0.781532
0.767577
0.747076
0.722402
0.674546
0.667768
0.527552
0.485519
0.440845
0.429963
0.422154
0.435454
0.455607
0.489156
0.544451
0.561922
0.563182
0.613103
0.636892
0.707353
0.715696
0.769887
0.809653
0.814081
0.828989
0.828423
0.831601
0.824356
0.831024
0.830732
0.833333
0.833333
0.833333
0.833333
0.833333
0.831024
0.833333
0.828423
0.833333
0.830732
0.828989
0.822289
0.805461
0.793158
0.805461
0.800637
0.807865
0.787667
0.759073
0.780917
0.787955
0.742082
0.671004
0.650841
0.600229
0.521075
0.517263
0.478549
0.453631
0.4829
0.444168
0.430676
0.466827
0.481622
0.581934
0.702057
0.690935
0.681755
0.767218
0.77722
0.795277
0.816419
0.820847
0.824061
0.825228
0.833333
0.832468
0.833333
0.833333
0.832468
0.829292
0.828989
0.822889
0.831601
0.831601
0.819663
0.816743
