0.833333
0.833333
0.833333
0.831601
0.833333
0.832468
0.831601
0.8258
0.833333
0.802498
0.817034
0.803639
0.789161
0.772271
0.761928
0.697844
0.681558
0.659631
0.561066
0.475253
0.436001
0.421395
0.418012
0.418196
0.460624
0.505054
0.538249
0.517302
0.60601
0.592852
0.685502
0.681761
0.737554
0.753195
0.786154
0.818196
0.826099
0.831315
0.825228
0.825228
0.829861
0.833333
0.833333
0.833333
0.833333
0.833333
0.833333
0.833333
0.833333
0.828708
0.828989
0.819633
0.826099
0.810544
0.790888
0.812903
0.790411
0.817309
0.794067
0.776575
0.761283
0.803693
0.79254
0.73687
0.701583
0.676676
0.579497
0.580607
0.50116
0.497003
0.450676
0.48173
0.454605
0.441331
0.451573
0.511359
0.576298
0.704608
0.674921
0.709861
0.74985
0.77878
0.791336
0.817034
0.828423
0.824356
0.829292
0.833333
0.832181
0.832468
0.831601
0.828989
0.829861
0.831601
0.828423
0.831601
0.829861
0.810836
0.816451
