0.504112
0.510451
0.508864
0.514576
0.526678
0.53351
0.531078
0.541427
0.564038
0.574273
0.610811
0.617713
0.623239
0.626138
0.637559
0.65163
0.614852
0.616294
0.570562
0.51168
0.419517
0.381735
0.399746
0.382096
0.456247
0.519837
0.539705
0.522624
0.5996
0.601099
0.616977
0.647979
0.642631
0.630681
0.618092
0.594065
0.562774
0.53791
0.558262
0.567418
0.545531
0.527778
0.521177
0.509626
0.505776
0.505501
0.512376
0.517602
0.531078
0.530316
0.542738
0.551696
0.580658
0.598048
0.611617
0.588786
0.607424
0.609098
0.630662
0.61517
0.634149
0.613552
0.633792
0.620457
0.619225
0.611416
0.56537
0.55888
0.501994
0.462704
0.426875
0.481069
0.444984
0.394757
0.465181
0.541293
0.605463
0.639734
0.617827
0.641561
0.64851
0.628089
0.596335
0.562975
0.558106
0.563247
0.548062
0.522447
0.533953
0.53406
0.528878
0.528878
0.544279
0.542904
0.55253
0.540168
0.557529
0.590218
0.576851
