1.25
1.25
1.25
1.2477
1.25
1.24885
1.25
1.2477
1.24369
1.22247
1.21686
1.20351
1.17779
1.20887
1.04703
1.05837
1.05568
1.02924
0.875864
0.573887
0.566597
0.69253
0.363087
0.231349
0.742015
0.83558
0.7839
0.825369
0.908401
0.815464
0.961662
0.633492
0.958042
1.14692
0.800001
1.2227
0.902534
0.784416
1.2038
1.1975
0.923839
0.817777
0.944636
1.25
1.11317
1.04369
1.24427
0.829044
0.954474
0.81363
1.23328
0.785279
1.1856
1.20139
0.808043
0.710099
0.809901
1.11754
0.80998
1.17954
0.791909
1.20315
1.09276
0.551337
0.506123
0.566154
0.934807
0.832615
0.410651
0.498451
0.251675
0.24965
0.757921
0.692455
0.708318
0.734844
0.878757
0.935764
1.10556
1.07233
1.16759
1.19045
1.22394
1.2327
1.2145
1.24253
1.24021
1.24484
1.24538
1.25
1.2477
1.24312
1.25
1.25
1.24197
1.23966
1.21923
1.23211
1.23266
