3.5
3.5
3.5
3.5
3.5
3.5
3.5
3.5
3.5
3.5
3.5
3.5
3.41908
3.25751
3.35767
2.7934
3.29168
2.59797
2.57466
2.70748
2.56878
2.39411
2.32645
2.30374
2.29326
2.30506
2.34829
2.35572
2.41549
2.55755
2.5914
2.54895
3.04511
2.67151
2.68586
2.76083
2.86801
2.70169
2.81105
2.94971
2.97729
2.89221
2.63704
2.80409
2.81799
2.9618
3.27756
3.07995
3.27756
3.42588
3.5
3.33502
3.27756
3.5
3.5
3.5
3.5
3.5
3.5
3.5
3.5
3.5
3.5
3.5
3.5
3.5
3.5
3.5
3.32291
3.2609
3.25868
2.99207
3.26903
3.49661
3.5
3.33502
3.5
3.5
3.5
3.5
3.5
3.5
3.5
3.5
3.5
3.5
3.5
3.5
3.5
3.5
3.5
3.5
3.5
3.5
3.5
3.5
3.5
3.5
3.5
