3.5
3.5
3.5
3.5
3.5
3.5
3.5
3.5
3.5
3.5
3.5
3.5
3.4932
3.48633
3.35403
3.33959
2.9063
2.75077
2.58078
2.82969
2.58683
2.33181
2.3655
2.30475
2.2716
2.3047
2.41835
2.39418
2.41192
2.61113
2.59688
2.59585
2.89395
2.68531
2.69117
2.62779
2.78861
2.63878
2.65176
2.70748
2.81107
3.05919
2.78253
2.84375
2.8502
3.0782
3.00921
3.08333
3.27756
3.04736
3.04736
3.5
3.08333
3.33502
3.39703
3.33502
3.5
3.5
3.5
3.5
3.5
3.5
3.5
3.5
3.5
3.5
3.5
3.33502
3.39703
3.29225
3.25924
3.31088
3.07311
3.33502
3.5
3.4932
3.5
3.5
3.5
3.5
3.5
3.5
3.5
3.5
3.5
3.5
3.5
3.5
3.5
3.5
3.5
3.5
3.5
3.5
3.5
3.5
3.5
3.5
3.5
